100
{'run_name': '2D_rec_10_total_boids_slower_short_chase', 'annealing': True, 'annealing_start': 0.2, 'annealing_end': 0.002, 'nr_observed_agents': 5, 'nr_of_boids': 9, 'predator_present': True, 'grouped_spawn': False, 'predator_halting': False, 'record_keeping': True, 'record_frequency': 1000, 'exp_folder_name': 'big network 5 observed', 'boid_speed': 0.0283, 'boid_color': (0.8, 0.8, 0.8, 1), 'boid_turning_speed': 1.5707963267948966, 'predator_speed': 0.0333, 'predator_speed_slow': 0.0333, 'predator_speed_fast': 0.0533, 'predator_lunging': False, 'predator_lunge_speed': 0.013, 'predator_lunge_distance': 0.1, 'predator_turning_speed': 0.7853981633974483, 'predator_color': (0.8, 0.2, 0.2, 1), 'predator_confusion': True, 'predator_confusion_distance': 0.4, 'predator_confusion_threshold': 2, 'predator_chase_time': 10, 'predator_halt_time': 0, 'predator_eating_distance': 0.06666, 'height': 800, 'width': 800, 'graphics': True}
tick
boids eaten
predator position
predator rotation
agent positions (and)
agent rotations (interleaved)
----
0
85
-0.4092970691925995 0.057255591413307064
3.928886638156827
-0.5793926999720809 0.30134224666704706
0.08331528547557276
-0.6130536240420016 -0.8931188028228626
4.905142694276842
-0.35271993608652435 -0.09429607182170682
5.792377682960504
-0.2417251998772161 -0.20942152121463298
5.792388105298716
-0.566478284155253 0.1245973250057006
5.696414531050807
0.33676308805652305 -0.23690914038338223
1.701661324658025
-0.06237379649815923 -0.6328250232456278
2.498292068715672
0.7767253497246885 0.6037269607272087
0.7505161714422877
-0.48296952012239464 0.9820940020405566
3.0439157319567482
0.13095725432063032 -0.4578749689236198
2.6298315895387328
---
1000
86
0.12348224208190772 -0.2413617049137759
2.445410784684024
0.20559772380305608 -0.21871031907673144
0.04329253604213257
0.4949084833968028 -0.7539590436080931
4.156416110122989
0.041270929952165414 -0.01337816787473011
6.198976689951607
0.3181232787448095 0.678515696746437
0.4459353215646722
-0.14192398974645282 -0.26142014697544314
0.05168714340915148
-0.33296509454660617 -0.2858114885374947
3.714667399927019
0.37105879987049506 -0.22090300416521474
1.6034911715353006
0.3193304704354971 0.17877630131619468
2.9892959453782515
0.15732058563772502 0.6717839534326671
5.713083349106039
0.6140133191144436 -1.1766678023675259e-05
1.4195810352347582
---
2000
91
-0.3612938961388109 0.3099293410027911
0.6043697665732144
-0.5971590905766562 0.4372946998260348
4.584502939473695
-0.7219897788242886 -0.9993233642606468
4.696512741697744
-0.3421264155445669 0.008207450884283618
0.4351267508884433
-0.7279770769743684 0.23040304534377692
3.1930634776317683
0.4518093591688238 0.745807180243719
0.6530687438285545
0.39828832465933073 0.24171698128157118
4.039836729763176
0.2355509203477618 -0.14073051299783026
3.2673172580556455
-0.31489299199121545 0.5148708965241555
5.132369863127853
-0.9510639974602865 0.6491819584611778
3.6659331093134933
0.3509737252408878 0.11715589468602833
5.070047329993857
---
3000
90
0.7126068536996558 0.2230869541062699
5.832288796663244
0.6175489238114671 0.06736971864363114
2.616482808592603
0.19393912208813235 -0.5945421005530999
4.043475994158965
-0.36493814815017095 -0.6320018897335548
3.1090166725428796
0.842324890677184 -0.37450586848225437
1.2770024944138
-0.5649599528328061 0.8379156460791942
1.020675040986755
-0.8310786208099582 -0.1224871920491582
1.6679061542285432
-0.3920192323166782 0.49059027406796407
3.055528796918434
0.8012995539722838 0.2993208855537216
2.0807797616060277
0.20729129157622983 -0.15176191478246914
6.166729237039347
0.6232469771645812 -0.6067895817327434
5.558995569842041
---
4000
77
0.314453940064402 -0.02819677701910884
0.02465747700732475
0.5145849135443368 -0.34988810650680763
3.8340738310803593
-0.829827863394743 -0.8476169873583133
0.9017287004905645
0.7078125657839549 0.7649224908207384
3.937185497720246
-0.639421534827369 0.12597407648411163
4.792073492216758
0.16932325228561343 -0.5771263902055791
1.7400340990981027
0.6524570034918956 -0.059101883622391764
2.1847015192880477
-0.4572522027801481 -0.31190666695978436
1.748103489014353
-0.9689823176020529 0.6254000898214436
0.4165572839035452
0.8803794457343749 -0.7016363278835533
0.6199901021969341
-0.9165195078437073 0.284118186082633
6.0546777022891884
---
5000
89
0.7594877998717151 -0.03118286745570119
4.8268551747120405
0.703883027625589 -0.11180882400079367
3.109605852056573
-0.13131857568662933 0.4066726575619379
5.234599873349265
0.6220610360691421 -0.16514365939239029
2.9114967558139435
0.9361928872802321 0.8748253314442663
4.26592464725678
0.9618670269294154 0.06302029444721101
1.5779573236612325
-0.9115405625225307 0.6225329192772471
0.7540032423523053
-0.5756886281663869 0.19526371206154275
3.390941447235691
0.031343108344439104 0.5128364936860894
2.088816139371061
0.943202530164514 -0.42987604966799
4.989339001603917
-0.03721686987708619 -0.890909674048879
2.1284207686857126
---
6000
92
0.7936493933663414 0.7435381764061699
5.297550658811589
0.8675074957272801 0.8142461666782361
3.0980688032931765
-0.34559726712908123 0.6051208982762963
4.233812801307627
0.6207755635815215 -0.9995061271197536
3.517705378022473
0.5096630360583588 -0.8374982125851475
6.278808853594663
-0.2043236354700531 -0.3564906872963861
0.300345339467774
-0.8861446280811235 -0.7839760838477664
2.066405161812776
-0.2224660036985493 -0.12673603322298185
5.077565746930749
-0.8887827634435603 -0.4085838169045519
1.2812679986978956
-0.5843668906733311 0.5168414731654333
0.7779602292039334
-0.7850456968313777 -0.9781041116403946
5.353362535350334
---
7000
77
0.0954242150822211 0.6252381017022629
5.1011470055225026
0.0558357279167687 0.24731506082666932
5.9315428592707775
-0.2618212649824149 0.271948813247195
5.387354614390529
0.0731441038352128 0.1907629010316499
0.6296356705635828
-0.18080593337040304 0.3796340848611509
2.4987959872691574
0.07623965801749948 0.4005589584383451
5.1112490756564855
0.7271796919197095 -0.48208978620027193
0.9930690656206442
-0.020631073694175148 0.1580581501827795
6.2792766866579806
0.0881692893619921 0.11398798121334547
1.7931398348166265
-0.49467080971382327 -0.10564557109559683
6.01216693661341
-0.062318204066107774 -0.1655876733778018
3.3781750002956343
---
8000
87
-0.47322010788344426 -0.36647984328757877
2.546046253928701
-0.23964427282983922 -0.48606357112445014
4.622459782885654
-0.019151602011847617 -0.46839845334407565
3.6839612519956635
0.30125425941521283 0.8244544019207758
5.604381975284672
0.04478248751369308 0.7652309196402672
2.214652325278662
0.5289506900190458 -0.15921280384385136
3.507328947247135
0.4759976350933482 0.7907072369580334
3.255705832002776
-0.3135463734880972 0.9938615172948457
2.6738668227945004
0.9431021746653966 -0.5234447663142984
2.30152477067952
-0.5865209553679246 0.47969663107279237
4.065424351004113
-0.01976831720266032 0.9625538454461093
2.7933501616587026
---
9000
82
-0.7597849999060897 -0.4748515457451894
1.5222014122938383
-0.8307449464081491 -0.8829188635082205
4.710591535479768
-0.24393861975059766 0.19907461440799917
2.424515054565725
0.9289154475360513 0.8291148989545454
0.5381744121397505
-0.33678223529227375 -0.6637910760822155
5.907301132106471
0.9405289203471852 0.549295292002076
3.0222398726980275
-0.8850238240992501 0.656196088897403
0.2556921839854658
-0.01420010271660737 -0.8337176777096651
2.1667698701510165
-0.5277873328061712 -0.272018874616214
0.47465832731648927
-0.31633827878823023 -0.9157528834478373
3.9497190885015776
0.9746515301521713 -0.34392683580684646
4.8531530711678466
---
10000
90
0.23340439967371152 0.7801790714626143
0.7216829915132066
-0.14844696658688755 0.5963664058335463
0.8771422870674668
0.467044183225756 -0.1331321641394081
6.102322988487323
0.44276505661767934 0.6808894992091977
0.9179978695411242
0.5717030959457724 -0.9885156771707435
3.3597834821011556
0.2511033489037024 -0.8286290378173907
6.241198600438988
0.3103582628379671 -0.20865494547473712
2.7261561536629157
0.3742276317229708 -0.31287553107316823
6.003990673769483
-0.1837619856794956 -0.7259944251104772
3.8768853942760844
-0.2447940812615017 0.4661290916912445
0.9431849696478602
-0.2224728962141359 0.6645574551275146
2.829796766991647
---
11000
85
-0.9175097757749404 -0.25471941630217837
3.9576018744024957
0.9798942353820529 -0.3863500821160054
0.32060087786267033
0.9232395581223557 -0.45607305336906057
4.2232100990357875
-0.00862322444005088 0.9068268671245135
4.749745887933729
0.36175185041508445 0.7164258055427712
0.24529687151846424
-0.67057543324114 -0.26824137200275255
4.966697256072065
-0.7548869279417232 -0.5609061355671038
0.5607133293779833
0.9565099735424859 -0.06511380642720375
6.144340349990595
-0.34621472003356624 0.4236050677879524
1.6539002435876293
-0.7148383026187235 -0.9141010232871554
2.9563926127273046
-0.9103451980874997 -0.12928595436693058
1.0025405069977156
---
12000
81
-0.5198082703497431 -0.21789102850563288
3.713277040082969
-0.5730639096371872 -0.4745254994561912
0.24328857524499714
0.48798303806780885 -0.41567374372273747
3.7265987272280094
-0.5728942384718791 0.3796745879751431
0.20075619131024247
0.527917612689377 -0.4658052844097586
5.97550193346843
0.614236142875497 -0.5618230709568566
1.3496995755427346
-0.714297812701456 -0.6614416279228004
2.431511710021515
0.11587331317729951 -0.3781214058042207
3.4655296849124246
0.23502951249294748 0.004042808485675151
5.516709290436454
-0.5157921441041331 0.652532567264799
0.3605010761612304
0.25940059602912147 0.7311968023305045
6.116216772577693
---
13000
83
0.681002312915342 0.523940253827741
2.9225633658179957
0.5957306132954373 0.49953556434040125
3.448513225109715
-0.7813502145839164 -0.7746004688090781
3.215115767381487
0.2273806857311875 0.21092963906367046
0.8267726962962927
0.8926362826186888 -0.7686110307064064
2.5780260347632336
-0.4846082927837291 0.06968303014121166
1.7150718277443993
0.3759842613425329 -0.6420016317471416
1.753407039202108
-0.7737351871073307 0.6601128586087631
3.4138234755522623
0.5017051971558936 -0.4777682721480391
0.9688653405893071
-0.10429793338279286 0.6501629392619
2.8877138596165572
0.5872182957755274 -0.7321223517695561
3.7544733450367183
---
14000
90
0.057738722529057374 -0.6563528345838664
0.17811255335873152
-0.06570550807812464 0.9864544284397325
4.077295018129973
0.20112430588300204 0.5338615769585482
5.842357732910546
-0.9583807026718105 -0.37295873612060826
3.805992805523516
0.0773493492428899 0.529596845663328
4.9503836677746875
0.5080855796934767 0.04435006319674375
4.913492054424632
0.8784429093056363 -0.014632082190505716
4.402743288022556
0.7322364874796639 0.9699229465543637
2.664267090717736
0.9725395650668435 -0.266336395985857
3.8200304708026946
-0.44812832894554416 0.05512916487596792
3.8274849203828065
0.3900572149826846 0.9775477098030776
2.83720715265936
---
15000
83
0.796605824599026 0.6058829739771813
2.4509540095692213
-0.5955505039346866 0.8247568833968085
5.8011909393528365
-0.5126210294463567 0.008468760925649618
4.282232432316368
-0.14745978688944847 -0.5146822538911333
1.2403316441087426
-0.14191457712797795 -0.8742910616128174
4.470486914300666
-0.02883098255008582 -0.2839332799101672
1.5646453632726338
0.014972265273014377 -0.1993642989765116
5.736758037622957
-0.8070201488944317 -0.8695462607966397
2.353728974806719
-0.02503964855270676 0.20268690367746572
5.793958138231492
-0.780879368516827 0.9510950240817654
1.761618879918145
-0.46701353647094723 0.38379009235195943
0.5880849733605826
---
16000
82
0.8542270300722923 -0.363089108769527
2.086492871857122
0.5632650922808875 -0.3872522815952023
6.198540668461879
0.4623005848386377 -0.003909766019866
2.397851300768399
-0.9259757937082072 0.7577786870403289
5.220658000489446
-0.5269675196133786 0.9026389819361788
2.2063841632746746
0.7247098609861828 -0.005708499196894444
1.745631088937957
0.6230734339716479 0.3624931559838266
1.7064627781606339
-0.19363030128290193 -0.38254541925065333
5.95760860611127
-0.30982270298116454 0.6110646925498289
6.006477836332333
-0.03816308684659349 -0.8541624593667504
2.348770695988251
0.6838555736503777 0.1918518597816718
2.884780423847972
---
17000
83
-0.6757595735851972 0.40800453644988727
4.926339642728028
-0.5743576216529862 0.696213364335452
5.16895604089733
-0.14154283709950016 -0.414826780027888
6.235198698260087
0.1573460724677328 -0.37227936294793434
2.3976025179238727
-0.51688596640263 0.08284886301576701
3.543463763500088
0.5979598786563957 0.9791875123161886
5.982736193111215
0.07791523417980233 -0.24011708351769978
2.249566380463402
0.07512360712647742 -0.4956280061110619
2.7658623826952002
-0.8785167596234643 0.047106097996500076
1.7927296142399696
-0.6354630426784738 0.6334734768732454
3.170891136859945
-0.7972870112845589 0.5572424143938186
6.12237992084568
---
18000
78
0.9544324227044807 0.04056215715651246
4.637312174483309
-0.7059879647575352 -0.4348149973614125
2.825893682843871
-0.7102968821233935 -0.26585910700230075
3.5746900538789372
-0.0708941690703615 -0.9563057179829991
0.21936308806323535
-0.9079527548301732 -0.7979142591902628
3.5829138563540956
-0.24323166916277128 -0.10692789098899659
5.897946662141224
-0.0291452749256664 -0.9668071713699302
1.663342693965589
0.507388201636654 -0.6638165676133954
3.0001708517927295
-0.2067518332251207 -0.38062901068321014
0.164810247887492
0.4818834172979997 0.4444693930105394
1.7244071719930743
0.8522022905069574 -0.6456789707380352
0.7368444270854804
---
19000
86
0.6612661514742715 0.2489403127703879
0.5969959360133997
0.7930141493530743 0.16146896032909883
1.842506822322993
-0.9645469644547247 0.0012867717374632145
1.6704872297809246
-0.5032822952349116 0.004935282886616016
5.2006280558197
-0.623487745572398 -0.29740900979091467
2.2126878510433636
-0.7306441206137957 -0.9058342914831796
3.9094924944852147
0.15788410472417866 -0.46358750865278636
6.024721942041314
-0.3352111412457788 0.5394176212619227
3.2226640888195712
0.47892470025353684 -0.4693132061783882
4.346196295324014
-0.4686659234770698 0.17315561028512844
2.6496271916789977
-0.592769135749818 -0.4223790197399854
0.9044971996156406
---
20000
80
0.669178159994877 0.27673838165194553
4.751717319498262
0.2596492273013392 -0.06401643699406184
5.663210441385107
0.883912641890663 -0.2598296895505575
2.3821318628030133
-0.3041996918142739 0.5185343903165004
1.2733364856914076
0.10255753003088028 -0.7176264610714421
0.8710935926355754
0.04382952998353701 0.06498176792669198
5.934405343183933
-0.8554537736951832 0.6609081507392855
4.645203752379734
-0.887461566226253 0.8124058700699107
1.024868091780414
0.01750261486803706 0.31163958468515496
2.1023910037123796
0.6053604306847638 -0.8638937187865244
5.973303054416979
0.9935928203024786 0.6233989033694919
3.453113813037307
---
21000
78
-0.7794712382895544 -0.5702214937176151
1.3476204951877775
0.9873094648025063 0.9806998572749748
2.6418280661297624
-0.5595416515827712 0.8332886646129241
0.7722421106050783
-0.47548538007283403 0.5270878624824872
5.482243613782298
-0.984583152887943 -0.9878513336209138
0.5976257062861743
0.15489027161846627 0.13498287317099286
5.517340004036175
0.8967871245879937 0.6171686327286251
4.192598419140404
-0.729318579050721 0.8658377578118681
4.543720274390421
0.06512497954525895 0.19837551401759407
2.180310001810847
-0.9072511148366093 -0.31316493753213515
0.9917369709095842
0.4657317713984692 -0.5080070017071506
3.067903615724563
---
22000
80
-0.7617713077403039 -0.1711615141006661
1.6642448636570557
-0.7744673253491345 -0.1487256189588609
2.6880762526973543
-0.03679291413778834 0.7877313786120602
1.2641915004796855
0.5697856833057163 0.1456081616065642
4.188204271506625
-0.6113803970880146 0.7332102681370241
0.09378351492213799
-0.03870642019953928 0.26012978337871157
5.059557693822093
-0.045691933739166635 0.8801653557562646
1.3436719801982573
0.7169428878789733 0.2934525976603807
2.3798577481345378
0.0026720598569903095 0.7401579375406118
1.426112210357564
-0.15498003886176348 0.36384713303055666
4.535775123040904
0.899243810278579 -0.1001834599703427
0.5759082859374347
---
23000
83
-0.04223274405295368 0.6029441922159723
5.58659888920182
0.4335218927687102 -0.4582813334721093
5.740261038710664
-0.6137102249295078 0.31044072473705553
3.6529731112724733
-0.7210087940599632 -0.21597701564240424
5.6739639374801705
-0.6265841689796292 -0.06544766580026964
3.4628635311629354
-0.45974711220309356 0.9248833914072505
0.6713794252891292
0.7652273117226365 0.5235780276918909
1.3427306128188983
0.1797364583584187 -0.8069552771535146
2.155676147492649
0.5232325177910092 -0.6927454636902141
2.266084965027644
-0.2777949656329347 -0.7067374337824983
1.6066408048315024
-0.5149749859518649 -0.92182430820014
5.205828267501871
---
24000
83
-0.18841199842664266 0.7187583530252168
3.397438300724975
-0.04969083930892009 -0.9765038817313558
4.761773998117171
0.21526690312728378 0.6699632982495158
5.525713112379527
-0.3223769564843861 0.19522362680099364
5.699548341952482
0.7086935681767881 -0.3067323515918914
0.08793608920072393
0.4258928805054743 -0.31976730121602664
1.813270655567179
-0.6453494941523852 0.656974646542
5.268445172785316
-0.7718077995982965 0.5472783503473853
2.0500014297568265
0.4887788254178558 0.20640655615613748
2.3275153327678364
0.5497735930351434 0.5504351525395479
3.2593735870818854
-0.38731822715667924 -0.24307570727394
2.5066832762313007
---
25000
82
0.20157341867863066 -0.5103597858112162
5.677172192513924
0.22953780482256098 -0.5188905456635514
0.13352631602175702
-0.2033690127189074 -0.7818403939989459
3.065222795599653
0.5533256354291166 -0.24110161794224816
0.23651652372721
-0.8763818904518781 0.8345448889237397
1.15089811872563
0.7981953598772211 -0.3305062086704947
2.831367278935912
-0.8373522309843707 0.4883129004334484
2.741628565069183
0.8598585509030807 -0.61024844537902
5.848124539711297
0.5209105410998028 0.5339328670028434
0.36513798517135587
0.28117017285624263 0.7555792846041793
3.507438469596136
0.6497481179745083 -0.8817426887747906
0.6788379957940398
---
26000
84
0.0069776389364466194 0.21816789629773953
4.07375445982964
0.11566721756303186 0.4037314622138444
2.017077011109138
-0.18069869857874077 0.02029175112669914
0.8096978728064288
-0.2552146065821777 0.06136561176781434
0.7678609873169231
0.6715460242750827 0.3120230471193403
5.595681631840136
0.23092793841285678 -0.7312474982204684
4.707101207869089
-0.4688219809307169 0.481930020331136
2.064482108707808
0.7655147096341032 -0.897625896481988
4.982308265178845
-0.25972541913811975 0.8229095254149159
3.8743072488536656
-0.42785850186848806 -0.9644129033557854
1.0346492299977799
0.9331817254624488 0.5160437576250756
5.213801904481209
---
27000
82
-0.13834464437386812 -0.3010848342506546
4.508981728758522
-0.14190451049730587 -0.35683429799861377
0.11714734043939234
-0.30720819984179154 -0.9042106409666161
1.5159563919439218
-0.5355838814822811 -0.5419539406851143
4.035748820430828
0.3577249337570042 -0.05882573396622526
1.3954120144806552
0.7614014841420577 -0.7050929544760564
0.7394478118980761
-0.7476860129663623 -0.5136986280532291
0.37863263899028965
-0.3053202247359588 0.5170331716868651
3.4960647720161155
-0.6691996248298514 -0.6871755058920093
3.2672524359425035
0.7421622471562174 0.2833736769553779
0.10142280249955338
-0.0009379145668769427 0.9324764824498313
0.7563838399848084
---
28000
83
-0.9276518118918011 0.6509319373611065
4.507952194038446
-0.805766914524925 0.6838634028902766
1.5483933762599307
-0.2461933127380859 0.5663313329243487
2.5505628983861905
0.9402718483675017 0.4079452889601699
4.279112428730867
-0.014791220599521862 0.22975891588211994
4.235584031555152
0.9187035895355353 0.43078989528513945
1.8045913988713833
-0.9813015924407125 0.09674359873886723
3.1479924346096233
-0.7263648014941139 -0.07967429977902418
1.5902655611708365
0.9117502714450083 -0.8172304798401124
2.0042012135409966
-0.523276945548129 0.7997156337286033
2.858011720933689
-0.689530759892488 0.579370640172701
5.872603889275961
---
29000
81
0.7828853452504964 0.6770635900164377
3.3277153171222347
0.772786482360317 0.6952845860301095
5.788926096162232
0.07038024370417241 0.3302388621662964
5.321276930829823
0.433817444872068 0.5370057795782268
5.4408573518143495
-0.01698233149618366 -0.6973059922163881
3.387765821248406
-0.11557329801174654 -0.6416076208278985
4.198799163842244
0.42626107686405135 0.14020829952251643
6.119994144649196
-0.08271943983038267 -0.3405190051801687
2.7185803612110275
0.5915235923726914 0.4700484771480678
0.7204674678515381
-0.8213700946707903 0.8201503933664164
0.8642366371114694
-0.3935060169277913 -0.6320650766696785
4.50034243841032
---
30000
76
-0.22540027631293424 0.9547249679863176
6.144324109337518
0.007055064468205075 0.8859260422884161
4.94103473089053
0.7074252232778012 -0.32859393002203635
2.9555275346368983
0.06284082852382125 0.4384854777600281
1.926595303588436
0.8081498215814706 0.2700095577753384
5.0992576478240395
-0.65626493327694 0.7133165233495274
2.283208119794299
0.2557005527911839 -0.7865331711667835
3.114324638824029
0.008914208615609324 0.8340314796313811
1.7429290996277862
0.12585182745234655 0.9589573390756848
3.2921140306387238
-0.6315249319854819 0.011159413323251072
4.843967480963278
-0.3340097935900769 -0.5165430902588345
2.790504569593682
---
31000
82
-0.6383297324065038 -0.9051681660056337
5.840218459308263
-0.6224625867776398 -0.6188633218236936
2.5913068186261334
0.5694106338083723 -0.5405504090075561
3.823407429390742
-0.46120707335522326 -0.6128730426062978
1.9338013866097268
0.15944248773794803 -0.48198844544701575
2.2959370633979077
0.7974527100251362 0.7079525406983046
3.2856441485555266
0.2528942466460068 0.193148475073789
3.1956526575758835
0.8343920717761253 0.7129940936947177
6.27481932843436
0.02409850125950061 -0.1772016149497983
1.2493032285801258
0.8956524604574957 -0.9167988061386182
1.1210137235908713
0.30761748227775365 0.05674069447341298
5.773044318364853
---
32000
78
0.7399019037923986 -0.17526535969963503
0.9342561383984277
0.7082413400117277 -0.15965876553570457
1.489649326901037
0.9666956974586337 0.4885557001831167
5.108882435196058
0.06645197877614761 -0.3638848266880297
2.538805708470358
0.9064161273330259 0.6948645284611072
2.596384237602737
-0.9022183434556681 -0.9234361297828737
5.355090564602232
0.19519482732613055 -0.5340557525666245
2.80818512429226
-0.16055008192522607 0.8897761642487266
5.967432486084413
0.1351466083181492 -0.4392993439022925
4.24287884565679
-0.12501024893749182 -0.7219835909686261
4.887689660162128
0.6008110765958995 0.9720132908755307
5.537998009256218
---
33000
88
-0.2607098172114437 0.4483323704767655
3.295435608593643
-0.2854906441878521 0.6038776963395557
2.2620723293543
0.5436303071171245 0.7898079964853794
2.243792533316274
-0.22269542783185672 0.7757234439967975
3.0116462764503478
0.16168157728226185 0.11776586443713744
0.006433017045576861
0.6208858490443458 -0.9097629173621115
5.06136698014013
0.05299189022614971 0.03571054887464458
1.5630463688644483
0.2491015082839922 0.9015237806050161
1.2115901419849209
0.2902138727513771 0.3944873074197931
5.698695085516944
-0.0991885355439579 0.777076727774294
1.8013546061589443
0.8822631911980577 0.4110626473055556
3.2943857246482935
---
34000
82
0.8370290050097781 -0.548357992797955
4.977325361724198
-0.8288268467296791 -0.38890357439248807
4.506922063485481
0.8198510532147142 0.086775957646776
1.4125016856952515
-0.45724844684743804 0.9429601793152922
3.48841768523714
0.7692411897186113 -0.7349607775179486
0.869986439686186
0.7137345387571606 0.8578588797680531
2.220725972118195
0.12666359304284625 -0.5387242890507391
2.2977954612972997
0.0465824889333508 0.6677266547154951
5.934922745013181
-0.7770166028694935 0.29821990223838035
1.175737496715172
0.2074354609103673 -0.24382184079703687
0.5455918049939319
0.7935232592983512 -0.9280260630686339
0.2991238199174119
---
35000
84
0.8583789356432286 0.712218887343821
3.1377060003173023
-0.712033791576888 -0.29465494309146273
6.118869076238711
-0.48816637568884674 0.9420125769416281
1.4221381036780052
-0.3920601595273082 0.49900042278870216
1.3572763470790479
-0.8827417924245465 0.4313776945495725
0.30966682196298656
0.8092813479471455 -0.5135438067911341
3.23594049951111
0.3310124737905054 0.7113114684353
0.6005299472137464
-0.639432677065727 0.5886582284910926
0.6432084649869765
0.5657006866540555 0.895639409345533
1.2825846225794715
-0.20807585700261336 0.48292056004990247
3.3169677043217956
0.49145837368132345 -0.3186261010046541
4.794337893093083
---
36000
82
0.03703355627130951 0.5868035269571601
1.7720181023074988
0.19660956619465741 0.6964136513067266
4.760772973066702
0.12476886421398739 0.6978635188812589
2.776755469603387
-0.839420655058438 -0.2332303744815762
0.5652814182225043
0.9399776414945116 0.5797410127365061
2.412842762265658
0.2033123992668605 0.7946043369328104
0.1995306104321486
-0.33248238735212565 0.2814649082662135
1.429681712912088
-0.17358772051455412 -0.15237329796092705
2.7529015100698313
-0.34044498583298577 0.40692053721605914
3.28983089379195
0.9713323698309155 0.2431130993132897
0.019679315205581638
-0.023554295198433092 0.12646617461395002
3.7584705718337945
---
37000
80
-0.5170130243644676 0.13529443069607133
2.3265769042129936
-0.21492965249152512 0.22504068680110265
3.5919071913236653
0.45103694640750003 0.5331356928416109
3.5590486052784307
-0.8757233210282132 -0.1829593669955546
4.191115815755232
0.3004446650747406 0.18116900620157775
4.46215880577304
-0.5194884248228828 -0.7346962984595451
5.643737048153627
-0.2771289943858925 0.5442438490375023
5.064560020713302
0.06711426051224825 0.5253606527261871
2.0429678379738547
0.8755430870003869 0.6312156238574408
3.9928902503087462
0.6293185287748445 -0.7565669806308487
1.078946924679066
0.3870084105641752 -0.1270296526708674
3.2756704571004738
---
38000
87
0.6483355809809679 0.3153325062998746
3.2347496072444577
0.8706448898317958 0.05236992410202878
1.0272551240631458
-0.9217248925254159 0.7126293884357066
2.9515380052536564
0.6140551340582227 -0.3446226985149193
5.898218924062238
0.40205054793488254 0.8882769901754265
1.1600727513244236
-0.07118075044527042 -0.18843680796890602
6.207880249863068
-0.510286736405655 -0.816270196755317
3.288481538671993
0.8106426269132172 -0.3534741146935909
2.8220118258636453
-0.4931770218215066 0.7374669011179847
0.9857357785457959
-0.43081370764888494 0.1956407568926889
3.029640656506283
0.45187248384153755 -0.7793623927524059
5.347287274448941
---
39000
90
0.8407448691934973 0.4946966994305366
5.626936627502797
0.7342677489684462 0.6549176739286344
5.326445607557461
-0.9465250044402332 0.7086400714547519
6.0945348118022755
-0.6387992561034217 0.7853986858029062
0.6399784239168476
0.7528972325150681 -0.31301529540919937
6.255259878014838
0.6907057877654544 0.8257051220296631
2.7729800613503635
0.7231003824464417 0.8458154149119139
2.405960820807903
0.4735617876902912 0.14567124857722702
4.273202737284521
-0.3281242373878684 -0.6339074335928434
0.27086784160373956
0.2418380094166128 -0.42355248598600476
5.67369777774957
0.6424514996417928 -0.33355720370290887
4.257376157346939
---
40000
81
-0.762897578039294 0.4314606668746197
5.745223726322097
-0.8016290896397795 0.3783347649519635
0.4366811839480782
0.12198586857872772 0.46889371786365697
1.5084629536412262
-0.9240153291299009 0.8496202820990568
3.9611185941634846
-0.13521994841826485 0.312815285250447
5.973997515245413
0.0392387560214359 0.008379636935161448
4.530841239623482
-0.9374997082529404 -0.5417337821330213
3.5136324267852315
-0.7989068155943109 0.11546171385186177
4.5383340724943855
-0.49185057865311793 -0.6737948662247331
1.345052254672793
-0.30616812733351595 0.5750526184900986
3.2604972200002074
0.9897773770604966 0.38873928919302464
5.44073468825672
---
41000
81
0.9110604192537205 -0.6756317720663011
3.5725678191785013
0.6352120479853757 0.9073109320751324
3.635514535023698
-0.5563934581480853 0.8207003938525885
2.0594417467621433
0.9596878042520995 -0.6536108719874473
0.41406697665011727
0.30513498289651664 0.5757713187968331
1.038506880886949
0.7157424715919546 0.9300467975787371
0.294143670762951
0.16136478607747362 -0.9841513521341725
1.9432385180082754
-0.2717922676139685 -0.8128910917585027
2.6398439356695613
0.017186134120174903 -0.364066166284327
6.280828637753778
-0.3381107840280928 -0.06034710364330115
3.190061598036589
-0.7622118672120318 0.13727978129710866
5.956818428717576
---
42000
86
0.4494182076025028 -0.7434223569629662
5.803332218721758
0.4678851085171577 -0.7817952967302785
4.01619841998628
0.4473665604882618 0.8229113794982187
0.7377967822045646
-0.4610366904865477 0.9830431427519611
0.40943544792437425
0.24358917490448756 0.6469050371989596
2.314642749976759
-0.5015994440125613 -0.6969062382690383
4.008855786462728
-0.17506039987721755 0.9864037527418561
5.740824175532952
0.8316051414777229 -0.24998958905882493
6.258184697718019
-0.7712648411123902 -0.26001054297546344
4.327071569250268
-0.28801357950538464 0.7814904085340766
4.071344378620599
-0.2577022544901993 0.014855728038914964
5.407862215269604
---
43000
84
-0.19503187372382638 0.029075234673397062
2.238106889230956
-0.2235100578419804 0.039323466675762454
6.03392240995965
-0.3634242583788218 0.34645125896734213
2.790658785737919
-0.8209060810315914 -0.17811398652704988
1.5186383612702974
-0.6808594156504784 0.16800101828852332
5.096689146573083
0.9631407890868062 -0.6298171400771636
1.5021654160950089
0.041085884691012944 0.2556856485224347
2.4992213631561553
0.9492524463901659 -0.4242976877047872
4.703130233643496
-0.5673279797987674 -0.5398489875586638
3.5227518748140465
0.09333299026647089 -0.15457025798970905
4.29359666312748
0.08641237958556101 0.3301577974860237
3.1290313671282997
---
44000
76
-0.3920740648359007 0.0077019017857821274
3.775910537639028
-0.0006249624174636155 0.7121639941593284
1.1597891794002022
0.16109701721251296 -0.7240494926002029
1.5106660134452126
-0.016156503922918317 -0.6434685192932632
2.296647968446064
0.5845744869221179 0.7856993131442207
1.2209285529691896
0.5255460932526527 0.8097650193853644
5.0412146503634725
0.4095730288538708 0.22640345916261298
5.974867198435096
0.8575084069791383 -0.6317762242227694
4.883518838280816
-0.8954776178660542 -0.32763889523991424
1.7721017461238935
0.0590021318695709 -0.8489115446241298
0.06617835038229192
-0.833876285984578 0.020770947250958245
1.8416564281792036
---
45000
84
-0.8243661681634432 -0.3880291679035693
1.7982308518309447
-0.6389707333332242 -0.39286116607988597
5.73021179347885
-0.1505431069922158 0.880702630817808
2.2757633382377045
-0.3808584804500174 0.5955776282716194
2.460194075706653
0.5997476295101447 0.028839915086224306
2.381859008306358
0.11145686423770963 -0.28154307065945217
2.5029714069302926
-0.6159909114640196 -0.24278658221863925
2.0177999775465
-0.5658108477299888 0.9168927548507345
4.747763811792201
0.13554388645061857 -0.19196094076253353
5.037419155067012
0.416655077281995 0.36280611880186736
0.11752167863367546
-0.253264455694925 0.8640624549382583
2.131797012488568
---
46000
85
0.4986482375517312 -0.29813087013419887
1.1954100257594131
0.4474628981931366 -0.2489394374395928
4.282929996955228
-0.18768068167718352 -0.28401898498019296
0.44407427336044236
0.9783810195586795 -0.5172727948629824
3.2603208321945703
0.8745584938215867 -0.5384203509299629
3.6756190312284893
0.9018405165841322 0.44174739033309185
0.7413649278735219
0.5509535442279223 0.862887316209966
3.925902869973643
0.8614047579639308 -0.07320735310169676
3.520752722311813
0.2893547758517718 0.7180922578920019
3.1352987443507176
-0.8487261749009034 0.9924334757053668
2.304189832464287
0.990088601144043 -0.4633266115967612
5.229168579212679
---
47000
85
-0.08718857280188365 -0.5905112818783157
1.202870639574605
-0.4083803101996275 -0.8506115603208496
1.656016679186382
-0.6542070081840086 -0.6155972312035198
4.034559021428824
-0.42110821822215616 -0.8003709038379421
2.887739832696079
-0.4818090472839661 0.6343571671075557
4.6950873283823
-0.8513448986153352 0.4674342516846894
5.133134481025477
-0.24388231042925207 -0.7377572463702131
3.004605051105823
0.9721672793339478 -0.40754733589774245
2.2235362011939896
-0.8235830042217595 -0.8639633817038284
3.9063588949749235
-0.3507744330201111 -0.9221872829383407
3.3037170754857765
-0.30820080084717777 0.5495403649302718
5.74581140148049
---
48000
84
-0.8877952665543556 0.2757415136400905
5.933559705878784
0.4901587459487686 0.030170658366454575
3.487501239035674
0.31773529780844095 -0.04271068171301753
5.480890820645673
-0.10860972250117744 -0.13154356151781446
2.0150729504673492
0.36503328630803833 -0.14453709847056043
1.9843952893971553
0.89762445962857 0.9145137221207984
4.3292773907671736
0.39200311068494226 -0.5010502363394826
1.7946759965719412
-0.7365194428097207 -0.7293876399559323
-3.1261396477132837
0.8947891494170468 -0.8125965925747913
4.350478744755032
-0.6307952113744376 -0.35112709148508614
5.115550649123049
-0.7625614454341217 -0.2940271115288654
6.046386754772472
---
49000
75
-0.20493089303974177 -0.7598197693898769
0.8869583581632987
-0.44075910880238556 -0.5429279954621524
5.6100694742464405
-0.1121084619611037 0.8022532684428498
5.26681214871153
0.4997249323916348 0.9192530939715433
1.0386209771291242
-0.30285461118701473 -0.8309797187075822
1.1861169820168644
0.8192022814403923 -0.9599681939378892
4.287408186548351
0.6686673758449747 0.6591917572177229
1.3400179706895812
0.25493135215081875 -0.4173960690899135
3.4423427129014605
0.1928318147164486 -0.13899665170148698
1.7693336499543468
-0.1784728534555478 0.9769079329878101
2.5837664067581887
0.14734838952541338 -0.39392876862067827
1.7222103588090043
---
50000
85
0.2200889765580542 -0.7870325009837341
0.4452853353270019
0.21268940577050105 -0.7481428637345766
0.09071100026132495
-0.18854867263202882 0.2982295499195276
5.957591529134425
0.4512054431087735 0.4553838911613236
1.3447539131848734
0.035866065782447776 -0.012057743896698996
3.709876485765557
0.2922917192218386 -0.004579265861229238
0.2104122502169412
-0.23319135396216706 0.2498280590125802
0.2314565036191878
-0.1343063762758267 0.48800578409220535
3.2966082995298445
-0.19751212935588472 0.26199411196263994
1.2657347658602314
-0.039411349306885425 -0.24098378867859088
1.7593243750050123
0.925403342366535 -0.6851344963617443
1.0928314462602824
---
51000
83
-0.31889294569963206 -0.6410719534286778
4.03628269320117
-0.33639404664328665 -0.558363775564442
0.49997209585965674
-0.07436973373984777 0.2668341391641518
2.9649082438415713
-0.18258930125789916 -0.07085512041456278
3.381760975984184
-0.43890852089900395 -0.3935828479219584
0.853926207727369
-0.9167250470338716 -0.4836612525684347
1.6673208170760967
-0.34235545619968677 -0.5058873769941344
1.2636616675395702
-0.45413024632061666 -0.5209837786407903
0.39378904029453476
-0.20282470179661752 -0.7860321796423538
0.8294809725607184
-0.3849516168988921 -0.9199139853391913
4.845898426707961
-0.11933083359520381 -0.7611208748931066
1.2553643787792517
---
52000
92
-0.9319900901191255 -0.22607222244909195
4.359132100580946
-0.9841456164500356 -0.6270875829738747
3.350182232235631
0.9678888968337841 0.3883367874845086
3.0391879623345437
-0.9442062208950341 0.036768823958937165
2.788544066950174
0.7782418567916969 0.3997002951183088
0.21887567169008992
-0.884557758867189 0.06265116009715085
4.751428212827857
-0.6664071494922775 -0.30948076931933977
5.478094832559802
0.5664134790848617 0.6233291190576541
3.485845917756098
-0.6615619534195776 0.1644367748539159
3.0363045648322373
0.9017782426948753 0.3304490627559935
3.4099040802907874
0.45047467251407736 0.533316151185315
3.687469927826471
---
53000
89
-0.20122125911110905 -0.27790268381105576
2.6411292124749894
-0.3570510406159633 -0.410728647519759
0.7055849479550034
0.11284648026034733 -0.9275793348455275
0.7335328031482201
-0.39011675521048045 0.3768095696947569
4.459496815154527
-0.3596886721506173 0.00814440835511222
4.042929817871455
-0.0399573523971615 0.4383855545000282
5.367404158270585
0.12507590866259405 0.3278230003045686
1.3309247322439655
0.7363352821889316 -0.9924449109705347
4.873633361976513
-0.7076808468512813 0.9085637939867748
1.4904761825975363
-0.9376451207836277 0.8286399259622126
2.30845068699323
0.2116881501199294 0.3151392593970509
5.817349360695871
---
54000
91
0.09017849789395278 0.6176662747511663
4.855320097646415
0.07842649610685688 0.5889524348713554
2.681264379840764
-0.32993690613912013 -0.5420785811086439
2.6552382623549553
0.20505157381153574 -0.2503475568221062
4.247294900730386
0.892361573542586 -0.8018674889845976
1.9212094028199775
-0.23294331652341066 0.8706787748440672
4.093730535868625
0.6482571794093718 -0.18976198403390504
6.221564570154578
-0.3183205935626418 -0.8174118116549178
1.8774828349071901
0.1847598112357144 -0.639750811212548
5.232476790313374
0.7780922769242052 -0.3159066733203773
0.6063374527645147
0.2006384438247818 0.21597088669284945
4.648208672709967
---
55000
94
-0.4065987119334259 0.03411771387677619
1.3885600643287634
-0.5086146370516695 -0.12215563704551136
3.6962463766715734
0.9684149754201475 -0.4156733100151518
4.998297978539074
0.20563127521328556 0.17720805485213567
3.7177458796603524
-0.721016683770397 0.3518636397235141
4.0790386889522185
0.8983334749273034 0.20466711903004423
5.980604774921574
0.2284719768993166 -0.9394078821565862
4.920236669868941
0.5613577879933672 0.9467052215867515
1.3368541770330777
0.19823733014103836 -0.31851387342704507
1.7250309976008387
0.9013092459588421 0.16903424343351833
0.7834140565757917
-0.038635742246552196 -0.07318446215629364
4.743268951584497
---
56000
91
-0.867732970202947 -0.6877959787562224
3.5561819300118716
-0.7932556583575451 -0.29318175630516086
5.250922877464245
-0.6521708468769178 -0.12258752926012234
0.5524187704742891
-0.07651389076132181 0.5822282270426019
0.5160532982019586
0.7015896784639895 0.7392283544297318
4.230485010468919
0.6269400336522551 0.6647008240071772
0.34446851916999344
-0.07067242058475016 0.38682006192703694
4.273813410894
0.9531090240235761 0.8113291985012474
3.4794268755699935
0.17394612199861814 0.04954900725125558
0.8687192847484289
0.7099016203015603 -0.04153119148971669
1.8428333909854286
0.05515971204039632 0.6796999840610761
2.495118976314715
---
57000
91
0.7189776545898057 -0.24883502814773859
0.23562073398481637
0.6387893047952367 -0.284538317771733
2.2441648493821447
-0.9569609817904546 -0.6083560094346001
4.045942821793349
0.7174739157588991 0.799004989282936
5.715579133240809
0.45278962276964996 0.8756773956354088
0.5322757327995413
0.4811051357146899 0.3699521594049156
5.7874985966059125
0.6059916781255683 0.49657767080261367
1.950370778828355
0.022537343964916315 -0.3587860060830683
0.6905007367910772
-0.7719281344865601 -0.6512382482808137
2.0417931708823147
0.7163942109027508 0.4111538457145349
4.872629008188582
0.08761956437445546 0.20520004948715234
1.865815209466704
---
58000
84
0.41971931082922825 0.39805362411683726
3.6583662214736767
0.5557369613713545 0.09861179450864765
4.999996961519542
-0.6420806584289775 0.6919552726188225
4.405083574183541
0.39469040975631875 0.015872651903322474
1.2087867533910455
-0.46447947592757205 0.3953492228418856
3.8413149200320698
-0.2531708837209614 0.3153886580567666
2.8825229554830667
-0.8973303341112338 0.4298527365919824
2.318577300844706
-0.0819918137688763 0.7072996878984182
1.530917194867576
0.8766931265402982 0.7801439188845256
0.741861075072153
-0.5538778793916884 -0.9890144001340357
1.7894362551197451
-0.29056489416252096 0.9092452546834905
4.914105178984509
---
59000
80
0.46952356201363504 0.17834233341460087
6.175298011472394
0.47813467731489806 0.14646574634953885
0.3726601190233465
0.3343252480251378 0.12540322857637914
4.010139314237558
0.24897965863024532 0.32579069672145233
5.119488800946258
-0.6722078179777186 -0.7543616959724655
5.401479810282619
-0.9723608121370251 0.4247421175360337
5.250210583304734
0.8101082592814958 0.4084037172234039
1.043881265203387
0.6439657949397898 -0.6755387241375764
4.013775183492055
0.9595207473808413 0.7066085068956963
1.9718372851302666
-0.9273874574880654 -0.42133578515379067
3.340743097976378
0.8346938887286641 -0.6249881239286491
1.1633846875920666
---
60000
86
-0.9714369507206971 0.2676766897508821
3.130341963106519
-0.9322769988255658 0.25838380381610987
6.232361990068572
-0.3207847290062771 -0.15117225398000897
2.820426813262946
-0.5796561232383494 -0.5468112865288528
3.945888124281244
-0.430834853235866 0.1639391694295776
3.2699329540790156
0.9022671723135246 0.28633373530913503
1.5627302579370088
0.283505442866898 0.9359241842032173
1.817374781051675
-0.14659359318020285 0.5823492318578929
1.8058529344943022
-0.41449235913411653 0.6528906728375219
5.869504299254186
-0.6724319231792469 0.004767293577014553
1.4441878423985601
-0.485214853130567 0.35019092470735363
1.2543580656267732
---
61000
80
-0.05427068128216085 -0.318880755889127
4.865914242809181
-0.28509863293367144 -0.17120997052876505
5.9598597834315985
-0.5999250702580867 0.727401562040525
2.2045295024412574
0.49292062248946406 0.8275861755189663
5.231316103072453
0.8906419815852028 -0.8557312035754231
5.848147554534901
-0.42054230787896607 0.0868939584680401
2.18853898672828
0.6658508786111055 -0.734332363913518
4.464912913682698
0.8521104839436424 -0.16099773871390674
5.522378926549701
0.6472711653828848 -0.30567580787782933
0.876034416063777
-0.10241799824250562 -0.8928080280763174
4.175791355476521
-0.05176527990726526 -0.2523892266302654
1.770848601264857
---
62000
84
-0.09333770469252317 0.3925337112341832
0.6186804571538521
-0.09513999948911864 0.38089869223452866
3.8080043831841497
-0.1716271539025699 -0.6875712090175304
5.654817689612275
-0.09070278476086495 -0.9584755512803322
2.4952866330472414
0.8624260677280344 -0.6947912846817395
0.42323021255489124
0.14610064270632184 0.4506603992196079
4.228464659883515
-0.8768933910332056 0.26788561111923487
5.1337808611384155
-0.04161150170511348 -0.6229666081208146
5.534723250113565
-0.7260126904404245 -0.6862890646874363
0.3880485829372837
-0.06636019922032207 -0.46806455164473393
4.779888331905901
0.08125454472500271 -0.19516736415846309
4.73151815023683
---
63000
87
-0.3423687262027448 -0.5381642230529107
4.102958580383135
-0.44281135984990183 -0.5734579104283538
4.586744027149653
-0.8249201076635322 0.6327467000910026
5.492579993021224
-0.7080955314952799 -0.5132756720877467
1.4609161616925448
-0.9807360600165591 0.8826442013328912
3.230693531369268
0.6503261068521683 -0.9760528615442513
0.28622287839402194
-0.4674213500141162 0.37617377379627925
2.187595750808277
0.14402482914165035 -0.5276763320659122
0.09810458379841247
0.2721365569436149 -0.1663421656710911
3.963473879827464
-0.7401674880825283 0.8655480291079272
1.084636817028577
0.036582230741048494 0.3975515032902501
2.7258444199602216
---
64000
80
0.06360402167222043 -0.08444216360028264
5.963210159417058
0.08280554137065675 -0.4024430538104158
5.671042355371148
0.4961350298912237 -0.5422981482141176
5.08379322549417
0.0360811215596222 0.5774789483690553
3.4185107831990997
0.8173249417902846 -0.38587694304696035
0.2601603044237688
-0.8363377480742628 0.06403398363051202
1.624997766244296
0.7263291329939887 -0.6903252937620734
0.9030863659864297
-0.7904798906027934 -0.7222625941641946
1.7293014756541814
-0.2677205867266173 -0.2751290858521558
2.852070814546593
-0.5372241179771015 -0.7347636097263667
5.368672408595739
-0.5559603457100757 0.6165045791223767
2.6615069533751576
---
65000
79
-0.30429431490995684 0.0830239214722402
5.531358957395653
-0.41253055693730845 -0.4962047166900275
0.09405319018789005
0.4795796816531419 0.5951174261301726
5.715126118498321
-0.9323846007324044 -0.753870277914847
1.207169798200657
-0.008907972410654516 -0.14508726655270893
1.1199260022050828
-0.3571561326056902 0.25584473357523374
4.229165573535753
0.18758972523220205 -0.34848655621135055
1.1941654761005385
-0.7637575961763916 -0.3645075697887629
5.735201748443248
-0.6293486301283064 0.7017798322126471
1.1771965002614984
0.7445668820516699 0.5421066953406684
0.9713380539722749
0.11873966903426893 0.8063033241997484
5.7481786071403675
---
66000
84
0.7256699088328369 0.5417707524960275
3.4571521020952938
0.6042586628632665 0.42177163520917377
4.065020924805469
0.9257253338664293 -0.9621944868641484
4.626228253841288
-0.35307823992039067 -0.20552083174761482
3.8262811599412965
-0.9766877776610257 0.0640140398472928
3.991360256707776
-0.011320341714035023 -0.3607329325682914
3.496274179989931
-0.31917957148580056 -0.26552178886644223
2.038951557757242
0.7070271421416614 -0.40275656431622886
5.69689753569806
0.16606979446745704 0.02322039742540137
1.5277298623941222
-0.22404444617129615 -0.5200177935303049
5.761155732577795
0.10198354652425261 -0.10242889451709312
3.0508282160094797
---
67000
85
0.29992498328652206 0.34267146065504855
4.009617578973911
0.004140033908468444 0.018518551578431595
1.0577167259456326
-0.01766006088400894 0.8543852180927465
1.1682977691177285
-0.4300111298235908 0.1876295392961687
5.488837416746186
-0.23324233538495004 0.17653829097027002
1.800024738705643
-0.948989018219023 -0.11303891958403008
0.717707938980483
-0.5685584309109428 -0.8733038155603392
2.3326742412170267
0.7888470997833349 0.7459802452712578
4.7877297413647435
-0.31099015457523116 0.05175253535762907
1.5385478492344298
0.628758777617847 -0.888214429024698
1.5342321581169571
-0.07568771266894866 -0.4232453005101059
6.2201464691486095
---
68000
81
-0.9529441309343096 -0.8245164965841849
2.5407942106183157
0.9507195795771504 -0.8090761662836506
4.397653343122542
-0.5029022768384931 -0.39596637515781796
2.920595073940034
0.7384750037548776 0.9134017487850321
6.051572945502415
0.6422910709886462 0.9199915005182868
5.371220434113328
-0.11648412082307581 0.27169180400046594
3.537458147101084
0.7156523975826936 -0.5882481710050651
5.102776051912817
0.46103928362352725 0.20576229619560832
1.29532610613344
0.3362738111940733 0.1346203811529218
3.4802223545558135
-0.7849187466224261 0.12256313538738099
2.695289656023153
0.11517078877656672 -0.7447611367731032
5.8183942351635105
---
69000
88
0.5522364119825941 -0.5584967409348137
0.2525609196044785
0.09107400239281353 -0.6962187339894902
0.04228826873652203
-0.08733933461545015 -0.04834357447404666
5.380027529515727
0.23561440840328804 0.061341611536206396
0.062394862344209656
-0.5351383487744117 0.229343938739736
2.593033547221477
-0.2748392882345562 -0.36201182828219153
1.9943939848276742
-0.4388864654671986 0.6475836202349161
4.206788412838029
0.8108336764330875 -0.16534033089435385
4.62563289501864
0.34087236609069393 -0.8603104786399681
2.326309259119756
-0.7565683699136634 -0.593607353181047
6.013877164008166
-0.3632494066866251 -0.7769119419806279
5.268695613286559
---
70000
85
0.8212619827448316 -0.8707804024365122
3.158457199545562
0.7655541852961226 -0.6407293086705309
5.91607880659842
-0.06325415137396369 -0.7016802623499869
0.009086487030112167
-0.37353579786563157 -0.004263012716931101
2.3809799485975836
-0.10139502143651655 0.8274937432271974
1.3282115835923003
-0.7419967858892774 -0.18613963885397944
2.349139703939974
-0.6681594478799366 0.7922126921923314
2.07596128456869
0.4769517866916954 -0.2550456283695589
2.1010726739176446
-0.6480929142890248 0.9680850241307283
5.548822567470292
-0.9527401752046041 -0.9029007039404998
1.385672768093336
0.9933712971782044 0.30002827306684804
5.213224109635535
---
71000
83
0.375010947797347 0.793752031497429
2.368471217009516
0.3531586271837337 0.6984720918902858
3.781372479348856
0.7451615068450111 -0.6116441625481439
5.213089974984351
0.4875811376853881 0.8609659892929626
5.367153241887579
0.9144527849053463 -0.14839450049756903
2.554319670468619
0.2636470605045961 -0.868507006336837
4.389182049907532
0.24565302000443512 -0.44184184946173344
0.9425366907901428
-0.9288846264123867 0.5502702512925389
3.090837656997264
0.5468689695522351 -0.7608584142293997
2.9281707374469788
0.46585427368816834 0.49213596541796883
3.2950486307228353
0.7497559663476105 0.34367967660489274
3.9338317230106963
---
72000
76
0.8830633743653178 -0.7701864184977822
3.720148503329549
0.9129118231614112 -0.8315692801505787
2.21341323524286
0.6144085499609349 0.8318163060128643
6.101043197646774
-0.30189532785723655 -0.9561826637303213
4.445646404569502
0.33539833610365277 -0.8413698251284812
5.718768637912072
-0.9864286329394559 -0.9702438469025955
4.664795500621306
-0.6972928073402097 -0.9348203318468982
5.260996825590389
0.8318413770634332 0.0757098891222021
4.355600032265976
0.2758236001411656 0.15032226172298913
3.3314933457852396
-0.9642927499534835 -0.8153351709257546
5.35791849416498
-0.776282261646944 0.6862083467424244
0.06756846472903355
---
73000
75
-0.40210457783509723 0.5577278471672042
2.14361620069872
-0.2722735140157283 -0.19966304290403314
1.1735585839342617
0.3233888353291662 -0.023770187665315624
5.237413929817504
0.3499946272487572 0.2610800843754965
0.8818251906127484
0.5820206332251965 -0.5360103588566492
1.852359064023135
-0.5965915742467623 0.9473340855634728
2.1959353937883206
-0.6724488500221096 -0.5678958998462523
4.306302484724602
-0.9149458353072805 0.301537503784633
2.388840527858018
0.5122884868259898 0.813093253242217
0.19986226688226072
0.12932074360318607 -0.18079726205190125
3.1511111989374223
-0.0496408702153174 0.24853421479236554
4.51352321691558
---
74000
77
-0.14896556175766412 -0.8018244509232051
3.1843909671478894
-0.6505832153947751 0.0435193905175525
2.9665313752238696
-0.7195390859191073 -0.4968616540731819
0.8989283422367818
-0.793880525934198 0.6398145826667592
3.7275679022786967
-0.5122229744422058 0.09366440702712847
2.005202411328445
0.5670653952543017 -0.36526395179102555
1.932910302793152
-0.610659856371845 -0.598546439326259
0.6886386975860272
0.24483711251270812 0.7831284910700788
2.1464115491410407
0.10965126216775069 0.25495890251496034
3.855260518536414
-0.9943792733836223 -0.3286748198984977
1.3153032785671739
-0.06282756202281709 -0.2669340723419586
3.4002938737489146
---
75000
86
-0.7235434197730876 0.09067194691689594
4.756730999492106
-0.36223032034131797 0.7945318995823285
2.9444824760467307
-0.7825629442657795 0.49527615222906296
4.0125670371793865
0.42581692683098665 -0.34226355196878894
5.072535975503084
0.3448538804170664 0.3408486760786196
5.622164533462447
-0.26314227851850325 0.9207760770892858
4.810126596864253
-0.22131768342136535 -0.3437895854287282
5.956162837456082
0.4329323264343016 -0.8105169302033937
6.140367082207299
0.876399428480331 0.517840361297654
4.304336720825462
0.010592409010739778 -0.7881186403761818
1.5395953057999545
0.6562682865390014 -0.5446957782678187
4.070238618103331
---
76000
89
0.9822796234979412 0.5275152493262375
3.1113698326630264
-0.66290420716526 0.8428377551407282
2.016914032579888
0.5752329504324154 -0.3233711061980546
0.17561896468729987
0.18623332221136948 0.39306985199028094
2.532072255656697
-0.34785660846876704 -0.12351982779392498
4.79790284158317
-0.12248977430022712 -0.44959538501618457
5.892352922347716
0.5272011640383231 -0.9457940249807961
3.8682411314026277
0.7199427517251561 -0.20232655528244164
1.148240139410328
0.4960372649409466 -0.6152618366826399
0.23719780127595147
-0.5023509673796227 -0.8030960114531982
3.4782249881900222
0.8338839336732885 -0.019849520062012856
2.4811271045154495
---
77000
81
-0.9519859665029946 -0.933564772461374
3.3936077247976493
0.7397905761817152 -0.8359017781340011
3.467823733916635
-0.8492308419471498 -0.7463379503586764
5.12645821858305
0.954100345735084 0.8291923712480557
5.683637793348139
0.951551591817121 0.8561267450985397
1.5136523473860075
-0.8517477261607473 0.359033697146437
3.256306986329384
0.6225400102334802 -0.8732528687498452
2.1974396423559615
-0.9392444258081359 -0.2895834341106874
3.567944956541475
0.4677597436308755 -0.5128049256470143
6.272352702911713
-0.7268033406492858 -0.8177446810256257
1.8024191628457844
-0.2930854073222405 -0.7371269687802928
4.6917361835828535
---
78000
86
0.7339831546059884 -0.5261559139381046
0.42688300758992187
0.7412783305853389 -0.3892943822188608
1.0690464653159832
-0.5991022720651672 -0.42386920446952414
4.076140020903002
-0.7109638216289601 -0.06639418286284951
6.105740629381625
0.638467328458243 -0.08587802623595507
1.2000024569641763
-0.6591835540356956 0.01407802931888235
6.1468257003195905
-0.7281376245301943 -0.9151977265583262
5.954747848241547
-0.16292485370939894 0.7474467568371941
5.757800919845087
-0.7030152547807077 -0.9815660783106057
0.7188956932217891
0.683910837796766 -0.27293724511367834
4.732591750652631
0.027409678945361615 -0.35245986333549195
0.6143676070754411
---
79000
77
0.804433362503775 -0.22506145745231118
1.3984527924562957
0.08673611789907262 -0.9599342112680526
4.5694435141269825
0.6467968123499469 0.8008051083359123
1.2557900019216603
0.4227922712430088 0.8695949599027581
3.1778010680690034
-0.19781537526987308 0.3165507589880029
1.2451456527756335
0.149575881193296 0.4189635147040582
5.714813030739315
0.1862947325217196 -0.9769826676876332
1.9279262749258326
-0.6206015077047697 -0.1082594103213937
2.7555104440880847
0.3005853902449309 -0.2968404434425677
1.9082906920705005
0.542416143226083 0.7021874721169141
0.5183012292000111
0.2682428178140253 -0.7356509965038748
3.7931098192507315
---
80000
90
0.12123651076070692 -0.8887359283591564
1.1197753437101312
0.022479024711759218 -0.7713506457961631
0.40495476032197786
-0.9269250119981935 0.903899548131231
4.978945441209095
-0.33646488489044685 -0.6137077149960968
1.743491279995844
-0.18724747213223955 -0.8428764211639064
5.038579018066786
0.5794292343694504 0.9397666763148517
4.517055901494376
0.05744997687092016 -0.6548597195144682
1.711675698629497
0.42544791081210526 0.5965827179063755
1.5206425689543543
0.2947742304774644 0.1974992673645964
5.986016809689984
-0.2302454621596106 -0.9661084583765955
5.434596825059709
0.28931265668607603 0.9331961617333099
0.2896741467967967
---
81000
83
0.7824351665832661 0.7994762854157623
1.4262099494536213
0.8043593311139279 0.8092296058386353
1.591719256092773
0.31870257266896235 0.2822265137703159
2.097953898349183
-0.0922815978231035 -0.9699760951166718
1.0640110751632434
-0.15478982311497402 0.3450438320847781
5.544591208246261
-0.07823696103609395 -0.03510136693688079
4.75256525287669
0.7664240139449423 -0.45925542355349347
2.7420223653891265
0.8635672890651224 -0.9851421954439052
0.3859308330040152
0.5404740907949109 -0.7418180946607423
4.049557831633473
0.6386670837052122 0.0842079770354918
0.025070570010490734
-0.45144637629770346 0.7126350974108516
5.870414361797061
---
82000
76
0.23263737577551516 -0.04573016077550716
3.4783209246574303
-0.3063925766047571 0.40377222886643377
0.3145761090825956
0.9485434997216838 0.31505282704877546
2.128582569169856
0.8762634775783018 -0.06015153680804926
3.1278087341371337
-0.13115325812249645 0.6726333927641199
0.8382905042796348
-0.9949867836184803 -0.8253572101777462
1.15387488379713
-0.84386881068311 -0.6881442199545197
3.5947786368765673
0.9598242390093145 -0.8273427998930922
2.8307959817338397
0.39099499890564515 -0.788008682341669
2.9365501448476032
0.03640961868433727 0.24424085581697408
5.713117528817033
-0.6217456986849778 -0.7961489339012406
3.222530673102347
---
83000
83
-0.5459356477773455 -0.9476125208570431
0.5873166511350105
-0.49402306177022687 -0.9393687429165609
1.7344573374892862
-0.3857170914169041 0.996052854252824
2.760082289886837
0.983379616196918 0.2733988164971177
0.672227029625998
-0.6631426126893738 0.09056025591920722
0.9543184142581511
0.7778985051085341 0.7198948355753547
2.7603914583311298
0.0875303111895389 -0.2700460826251798
5.491552693343148
0.29401557953895285 -0.2789360713742028
0.17022889525886686
0.7826097633103131 0.930752985705955
0.8384202986149658
0.6652211340580767 -0.3242605110901231
1.9269364097543225
0.01599115361798148 0.6659269583922613
5.44368360010701
---
84000
83
0.03695258264204173 -0.132443842248352
5.661704460528703
0.004746112198834709 -0.25334933713300156
5.985553157494339
-0.8404252166095958 -0.13220801937420462
2.7176744857002317
0.5633051872657816 -0.629291306389538
1.662617859410811
0.5752327613608404 -0.3652796228800744
0.19326474645906977
0.3160611024852166 0.04861358529145787
5.4989171223832125
-0.37416959395409205 -0.627227561301628
3.92390931227896
0.34506494148150485 0.964848163595569
3.3439364459586827
-0.361946254044237 -0.7384777454008986
5.21018694768443
0.10436415611172187 0.28234594848074834
5.762932876474189
0.6323229339054632 -0.02129369080028575
4.4386903899827
---
85000
82
-0.5424905861686182 -0.319667190425472
2.141870522302188
-0.5330341380574488 -0.33816181803070156
0.12703345159346924
0.9017183990264549 0.7075471590192688
5.654199814083455
0.29287549567367366 0.7432057885523199
2.3608577317840096
-0.7233077011966423 -0.2988177697925821
3.161757755094201
-0.8805939399791285 -0.07471763879415284
2.103242837002865
-0.8887995037172639 0.21279537029942788
2.7041127614607774
0.3607518546193647 -0.7338996273555067
3.1384615100787965
0.7415537243397328 -0.9812548060633473
2.889877138081295
-0.9523509031776519 -0.7542439961691365
3.7215112629505045
-0.4690386416757831 0.3585289780666576
3.178053043562902
---
86000
86
-0.5294361759986064 -0.32579305986875307
2.0444843386905713
-0.5290993796374204 -0.31289245728014686
1.6728095643850818
0.5936368471654047 -0.36950636079557825
4.275478677274004
0.37087196965862884 -0.07298643740804284
4.161213608445102
0.35242163506252716 0.9148415788486552
1.880041952132082
-0.7293834896022897 -0.23929299363760348
2.221491737222233
-0.3659898880597632 0.08700986646166033
0.1997331251192751
0.5048410263936368 -0.6953878245713965
4.356001405308254
0.4302857108009331 0.4650891616374805
2.9277123596222268
0.13386232430726783 0.6931828349790116
6.164577017248419
0.8619420010114173 -0.1842658880200161
3.2251959684547353
---
87000
75
0.2100455610332951 -0.0499050692636861
3.989414779136463
-0.643654758285742 -0.6046884341951028
5.7664378687135125
0.9640874375983677 -0.590032399696509
4.0219514167681405
0.48662206483223913 -0.6276869921336055
0.893957904728147
0.6255273276096729 -0.20310605451177854
4.667417809465816
-0.2875095676582355 -0.8347844707969371
1.7939422637395888
-0.18933708500543855 0.8086383681272873
0.9947989026029767
-0.1957337680842618 0.9888536045349454
6.072158710257921
-0.6789237010639579 0.40318147935596016
5.879672806823861
0.3517293467209039 0.12284206399097986
2.0919854929975923
0.2903663267585347 0.9273264538070248
4.532868147097419
---
88000
80
-0.7090732382037646 -0.6887445606463238
0.3777803823419514
-0.620078479203011 0.5433936583874979
5.839194881605849
-0.28873378424102464 -0.29661023759437316
2.3184719033231564
0.4124602081706536 -0.44905857872505706
5.002863220969339
0.4272397604480971 0.8172607417824307
2.049431044640958
0.22236729478778877 0.9896794582495181
6.132259242078352
-0.37343825976176087 0.9692253479593349
2.2546228619170474
-0.03951826126135488 -0.5635339575004288
2.3727074271127657
-0.8198766962955727 0.8035055534078633
4.128183706119874
0.16959358313243772 0.16002903943702967
5.0660485140749305
-0.2827734557090837 -0.39481686032246915
2.739348800408587
---
89000
83
-0.7408055521573601 -0.779852797708607
2.406188171726347
-0.649153870827047 -0.6947096631467966
1.4123433167523896
-0.0800415965973825 0.6293185143624371
2.0785329556978738
0.5210040150301519 -0.8374537188392881
5.340066561523084
-0.4035450098293521 0.8131913378362959
0.12072832051413318
-0.24301676938846178 -0.34942713624241234
4.638019299413411
-0.6998723122175518 -0.009779816011966418
4.550296823057073
0.04393268606790237 -0.44736306909148194
4.570072326941222
-0.8486200247378057 -0.43838929724751613
5.871669470222872
-0.0061066097748331445 -0.4605941251255505
0.655966924845858
-0.1952396881025354 0.15120231535202577
1.273506572206471
---
90000
83
-0.47770426550255896 0.5154213293682675
3.3114498120663147
-0.5660728846401281 0.5549560810339063
5.702469772318664
-0.78042825169607 -0.9282622963819714
1.7702163121674852
-0.308394205286642 0.21477135137738623
6.212750878281521
0.8660312552103766 0.9010833169137635
4.575657008565599
-0.12507721339295585 0.23503490248295472
1.1349309794947455
0.7611550600894296 -0.5604771822557781
2.66266725591324
0.7864015028749161 0.9160777227166464
3.348539411213018
-0.1113085746506344 0.3314953741334832
2.161042600910971
-0.2471112821359279 0.04532622532964756
4.098442169547661
-0.552520229971188 0.7891139119802135
5.935538897307854
---
91000
71
0.6535085772174328 0.9685374272561921
2.5242616616530125
0.6443595860637659 0.9738615073462293
5.037141078735495
0.4767121192183442 0.2565568703103912
6.152579894118146
-0.1242938362743368 -0.9428135967229542
2.36380598825314
0.058017787497702686 0.7777481783064935
0.4068152453257454
0.7836632014832696 -0.93935925103542
5.057517570585155
-0.20382372426023954 -0.591390493080344
3.0168681583825645
-0.048243387514943024 -0.8759537688283707
4.985227684969479
0.20828540895153078 -0.3493751295674614
0.10736638636921292
0.5324451314435596 -0.4025243727468082
4.166748262965756
0.7031389073659212 0.5837625751491734
2.5583381568207066
---
92000
76
0.5471908506232237 0.8896454076744122
2.450538961686829
0.46858025141523174 -0.8630421834163857
0.886483203667547
0.7368911336377245 -0.01156555327968908
2.1572060352395983
0.5438382588551824 0.24799955540593852
2.0499453530568172
0.1772409422697549 0.6306132762907649
0.9217424916784935
0.95248219806394 -0.6110406505675106
2.6471049742776156
0.4322107626665974 -0.8599194600365074
1.26119396388214
-0.5796138171093155 -0.0015275620516407018
4.16835204457987
0.28628686897675726 0.8827710332814992
2.795113699083166
0.7747797091152752 -0.3562629789205759
4.358764176308185
-0.8901304130197427 -0.7748933529205443
4.2286459927986355
---
93000
82
0.010221315173533991 -0.683188684957726
1.9137282944725167
-0.05305280467643398 -0.1455661691122007
5.4194698708436615
0.6778394641742248 -0.9679886729777807
-1.5342006571314912
-0.6016688951656748 -0.28832230175901785
1.8654559115589322
-0.6874156924288505 -0.5018478697745978
0.8532893573406906
0.4397782592343412 0.5863056352434849
3.5338726192484478
-0.507072152106167 0.24863658190037083
5.182917803155592
-0.2360879676118755 0.8540718075147277
2.2058711292931026
0.7817793782977756 0.5651600687230132
0.4906278837059759
-0.9515238583408184 -0.35754684070120557
3.7237328854495058
0.9930308943945548 0.848718084470906
0.040651906786681735
---
94000
79
0.8868158854179704 0.5650095951176911
0.13737711228725347
-0.9790638455615713 0.624767425417932
2.735802977267321
0.9598657228034946 0.21720574103613685
0.4995975103975656
-0.07992439747498101 -0.34581755104835316
3.1860410914009396
-0.3269768777336817 -0.27586928816847406
2.6315735251358854
-0.19071546062749445 0.3371524475418628
0.04044765421513308
-0.7540820278313954 -0.1493093175824442
3.652587647349347
0.6734434995106312 -0.9218191115961898
4.812534981599675
-0.01274548636676489 -0.12193385161006239
6.1311980464240445
-0.667386461384044 0.48803720793865035
4.941352284608139
-0.5038754289353028 -0.747625668315529
5.484109628506991
---
95000
92
-0.6248022327280791 0.7069568363067977
1.9107151773746376
-0.4671212401148874 0.852608744000898
2.1737116894577557
-0.03964598437281898 -0.6237213919916859
2.1519773994435436
-0.6097959763874505 -0.5369076012755517
4.1291381763676345
-0.22686586859630128 0.7052614151385358
0.6972699709793693
-0.26759595607118025 -0.04073948810026534
5.976502034096117
-0.8909557952250305 0.7772578605793969
1.8830382883626253
-0.7753104147516034 -0.9269561671082683
3.8428321990269456
-0.7433024743499803 -0.0832990015259305
5.064887483763364
-0.5581725044586542 0.5458445475433319
0.8478834892408331
-0.9020325192495314 -0.8410861326412501
3.9293805490375933
---
96000
77
0.014118314268514006 -0.9464556274947826
1.6744949232253017
0.11486009441870049 -0.872171161518138
1.5997500417430288
0.36697446504597026 -0.05612042359652075
2.3217149212368113
-0.08126309711379187 0.31101739338519035
4.0072412594212885
-0.6082309851935054 -0.6845645479724319
0.9772201807388416
-0.8352809978563476 0.22623811128446658
4.023643525494938
-0.25889041898295484 -0.17886762066865866
4.338098166327102
0.1185480153074834 0.4674949158584312
3.6031841052200475
0.2896263720082671 0.4426857545662342
0.22709248943820715
-0.28498186093145483 -0.5849888810379296
2.2976164188985093
0.40370357912449056 -0.6760346780423544
1.7842479820787327
---
97000
85
0.7755067560502932 0.24909628953574692
2.4443429739483147
0.8437726455165375 0.2647331974753659
2.7348482296474446
-0.41127627243767634 0.8472755005599756
1.3108132165254194
-0.6709482443882695 -0.17803900762320496
3.744063354610339
-0.41811514554299 -0.3261947300283758
2.1777593137906854
-0.343935958493902 -0.03786758873572705
0.41922703812842244
-0.605084730440624 0.17860844629427144
1.5245612148924401
-0.3779127475576617 0.7499422909554994
4.548092807733093
-0.12908844225955785 0.9177169710715607
4.364349690180832
0.09480089577316726 0.9693564167988026
1.4961834001184577
-0.6428062317614882 0.6935820683913454
1.0620248276354554
---
98000
80
0.47016610013117754 -0.4230533213905415
0.7575833423777467
-0.5712554404007557 -0.40512979086908973
0.15387910020708517
0.44314934583886106 0.6655285537326248
5.426850510116355
-0.841497721975589 0.7272217414556861
4.638551216235235
0.19050307300503128 -0.47817180592530667
3.1095293812639335
0.3454600892239098 0.012099463052217933
3.1480521413228084
0.7032892216395973 0.4642599756906216
6.1949426069788815
0.016292984754228662 -0.5478439233589089
5.641540075266444
0.29797804782055515 0.3482026333393206
2.2537698512358633
0.9286722963637427 0.9649971548747653
3.277616574188798
-0.6297410562872003 0.09618098136577076
1.9011133756521081
---
99000
83
0.6919662710885371 0.29525716164213484
4.364496856595844
0.4489370244824372 0.48124223289739915
5.320596854034691
-0.43625259101834485 0.7188838241557861
0.881922244037435
-0.7199574552834954 0.13707533444151654
4.48275215345691
-0.008569443296907578 0.3015956585806207
3.5002440311137164
-0.2804393282530999 0.1438041311509927
3.133439142241368
0.37980951951702474 -0.7842663592683546
2.2444207281373254
0.3748660684469908 -0.028062837372763084
5.325021568050792
0.6017021634314264 0.7059910947224012
3.630740582773078
0.09375598872042297 -0.45547124268189815
6.2711703070324205
-0.23002850832803504 0.8498943196828985
3.7452814631403215
---
