100
{'run_name': '2D_rec_10_total_boids_slower_short_chase', 'annealing': True, 'annealing_start': 0.2, 'annealing_end': 0.002, 'nr_observed_agents': 2, 'nr_of_boids': 9, 'predator_present': True, 'grouped_spawn': False, 'predator_halting': False, 'record_keeping': True, 'record_frequency': 1000, 'exp_folder_name': 'big network 5 observed', 'boid_speed': 0.0283, 'boid_color': (0.8, 0.8, 0.8, 1), 'boid_turning_speed': 1.5707963267948966, 'predator_speed': 0.0333, 'predator_speed_slow': 0.0333, 'predator_speed_fast': 0.0533, 'predator_lunging': False, 'predator_lunge_speed': 0.013, 'predator_lunge_distance': 0.1, 'predator_turning_speed': 0.7853981633974483, 'predator_color': (0.8, 0.2, 0.2, 1), 'predator_confusion': True, 'predator_confusion_distance': 0.4, 'predator_confusion_threshold': 2, 'predator_chase_time': 10, 'predator_halt_time': 0, 'predator_eating_distance': 0.06666, 'height': 800, 'width': 800, 'graphics': True}
tick
boids eaten
predator position
predator rotation
agent positions (and)
agent rotations (interleaved)
----
0
83
-0.664976327474615 -0.9643184953062389
1.1866308279729252
-0.8492826322694308 -0.8596019720261457
1.8351912727815098
-0.7250704398019426 -0.13499391508409841
3.420723784496766
-0.24511236266299954 -0.5270543518543143
2.320449331744581
0.42505575538905405 -0.08252378326727969
2.2893002602623986
-0.13027817722401824 -0.4619719326404464
3.7930456239573327
0.017521897792492747 -0.5502842682349349
4.07449391327542
-0.5688526749961458 0.08185133166797448
1.1115249415286585
0.20139753184800901 -0.5649591115952031
0.3983587183303161
-0.5396525375453307 0.28738937738814935
3.5801383144688783
-0.12598711456014228 0.35478956656767174
3.0489124948933224
---
1000
84
0.4023081994413733 0.7045764329615043
4.047682133487694
0.1475076495612265 0.5971795484270225
2.9967668794065556
0.019459117743248273 0.9997979914696755
4.19017692231735
-0.20205785036623553 -0.49065466005295905
4.467187614477169
-0.27853750738944544 -0.3891798401294799
3.6436488033443126
0.7000973012760002 0.4651681993856309
1.3297856294255146
0.053355689271710985 0.19829096174784205
0.1799963397126545
0.08325084730981946 -0.9268682301438746
2.071717404857048
0.13257627292534954 -0.8699455698314744
1.4991988367535836
-0.49986048057115223 -0.1299058286235631
4.8197236604774645
-0.18232372930865062 -0.895376666371437
0.04678473029488739
---
2000
81
-0.6105632570728957 -0.6367534107276548
0.7627997255759821
0.6624286281342433 0.8326881396531779
5.791078571316532
0.6452409847974266 0.3421998545593549
5.69964266716938
-0.14921745493008765 0.6728061131244172
4.470220039724395
-0.13324493761241035 -0.32263633914179063
2.7113875803503875
-0.7674604868989872 0.9978070493358695
5.134920978159394
-0.9346048442079051 0.6847691918542735
5.754598879048403
-0.7422062530509892 0.5817925229262637
6.102796956741496
-0.10126660138446025 -0.900057743836572
5.571093451309796
0.20417630953792967 0.49425855876925673
4.963737964951388
-0.9921145962598332 -0.1487658005624635
0.5774427658328225
---
3000
82
0.7484214074158665 0.7500766822719996
4.064009396061575
0.5391767588746063 -0.9510663052135189
0.925378077331473
-0.5676700936917649 -0.474089359617158
-2.058701228474301
0.5393720015282929 0.8392635057949176
4.476046571000469
0.24187261244306255 0.4615751624091405
0.936853648314611
0.23861125799308586 0.34264843044899757
3.474569433061161
0.7029930417509028 0.881405944758828
0.8129161710779114
-0.1804883122553698 0.49722438183043133
4.954835058957186
-0.7259698398017226 0.9812045995848648
4.998274113011812
0.9889325356680675 0.5615748285888508
5.442506424743256
-0.734029048629478 0.9458047079812854
6.23658595089431
---
4000
83
-0.9237636557957668 0.5667003752076525
1.78300627097804
-0.8760023377532188 0.4850493338073962
2.185408829756466
0.9796431335834389 0.8218123591416975
4.7316011075196425
-0.15727495766523947 -0.14946672050948123
1.7487277895065727
0.49270612996966984 0.6387487592527161
4.382424417188246
-0.9995298428578796 0.3595513395491251
5.488081966044223
-0.3836400950325098 0.5621027301178341
0.6138804127364921
-0.11928366727024499 -0.7118024394718443
1.2469685358896836
0.28881436691730134 -0.9806998938578699
2.7950618749287255
0.17834964583929264 -0.5588496994736393
0.2569677130991037
-0.023856039670773977 0.7598454638968439
2.3717405680185184
---
5000
85
0.3422578566285798 -0.9905139767618076
1.3738460274033688
0.4967992859725996 0.8245460366207433
5.080876532139321
0.47303923963408195 0.34388834273520574
5.775603604326833
-0.3999824364190763 0.7172435271868
3.9936162406270945
-0.08801350401699871 0.6844616892941863
0.6540961284803135
-0.16098355963706903 -0.2911416225535634
2.906810548262732
-0.9934462413157183 0.5839061050512431
0.3436209598988915
-0.7593802959874503 0.14380556478662568
3.5373469412446896
-0.22465318777912932 0.40330823119686354
2.913347629422134
0.003921583718134437 -0.2044361683382119
3.7521657783059306
-0.8800247593907178 0.39043752669888665
4.400210390046706
---
6000
80
0.020033059878544493 0.5440082196970791
2.8029734689576076
-0.3343986558960859 0.1937945593105019
1.418136892681165
-0.0022829563213180547 0.7251685670621305
1.0675181299910177
-0.8803955370401826 -0.22984885217618112
3.6684876747005317
-0.1981122440976139 -0.44362134775556117
2.1266903161225104
-0.8969921333193858 0.898949127994891
5.860022226531368
0.814445756918762 -0.806482585559713
3.702075221474999
-0.7016355544186434 -0.13892217504491747
1.1541295406367489
0.15865680613609665 -0.39622300593161025
2.8979471321331545
0.7257152404945951 -0.3177573584054652
5.274924801803336
0.9188524811205248 -0.17711335728648792
4.390658743229881
---
7000
77
-0.37413586296995877 -0.6123670385606674
4.757561513173304
-0.7845951292424095 -0.31273527220377784
5.310213341327318
-0.5529437582618602 0.5372660834123122
2.6469513252670165
-0.7315722175482848 0.6914532042080109
3.8357863279605358
0.3156117616587943 -0.05248079179851395
2.4854410000845446
-0.19435944153215085 -0.2439913061547938
2.4578840480831126
-0.9335776868770906 -0.07492258788582148
3.7355111462642414
0.40299097262958145 0.03306186475614594
4.455575366191822
0.4606161235891633 -0.08681504966311471
5.615952663210422
-0.42480958120431306 -0.11986982378177555
5.2244790606555505
0.6094202581599455 0.4811798078291089
4.733040434365454
---
8000
79
0.1866900274266835 -0.03855848286519266
0.5717873790723385
0.11838881116726627 0.4634739851862183
5.638982044209908
-0.08143060956098214 -0.2522824443644201
3.8541411179032083
-0.2397839438797131 0.9809469070977165
0.2748574296464268
0.45991609569291053 0.39022163946339544
4.7410018090953
0.596816068002678 -0.5504271555559671
0.319559547298935
-0.8776357548885448 0.4042015699491517
2.786202236062361
-0.4651764913973219 -0.7348573549343193
4.926786968383839
0.32030824201606845 -0.16627612318401097
2.557962580625545
-0.8405130080001662 0.11172703264302304
5.947224329135384
-0.409568718301059 0.4708350609953339
1.2891494903247889
---
9000
80
-0.5949576970147874 0.41911346231674895
0.3497536490668681
0.9317903303631706 0.5805962609793809
5.882431177121093
-0.2051733787313493 -0.21569468376052148
3.0667329018303517
-0.5164449289646785 -0.2152733978466603
0.7808869159407719
-0.7161768884419712 0.7687546028227171
5.8940470504567815
-0.1478462123813451 -0.070772944117758
5.967894955312804
0.3780788188296984 0.41606821986053405
1.8094776792820326
-0.12049349997011151 -0.24422256445480534
1.2523742766301433
0.6614869601381577 -0.04216861630035114
1.1510667200824924
0.2781671383236469 0.3260181873316833
2.4748458676175282
-0.24116135912264092 -0.7262465718244862
3.8252220595290582
---
10000
88
0.27543658310584757 -0.3575569582690964
2.621849691494502
0.2820628553270434 -0.43981569855659297
4.893172197668097
0.18028709370190815 0.7531407591319529
0.24176700214442626
0.871314868328637 0.7153898057643788
2.7242714265067898
0.37205964425035476 0.8583279580983232
3.8172985533816135
-0.8672684950731379 -0.7124229718861984
5.4734371758000675
0.20171665041008197 0.9336578809564502
5.592031560253172
0.4694269732801993 -0.30938223817997224
4.644005607040457
0.8036221194989672 0.8807959173853097
2.8217003684552973
-0.6472495779711871 -0.3804561418146001
5.013313826030963
0.11614080630194887 -0.3786230561411654
5.049569163078287
---
11000
89
-0.4390603097958197 0.5124077470126888
3.612927892058969
-0.6931902300811732 0.5989362170601091
0.1484764161484593
0.44218486576427224 0.5624991167732276
3.8821943672837005
-0.13042153849951602 0.32790437355020874
6.252239894683671
-0.961304488619001 0.8006923189413981
3.5776483110731094
0.06978526558104974 0.6111543180966594
3.226439131066825
0.38604721084750976 -0.9847691066571721
5.757407486435541
-0.5986893802015203 -0.7274366769237598
3.9883393278581583
0.5955302188856727 0.3846888828729489
3.416828544779575
-0.7095726771860394 -0.6969932210415908
4.0149395557069445
0.9977464032571057 0.5969982920145449
3.251860813308853
---
12000
85
0.35816871882464696 -0.9473731625470296
0.5091572327448632
0.2959895653335083 0.9426748712649254
4.096502074996265
-0.4051481267425233 0.7527997520408324
5.559819005991598
0.9046167669885693 -0.9977328812159034
1.0204114425913575
0.4024567676753628 0.4140996083358244
4.466053354309592
-0.29627183076926233 -0.9566591631543889
2.3774355468444623
0.31846533351157313 -0.5525984979557785
5.769432901844715
0.4889436782713864 -0.7280986565163711
4.11587477513987
0.7064826275912881 0.3597846830031495
4.611421502469491
-0.30441129173482884 -0.6374835441440829
1.2623751143446418
-0.41937096911242755 0.9021976633247685
5.940720386157555
---
13000
78
-0.3287815585889519 0.806972681934188
0.5048608352455455
-0.9676244315752175 0.974057884898984
2.6550778546388756
0.9561097993358485 0.1477914626126606
6.205830318688679
0.3907289070422554 -0.9891449238490897
0.5920251312305664
0.8013815496454018 -0.8554021531609244
0.5040653693507418
0.021920113596653978 0.885868878047668
1.88229720200711
0.4848817676108871 0.7433579439171698
3.6669090999517966
-0.5986389362881989 0.8806633361259026
1.5807034609027317
0.41506478077851416 -0.9472290721700773
3.454425773114214
-0.6252878545643884 0.945897571564065
1.5767493553657923
-0.7111942408380776 -0.2666669970987689
5.902558469089113
---
14000
88
0.24970442914383656 -0.2058574537677384
0.635110195161462
-0.061705290247731095 0.4053496772219282
0.8900749445635201
-0.12241053839515063 0.39136946388539245
6.032713179058752
0.8689056600645255 0.5799118118971549
0.16188235815145546
-0.21376036375909813 0.03403288554366152
0.3317443520634731
-0.1953061082884725 -0.7126618743861993
4.145530578968623
0.5522545647704455 0.7510956883534501
3.490996272764363
0.2074999028288309 -0.034877586942736655
0.05763942940025846
0.15306640859378307 0.3717499467785933
0.10469134828095861
-0.12491413136953927 -0.9447470940592952
0.364720468257838
0.2253928004297543 -0.5663591389714482
3.9458369152134223
---
15000
85
-0.5532929511552392 -0.7460287885449299
1.5585291419782845
-0.6117889776314978 -0.7776542096676512
3.5572714141686115
0.24198040158526452 0.7060996565396802
0.08592949183551113
-0.4504141400306323 -0.40205438973840923
0.41067251418292994
0.4084995982206284 -0.6888440810606196
3.2576394043601606
0.914684575207253 -0.8809241058695927
6.025563217078875
0.8561668719239054 0.16054873370714212
2.096462461815486
0.964041669260123 -0.23655045479135905
5.809911792136217
-0.46587954010044064 0.574856885881772
5.542740707236702
0.3562560607352037 0.32454522875204533
3.334800778594955
0.3120567147593044 -0.7717786319217549
3.936141037845812
---
16000
81
-0.044653359197859586 0.7813683378266814
5.0540069392322335
-0.13914078336670757 0.8038199085595611
5.8192554701105745
0.2662733170918086 0.04526255751320988
3.0576291025934093
0.6028293845639294 0.689769251750223
5.988646327965659
0.5720625624880572 -0.5833878658674113
3.4336990552759232
0.8924613516598267 -0.8425538681015451
1.669411356557256
0.6864063027944809 -0.5378632039881894
2.5649680997820843
0.2921396380848536 0.20282735339316676
0.6301115884445929
-0.7288648694616662 -0.2515432273917308
6.147041599270766
0.6125923434276872 0.21434387386144824
1.133697347956467
0.7290794468301006 -0.18016946301198228
3.33379608958436
---
17000
73
-0.5346226925815395 -0.47772629069944345
6.2286967522909
0.8324506035902227 -0.5172634785863993
1.5713334922354272
-0.27822073749045584 0.3824159201845433
0.6877429089795608
-0.24301765644679146 -0.8968435712842716
0.13507546416719673
0.025063256594562433 -0.005359630250800308
0.6067411679071109
-0.04380381869336118 -0.7432941816589124
3.421956259400857
-0.04008073330206403 0.6702775222065877
2.448233950193254
-0.8841985873261407 0.9833019093061366
4.511341809472841
0.07173178250836669 0.10988513493338468
0.036300654448362835
0.18270781922099497 -0.6075490742551828
0.8461199080947683
-0.30847882746368716 -0.029921172711687007
4.007017928694952
---
18000
85
-0.7529074020246889 -0.533311913503356
5.550841668309883
0.7787734420200623 -0.654582607978059
2.365012631873202
-0.7467689229823816 -0.6911091114894178
2.028085431007553
-0.4737153583166213 -0.5106483665369272
2.1475607810362343
0.5587528906435887 -0.3125430248558243
4.880130536067402
0.10303914771128869 -0.39014040046588533
5.361266750734884
-0.39302416765231274 0.1515230197934844
3.944390563382097
-0.5855241139978761 0.3686610888534674
1.7413923921134433
0.7519518499586935 0.09357363191727054
2.694614605604616
0.3610268306796357 0.8683041089078998
2.0541591406466377
-0.3453298733929453 -0.9222065555224837
3.1279313212656508
---
19000
80
-0.5101042325826266 0.23534364697784482
1.9453196558755261
-0.5453467734742369 0.20192008973099018
6.070867215236376
-0.33504500654525277 -0.6060988894318037
5.8966601063695805
-0.8322774694239659 -0.6231767901022776
1.4673990546082907
-0.1954756425051642 -0.6345497747679874
1.3244661243407911
-0.7493240995573958 0.41383579374366364
0.6398410958092926
0.9579672249737623 0.7901343006859349
3.2789650993373716
-0.5563163905385871 -0.3362689923177898
0.7179675356419022
0.12511178751376126 -0.8069287982734644
2.186460865544923
-0.6732754288851603 0.8619351069124828
4.0295993606192555
-0.9669446499085345 0.48363873355350995
3.4048600157827638
---
20000
82
-0.012113580869733721 0.09735219050835033
5.826746880571523
-0.06971939148824859 -0.034468661568774116
4.457482385467946
-0.9198184680603991 0.6556449039832588
6.11309518094671
-0.6572487032655057 -0.41483797895247315
2.831826167943486
0.6782474889737512 0.042158938440946564
3.687398073496311
0.10160031634700667 0.2344445960895338
3.5377704697082395
-0.7972491204537665 -0.27063021017779904
3.135228151393461
0.14299230677987837 0.19896644214936376
2.4031289532729083
0.6606857936143418 -0.03343463160689689
1.7542786042147585
-0.07456260882823393 0.5603281422369369
1.1186699755769114
-0.15511992507273548 -0.802256707253483
2.8044813700711266
---
21000
82
0.8080288389926819 -0.8667465018424823
4.321777259598937
0.7939111895056439 -0.8680321975263328
0.7308723096076957
0.35738758678212207 -0.24797755845838018
1.8504458232999683
-0.949124187451269 -0.4628332717679896
3.667815153844783
0.9664312156563911 -0.6622462852239487
2.0717343860741844
0.46646884323977017 -0.16738841013939396
3.4466711997729282
0.6220213337799461 -0.9254780161083279
0.6265939056550973
0.7511581460736948 0.0019314847041697059
3.77552409518941
-0.49452711025956786 -0.7635059798566142
3.1380104544473415
-0.37414175506773223 -0.015849201593014388
0.11641676065191131
0.6601228437995457 -0.8068153684584503
0.6247191459008041
---
22000
79
0.2008222375787808 0.9605271142333964
0.2619155065477729
0.12685310272405134 -0.9964818419194466
0.5137174334727455
-0.834624296558523 0.19208920594535198
0.43997782282030595
0.9084004935755806 0.45913561368570394
5.526580999115291
0.4871876656553655 -0.021029514927895884
3.670474510735775
0.7444163706536355 -0.3217691178920914
1.4811219736195351
0.2945326595411278 -0.5664509099616989
1.2718624889661267
-0.7942601275972898 0.7188082231198474
0.057143786545012176
0.7920670400969658 0.5259874406278295
5.589266514455572
-0.6168007041269736 -0.7222365146347304
3.3271602182673723
0.863411985646922 0.43489852831457043
0.6368069139267281
---
23000
86
0.7754112758907814 0.3425761654143554
3.3708593124996025
0.36949378590349574 0.31978472821170245
4.014538698186023
-0.5924056300735308 -0.6817074504190707
2.6079619521201938
0.5039930135184896 0.7039302670876026
6.282901773555096
0.9075472636122102 -0.27352455538715664
3.061884695156782
-0.19634203825818752 0.9870311018700781
2.0283925920634536
0.07156629883746604 0.8180648153365833
2.38693623184061
0.9550676729919803 -0.8318677766871673
-1.9352453039562474
-0.7214346052562008 -0.7325166119130898
0.6123636639829924
-0.4956108592921218 -0.9974506410048817
3.7122802621000535
-0.10082822137678712 0.40758261066466395
0.24935798817468147
---
24000
81
-0.9674415792415456 0.6302020939967032
0.09346165113227967
-0.48424716508891236 0.58950962792202
0.848040202566974
0.628873690059952 -0.44321451032941
1.925174600778857
0.2752114071934134 0.6763263743271486
4.827093259521356
-0.7319860464457177 -0.049510324906452574
2.0960421868589965
0.5807544262344371 -0.31700025727740166
0.2644288331532101
0.3380460117218723 -0.5599644576254744
5.156062405826454
0.2166491267783936 0.4553856398117991
2.01179249999561
-0.9330223484644246 -0.5801541545106483
3.6135451833642094
0.2770814957424068 0.29139206239625626
2.7031276664588137
0.03319205492174011 -0.8139693389908339
1.4016201577291252
---
25000
72
-0.1128986276220048 0.5463126605897218
2.4369726282420054
-0.8601361359614527 0.07180093668275947
5.774346466299043
0.15342466065031532 0.34296361732842706
1.4491404911514834
-0.6138464389385403 -0.1330356514817697
3.239112956408466
-0.6992729397271186 -0.29830353710307494
0.037412926500117516
0.3217735442872941 -0.9580043967477337
3.599263326455289
-0.10670973135388902 -0.04493839311519349
0.25537784101175354
-0.18242664023226757 -0.5064391875971629
4.831548584520234
-0.8276799231448206 0.32407724271138894
1.3947373745567657
0.11538938500587119 -0.31617210909161403
4.441427414767033
0.08932698728871735 0.2023150053633581
5.776806739250464
---
26000
80
-0.8724682056179843 -0.07641761220571344
6.13242811336526
-0.9365340406379815 -0.13815297741037305
2.6911042601487996
-0.1288647616236783 -0.07631562828203771
3.5122926705025037
0.24870878951104 0.5246108527097652
2.004542560679899
0.3060058744002942 0.229673836587624
4.465868991026657
-0.5346477749262764 -0.7851377090395257
1.3070981293102504
0.9872898488814437 0.01305094583279421
3.8111880894277945
0.672398032614275 0.09720789856955327
0.722493669255285
-0.8755293211143824 -0.2344887614957368
2.433781456592918
-0.6412068558872855 0.4983425535217609
0.1602144594933872
-0.07001014060861888 -0.6792502082858317
5.25871217751618
---
27000
75
0.45910670655752095 -0.011248222941887924
0.1783866296699822
-0.3539708005063554 0.08046829172155462
5.534739751019254
-0.9474485769501272 -0.009334104298789836
1.9460232417890708
-0.2276027606380961 -0.7273758299288702
3.2582090363696112
-0.5091112503473276 -0.8408413834456893
1.1020450144648404
0.21595406905566294 0.25091979991976854
4.952570333412499
-0.29032331980574405 0.6993485591170852
4.756284825153586
-0.37709891543221447 0.7936717893910678
3.06144686827545
-0.33283161507716225 -0.25504378989117693
0.9936286699449246
-0.35511962725135976 0.4148863949747983
0.4418730791216934
0.8941606551209683 0.043191531485003286
5.410991670913735
---
28000
82
-0.20733667221554242 0.8967097678626637
2.9875926515204556
-0.7559196498931795 0.658054344952663
2.9577835193345487
0.47978415025484866 -0.3234741730017165
2.4776449314859477
0.11515787441677208 -0.42260114965236417
2.072275456034485
-0.1068033868634932 -0.00324919358404965
1.7440860862204195
0.5183326840623926 0.7640531049082283
3.5760187324371735
0.7875814033006827 0.7929367583775377
6.154235257932794
-0.46994597834699076 -0.041048050482597236
2.868036433930671
-0.9846392816661753 -0.8483873048315524
1.1078057536896067
0.5765655864289044 -0.3041510135977392
5.101094899509206
0.686122759165948 -0.6959380535940808
2.6248407213872724
---
29000
86
0.9855134138914955 -0.7176591617371918
2.4401051651372145
0.747393159014735 -0.965105271229561
1.328009968952533
0.11539271616658435 -0.30746536795107227
4.242050319008283
-0.188553791508875 0.9071211625922382
4.206872201296932
0.3127118772373376 0.9472112436006271
0.4130868103164893
-0.42509585606240247 0.49874727519989304
2.2553985757329427
-0.4903652623352941 0.7336954490556551
4.9172712255408415
0.9725604156053576 0.12536552182803426
3.017093185216866
0.7480852857725305 -0.814524800230174
6.260248952079747
0.8471427662032676 0.6773689073098889
0.48719758717515127
-0.2685915372391113 0.2860787928302187
-1.3881209509473358
---
30000
84
0.7479648762213537 0.873741653974855
3.2006148557584444
-0.11962187750702148 0.9172192035504448
3.3096336365385755
0.6912736255769159 0.757807060495292
5.680914685423048
0.5269509563942715 0.10846161854437966
0.548465108870122
0.6452947789894024 -0.2965078785765779
0.7540582568611756
-0.09497974209805912 -0.8630731739972706
5.3272048151261
-0.8673338103816368 0.4446636158046836
0.9070083581067214
-0.2847341827782749 0.7626164011502077
0.1464305949734186
0.24063038363865705 -0.36330034630174823
1.5610507740179482
0.3664597059403718 0.3192749268777424
0.08074915284057571
-0.18970460911962844 -0.9790848478162086
1.9630904502255984
---
31000
81
-0.1780693230936309 -0.10390012330850645
2.0947841893813557
-0.3796544297780362 0.704098115327958
4.985894751148348
-0.9142625836401261 0.5650742133383885
5.6568774113231015
0.8120483455240142 0.8056957840897724
2.564400226570115
-0.1962176241737847 -0.8732906374617133
2.7624524655228457
0.15625160449724956 -0.9345765828243121
3.0022821089838985
-0.6311897186386061 -0.03704483503473376
0.17872127989687936
0.32638836785270425 0.6359716060923268
3.2010024852554757
0.606485818793792 0.34118764670424223
4.8884962271719745
0.17902900907645772 -0.2849869306035939
5.397919844631022
0.6144789873848072 0.4938213398921903
5.602029303225155
---
32000
86
-0.4939473583698583 -0.37730157252836094
1.8926209618579328
-0.1637472897250562 -0.3407686351825599
6.1490810628960055
0.2774211870656833 -0.0842487111429168
3.439914228006516
0.8185958636708099 -0.8476946024911373
5.856640829674353
0.26647515184413273 0.4304668454169821
3.2317497722814705
0.7365627036061794 0.20050887201998302
3.9367004929087654
-0.23046699593206732 0.7105545331473668
6.254969508513888
0.9893642135400118 -0.043846968364227634
2.112359533033363
-0.0541467880231685 -0.7251865839589977
6.200113312806622
-0.916424486529194 -0.9719442446160371
1.5884719490544716
0.6280211605262859 -0.6978767261837004
0.366872782729188
---
33000
72
0.09287900146330394 -0.09383385968575388
6.08455172102419
-0.1807982705179168 -0.4315982943709107
1.1937074722785717
-0.412285829489382 -0.8804378355555346
3.713385277030209
0.883454751490305 -0.35609459421132905
4.617384808135197
0.5596794705724444 0.4173893227250896
1.1722792430102311
-0.4713512507122191 0.4897565293940066
1.6426913110812684
-0.9108583083883064 0.1686973936447338
4.303167261605447
0.6184625827722503 -0.2087525739575083
3.359753469063377
-0.3621562355089954 0.8422272661494874
4.487619264895213
0.03132597180415609 0.4489958565863149
-1.9446806785243793
0.5029808512625699 0.04222178386555074
3.413943880630791
---
34000
77
0.5214886543886726 0.2608804606199414
2.0569014806279498
0.29423914493361253 0.29270506255313955
5.481457740598498
-0.5351959635268811 0.4336788181234409
2.442265770018782
0.567635661878505 0.2452205473823145
0.03286825359524759
-0.6738842230437937 -0.6544946387620533
1.244264207829096
-0.2756227922512373 0.7544807132880149
2.7261872479649902
-0.4225659278252278 0.16590086857714914
4.86287860141743
-0.27890238848450627 -0.34194069485143247
5.4392663576768605
-0.891903600842559 -0.7641776793301958
2.2878230786956335
-0.7075851002721204 0.5624939615559266
0.8667281254810986
0.11948492797408286 -0.742411007147955
4.5995332562736575
---
35000
85
0.004984366493595023 0.5429770610765035
4.2917476140943736
0.37838527753795864 -0.8962819083302038
4.69661069354016
-0.73419508748783 0.9091014498852719
1.781696312487627
0.27579439157983593 -0.8506620808242444
6.255800755996074
0.1415189081917376 -0.8288266732771619
4.910248454644018
0.9815746521795895 0.5577880808592458
5.960788812418649
0.6549327516858651 0.005924854952081886
1.511541925115783
0.15080492673112242 -0.7752914815777866
4.805094212135622
-0.4325206011978309 -0.8911778397565406
0.018815845148796306
0.6036639933044277 -0.10977846727021895
0.14631386853456174
-0.7962046082675116 -0.8424952852744672
3.8295529423356527
---
36000
74
-0.6792402569431693 -0.6733783918666945
2.0663239413070307
0.46693180636383086 0.8871442536359728
1.8696303710999702
-0.21979239147079424 -0.9436827622245885
5.608804779279864
-0.7320517938517951 0.4333708999711235
5.123656339445331
0.8097088872457976 -0.9031191558995798
0.7989661626050433
-0.15529075264881526 -0.8089374619802229
1.9857119837310648
-0.1826804163507982 0.8525181677748224
0.16948239368081097
-0.8796090596244273 -0.9516519971391585
0.4850492159779103
-0.16335075004257063 0.1478174765708306
0.3754003451682717
-0.4822451859147589 0.7160849598925871
0.7669211082318892
-0.6385698720427779 0.8280384530167946
1.7065629405302625
---
37000
93
0.6679922332671193 -0.6013819183145452
4.524648653211796
0.2503368984936998 -0.8004087071925732
0.9309832225618742
-0.32439864821758724 -0.882038133657622
2.4295726658253027
0.3730318499728959 0.983750328396824
0.5035129621860062
-0.2696732876554719 -0.5468741862034252
5.96456803694947
0.004465280517695101 -0.559893298194446
2.674615112339758
-0.2776311213873496 -0.32392914064719835
1.6045554514713833
0.6298072811475885 0.5513385811117127
0.939781229077405
-0.2330353384219242 0.1854073603518914
1.834568139493193
0.002220273942945555 0.973193233366079
1.4292972293763624
-0.5381220732502555 -0.0750707806461314
5.516849815504204
---
38000
85
-0.45294321568474477 -0.8329776154540339
0.40626026033185747
-0.8895257910407104 -0.9563931875733236
6.093284285099159
-0.7444443385613503 -0.9627346406883471
6.204413250539264
0.5251850308896258 0.7975936308133695
4.739842450535318
-0.366285675782552 0.9202987967584292
4.873840113958453
0.39514082997041455 0.18673263883712418
6.1197984617001335
0.826601036075068 -0.38498577167791953
4.521652176950311
0.7259518878330257 0.07153407166826878
0.1465416495590759
0.894800991472701 -0.46243460492303157
3.170164216164161
0.6514092685518509 -0.6572865789383617
1.119629747831107
-0.37175045782220006 -0.9340539068249386
4.5963692779273355
---
39000
91
-0.33456472066632786 -0.022925005852832223
0.7105013555171206
0.9764647177347676 -0.2803496354356883
3.1567392030683825
0.7167511049371714 0.2762670114526741
2.132370286403602
0.5761122623575996 0.400509594998054
2.186373647217314
-0.9053503011277729 -0.2704843489285369
5.933775828304274
-0.857773380370762 0.15768052007908673
3.4708378847956265
0.6353591661759064 0.05708368231470562
1.5738295907179705
0.2209866553255543 -0.11658643756732957
6.248198298974584
-0.8096184718906573 -0.19156443402164805
6.089666922716988
0.6766742738833494 -0.3295692821622378
3.7443343027782383
0.43570733774262693 -0.01763271937989349
3.386188769831704
---
40000
87
0.21762286621803126 -0.4441396257040957
1.1441043740676464
-0.7742697529982773 0.8788592977353926
6.269853093578353
-0.09502129199117058 -0.769392257765183
6.056295110488854
-0.8626050982945215 -0.4067036186330806
1.1381479042195002
-0.5040040013554782 0.7733723083799489
1.7580843968338256
0.38252755317233794 0.4686751460964493
3.1502986424289565
-0.7912504123791454 0.4788042102957417
1.1787021273734393
0.6726058088813062 0.55990316360221
1.7973072136322932
0.36722178923765025 0.37467438309867096
5.654734834595159
-0.8253199534701287 0.43449012862039177
0.8056714227615629
0.4320062655315303 -0.11766688731786913
0.6920027654145793
---
41000
80
0.9055098166329127 0.8297259956426579
5.665128158676152
0.8222395211805814 0.7785279127892341
4.104303759163113
-0.8979173546640451 0.15757052396120666
4.118215580819828
-0.444320262236411 -0.21909873533971352
4.604695990551701
0.6851275595890343 -0.8551651646202173
3.5613384708595293
-0.4884382318189522 0.3794471225716608
0.1424334645627452
0.35811825004256626 0.5251270687377353
3.221259052463238
-0.2913597851498937 -0.5321863365653018
3.8919380948667115
-0.6667979549599565 -0.9218667453819303
2.7003195748731113
0.7716290511851966 -0.5658069623100992
3.8599641040219277
0.7352119599359103 0.8329708638642058
3.2035555429253053
---
42000
84
0.7699988142997491 0.5560806071563552
5.96723710023795
0.7487055844762918 0.5872697185286349
3.5173018279632497
0.9923944813938131 0.7803381078080603
5.708682519593722
-0.2592007736188992 0.393351501222412
5.759246531110318
0.9036723925287352 0.5213384270773936
2.7284160932267927
0.6274929612365893 0.7611639723994589
3.676341473729817
-0.7357291575444048 -0.42516026419120795
4.8023540662367274
0.8098730257710526 0.4283821074928572
1.619603517900174
0.386479676443734 0.3528310359171424
3.3503760851926687
-0.22963803636729505 0.5471908062820043
0.10921769991942298
-0.5595006993251297 -0.5020728980968693
4.421497234160858
---
43000
87
-0.4127332595013573 -0.3906701951188987
5.134248354963317
-0.9460879159541684 -0.9930977862001433
1.8790864312485516
0.8511351736739325 0.764729399625514
2.634832702513995
-0.583250367304424 -0.9003198771582575
0.38117310185402176
0.42858498915666077 0.20960598990076013
1.8218589914454908
0.8607899581307161 -0.3787874182107941
6.227542898339574
0.2642017334502386 0.5143648120446871
0.9189955019316391
0.8985773111822104 -0.5036220259237678
2.98554497900196
0.31038507932034676 -0.9887063958216769
1.973516896304793
0.8855089554423836 -0.40902870188819274
1.9856890619337229
-0.4201200780880028 0.7969029470454327
1.210024780793482
---
44000
81
0.16578289642825475 -0.7648481236875067
1.562407502041597
-0.5038707369185306 0.7724597319490806
2.115006328736537
0.7271321564643747 0.27557513485036794
2.8286415496332165
0.9931048642659601 0.7022408588112512
4.10356632671863
-0.12504327996710263 0.5221077725032118
4.634461030794068
0.5406838999210828 -0.7018215235451684
5.750325055408666
0.6180511671655089 0.06381488576157276
5.204110941746163
-0.1390959270299147 0.6079044638500014
6.03661695255361
-0.7077699086455529 0.776320898995936
5.7513738070234615
-0.32235527470751324 0.9029964765512222
5.604713061896781
0.14084219087757036 0.6138637482719822
5.784388198834915
---
45000
85
-0.886869789953061 0.8153167963330642
2.4190798222316046
0.2921872607658301 0.6377297514043649
1.2677008165784915
-0.337464873990614 0.457616687843142
0.7037783496496504
-0.8630493066862001 0.4470077579116231
4.561627922491083
-0.49740876125427125 -0.1977689256248087
5.394667910319127
0.21908256743588062 0.5562239443254339
5.284828498673193
-0.9819718827505859 -0.038083049007159586
0.27062491742733297
-0.1775715844205375 -0.0501501842653947
0.5783578844944639
0.9502259208358044 -0.33450428582949326
3.8715184504352944
-0.3544581647364879 0.24707943059475546
5.629341754216513
-0.8326400266499167 0.3465983342418636
6.136876071262865
---
46000
81
-0.6079163152979097 0.4395456570921711
5.547633541736001
-0.4617124875480409 0.39132702801434704
1.1134572544176082
-0.3167148490591333 0.9430462229999111
0.7450244919426057
-0.3477138240465003 0.4085277875578142
2.484271333148122
0.2926391926507091 -0.5415720346976668
0.3354682486124503
-0.5169490046107803 -0.49250087311184954
3.3811366624834145
-0.8256432226421448 0.7434438559090403
2.387416731648223
-0.023248468204753747 0.38253377921729437
0.8200357736236255
-0.5384138509985408 0.6284297826407069
2.1219308326819846
-0.438022239559948 0.02507952708907744
4.448596361183062
-0.5760574210638434 -0.6020714684332624
5.0574205683476
---
47000
82
0.529573576762546 -0.06137272997781078
5.809513724211914
0.2908582468730158 0.0057094938931119
5.6050722030900495
-0.01935936747066376 0.22702907246289805
0.2725662556503803
0.9503056435105096 -0.7972502384971021
5.674416836978586
0.570715777527325 -0.4090044183611524
4.719086170976642
-0.07984685911452738 0.46873839826559716
4.160696515951659
-0.14569172204507735 0.4377734335797727
5.287638950655799
0.2358970098137088 0.007529596033041264
2.724292500724916
-0.6251909651995977 -0.2860730221345962
3.443269370898478
-0.7395292217090287 -0.03358327011258183
1.8730660540966362
0.28076483494126825 -0.9528587226165008
2.522196340342008
---
48000
84
0.7867546015261181 -0.7187733727370713
2.924931813156118
0.46455949608780733 -0.798629595159453
0.39506486072768343
0.6362209054519424 0.12164298444104704
1.3932358725434986
0.638006255118349 0.3877056661254378
4.991285598558089
0.8075809920927872 0.2791481908459955
1.7404973205143834
0.998772630734903 -0.41023291688991015
5.400778721952951
0.2085167254731321 -0.7239237995927247
3.990632498641957
-0.931299629906817 0.2257573574449036
3.9395886184336337
0.5919543731221394 -0.5193767910417147
4.186187835731518
0.5874906399794214 0.49775429506513424
3.322548904217766
-0.8212927828800332 0.3713279320684709
5.450638683311903
---
49000
82
0.1821390345632427 -0.5992803901183408
0.6292208581910602
0.6711841008165678 0.9973491986451819
3.13553212210096
0.21398468524298314 -0.07688730120104421
2.777790016652384
4.684389853094016e-05 -0.19606750121394448
1.6997791627491257
0.49129623807698214 0.6428430470010754
1.942403347050078
0.6221151653206899 -0.7346288384008275
1.686474038750478
-0.780628601465253 -0.47486884935766416
3.5798187457457615
0.7393915563158315 0.9720321580511958
5.734931794642329
-0.24203125223510688 0.9546545619702593
1.7663164118379946
0.8123520633919092 -0.36765081830666246
5.026473116401877
0.05506760730505074 0.38462640982402274
4.801010659044178
---
50000
82
0.32367898744514767 0.1819311732784689
5.490706758316919
-0.2349863968718056 0.2679514500356422
0.24541050410887255
0.34846606999984714 0.2807934755834565
4.652320931240708
-0.5777643113686167 0.493956503302601
4.906244750375869
-0.8134454224474216 0.2802254984418837
0.7477069673053638
-0.48216822471508225 0.3161848579334699
0.6580670731980183
-0.021701964123351694 -0.0642030833455364
0.09608768982905325
-0.8004136192337671 -0.3320417093854676
1.3247174183061046
-0.8868833843555597 0.4412624740109094
0.15132975843835528
-0.6834340072425196 0.48769563392184107
6.009699493053781
-0.36770146478768667 0.4996911263875931
4.641274059918732
---
51000
86
-0.6842848492775205 0.32943755987483503
4.413703299468277
-0.7749676253500712 0.3516955975446859
1.9177818205898918
-0.9188904478532025 0.9230900888511524
5.512426646094945
0.9459555766514809 -0.3917680432515606
2.7019529021090714
0.3394053874906112 -0.9839756407033171
2.0788719213368507
0.9688819278259985 0.3752440892045229
4.05608208228799
-0.5144878624790107 0.5478921997425837
5.441643642328071
-0.4942159498548983 0.4441505607986665
4.676160362113024
0.0007294778100205186 0.2141648678694766
0.3806768242800622
0.7580224979836995 0.4153766380997224
4.478109493898995
0.7290399113843317 0.26251936541419973
1.9949163983072955
---
52000
77
-0.6177353578036393 0.39313724044430587
4.032599031507583
-0.5714211494637169 0.4902516460253121
1.9104675111658072
-0.3913788539081971 0.09453360136782804
2.14771580245055
-0.8033834881476225 0.8448405097999155
5.210117944952883
-0.23616751711891823 0.10200498537231355
3.129186489527566
0.602819258858403 0.8297307681131864
5.051561580983214
0.17161388543511713 -0.7821709236165229
3.0762319389441473
-0.5994977222482768 0.16948622916822395
5.539086464902842
-0.27402760595839804 -0.6388771923446295
2.8163888967116577
0.3828896334334715 -0.12035435136176556
3.557859203703874
0.2904904324621972 -0.8497185648443434
4.607922025485845
---
53000
78
0.6631374251195509 -0.965662604411224
4.124396952140932
0.6468600611847027 -0.9530946673758995
4.687443264203986
0.7706709128521311 -0.4627743087943164
0.6801306528909095
0.5670870237594907 0.811876339936433
1.298218912425181
-0.43763015919128895 0.6550098781716791
3.324881727892797
-0.31562935833994793 -0.9426202595913561
5.662728320380141
0.5866058842611381 0.3157616008249512
1.1494930772391738
-0.178670833857836 0.48922317733188897
4.414507395406918
0.8482940113856527 0.5602303841152844
3.9478620739356822
-0.7202689053537722 -0.5331068288088624
2.9749856964085373
0.4944243404000299 -0.9235235553908832
5.782560952785685
---
54000
85
-0.2587471863064202 0.927409318967901
0.5261516935242448
-0.26631174171670163 0.9218402699760223
0.6948950664179554
0.6408887819270542 -0.3773714914745671
0.15005901250177534
0.17473447706089607 0.23015515460614355
3.310672123878244
-0.3567719677558788 -0.6971686666648365
6.162013275467449
0.5916453906618646 -0.8291410702283672
0.5015309023743866
-0.4404311419929287 0.03866223753067726
6.276802604648472
0.5108893264405409 0.14271464168102554
5.847645085924265
-0.9764317420603883 -0.20530661447987905
0.20701565171166347
0.8204046940837286 0.3338316595540878
5.056777682357153
0.5558754554221927 -0.12309051399016421
0.1556805248987727
---
55000
83
0.8305011936895297 -0.12303434223552191
4.297870464127186
0.6084475772911435 -0.16574923265678276
0.1367692731621517
-0.4640943344420687 0.9393329217169046
3.210953561689454
-0.027746559136370016 0.09762779692910376
1.0262139418175051
-0.9083305225275514 0.028214441197036904
5.205944045346333
0.398442027679553 -0.007702132808432873
5.994095271243223
0.1071127894813245 -0.6959934040480745
3.2038354442336425
-0.9484673802237702 -0.9947020382013037
5.119164477233097
0.7551963026719467 -0.573991660510405
5.165290359097533
0.13298237277356395 -0.4366535070976827
0.46061519524688244
0.38175602024564304 -0.999328248753816
5.227992209554401
---
56000
81
-0.8161662829536263 -0.4429035715482396
2.8603203224150593
-0.7691439838382166 -0.47126833260392775
0.564195272702551
-0.2525318751215675 -0.5718441967169251
1.153095600120622
0.2910683840004448 0.9419980690612492
2.4313447155538617
-0.12828964519356775 0.47843464306600475
5.404023249191344
0.3128400500160398 0.20416174020807987
4.146100044329023
0.3953651063435756 0.6833506855475108
4.8026651474635305
-0.06284935016180984 -0.6547614159021289
2.9926585890087773
0.20329611370197026 -0.45370018143980945
1.4771923256234185
-0.7498625536612606 -0.13458369660075184
6.248515731155366
-0.7094828927512656 -0.07064126642726823
1.3636639443462695
---
57000
84
0.1856309974823003 0.38491730148963416
0.7663944716540065
-0.2943122148594827 -0.18894629754918282
1.4766810835409405
0.8021338936654274 -0.3451580804054165
5.4905288226466
-0.17674046629174503 -0.47827530994574
3.735331771784738
0.42456948557978336 -0.17632822559085376
5.856897926622109
-0.761855913265937 -0.2252140628611764
4.797173545903495
0.9800175308503742 0.4126257000852199
1.4811025655524066
0.2033980667182952 -0.2512390132429947
5.718940110190345
0.9889058598760536 -0.8132663867616458
3.860777814658042
-0.6995471158172529 -0.748093153198451
2.604569916217332
-0.26559351499443495 -0.6654800601135181
0.019514182062590812
---
58000
77
-0.26211151705419633 0.5671313700463823
5.92703085902208
-0.5963003502381654 0.2844999541005958
3.913135144356107
0.8230405467407576 -0.09129951476745177
3.0123059561573315
-0.3204798035916791 0.7918535849992214
4.322194554354574
0.5793453620210722 -0.48101805806395187
2.8225639181553985
-0.705137190900801 0.14103319937444952
4.776850898974106
-0.683429803238096 -0.3434012669227653
3.6274706956578955
-0.8257742478979184 0.9946431116541745
4.305484890059409
0.7075761579907267 0.6900617600241699
6.03622860692129
0.413783274234098 0.8227639459624703
0.28468351037204176
-0.5902449484836407 0.15431982291913113
1.6908555318832255
---
59000
82
0.7532666217930332 0.6541565326338256
5.123792750067684
0.7234559970291556 0.5864523194551933
3.4073040407483797
-0.8898371651528327 -0.6935056505620292
0.9358197338566043
0.5431737095157105 -0.6264897758758281
4.2113473598772995
-0.5959053736185087 0.5029929961379446
3.493162193967983
-0.9204130564142794 0.8583555877085365
3.964620203918157
-0.617371095594594 0.7277274988176492
1.0593623750009478
-0.32743556856140443 -0.2924114227818532
4.104963006611825
0.8926905747285059 -0.1590680528758061
5.912117112320577
-0.9990631340193696 0.9489194452446408
0.7855325815679706
-0.42240766064690616 0.2980347108162006
1.5775444761227995
---
60000
78
-0.2232996472368917 -0.028437050643844428
1.5243547348584294
0.8915925731012753 -0.4529160255176181
3.5497484687181142
0.1389726775855571 -0.37090005711438373
1.2932102298685404
0.07629582164623475 0.6448524706705847
0.7816625626822269
0.6426277650715808 0.8814583733941981
2.0541898331240596
-0.9563666698590612 -0.6838131196076791
1.2704259305113617
-0.25201745870709324 -0.5494521540546173
1.0394890535520585
0.715858876489847 0.00964513997158798
3.329308030094853
-0.3627359457444064 -0.7216569908540642
1.0911161868348422
-0.5479930193126266 0.9766805513750001
4.7612521720864365
0.44046711763152 -0.8136547634398857
0.3095098327632613
---
61000
79
0.40231823478579015 -0.3354028487697303
0.5679148590969915
0.019140652428686362 -0.3014985633486591
1.9205554895750687
-0.022334791265028037 -0.2499593376634808
4.614519088973582
0.7091116115726146 -0.3815057288499456
0.762998350236014
-0.03795640770940327 0.5960669812972539
2.664089862883122
-0.9312401865941458 -0.7101969194238302
6.239759959030439
-0.5039921375685166 -0.5249476167126996
2.420314374585156
0.8793707618736781 -0.48633044274487924
4.712129408757451
0.30642421272888304 0.26547137527085635
5.619226018189861
-0.9097067484579449 -0.3598563607323963
0.6850833369553406
-0.38434154032614887 -0.5517377524504076
5.148305207745484
---
62000
83
-0.09181215077475757 -0.3758040333770748
0.6922361888248034
-0.03296270110810164 -0.3574841206722136
5.282663745063994
0.10579679082600259 0.5231964092557784
1.1799395519685998
0.6395031112529294 0.8880294310927843
5.008934922182353
-0.7149815054799997 0.8962643689831331
4.663814564099299
0.2408112773663006 -0.28656972766933175
1.8976457550058239
-0.7772547810644345 0.2256443599969389
0.12116589876250483
0.3280176651727143 -0.15374209785789741
4.252316959247249
0.8598523048635087 0.32158939405311504
4.594423547881655
0.677277954158132 -0.5811170258818102
5.448209753650494
-0.7345829864072851 -0.48575625023540137
0.2524318513064703
---
63000
82
0.3808277001385157 -0.9588780122042022
2.16720018420924
0.33243979671416557 -0.9652414003631188
3.3541843964178346
-0.7886786482774758 -0.016071208432615655
5.126668547082804
0.0690940316598543 0.5031271099221648
1.0544750291866238
-0.027660953010982963 -0.08812331523473509
2.4519452972155786
-0.05909235828481985 0.999737305761893
3.868553914841094
0.4154762405161126 -0.32145744244262336
5.283684087953785
-0.24623745039303696 -0.009628630329656683
2.030399619752707
0.6578804639563948 0.8061240739260512
1.0057723283744622
0.7434760714484652 0.4692843748620058
2.1627867493747512
0.3097023096423702 0.8660953467771624
2.333366329770959
---
64000
84
0.08463434338471484 0.6127692615049151
4.669201702530708
0.14370808262659412 0.46717405136371765
2.5572986310355548
-0.9105208925997585 0.4262922868152497
0.9261698357725185
-0.7582066054249055 0.7976727555856835
1.32974056084905
-0.8137144400226668 0.2230827899553662
6.111979430245025
0.16459591979982874 0.4160514681979396
2.512731378784764
-0.26872589093321186 -0.9842858503878212
4.3068842958234566
0.9820847566088932 -0.02028324561098287
4.484120289751396
-0.9611665146031544 0.6142736349127874
1.5249725243388115
-0.4664440057081189 0.5059617580049944
4.865180966999287
0.16573561025475086 0.439957121044363
3.491441205900789
---
65000
88
-0.3352473393975004 0.9553223475298653
2.0726567915520127
-0.3137672177928227 0.6046289771489859
0.06882183028883038
-0.5290543755150047 -0.2618953643082591
3.6081874357248855
-0.6311740744249728 -0.36477514149781975
4.083103440602042
0.37754760896736694 0.001327512868740055
5.810138875755772
0.41368038413183356 0.10509123446760432
2.651106522694624
-0.8345781529912377 0.15595119022434448
4.604194710260808
-0.19437331698828372 0.09177482245539448
2.454813450949981
-0.43987867145410453 0.10421588668031327
3.221592757971214
-0.22537448292453122 0.7574015214377188
3.555865988847417
-0.8562949239660267 0.3075636949881267
3.2745968526114178
---
66000
83
0.6227527694829118 -0.12290763045844802
3.04781048287719
-0.31846730635034204 -0.992705599110236
0.014317606233190006
0.3703952260686787 -0.7667620951375282
1.8338450299203393
0.2536419988341669 -0.38794177742764485
5.894302929495435
-0.946750816025226 -0.6855011193485339
0.9756225738918252
0.39171548811720996 -0.8470032262305544
1.6088738893938768
0.7629316762711035 -0.1702586073598279
1.9165300907052547
0.5284079460479543 -0.7546780522414063
3.933356075634216
-0.5999051847311817 0.7914121832719739
3.805635245401124
0.6560958135717108 -0.8349943940483269
1.6854916438967358
0.9093168437429345 0.0665180885163419
1.2385844209302048
---
67000
76
0.288547636294427 0.2555078502256451
1.7513806550012911
0.24404254126577477 0.16090151587198703
1.6808539567626566
0.0822247563468548 0.7222328910156032
2.670470495900515
0.32999337153630587 0.1636423972561458
0.6852345294064666
0.34733376624877055 0.13750279525969888
2.356820906092876
0.21694733695545582 0.6455358888603655
1.4738087939416404
0.4624424908734933 -0.12450742766273291
1.8718659716117578
-0.7917820884576802 0.5820594466976999
3.134619345563978
-0.861242243071146 -0.9175385436075252
2.255711909856114
0.055613812904656654 -0.971248411459698
1.3524670584164884
0.38261996003584514 0.5715436040671296
1.3145440866062819
---
68000
81
0.5220901848023655 -0.87446278936841
5.695243052784054
0.4797317188754503 -0.8684901754998355
4.0507679000832
0.20123195384225645 -0.009151823202872451
5.179524353038167
0.21483026337755592 0.969803250336429
0.3696788838906997
-0.5141603480364497 -0.439122808146934
0.46391859503423216
0.6021821645896485 -0.8128099670644745
1.1847962050517618
0.5130479798635869 0.13605400787128413
4.42152480765534
0.09842299660961364 0.8765043559972516
4.151237140552629
0.7071157315913879 -0.47934207385340966
5.046074422382636
-0.6864409449585186 0.3059898389482923
0.7266451479464129
-0.9574837593030343 -0.5868649590339519
0.7625339297232996
---
69000
77
0.1379173637039688 0.4846947096045465
3.024578967826388
0.11170918308618857 0.4748854635905128
4.732115302982317
-0.07982501081597879 -0.8223996650456805
3.5274050136354793
-0.5724760409222407 -0.4283582683219553
1.0446523018466989
0.565831520786373 0.6752288393290372
5.171806769765559
-0.7617963855698907 -0.04925834543943811
3.8246724428269623
0.00810177134961608 0.08034496631469283
3.4464866694676086
-0.7935840399889857 0.4902236821267004
1.379678977146864
0.3574927807344329 0.9822849223967907
6.127025210383433
-0.17060729910621403 -0.023108594577598493
3.058665940621575
-0.7878031391248429 -0.018408998934108682
4.874970979797615
---
70000
81
0.47275269534381764 -0.19051735642949727
5.424778580506513
0.44383541021887174 -0.22717284332329435
1.3669504601342304
-0.18047058285004544 -0.868666244590577
1.090747436784321
-0.4405987977422559 -0.14922885077766224
1.495841214871838
-0.32735428360955676 -0.6408111654842762
3.038652855005023
-0.9008017149652828 -0.4598666041585827
0.4572582809341945
0.3810034774394314 -0.7348514610754908
3.1720696130989348
0.9573709470239135 0.9382847686673935
5.446540425287577
-0.5886651559269513 -0.6693307641490539
1.111384481100579
-0.40061939488425474 -0.5002737152001234
6.075875792534024
-0.9083391891125393 -0.7719829028698973
0.26487586225271365
---
71000
84
0.3221915932790915 -0.801799729667929
5.151210707912418
-0.5643756567173458 0.49625170553198017
3.712656274655469
0.17074022230799174 -0.8981874450595756
2.3547673314383877
0.5901545976347543 -0.7256965651365528
0.877927998966098
-0.9014797057883398 0.3269083970062737
0.6178611284943321
-0.6323034982096096 -0.502952410822082
4.477522436327085
0.9327552225133315 -0.09067589172355764
2.2121958769189867
-0.3446801506603656 0.059261566234818555
6.205219102482309
-0.25705395429877814 0.7576456822796097
4.210327478863571
0.9678319744116781 0.242944614377477
2.293392464112639
-0.7834326361827992 -0.6326661227880837
3.0812121808041235
---
72000
87
0.16340876535459167 -0.7898065305100532
3.5277006483908435
0.13882738434404956 -0.7939161715765308
0.9747331691542716
-0.4790188058843852 0.9795691641995332
5.8617674960109145
-0.7998421358290929 -0.49925520560623765
5.488191315449847
-0.5122633410904271 0.2511731590310032
2.8063440935171853
0.32038492490402565 0.3908127874928223
0.16907648764912064
0.3441940739191772 0.8255685680243582
4.369191072264907
0.0010204431160711624 0.34212528751312077
2.8957595757814127
-0.9305215638508434 0.45912570771107625
2.911123259075887
-0.20251041387288324 -0.2925008939407961
1.850680258891943
-0.4874009288594831 0.5136473318021538
0.6690847385503211
---
73000
83
-0.09547069762354621 -0.7968101338013112
5.937009137958884
-0.3526732663288482 -0.980345300671301
2.1271136300255504
0.10330376966259777 0.027971470011047366
1.7935463896526302
-0.00741427808975369 -0.8141034155109
3.1295167497985794
-0.3131358083563653 0.9972523387090455
5.343842651240191
0.4374980169423415 0.3547019906671815
2.810013705936613
0.9965372127350846 0.10407431076370402
1.3661788022146562
-0.2748739988673475 0.5288729671180248
2.9605735633963386
-0.4860785562869333 -0.6714120983949954
3.6015557633713797
0.06304076629917085 0.7852572019532559
4.031013047900872
-0.3428046289145247 0.7383237168610616
0.29295193136838105
---
74000
92
-0.9397314920290598 -0.04082193242383095
4.841715214236456
-0.9536546183214978 -0.06505528033722681
1.1593932847917232
-0.04505042332766455 0.6076666187953191
4.343106428511482
0.3455813742974607 -0.5392835105540162
2.331246031632822
-0.28708037629465827 -0.8273554611660223
0.8809748016359267
0.9125037770572091 -0.48246978051136913
3.6659997981314145
-0.39494136819957054 0.46221154715339136
1.1169274203000992
-0.5391634652776157 0.8978353594385617
0.7657590364694551
0.9831987118893508 -0.7720580869698259
3.836932718771723
-0.4247736892593011 -0.17088136694211356
1.007395323432137
-0.07626187202405896 0.5905053010909647
4.298361631164958
---
75000
78
0.8922079564287059 0.9108832724907787
0.8465244388934323
0.9669644001347201 0.9731390124649618
3.9687868024921693
-0.01409904884032525 -0.9018043977449128
0.13085954570242464
-0.3129413832216324 0.8349258384494004
2.2453239738911037
0.7861225075159534 0.24711969750026194
2.2684437653864533
-0.0747876899351094 -0.9219510863978013
5.283438984908645
-0.8714879262173986 -0.7583075714439861
0.14634910953603342
-0.36347619781103807 -0.8637918866111931
2.5116804021988273
-0.9402712774987714 0.8034481078604938
2.7046328223430036
0.6868452638605116 0.3481673633090385
2.1167436915719717
0.3064179110704341 0.7491546256731224
0.9639967603960189
---
76000
95
0.1664216922329943 -0.6765830352131641
3.0356254545391725
-0.07798362201334426 -0.6932414061006159
3.3070605188871154
0.5392024076259684 -0.5630814865388791
6.051238626342752
0.5543487928464783 0.7385407454299535
0.5454436895195416
0.2508997197849765 -0.8135863267476322
2.426595808423026
-0.9039931805826018 0.494636045741776
2.7258732343478087
-0.05632792043975872 -0.1319275293700777
1.2356037937448692
-0.2997538453367311 -0.9126018356982601
2.6530718974377905
-0.7177241974339047 0.15639456709692082
1.2271523517999947
0.5985211643464319 -0.4757758849565536
0.5248459732746094
0.9425814150403377 0.9377254589746017
3.35441789897508
---
77000
93
0.9748429130781371 0.21166579082080378
0.47464491216902444
0.9523188912731044 0.1877372469179827
5.6060054218916076
-0.18564822943731496 0.7087017460363451
1.3977289396355426
-0.6772512560546406 0.005889205619964649
3.490950771826002
0.14231959091765095 0.8957752799832869
0.34058758919022836
-0.36283598571020564 -0.485905374202841
0.7129537801151153
-0.46943425382038184 -0.5687314367804315
2.9862030615135025
-0.1771839575215841 0.3395299086219242
4.787737521597255
0.6934693556050266 0.8359051280279495
1.393959299209084
-0.6816767095968199 -0.818489789958591
2.2333750646666504
0.807851667290203 -0.840311026053135
0.6423387905887177
---
78000
73
-0.9013819803132168 0.12493037159964307
5.576927578912223
0.44907726727661534 0.08478474208539209
1.8532550176953704
0.16942399628567 0.8325652587672854
1.3315925383057152
-0.4619449982344983 0.49771791699325363
1.1031607275715234
-0.3941461368589191 0.3391352506840085
0.20641177516163012
0.5623107212437062 0.13404165901291987
3.949146716987099
0.6395769979548188 0.529574071393304
0.23903274405737562
0.04384498266439092 0.4266864516150724
-0.8679317601001891
-0.5865008349348586 -0.15261677179102817
1.2826810186008917
-0.22780301864909352 -0.11560550205003506
3.622772377468963
-0.7761364186935064 -0.2612349863092272
1.732547708275363
---
79000
80
-0.42840815644858266 0.3771244591057276
1.6196967438797985
0.6304095384749504 -0.6629775589253218
1.1747542029350502
-0.028511723181271514 0.06410201829004877
0.9485061366154772
0.2465670782416922 -0.2816971474660732
5.605653966231296
0.7384596258690316 0.2800462680279925
4.158642009364816
-0.0037418328698802933 0.4764735118644796
4.140382467816796
0.06053149828995115 0.342564899075849
0.07642221786566505
0.17599623777037132 0.9637774658982153
4.2229213655649565
0.47338696291794957 0.7914655625443531
1.1250671577835183
0.18431115245307844 -0.6843297763999568
0.27525928325061866
0.35828592121067737 -0.0031915582092283297
3.592666568330192
---
80000
79
-0.7136010805452192 -0.8671069688853893
2.8185450968044563
-0.4439233245707306 -0.9905353510454803
3.9465524003946886
0.7042641334747777 -0.1590834468546475
4.716423493968122
0.9884450030221847 0.30870991817897736
5.75516972157221
-0.5950018209023993 -0.11563453315188488
0.8012900065189053
0.5656336125467991 0.5397276384400336
4.462425727815823
0.989133675887041 -0.5291741100990472
0.3574091793066758
0.169660314729007 0.5334153351240822
0.0535250735331374
-0.3807600135507845 -0.29704962727434137
2.934207545619545
-0.9550956403750686 0.32971412229958774
2.011049763322889
-0.9339576904601028 -0.7716772236928642
4.580394869120694
---
81000
89
-0.3121781310931735 -0.17000323397794428
6.134698247723085
-0.4469746703282296 -0.15151363726206812
3.9123734238348744
0.24685473101579053 0.2907907922227622
2.323326532913061
0.6953870187945485 0.5575659589784626
5.6811271895930915
0.569099204933842 -0.7509050993992421
3.069593075660118
-0.06477477980048213 0.8806433882690312
2.8588987387013143
-0.9902722936010302 -0.9096279518632152
1.6792839395448214
0.29440496076880485 -0.9329501078741504
1.5349397572269252
0.27666476976360455 0.21891308119027864
5.874549082674836
-0.142669755808825 0.14628406757698653
2.1145242863197664
0.019430283837369004 0.549797605096574
1.0445792280363442
---
82000
91
0.744992783713818 -0.6499819878616828
3.8899846476014095
0.9546650426553499 -0.629949658661493
5.165854382700455
0.9167243822533647 -0.35591949190910005
5.79669603523756
0.4333611655911692 0.3534299134948904
4.52441985198231
0.4152238068914905 -0.8774184721131071
1.995313567775681
-0.5703825980583654 0.9419522227962579
3.2654416335536167
0.5685643646687741 -0.07180939495346722
4.164654748002412
-0.9223173220835195 -0.48131847533347066
3.436799202903445
0.46143028166247296 -0.2030489280702711
1.4628142123451298
-0.9728760414793719 0.4458438588998897
3.379644422108921
-0.6629603414248104 -0.580018517656499
0.27355507623544373
---
83000
85
0.02564642064118404 0.5325738343693658
2.1025415586937553
-0.08305627311303376 0.4906682004721883
3.4032057247362273
0.6223000826173524 0.1091124713014121
0.8975558727237463
-0.26749422559165886 -0.5646399756198347
3.204649832295839
0.6244373083688634 -0.7191106437576275
4.401198198475396
-0.8404328435015858 0.6045975924201281
2.1266928957184383
0.3482946751679593 0.7179150159946492
5.777986851790176
-0.7133500334523778 0.5347203245617757
1.7140037449981458
-0.1579457226926565 -0.298944907506602
0.5781615154160242
-0.008159956534411034 0.5304969553698651
1.21445177064924
-0.22488062323969796 0.1312505561377475
4.4122963653654255
---
84000
85
0.19168938874979263 -0.4438769222295066
6.043156143615933
0.28511815562989884 0.059090349816275894
3.111574232536783
-0.23881870688178342 -0.467263316245926
0.03915213004773488
-0.8079104428729609 -0.7887988160531049
6.196041685673207
-0.8219528119646813 -0.9774666562317995
4.150576633150216
0.5303474811706519 -0.4903963305302931
2.987192082547189
-0.9061054086642704 -0.28390038193847605
4.736089260284382
-0.6761377375736095 0.6888827181668461
1.9296830334913744
0.5956469245097915 0.779810663331295
4.9156676323545945
0.6679711142378032 -0.9321833494560581
4.823035024922653
-0.8524420487566234 0.46327544632516054
4.377980791731744
---
85000
84
-0.4964292126832815 0.21190461840896327
2.4925761749351425
-0.5772732117354037 0.08133985580153838
4.275199540805179
0.8035466645071764 -0.40033438977513364
1.721740753586447
-0.35891850201658426 -0.37243869109246897
1.7297232542962044
0.15055886205380606 0.2941286315356906
0.510503240745579
-0.8671061451688431 0.13707975486204393
2.6293948894261145
-0.7727571608913316 -0.01625194561485312
2.915808899301327
-0.32761835529228706 -0.4640274178789063
0.2184554732361974
0.5083611611951261 -0.12384947264096856
2.9147150762883225
-0.7053200527042387 -0.11198553487347929
0.6114963649745242
0.7385903740528308 0.8291753100353143
4.899387551142902
---
86000
79
0.6001515935774074 -0.10716304469275949
1.2020843913729573
0.48050941496250743 -0.12081087547715286
1.7802190833507394
-0.560706907317672 0.38059332995332523
0.2058711557684818
0.7817894760772468 0.044005772201632314
4.62654735765925
0.42576862443231656 -0.06589121646842605
1.9655966949907002
-0.5024142786720485 0.6327392987120277
2.926234048706098
0.3938530188017341 -0.4844028444755629
4.260689021616804
-0.47453430001721386 0.21884369705967888
0.24976225378805217
-0.5074140913279139 0.1406781581098943
1.037875810857126
0.7040789057866317 0.9064465915191382
4.313801219077498
0.1662839683891876 0.08376209290103691
1.6230154446977183
---
87000
81
0.1183412357347574 -0.2761416428912476
2.7497349889231373
0.6627957267380358 -0.2931079198789714
5.330470482922032
-0.7100789648667969 0.5749485927782569
2.9327999536889138
0.013176971369752342 -0.7490040037526561
3.960434452638439
0.08923294457219556 0.8469748852568232
4.947766332346169
-0.8569466497931097 0.5350281296928836
1.6785530073203567
0.05343321750012943 -0.4089548431066879
5.114582413596337
0.3113075952515526 -0.39257881464950994
3.594275611235271
-0.1407454959215837 -0.11563857212482435
5.23925198583042
-0.16249632061548913 0.00674953959645095
4.914163068711576
-0.4386924562751466 -0.06858344168599964
4.643349977188465
---
88000
76
0.6313598537121585 -0.5492509778474752
1.7882972542464017
0.30539969220818236 -0.5150371490423254
2.8941151745736278
0.832591828868049 0.7137313908753805
5.047701150837989
0.44126275535367426 0.44200610433690185
1.623373784550905
0.6675388546257429 -0.4383724111986459
5.928024664191495
0.9904175094407806 0.16646062501423953
2.121618196130278
-0.7783219996442716 -0.28227037652228515
1.8973787368058113
0.280931600378446 0.006003545773527335
1.8373300396502872
-0.6613143938287097 0.23108092563146598
3.4826482688627465
-0.9611448979185793 0.4736890372340249
5.652227376910723
0.3811134747014739 0.5948297809381005
1.7521116792975047
---
89000
76
-0.8367094121005361 -0.4286575166514986
3.635580674456577
0.9381261230688899 -0.5613059030515949
1.7110342320566214
0.17929820172623392 -0.10081083619996706
3.528685995520103
-0.7864819215626475 0.849354654778134
4.582140057020192
-0.30667047733676006 -0.3559840427996464
0.5318194768974944
0.23609706806107722 0.6096543599084416
4.699531392772771
0.5521432015663705 0.10488109768693653
1.1909027066417985
0.8981351946072765 -0.2524336323535444
2.030656748183792
0.6377186414428636 0.3886384938936253
0.09368484983193848
-0.9405224585242162 -0.5830889896390749
5.104836178148288
-0.6052689219374566 -0.9803563683385158
3.801553758802094
---
90000
77
-0.24794016130670365 -0.6441699028807584
5.625371817076872
-0.5740205681704635 -0.8318980412091033
3.245157418952223
-0.8059448985267333 -0.43195259974613665
2.65140793704495
-0.563862697828771 0.6348878738034701
4.569864267854091
-0.0159587338293618 0.4841064877266475
4.0313820928131054
-0.19631369654088335 -0.5375274713887513
0.8640163421459839
-0.7135504497501711 -0.5839850005776698
2.6664175364305054
-0.7437777209315103 -0.41509026371750507
5.9703761273684055
-0.7757940829737617 0.38255538903500297
4.830129492592662
0.7219401234526894 -0.6246792340053634
5.01645850248547
-0.784673136546372 -0.00732603595792806
3.199636938520994
---
91000
73
0.4358189287912279 -0.3119360521311185
3.653357091921775
0.1772667618366083 0.6441222999957851
3.3528791609118445
0.6231606893733167 -0.1129112262817149
2.7916802321151524
0.4800830917679322 -0.39903982895915774
6.225327876546889
-0.7414446140242438 -0.5069724187261924
1.6202750227046305
0.7169402059551626 -0.8929896978779525
4.8251055567781425
-0.8324273845468504 -0.6385146349959043
0.8568047923088606
0.19783372326487547 -0.492680810552172
5.033520952254899
-0.37118756049989116 -0.18930117303383678
3.05280068483865
0.5970866966237489 -0.45442520196842934
5.245009054213674
-0.8626200445629538 0.9376839666224656
3.7435222943124913
---
92000
82
-0.257404152615782 -0.7291608098178209
4.768061369879215
-0.5375810261505424 -0.7098110523955521
5.233473581146883
0.666958523565574 -0.48250897459551695
1.7534571517613502
-0.2605432930214877 0.679845460748477
0.9342481590253504
0.33662710388441863 -0.8440953256354756
5.41342786182883
-0.12749889140399187 -0.6771458138883731
5.46871053320045
0.851672726278177 0.07173783020014193
5.6703860419638215
0.8768374452218559 0.16989305326812051
5.76957686447272
0.30005830957679847 0.9592443253342224
2.0696005371617643
-0.1072676316674563 -0.48804173119937616
4.055267877658772
-0.9413615557660655 0.541291667710345
6.262665455590483
---
93000
88
0.19607220043349216 0.18331486209810405
3.44207026882953
0.3303972727780902 0.1432112816481946
5.019105341817162
0.6644462126901393 -0.13393683739544396
2.700629435016241
-0.14604931912355087 -0.8101399410828769
3.3611845639147377
0.6635522974748119 -0.05341057368349744
1.6949042341225895
0.5184152219329673 -0.885247581775127
1.4641998277502877
-0.9995080086292196 -0.11318341805653909
3.9617415635757753
0.9413863555616195 -0.04066070046232222
4.694729369793672
-0.7998229701365073 -0.7015526568720138
4.280410415643888
0.3923897833461446 0.5077277661378192
0.2906573895793314
0.23219237376377175 -0.36221225508115623
2.5814235725358685
---
94000
83
-0.7441941356849441 -0.232901711612036
2.0195148118100246
-0.011440062931853085 0.4666555686225643
1.5497312901943863
0.5538011638011425 0.4444680065448817
4.849744980140006
0.3178047368329462 0.6130053801464952
1.2039137086097167
0.18010084796604336 0.8645998489078887
2.412069091996412
0.23439935593410416 0.2420888655085203
1.3406537593431462
-0.5263941063532351 0.36771841627637164
1.402325430716294
-0.007064842975619982 0.28362381600994097
1.9814117080644529
0.20441651722492066 -0.8346035187105232
2.4278158789361868
0.3725145250129087 -0.21283626745883938
1.9992948295697852
0.24127248938232898 0.0835834433560197
3.1231952398570773
---
95000
80
0.6858449861642427 0.3916086887646592
4.127365270511341
0.6830018666857174 0.45633008167751987
1.5093137509331038
-0.8507449891043747 -0.33775082960379926
-1.8503521054905252
-0.3988794100266368 -0.3703958220105935
1.8653301954929216
-0.9448943735779033 0.014880163473193382
0.2776488630283902
-0.3903045036385996 0.002538923841807924
2.1395438844992807
-0.579544332257584 -0.4916921080006722
3.809061634822055
-0.7628709182010742 -0.22861838665841044
4.00933060958076
0.14057825247955727 0.33407058289656166
4.198899430899817
-0.060580746963958376 -0.16913005981555962
4.2504358714534884
-0.41504243847121275 0.44153647058428686
2.527330995958219
---
96000
83
-0.2186245988467826 0.8088556968140683
3.420086689895681
-0.4084486644647841 0.5919203713055778
1.6541397145336498
0.32566588628918286 0.3753700550197573
4.695411475695005
0.7684420195171114 -0.9632108368480511
6.237341025544454
-0.8141115129449128 0.3191642771723661
0.27653658339685805
-0.3950211203586151 0.3609094992391113
5.042787231377704
0.5201606250966586 0.9359474470257056
5.759530605652269
0.42073708756888517 -0.3686395130563044
0.15049390526115403
0.24772722704614047 0.26891730712589546
1.5425239522066931
0.46450397344456845 -0.24776826263670643
6.194060731497922
0.0878547221744744 0.9275996285806442
3.93903204448314
---
97000
84
-0.39402700638904464 0.31114608432895463
4.253186375810445
-0.48216078549885727 0.2762085001593851
4.906351806412686
0.0025064556111152117 -0.757834994545249
4.145361223172609
-0.8359051751865492 0.929792224377874
4.1973743971097015
0.1305151742462293 0.04523824963259016
6.174141242840629
-0.49244449239805094 0.05524538416840583
5.446874500705456
0.6179525257978477 -0.7313479362393744
1.667577018920963
-0.3676296786478252 0.264227524748755
0.362289247591133
-0.11570060551832306 0.27713849458487994
0.8938860972007054
0.8721424821589244 -0.08955409637507464
0.257117668298954
0.04195758990155152 0.4686575486569721
3.7040200005361257
---
98000
81
-0.5100121688611269 -0.956788165965036
4.267036494515736
-0.507627648466973 0.9627183130606887
1.7089889465635597
-0.5130713240934841 -0.7370847759179575
1.0388811440634607
-0.08759010900364975 0.514352045193532
5.810157496322426
-0.7347759685874742 0.0748876240549339
1.3746177272180535
0.7268772881504788 0.7447694020175435
3.872539368262811
-0.8191684703688343 -0.7991562919343677
5.170005519917172
0.1087682232479002 0.770834520937417
4.796970133673444
0.7798757379662018 -0.8522017172900498
1.7053635322967677
-0.07970034123102784 0.6046155836223966
2.9655941990855803
0.5761375503726498 0.07569895398804986
2.6132373464557865
---
99000
83
-0.5860164532653108 0.13356883375504153
5.0844927963186
-0.6435213225773939 0.28703707844351706
0.510884908097406
-0.9209867884720414 -0.30669476591202066
5.815870710481493
-0.8220822921874669 -0.3704152318395109
5.480102795281315
0.9548964659053261 -0.15327948220023072
4.504699164158858
0.9991690077210712 -0.8109430000459145
-0.6339407223394368
-0.9454398810428251 0.7812461595464684
4.5127087691896435
0.14321124939509233 0.10023196015477587
3.6275141346827846
-0.42442398587340907 -0.17677833719233568
3.32099495175288
0.7873135047315903 0.34221059820049726
3.2386557962922256
0.5897812548019827 0.6491435197851392
5.0212045587364456
---
