100
{'run_name': '2D_rec_10_total_boids', 'annealing': True, 'annealing_start': 0.2, 'annealing_end': 0.002, 'nr_observed_agents': 5, 'nr_of_boids': 9, 'predator_present': True, 'grouped_spawn': False, 'predator_halting': False, 'record_keeping': True, 'record_frequency': 1000, 'exp_folder_name': 'big network 5 observed', 'boid_speed': 0.0333, 'boid_color': (0.8, 0.8, 0.8, 1), 'boid_turning_speed': 1.5707963267948966, 'predator_speed': 0.0333, 'predator_speed_slow': 0.0333, 'predator_speed_fast': 0.0533, 'predator_lunging': False, 'predator_lunge_speed': 0.013, 'predator_lunge_distance': 0.1, 'predator_turning_speed': 0.7853981633974483, 'predator_color': (0.8, 0.2, 0.2, 1), 'predator_confusion': True, 'predator_confusion_distance': 0.4, 'predator_confusion_threshold': 2, 'predator_chase_time': 20, 'predator_halt_time': 0, 'predator_eating_distance': 0.06666, 'height': 800, 'width': 800, 'graphics': True}
tick
boids eaten
predator position
predator rotation
agent positions (and)
agent rotations (interleaved)
----
0
94
-0.8844026935175254 -0.3173664444743146
2.342456645173823
0.8739226560402625 -0.09142370986052524
0.9431856379479732
0.14006641914471288 -0.537966222230362
0.09981426350358158
-0.1445835115842124 0.04002071800107643
3.5344216960986197
0.6897868159640462 -0.2535822464069712
2.927757302754046
0.6533936201129615 0.4527297176567266
0.10674710000810461
0.7197667405412062 -0.5403560347369236
1.4395535860516282
0.45750625355751534 0.09164235603107142
0.06155877772551199
-0.08077738005919921 -0.2635408436255122
2.093138684311318
0.6114664228541704 -0.12196509965923948
3.7646618803072784
0.7609926586006478 0.44458731370241994
5.363914014749623
---
1000
98
-0.6430232102058667 -0.11296892742876766
1.8014993810315931
-0.6352420730252559 -0.19894667273431105
0.5309494670888784
-0.8666881646355681 -0.7868457158951021
3.682511383976027
0.7343515746012341 -0.567609621545931
1.578297775360248
0.6757762862600549 -0.8095655718623732
6.179108943698985
-0.09935940819913397 -0.1642376830908394
0.29730169167351894
0.5967729500751018 -0.6706901954601366
2.3188780600823646
-0.32077309519159475 0.040848351392193796
5.461163736642712
-0.7482897313360343 -0.9756295593493343
2.811125873058459
0.10263892996406652 -0.7332353591696048
1.7458990230849416
0.8139283891246534 -0.42103025680336825
5.17176088741335
---
2000
90
0.011937099004648705 -0.15933293189081746
2.674160270072114
-0.050221909281211514 -0.24890573093928023
1.5885840958784891
-0.3867611479431624 0.9206110505410214
2.7612933867761047
-0.6711004947795238 0.7176676626327154
2.024620227285453
0.3889070882590896 0.9188686942534504
2.2223212211849495
-0.40962212736568326 0.4097329194625185
5.2288622807654255
-0.526553093546771 0.7673092865390029
3.201599875990686
-0.7211772683629516 -0.568430087997585
0.869173569433423
0.47845752976668815 -0.3587647455065895
0.80409800350452
-0.43551050256278273 0.14623518312020475
3.6886542801279543
-0.2755027499808288 -0.9622803217595968
0.18199634677219656
---
3000
85
0.639603930050972 0.01267061455180564
2.783230194985225
0.6879909385961973 -0.09973000780686686
0.9914212613671598
-0.3646724244399656 0.44337307349973043
4.233054026327012
0.6405319546101993 0.18382921312761344
4.7722162307447356
0.24990273222363424 0.7990197585703466
5.043253054616269
-0.6595324507037786 0.6967086135759092
5.140262738927521
-0.9976672777969191 -0.9553512903940194
3.696213495028098
0.14991200945645555 0.8597625777104717
0.4114865162558994
0.7560433706615535 -0.3119907000309467
0.6068516534768129
-0.9549567606344703 0.11524370720509343
3.5992470244557637
-0.9086795934449957 -0.1079460721102963
4.121040732642123
---
4000
95
-0.18331387234302313 -0.7309003946309142
2.4123797741692883
-0.23312647871068898 -0.6683963938916311
2.4544649664400753
0.5617349439017978 0.8111764289802387
6.030820569091954
0.27204186558251064 0.6372573177589174
4.070203162835077
-0.14676372396158455 0.1611994728054594
4.872099436403579
-0.31126114682943684 -0.734340928072639
6.051367360088078
0.09556213294245838 0.3291464677200708
2.4942236821151225
0.39202436010441233 -0.710777657892009
0.6782590811458933
0.25374906857990875 0.4037546078172541
0.20253068515969197
0.01872312050489162 0.9894215653906897
0.018927988254380246
0.4625896819154324 -0.940892356872053
3.594295657198699
---
5000
91
-0.9634115546087937 0.9580127832143384
0.7593209524334305
-0.9729791242094754 -0.9956676659853456
0.19208990960513184
-0.8232562990738284 0.6016765741321692
5.064936797624239
-0.9460616177373457 -0.5431528752718013
4.115727121117663
0.46091026950288794 -0.746631536022664
4.398099289150009
0.2901406669481019 0.21138152855650733
5.674436318642618
-0.5895198276048064 -0.17842472474624996
2.553565420565178
-0.7584164491506159 0.2155139345184482
0.18134983050247566
0.7614448738440746 -0.7431332073753389
4.3459178878918765
0.5114775688360954 -0.2779674034684043
2.11999186451824
-0.47891693085720305 -0.25985087180604266
0.5536867653976518
---
6000
86
-0.3097511646450675 -0.795703734034679
0.6762041215289586
-0.3542944984710218 -0.7644792130472432
3.6882081802797897
0.06692724283335275 0.003128841430897058
3.7659075767893855
0.7712541730858241 0.8648130233672532
5.815513855133756
-0.38196533689349427 0.8907157770701919
2.2825527626888595
0.3587213356097771 -0.6086413426610328
1.0006446081443539
0.6593810530380215 0.859633938744781
4.958364255889329
0.6824573782778738 -0.4480320238295141
1.8505500872706708
-0.0939773472656368 -0.8533469111645529
3.732642454517314
0.9908545172480673 -0.7067931634124776
0.5861665138113068
-0.40056987664119614 -0.3973247669448912
1.691745639545723
---
7000
102
0.8292139355168302 0.803923144791997
2.3538167694163934
0.5633292171848621 0.7517805535543124
2.9225793034953425
0.0668899103117282 0.10834839577075406
3.0315031245604196
-0.8868231588868729 0.9062551974191838
5.815646434476637
-0.05585592962493798 -0.9339259233584439
3.641873733484707
0.1657452537452289 0.9096359048362296
1.2271012624782172
0.18946604523992466 0.39458252166174973
3.1638723077709727
-0.05207443428061877 0.09957582717092126
1.3973365931872381
0.4291985363256571 -0.7742159064289622
1.3835629955497533
-0.7696192166921756 0.9782034471024433
2.246529783702491
0.29613043135825606 0.11294596613157085
4.783084953916226
---
8000
78
0.161005328802225 -0.895441404822255
3.5659747932716814
0.09421080239051127 0.9862647296726568
4.2266584630301764
0.24191022613390425 -0.8528577544221069
4.788935898764233
-0.13023301483089872 -0.6314178485428054
2.4218066044864965
-0.1460326593424975 0.021341119414537806
4.329267342305105
0.837593930256329 -0.15856923839402468
4.397336221099804
0.015471075253164511 -0.5164843866335236
3.186969827614883
0.8633364507288919 -0.08994155261929912
0.6405815774249923
0.9944606459139083 -0.9353260681746882
3.518166112025596
0.8805345491604514 -0.18180403393019592
0.9762842809193835
-0.9857581676738433 0.0902442056725441
1.8999476564046773
---
9000
96
-0.8899554026511026 0.00025689962093739416
2.3442038561039604
-0.859772573472749 0.11605345598977866
2.754409962942386
0.08275448572431221 -0.08547522809774709
5.969511435476812
0.25958626749663083 0.17427906902766438
4.364792492754596
-0.34949765660928217 -0.9325329144041687
2.209677800151293
-0.6904585405196931 -0.0331631244663948
2.0983528429741263
0.6503992887361671 0.05819804155819382
6.211347856792
-0.9034548474572526 -0.4000165228876223
4.7388046568447875
0.7157387042357256 0.15894127084276072
1.8475700696598274
0.8816580941288172 -0.26708074088345746
4.111400340323725
0.14019977913546547 -0.44168602191276235
4.082573055474578
---
10000
90
0.9370212636027732 -0.9568258536044307
4.530009920137119
0.7627971759800075 0.7845492432514233
3.4375857222525985
-0.49110823863954167 -0.9784285022840397
5.525157176229644
0.1436232457014509 -0.246612493950289
5.04701038487563
-0.6628090888138529 0.04524571141484033
2.5096971896699385
0.21271138603038067 -0.35523686247829067
1.5743497720637558
0.8128620349167274 0.3374066299840018
5.840467916312556
0.2917723820309354 -0.19590962846805704
1.098276481175656
0.8327556084219204 0.26770821338574646
4.333305686127233
0.3585492589068749 0.5660837252134686
5.829213795526673
-0.8102730155786012 -0.15774692406080076
2.7527423166685114
---
11000
93
0.14942214728314468 0.5908623869350794
1.205815147990552
0.23070701594092197 0.36167622109176806
5.825775984535425
0.545840516966613 0.05490680719743571
1.7959860361452007
-0.9800918902928709 -0.17018107149962494
2.4599355421803333
0.9882751981240945 -0.5339302146468534
2.6891710008979297
-0.1413427826984516 -0.5557264287525314
4.847489415785559
-0.6609856164853669 0.6715407151576793
-2.8015962113260415
-0.23032090719863707 0.8735127687131186
3.6475062852623665
-0.825499132168054 0.3774273453354897
4.377740572397412
-0.6516163137043288 -0.4283108231565747
1.5120498883286704
0.46695909636246186 0.6309734298727309
3.424538979418826
---
12000
86
0.07854189973529835 0.8244394186132653
3.7375356496999843
0.029482953313063467 0.9656581900953478
5.653356412360816
-0.9915194806262022 -0.6990036233453277
4.602668809256992
-0.25041851530184467 -0.01320122422187793
4.981643015589595
-0.17507705780951965 0.2935154697191195
5.010562531432932
0.07962257069306192 -0.8127004427484289
1.9592484344848389
0.9684395482081543 -0.513694374852624
5.948857473018564
-0.06278948915522113 -0.8441954799059037
1.394595749783682
-0.02006142260156747 -0.14921376435846384
5.557837602432282
-0.4351870407007887 0.5273707063608845
2.2538003165943943
-0.6301337726753096 -0.42840271095495464
2.2110185350327063
---
13000
94
0.813513228006862 -0.4320406356275745
5.052210606772897
0.9037542361175356 -0.282492825763278
0.004599715118714265
0.9998731243196226 -0.43555567414578844
2.1012508870134115
-0.7889432658838427 0.3392076428936535
0.5165996075514494
-0.735555710830192 -0.9348704506901989
0.6231661480145103
-0.9072530400156175 0.47316111068303124
0.3765299954474175
-0.8534557281391741 0.7586398044213802
0.17353948711477596
-0.5535281212105908 0.1152790232493626
4.379037565005553
-0.05491249382866301 -0.8966722803370284
3.153650451180269
0.03933113441610544 0.4478654835243403
4.504962804751936
0.33273350700899357 0.196886571760015
3.61733608291999
---
14000
86
0.7305198966327946 -0.810648024564565
0.9309105489456487
0.5665434350353377 -0.6458434074607439
2.038912897677596
0.20650730536137474 0.8409265701386093
0.9170655337409919
0.7441552008660139 -0.23741273057328055
0.4811440476328652
0.4857563811433241 0.004012764726614822
2.4942457410349315
-0.14912461718693507 0.3148442261570059
0.8001040596928375
0.9397824901544011 0.5085608803375693
5.400498828208467
-0.6675541261872523 -0.5989728299355026
0.551770189054821
-0.9227019446270667 0.7479892769708578
0.5798590527696899
0.06862003335947406 -0.6755602124335078
0.8138066454069204
0.41475246220084055 0.11831649121791087
4.5815480787199645
---
15000
85
-0.753445048369495 -0.3503335281257888
4.661608150977439
-0.7222301917859462 -0.24980002339298424
2.6627474683489707
0.7970415864217962 -0.2853293296882466
4.78082751587694
0.5518183798417463 0.9331453629154326
3.1413441700136495
-0.5935815636385349 -0.15260861660033936
4.431151234234301
-0.7017154412596704 0.9371700957786765
0.3550572730127399
0.2587159083053713 -0.734053822472706
1.8423097293675301
-0.8769876951360862 -0.47742844864462136
5.287710053337172
0.2453647730816794 0.3129569499127791
3.0796860433652125
0.9594144539638295 -0.9899617253369193
5.647984350376043
-0.04864473143252829 -0.04251353170751224
3.420635730000492
---
16000
76
0.5045125027179745 -0.2330733619540699
1.7972578464880795
0.6055672512377989 -0.17921278864829215
0.989173125966877
-0.28731104801870266 -0.25098592414730875
3.6402022427166143
-0.3545680679175749 0.9955751076040007
5.457855322000224
-0.11992540403569187 0.5612551073726895
5.108739729173872
0.30958115229220967 0.6932735604957635
-0.8520640211525727
0.7797846939844932 -0.6701291956194797
2.8862231851332583
0.0020963699380050736 0.19491157021970748
4.727769915626567
0.5709143824593222 0.46838451059329017
6.033788987250655
0.0912194374723459 -0.268369235141615
3.4140406839422814
-0.41061811527589576 0.2689325920782888
1.7528043026169886
---
17000
92
-0.5945743162622233 0.5927297443047638
2.5098620998941366
-0.9767753894654458 0.4357917894460736
5.735825604213909
-0.4729340084329589 0.5620179456642715
5.386770134024297
0.6102947047985122 -0.7631898722562999
5.576717402470764
0.9254070805769807 -0.751621147430886
0.4687513851855867
0.48157234464702603 -0.8492882503033085
3.880900880010576
0.8296146222579915 0.18253594643166782
5.403871828243551
0.589891320993517 0.387178379576936
3.401627112445519
0.11036686338790677 0.8929828668885315
1.0769201795001848
0.9667620435994347 0.06385121938820668
0.6749205506824074
-0.16273759117490394 0.7852667409618304
1.6141326497603146
---
18000
89
-0.4106888340784253 0.5464677421446685
0.34580070759952675
-0.6209311713311743 0.40556334044768627
4.40726908881069
-0.8140953782698214 0.4250794064617063
1.3673414994950992
0.6063359593918622 0.9720571949471035
3.432080738220943
0.4778147535815178 -0.7424367274409772
3.68684431961994
-0.18345124783504518 -0.33317489057338906
0.5639270412088209
-0.011914121604896584 -0.7834647710680691
1.1125568545801805
-0.14283407639414974 -0.17951329097275034
6.095508300377974
0.6941886678640496 0.34443416896937884
5.659852684821608
0.8320608292182434 0.9038892048398794
1.1807197039084842
0.6435211416791725 0.3693421236529378
3.620311502430871
---
19000
92
0.5925519319496502 0.8127942040455804
4.977245707059627
0.3680050523721107 0.6862320425398273
4.531007197463417
-0.7840984380523456 -0.5332901642486996
1.7059404879862345
0.07772150506727821 0.8006333811937072
1.37448674974486
0.23342991415748413 -0.9832858285520789
1.8873192848901175
0.9851910813840904 0.8226200730384555
0.7830913279132199
0.6671603766854016 0.9141877607875397
0.1127125755888363
0.11686152650237079 -0.9370405845250824
5.223194154310786
-0.030890785946300795 0.5037479810020578
4.179714065556373
-0.8146277076090416 -0.29774760611336726
0.7519406702247915
-0.7179234032929825 0.009109926199778969
1.5820480779151982
---
20000
84
0.3798978607659218 -0.6592866597555375
4.978777984313275
0.3569763323498804 -0.7237534398418581
0.02595761341389391
-0.8634350689396785 -0.5753769195676796
3.9152272422298564
0.09124757835054076 0.8507248910349915
0.6224190828121197
-0.8796088836217797 0.19563200183733834
0.9212906397110174
-0.17064484698384813 -0.09507264997097811
4.253885025678702
0.23408628577451254 0.653226129911614
2.2851029824832425
0.6418446280869882 0.4875826093312296
1.4482545006939143
0.7918133456833887 0.060180728892254266
2.2342782491857465
-0.4403526182916468 0.20597738333819623
0.8948219378933846
-0.020106259923618634 0.3650188326307644
2.467194296128908
---
21000
89
-0.19595664337428267 -0.9831556244572217
1.0421517807465517
0.8883489467474104 -0.6983497556071442
2.8871829796820005
-0.2760603819769743 0.3513589643376013
2.8939833970811586
0.7513231826703859 -0.5682631404193109
1.0523264531156533
-0.793714228827113 0.005546838597607063
5.5551530029166
-0.19492753862520407 -0.5874983483975486
1.3900161284686074
-0.22095402950368834 -0.8870819388294694
5.713071411249936
0.2323848105771089 -0.7751598019612135
4.105305704854193
-0.9805274075548495 -0.7755980966324484
2.7489881382708505
-0.6248509141331741 0.1026977055668869
3.6114297481353512
0.4223819362309963 0.12677906753526094
0.9688928115601154
---
22000
87
0.4709790984995934 0.6926529854153582
3.896903857812372
0.41689013287998333 0.7399128028436677
5.793853354947424
-0.49464213446748495 -0.2072199893018222
1.8885423390654488
0.544396591145844 -0.6529415381283524
2.083616334911251
-0.016279673803520682 0.251983967325943
0.363477954655707
0.5682762373480224 0.6954695640153055
4.035439368264103
0.48449580583374463 0.7718542193379229
0.6798920276603333
0.44583416032024425 -0.9175871537206878
3.596328388801033
-0.9117303843580645 -0.6449550070953107
1.3077362543909832
-0.04188640918715241 -0.26228059770376155
1.6593880998902142
0.9066419142267337 0.22605949146855095
0.4795935676240024
---
23000
86
-0.07674909584902444 -0.8009251438480303
4.25317859888642
-0.08323642814382387 -0.7918543002289301
2.191636397713957
-0.03738684067668695 -0.3536048074340153
2.917737734336608
0.09189088079300939 -0.3416002669384033
1.0683064280767969
0.6474173097900594 0.1319905248194746
1.6566402705247762
0.7427232257797222 0.07787493386588047
3.876124817735267
-0.6473823591810791 0.957750721349792
6.088992707943036
-0.28245387168145997 -0.07638373489302352
1.7616144080272615
-0.8912887672693544 0.3984229997273827
3.0000629461811688
0.3655124013745247 -0.7511326480766506
5.923187057989949
0.35696453826895813 -0.596944747837943
4.515866095627438
---
24000
92
-0.7878736209211462 0.18620188753063613
4.616041397961071
-0.6800470916789423 0.2872399090660498
3.7094417664603982
-0.8356570509428208 0.3837162094422386
2.9806382280664936
0.8213277857932837 -0.539271167189878
4.044361667701978
0.8145364578096361 0.37279337146823016
4.571454728504378
-0.6034192461902718 0.4557192065419518
4.651143553279928
0.821057574937819 -0.31305692380842803
2.1731611407455063
0.9910095213277296 0.42026623717510997
0.8185429527790999
0.46244954486821466 -0.995058460766457
3.7334741387042865
0.5461964316037928 0.914447811626442
0.20594584523963988
0.4804826432256053 -0.49413323396968145
1.7084096510450388
---
25000
85
-0.3251144416699439 -0.11300722146978867
1.5216391871530648
0.1064846811591603 -0.15273730501692834
5.555753688445301
0.6287125847372423 -0.5582208946757931
5.536407647659669
0.15915016073413157 0.4659679155605603
1.8154241009555134
0.29231863153877974 -0.750225712056918
0.5166649276249924
0.7753855510088586 0.5362076615377037
4.206841858876173
0.7699667850470417 0.7091608087617722
5.454359785902647
0.5408611396996055 0.8145031415063985
2.380829017045139
-0.009963426293285005 0.9942902877844177
3.6304112095493615
0.08964508448343972 -0.5122304809950672
2.4015617196757715
-0.6455288364179279 0.023451915085313225
1.3046308092649141
---
26000
96
-0.9478657096712153 0.04799530270200714
6.266544120065803
0.9789654866876283 0.18850457388986364
1.4567746371169017
-0.4920393191585434 0.917005373110253
4.104334571679466
-0.8821627297094679 -0.4953699414167411
0.23205262869422416
-0.8185088365619866 0.22460099203789324
2.566942659454077
-0.9689754280274702 -0.9797412131793649
2.858397045322052
-0.8173725838481245 -0.21436761737905818
0.5067664400799607
-0.7612232210860767 -0.3184004579437454
3.1417817465432876
-0.1388218205410252 0.20949871452766108
5.448608407840714
0.7390007926180069 0.5389463917609775
4.902549957989444
-0.79422136794735 -0.4312592492574316
4.925127976775147
---
27000
90
0.35004558713346307 -0.25076927829733775
2.87321246532017
0.4692202224335113 -0.18158889526714173
2.670031613071977
-0.1950187616199126 -0.6493262680189724
1.0173071552980373
0.9153771766857609 0.09158077958687079
2.930989673323932
-0.3196347317397629 0.8789866220889377
4.355612651906413
-0.3811137978932192 -0.7659339577450632
4.184816646657732
0.9868164056408971 0.5253430698069964
0.12801029506627604
-0.06886244416026938 -0.40361090569844366
0.7700971534157359
-0.22623571189845315 0.6839551318798692
2.0473722238593135
-0.307410361785836 0.6272525261470663
2.827719846542279
-0.208017559753495 -0.4998931667886878
5.315451228858023
---
28000
89
-0.11428638927512166 -0.9034274777508723
0.36171161383315786
-0.16996846227915616 -0.8564336733448757
3.745519966667846
0.799616132473076 -0.9893109916869222
4.785886986232135
-0.7718814022342942 0.18619505076060724
4.212597440892788
0.8320665646223276 -0.4228233930622283
5.744236919346369
-0.18841911743073655 -0.1598048008865957
6.098283563623786
-0.3949439846108776 -0.7628478607365147
6.0046233659755845
-0.7685327312077448 -0.5116382746745434
5.243273474921252
0.7588851760988256 0.8992505333926866
3.4749430025141255
-0.8603704693882398 0.8312095674673164
5.564532802525559
-0.6744253515870141 -0.9248419563959211
2.3978931365156955
---
29000
85
-0.10824537032701842 -0.6178384678256273
3.491099145128361
-0.12403004092039666 -0.6728033604941503
3.003905295689367
-0.07159506732444872 -0.9409088159036458
3.247307037667216
-0.6062272922954466 -0.4333531352306421
4.436607578194291
-0.7953096844708928 -0.9625961671714068
2.5027820578198146
-0.2950707706128436 0.40456218918600667
2.194628976979737
0.22431012548761764 -0.4056407097797427
0.6991726516638952
-0.931621410670965 -0.06369811239459568
5.161956104694035
-0.3017597865127284 -0.05276793070655991
4.600121017507825
0.14915466521820292 -0.8346848219517666
1.775872565404316
0.5788500192275811 -0.9624979408134468
1.4831545245977082
---
30000
83
-0.18656615807658244 -0.6455823146748073
0.822043897248502
-0.3741490395681774 -0.7080448347704031
4.182514843879414
0.3837220310420219 -0.2421455556645331
3.6709038139176267
-0.27114769538264394 -0.5868506706119043
5.237942325195763
-0.6931072405387511 -0.2098971657814476
3.866047420937364
-0.05257433851486502 -0.9879904701875474
3.4609203558722976
0.12929920887868612 -0.10921128927345998
1.2113510498842368
0.5663824405515301 -0.9180245128023321
3.207843738392696
-0.6784385177693687 -0.9022707890768309
3.797388762828736
-0.9916042474517849 0.19778454017110986
4.0010687196170185
-0.41690023455459585 -0.2157131125422613
6.154009539986795
---
31000
83
-0.00924019084885689 0.26695457165977193
0.10015396565390475
-0.18115121941941092 0.41944557663965154
1.0417531149345791
0.9973718462261261 0.6992708501841993
2.036331362026006
0.3217102687446744 -0.08725404379910076
3.774522979475341
-0.49595440509194333 -0.19188116524520055
1.204120948176321
0.003108113774489333 -0.7169443304595013
2.7673271517303064
-0.2771600423384802 0.943459781302951
0.5280272056020632
-0.17810309546538497 -0.13037669828784304
0.20829013560721066
-0.3781152363511758 0.6421342785363315
5.0298401553676735
-0.6261438394650121 0.6124641395653732
1.0060405159358785
-0.8807449782984565 0.833550605711823
3.3355325281517993
---
32000
90
-0.7755683933154862 -0.29402571966570906
0.022318363820541087
-0.7403755992723687 -0.28005147061929403
4.034338967792263
0.48878110129942687 -0.19108226060542446
4.674432573671283
0.6836966935509798 -0.9565296883738531
2.040224589603376
-0.6559041215664836 -0.6425246379572573
5.608286846431795
-0.35175232378574683 -0.34585574648251016
2.2302421501817893
0.043423323684656435 -0.07461360810627955
5.30352053790013
0.41848438833269885 0.5022539726085247
4.299631109104887
0.6921163628564936 0.13758594047937583
4.609473065000513
-0.37755886399153005 -0.7860844977374598
3.986918711680233
-0.02208222547477768 -0.6833451625783458
4.072564411384159
---
33000
86
-0.2762585847938788 -0.9198782877468312
0.7476810221556967
-0.37915465853399444 0.9935106787704927
2.0616669894746824
0.9590964553368848 -0.2079410641097039
5.70376587317054
0.14076627166250621 -0.9074240580283788
6.063398517412026
-0.8374751651949969 0.07018896806926428
4.978374040600488
-0.16959799621263558 0.9331085233465176
4.079139769994319
0.8256383695983873 -0.788538887310223
4.050633118577885
0.6366542433965112 -0.9794367546500216
0.922928840323693
0.9415449185416264 -0.9924265482250021
1.550582570991991
-0.45418660222145346 -0.25438426145128484
2.745442964869371
-2.6649532088918182e-05 -0.7167019769120085
1.8372113129243655
---
34000
83
-0.9831071091727253 -0.8549405025768541
1.7932432683807455
-0.9421568743209895 -0.8446179799319119
2.614328511274654
-0.49716018554533004 -0.6033791465158951
4.501802770606416
0.5478004396811421 -0.7890520364610417
2.987193212305046
0.4476232987696038 -0.26997651214168816
2.6377625204609654
0.0828616519370998 -0.6245397283478293
4.271069614158345
-0.6338121472962677 -0.6293938561563243
5.6585560255161
0.6544368118788483 -0.07902170696351436
2.9553110581069086
0.5396519553761406 -0.19228004093962153
1.0241395602507142
-0.5485364363740766 -0.30256588934910766
3.3223347406762693
0.21906785015590047 0.13350413009573545
3.1002701822216405
---
35000
86
-0.6523821379052979 0.13635807975579328
5.642619794065412
-0.4384009484862736 0.2779806078045161
2.6054449090773737
-0.7200348086795293 -0.7842868756282745
3.6799245443813513
-0.555928749907069 0.4322864601298096
1.6126702370681993
0.6753658247009817 0.4326859954565436
6.135280983883866
-0.286584050310586 -0.6219878046958225
2.526267860810978
-0.5635525266612076 0.6276649277322612
4.739127328957559
0.855252118347725 0.1472187204010924
3.257455487343103
0.9937003316681399 0.21598669657903022
0.018795169148340563
-0.9150858745205973 -0.7914395910670858
3.1374519275750314
0.5760373552418979 -0.47575041197979356
0.09241091968364135
---
36000
83
0.003337151955677487 -0.7446182831424472
4.239928578913024
0.037777238488174436 -0.7347968910723469
5.248843936509174
0.4596785083136095 0.5475074118693861
2.01738938182457
0.9655403834401542 0.4769592076612981
1.5822434427672105
-0.8449209951893387 0.9231549937980369
4.867768788037884
-0.9942583475433326 -0.010751351080825353
1.2274747152928365
0.22104196788735966 0.8839249683120801
4.852415986743188
0.8112652733066403 0.24084992277366876
0.8537183754960722
-0.9038313443808232 -0.7724612324988629
0.8953802826130115
0.9105679289319918 -0.05925697235532223
5.770249503666344
0.6538171569378464 -0.3285948997697389
1.0485357848536445
---
37000
81
-0.26662781637018795 0.3315202377422497
6.13906857481563
-0.33876669844509555 0.6865908676323236
0.19336309577582522
0.7908048414565222 0.39862033615484616
1.149491810427386
0.09685373861275515 -0.9542047416735098
5.790221967529664
0.1170289319735874 0.908179915987634
0.6770098277245395
0.036010702509466426 -0.23413719886704792
0.4553964757531528
-0.15921048534843935 -0.31118199752756176
5.722743884029159
-0.05638835723911045 -0.36660832263643806
2.4720696100412534
-0.30599244058155767 0.8012363879882892
3.7933274254550646
-0.011628645619257215 -0.2269876789028934
1.5861424912695021
0.6302707757483839 0.7217250801282565
0.11143718939540559
---
38000
82
-0.8036402913382171 -0.2712411007660529
5.699889313766702
-0.38479363928352645 0.17109368728676688
4.662253675128597
0.3462090738919039 -0.7969741884926782
5.062061357533384
-0.30849266901787475 0.14844973639963427
5.473980466478373
0.7152213683192844 0.2842685462893974
4.341626540438377
0.5708758202168949 0.8750349452192676
3.5612412854154707
-0.9845580971929824 -0.07802121554883032
0.43718737483672054
-0.34545883448472997 0.027480529014562403
1.8330002072764398
-0.4575984969397813 -0.21342554494741292
5.985487202959511
0.40052424862910213 -0.8709525235784364
6.267811628684543
0.17691848191938367 0.5597252478045531
5.898235046779428
---
39000
72
-0.5600510595408561 0.4186429641089852
5.192410322332452
-0.5756492839433056 0.4465985744714262
3.5785942655456546
0.2668706743994034 -0.6929024477571388
5.352301430707463
0.2904760500898759 0.9199137326034637
3.912814563178178
0.8975999476657178 -0.48499336882117655
6.059390458837085
-0.3332004163139665 0.2341158959646669
4.6963804913688625
0.6354325999599127 -0.43987380940818593
5.547964255327105
-0.8112152021934986 0.46590519886785364
6.045142292417992
-0.24694058578144057 0.8038066068741859
0.8407612899449664
-0.8377384593644016 -0.20273532899402497
5.3708572482332375
0.3936064133959186 -0.5010802767911182
1.272267656778327
---
40000
79
0.14064699786149842 0.744109018248829
1.9165187003122859
0.0502851140451885 0.7324829529870891
3.127469355888759
0.560852263878167 -0.8053505239781826
2.6466631034768264
0.9530355323427984 0.3242097728910277
1.1632085597653088
0.022666278310352526 0.407262787685701
1.8580305377028912
0.5085910440949951 -0.7604978117793268
1.5164004609991988
-0.08647379566425714 0.4464111478304122
4.075155185407531
0.9965112691878351 0.8408055304767135
5.926119429081122
-0.1481013920747561 -0.9404284562330878
0.6456576916535539
-0.370819511424734 0.06592460248701099
2.3963742674791453
-0.10819686866123021 -0.8240450164780154
1.91527790640112
---
41000
77
0.9805572794266272 0.09700201128021847
4.394877945906296
-0.9840972637356376 0.12200525191630816
5.824409734970259
-0.5754566199318475 -0.5771703562431376
4.640537752851418
-0.025894906308044148 -0.7185167699494258
5.966038213925496
-0.4259637438668108 0.24485643045154215
2.999207992357859
0.44616634112219555 0.37246922421999296
4.24172615464817
0.24936074463185237 0.6953019548481753
4.129938700061068
-0.689282892826772 0.015285428332001038
0.9632520817124401
-0.32833959506373395 0.8757074752128557
4.724266866526336
-0.6743083320960432 -0.5168837448786767
4.197705495855359
0.5483024041377547 0.08030551699323954
2.7202980192547956
---
42000
72
-0.6683486423821219 -0.7052510604429983
2.8422065536991705
0.8416722228842614 -0.8712265640714674
2.0586112933211584
-0.04037757114027847 0.16379636774744075
5.135196333227231
-0.19300271081270856 0.15950165186782522
5.652473912170272
-0.7579167897674793 -0.4949055208402999
3.2554093185592263
-0.044681429773763 0.5412018634603752
6.11653855476524
0.07710095594862738 -0.35695072891087
0.3790933485942345
0.3020181535047149 0.3553354988536005
5.0972678833638785
-0.581015776548495 -0.4255115346626898
0.5692935209496008
-0.3675779810814634 -0.09565419501017912
5.853810408582268
-0.6915552345495669 -0.5217301450927018
3.7458253490490065
---
43000
72
0.9460098001802351 -0.7906887806223515
0.40165944614640714
0.7990695345582527 0.8401406248798765
0.48809857695168546
0.31642623646654966 -0.494812798893435
3.5894261659201145
-0.7201360520200373 -0.8514559510460236
1.5135131632018393
0.2603661240776483 -0.5053889870799664
6.088222889446028
-0.0804280503684714 0.3035955906373408
4.886526464322649
0.3408667965105159 0.09863984672062126
5.148921023254832
0.9157609900138569 0.12747329434397248
4.999420916279789
-0.8309504199482263 0.8433293929864503
1.3634162024289376
0.08938997815255867 -0.13557106251602768
0.24940656305780706
0.39142332818851494 -0.5422043494370872
5.31603037786346
---
44000
69
-0.9755565162422496 0.5207254184461079
0.08216882980689544
0.7507512145378435 0.8992103396136474
5.657965561153726
0.12813561131414314 0.3309333855993132
0.06328510274318777
0.7302306803961377 0.337996462373015
2.7944677032145053
0.4617332050189953 -0.6088038894601107
4.661754009985597
0.8350660195047037 0.18245568035636506
2.724340190977758
-0.17385557262881232 -0.7113510094818061
1.7126261023365483
0.10436948188113264 0.733746109612855
4.493316625497715
0.6820305202668917 0.8530251961371147
4.345423012592908
0.39113885589949676 0.9946356811384924
4.0608041591988195
-0.6436923732918938 -0.33297195975318894
2.3952841918284538
---
45000
70
-0.6248475740708114 -0.9118467093923432
1.8737987113959762
0.7191702214850896 0.17132947918374375
5.1949778557992525
-0.49782794881223646 -0.857256944916083
0.23679735320344353
-0.3521683958626985 0.7464750525751545
3.1599384060722633
-0.4810643312547402 -0.5069821776008595
4.123733189900035
0.4875406080210982 -0.40324673850619663
3.8680348383769134
0.14388487609556083 0.5088648406033102
3.7576777718424923
0.7244135080522887 -0.9265759117430696
4.29029422536096
-0.45801611272936904 -0.24388725926112126
5.1121906263174575
0.7533110149298172 0.03233948006258684
2.9805600566985886
0.045606049994080494 0.5639436917654642
5.862646761607925
---
46000
77
0.04399666381508867 -0.04315181935063729
2.9460488502337587
0.17959004881228885 -0.2680900752611899
2.077987482820034
0.5159770388609524 -0.6278502904251898
3.604303363556066
0.439758278893609 -0.2854947284811193
5.521647650537619
0.5569191563457766 -0.9583039379429265
3.07550523753776
0.17268877558861112 0.2623493517444744
4.801052744617274
-0.9038867236760665 -0.7098799369951068
2.9126755254254517
-0.7496336387868198 0.0491092441642733
0.5985281182782884
0.2688163629858795 0.8922491954352813
0.8650973889413249
0.1083889551576189 -0.22889981968489098
0.16564205091408812
-0.25225584348856933 0.25021302084438
4.92559950887836
---
47000
64
0.6188687360252069 0.10737248333239248
6.093600859835286
0.6111439134127147 0.10546175921399398
2.2996782851222823
0.7495414450032201 0.8362790387084585
1.2511052288214763
-0.4171132250935757 -0.5556277008329789
2.5670315453698214
-0.09656414101162743 0.4576032269607479
1.0262219647603352
0.5669977528484029 0.9453678237568184
1.3264581475705253
-0.10165244067672663 -0.9554485182327798
3.0958431217972286
-0.7838791768128271 0.9845912309675406
5.20629418478767
-0.49049984374426026 0.47308669096764827
3.9027717502587977
0.2481295180852027 -0.194240431430436
4.468883159768201
0.5661984859181072 -0.05640923989873731
3.2103073270461584
---
48000
82
0.7565937677759697 0.2817582614124844
2.7004348802522715
0.7435366291363475 0.04316879216301431
2.2648282680892997
0.01327901882038761 0.3159624743508041
1.3691114961405315
-0.22650634880910897 0.4079332030094327
3.575660601511405
0.8178324874393847 0.8499715748646164
4.544418365300501
0.00034952925558777437 0.44216917653036375
0.6808413102769268
0.5955926419357436 -0.9374555407925433
4.977728877523028
-0.1544665732817463 -0.6743481453813178
0.9297558513297925
0.8715031472858898 -0.5436599203040704
1.8265253576837615
0.009367049594649578 -0.04110006931336403
4.796283879638984
-0.2641415884948746 -0.012036276978908786
5.98789770470114
---
49000
69
0.8791310296282591 0.07066341865105336
1.1120970323305883
-0.7239750347203369 -0.43627547386541593
6.0516494909752625
-0.5114768777168016 0.5783451882857918
3.336224776156927
-0.677494178855724 0.9123958223099817
2.024879731255215
-0.747412755381821 0.6545672082506521
4.131894531029648
-0.8620281967418284 0.6008861683606647
1.6336646711274927
0.7759631692588973 -0.01868810358440988
0.0419749689122737
-0.7716267115604762 -0.3758276316006852
0.2010673703462409
0.18876184622505748 0.9668412454036479
1.9824210689275583
-0.7182965263337742 0.6791057723451781
3.875386579649705
0.18286511677376724 -0.24086956249160385
3.415895178425205
---
50000
79
0.6686797889829317 -0.5319630681109527
0.3345315643299834
0.5114469227190318 0.8588693627394448
6.24314869393611
-0.6457998238754009 -0.25233563430276734
6.081452738419821
0.8165028765136981 0.5757512283844516
0.2859114332676258
0.7703950628935194 -0.42966202406225334
1.3964815916929272
0.36818872175100215 -0.01344173089225251
6.108288583929477
0.10896439971973755 -0.6878094524824545
5.824601412654234
-0.9740632000091168 -0.7958065561100409
0.6899519352593708
-0.8814331970760303 0.14801390546763016
1.7691778105496931
0.803497239506318 0.925793737158751
2.428980417535673
0.8609327186411135 -0.2795874667619496
4.220415840526624
---
51000
82
-0.8394859876552501 0.2020585720588639
3.0236332320458223
-0.4292993807315566 0.6914661110879546
3.3160142040576934
0.8612193896969956 0.2217762729676441
3.5656025176321826
-0.1852936946214038 0.2517905323345362
1.674302145884714
-0.21926176038528533 -0.879522869334298
2.828654437365925
-0.2827392496348841 0.4062149750744159
1.945194391035466
0.28383942483885133 -0.00850097348591266
4.824087483251129
-0.517575609126362 0.6172267179437356
2.124038578031276
-0.3362067516445171 -0.4670349816376548
5.51035257692499
0.929846930806419 0.9448715241006265
4.65030415134045
0.35316139776449834 0.4302350629004356
3.040247198244481
---
52000
82
0.08951513329193655 -0.4604299359016575
0.42155568636761104
-0.17028925357480876 0.8249864169451674
2.7528075298594246
-0.1834764863464548 0.2988268572650542
2.1072936438372745
-0.7975229733761714 0.45980833261609255
3.3280801700899714
0.036028947030573764 0.23082998053586845
4.913439617625983
-0.18556721280898958 0.4856513492799841
4.685993575478148
0.164515631322658 0.680920100279465
1.4660197657947203
-0.5482842807211171 0.6552258542267703
0.5334395853665628
-0.5631677024456336 -0.16172387430812932
5.752211819007195
-0.2915871452099121 0.5308931364043843
4.61100975525961
0.5261560024001088 0.055632715777694436
1.479436203393787
---
53000
74
-0.3866553559248153 0.0006059175287539953
5.886254733077161
-0.3728936661229789 0.0020252940464788962
3.203039256338384
0.6379315662682183 0.7238187536937188
0.3204709422504468
-0.05841814403459447 0.07876235501583093
5.057499617867239
-0.9511108751297441 -0.28679698186553415
1.6741507889934057
0.46063270797176326 0.706795379775823
3.6981155724636263
-0.16809373695239166 -0.03859089950058771
2.015548852291632
-0.1748122659241566 0.049191396712251576
3.274202618115666
-0.8268014691891011 -0.6019215205437403
3.489318434725763
0.8161618708807018 -0.12086819879186103
0.7101901124727146
0.8508373298816685 -0.1974369635351823
0.29204123131314663
---
54000
65
-0.26932669768055584 0.15881905384140738
3.158103669957003
-0.4086059575576199 0.17115012825059644
1.254843058769704
-0.9156287207344954 0.23208686048905477
2.1218588314429385
0.45289333957323347 0.7182663319488498
4.114331830743363
0.4217979817269667 0.9913710592353585
3.392212413863553
-0.42196698783912057 -0.8125482392925583
0.7391962684208195
0.5087504694124996 -0.7179445873180593
5.4318257670284575
0.73518741549325 -0.8440615695687569
1.7857128542688923
-0.041955127900510425 0.5081182423163465
5.059661452665562
-0.4447387401347466 -0.2529183612979884
2.21079328999169
-0.45146076710921124 -0.06859928801938699
3.242035856558118
---
55000
66
-0.4582880553269977 -0.25946375079026585
6.191879604173745
0.1711418956931357 -0.9479941347693397
3.4398508017554414
-0.6962775030502408 0.5236593063489905
1.707406159553008
0.350968745193753 -0.3169247702000329
4.972878680662811
-0.553139593628839 0.15301614902400795
5.309311849144783
0.38919876922058994 0.17987390503468603
2.896418266550122
-0.10209613314437958 -0.23633857526195318
3.4423852102690464
-0.618483580748484 0.3368033999447811
5.424196587018917
0.19928523606543938 0.5922722339669331
1.9873053661158302
-0.5260006264829618 0.6766286906127095
4.183830787718396
-0.7674400417642606 0.7798292008623338
5.241664128097707
---
56000
66
-0.09501366401168834 0.5298076396691312
1.2980721577926198
-0.9945386286473108 -0.08768800114471542
1.116396386776736
0.8115832998876321 -0.9695287361612419
2.40826135815513
-0.38839792129089534 0.48711209365512476
3.3084103162174188
0.5185107000572454 -0.7221880487987891
0.5034362431999311
-0.8767391912142353 -0.9324908158815074
3.403978357028297
-0.6702037375044703 -0.20335107954009124
0.9697997052844975
-0.4234031379496609 -0.6733699205158633
6.009936900818888
0.94701796671094 0.7260859782410123
4.318197242743753
0.7635571739883669 -0.5074067679477003
3.4392369326956658
-0.11714491878589935 -0.5357408555433314
0.4863428374315326
---
57000
84
0.8065662634519496 0.8971629806676138
5.071342100320655
0.6439296013505794 0.02184641394314875
3.2373741188755876
0.33514562574549145 -0.7559647626472519
5.892890805501999
0.6468197993737892 0.755351385426388
3.8964596433320775
-0.8300053290386935 -0.4109773615370437
4.837162463484925
-0.36337142328548605 -0.6801838306212867
2.179338503906572
0.04340436419868402 -0.9113609549822796
4.7917934750386495
0.7916600407243284 0.9225622297087437
1.9628506946216726
0.401407282631896 0.5094861575271625
2.0507945557771823
0.5489458428712111 0.8130797401707326
2.375392860012103
-0.0646062826728906 -0.8580788311724625
1.956012495354365
---
58000
66
0.24886551864013776 -0.8820539828320476
0.30892475577752077
-0.015983052000608816 -0.8689640300767273
5.360947923559431
-0.660750701286764 0.39222271079111104
1.356074489951129
-0.6879303150315138 -0.3252183140173609
1.8093187925195275
-0.6512507703445245 0.9358147720789617
1.5704834875942515
-0.0549834149292354 0.9516921519952206
2.0707101504452936
0.9051760169887741 0.5916884961927917
0.7765399554481078
0.8304491214045744 -0.22442332646381227
1.3844064039391846
-0.7797671012930857 -0.5516814714869219
1.3707272906836199
-0.6650643203104429 -0.9005066432418921
1.249697208072609
0.8674311865185332 -0.5499352730105939
3.257184144105376
---
59000
75
0.21745795948553856 0.9361476799081986
0.8467325792534467
-0.1613513897451177 -0.42005338185988256
6.248308172616383
-0.4441384895044779 -0.4804668947501159
5.926739019026102
0.1901503644404815 0.8333833804747709
6.056622281383055
-0.5941605591064585 0.6503534159089946
1.8054501361550708
0.8092195337178494 -0.7563536538846969
0.4658176168463095
-0.25211703147981174 -0.9636927930405678
3.332610334132392
-0.12037859484426419 -0.5866274862488905
2.8228200895198885
-0.2012411016302832 -0.5148731650291558
6.067655148223325
0.9157475364695025 0.7498244805004136
6.098151923304893
0.901834795339199 -0.9738572317817911
5.0913569410357695
---
60000
66
-0.09242530571273083 -0.25710444055306464
0.9555140853889647
0.262089322256179 -0.21261241377934176
1.5278209469150483
0.0345513836611237 -0.5945670673351797
1.7128745436824888
-0.40038275188061645 0.17385132207106377
2.443052207250778
-0.10265005226542084 0.11767492653799667
5.99689325115622
0.4414573683446075 0.8496182706900645
1.8914765531767541
-0.8012352311385346 0.5197671569159787
1.6226477987618897
-0.4640788572762336 0.9741961689695112
2.3926379716751955
-0.5563279051825428 0.6897855058314533
5.554357957716999
-0.7101349160802638 0.9182597469436135
3.814254893759975
0.560391721744554 0.657081856212578
6.247185066274694
---
61000
87
-0.2505579128595209 0.3666544597113648
2.290150580472015
-0.14487471215203168 -0.14042360168633478
1.3050938689356872
0.6373370581638281 -0.08709425444855556
4.396774419277741
-0.9491079197255147 -0.9507905545639217
0.3083529872582398
0.6967497145037801 -0.5678054024030408
2.312062964390929
0.17295973665853415 0.5897132952093733
4.840620087799148
-0.4126741619765255 -0.2320900877309977
0.685107218825058
0.4953723428468222 0.9519213977033734
3.2924650632721404
-0.11322586029328614 -0.19178192426800736
2.158236299064624
-0.7561442140084129 0.44635962544493724
4.880216344059479
-0.7300857272096462 0.14898610156764958
4.06866386191186
---
62000
81
-0.0966603306645862 0.22261644306139014
0.7016030203710595
-0.9876229899643306 -0.2305765299988719
2.177819163728974
0.6819067780243415 0.5840836161196631
5.403146930285445
-0.6051686500509401 0.6870437007908977
3.0737469850913417
0.06037029459620085 -0.17498901425828378
3.3136023010600173
-0.12952637589255717 0.061240677185514986
6.0470853069560535
-0.12968145920948 0.03773135232656025
2.8316892187808618
-0.2851511102448312 -0.24572685687662754
2.4097077673165694
-0.5924816573230994 -0.6634630101633828
5.644851804934252
0.8713911241010578 -0.2678410503757347
1.7886913901033434
0.08167695230091138 0.4355797629189828
3.5586079188089697
---
63000
66
0.4207722348540983 -0.6855142615135041
2.8672779265195154
0.39537969855848637 -0.7794586985531995
3.4622848649831344
0.8858340336201267 0.39392941432969053
1.4699565045901206
0.5698199616925161 0.9832595334963299
1.50432176042428
0.9437517598653583 -0.19557724967687978
4.78016067549851
0.4539221126999248 0.6555525829070079
2.9624555345419727
0.9366831362267414 -0.8724027931225105
2.8592376605183443
0.8307243189504583 -0.8283176239593134
1.6516232113021028
-0.08847687068896479 0.4213567019062501
2.1940977876321694
0.16958553644474164 -0.8773763356674158
3.3986232385728963
-0.21039893542380178 0.6899718192407663
3.118739796761684
---
64000
87
0.6554253973245228 0.2675152286387366
0.9028277597446056
0.20780922007953417 -0.6702293285772805
4.9128118877383855
-0.26071655248427306 -0.5744268049072307
1.4893706538572555
0.10403405011647035 -0.3026438817501386
1.7656528129547144
0.3601730246273355 -0.011663141504942139
5.175098496615165
-0.5234652319610621 -0.5626461341375105
3.6279065215315587
-0.4985979699146657 -0.8967494354392502
2.662673951113975
-0.9614542801273651 0.4782490219760103
2.138603481169482
0.22526391463310608 -0.44745718129897794
5.545731072300581
0.6065212181480976 -0.9804167070967049
0.02138308957381785
0.83610304119623 0.3843679756696688
1.8050782794517666
---
65000
68
-0.007764477992903467 -0.0071501554013141035
1.9608353893680572
0.13983673867123222 0.20287871411384106
4.520192109860704
0.18127317830050013 0.5333854653629576
0.5271906153892196
0.8134651664365117 -0.6766250141656167
0.7711464724230463
0.20990111620474894 0.1603745807618582
2.793167517078746
0.7995544461410968 -0.3893611980274466
2.3839772431658357
0.5574325764011729 0.4270683112314495
0.46778073661304287
-0.6659945501573 0.6456663978617975
4.6572224416771855
0.9229380055596866 -0.5256426764336709
4.668457339553916
-0.08202257992973104 -0.27536654157029683
4.429023592506964
0.4552150382248921 -0.3739558567310348
5.177949605801145
---
66000
72
0.16728392431065606 -0.08149322103425435
5.085218440166443
0.3847530819299514 0.2502167256983448
3.8903918324362365
-0.18433886195075996 -0.4556504713206924
5.011345225653221
-0.9941928110895177 0.07821103353068667
5.996048934459289
-0.1802974089163865 0.32141404548360786
5.830398956807621
0.16390404521095756 0.39654426392699577
0.9958623812983722
0.2457141464845564 -0.059983780647062696
4.099245647077532
0.24039761618554528 0.5447964142268295
0.2954727615654651
0.2487017369336145 -0.7924618064609255
0.8145921917930252
0.49233887005917 0.6187964070874432
0.960555681693406
-0.3098737729018657 0.9990837486686237
2.7488456835508535
---
67000
75
-0.16268109614363105 -0.7347555230909986
4.782741555833288
0.8840411571684963 -0.16938783857059836
4.4826096150401655
0.6665500920754408 -0.37793283565382235
3.163328785318674
0.022543255792334765 -0.44686649732600225
4.251386976616531
0.232708084589288 -0.2271369380164911
1.3635919146798567
-0.3431478562383368 -0.3900314762884266
5.537791250000139
0.8726186656164701 0.039741470962943976
4.949983615421835
-0.7434231097106175 0.12456375401746884
6.1469173186853725
0.6124618579586292 0.23341431052204442
1.4736701439782598
0.2561759393302004 -0.7939978972569788
1.4273019640848217
0.033405220101402844 0.0305547278996935
2.772930110398363
---
68000
76
-0.4741173589475033 -0.33645144979223035
5.352174546993226
-0.5100208044129222 -0.49942809557977996
0.005885967084640953
-0.7900536868110521 -0.16545191371693813
1.5789703747552322
-0.6800540109095986 -0.07162165095745585
0.36953852381203767
-0.574941194082651 -0.55663159248675
1.8872186062595002
-0.5522161469022462 0.7063835121194914
3.200277554703796
0.5786467637480915 -0.5750964278756184
2.180053680345158
-0.85215830662674 0.9068874820484372
3.5445366109371417
-0.39961940973388754 0.6152612059735111
1.5975481070363209
0.8192841433844833 -0.5008977603807103
1.7951238814427724
-0.4008320673008924 0.10741511098562627
2.9552990002543194
---
69000
69
-0.356818378081108 0.6476658292545246
0.9249103978654316
0.02956968313029532 0.8934998179472633
0.6520515999321859
0.6488182025920973 0.6915566202750075
0.9891582740836133
0.13440491007915223 0.4056771689308041
2.342626404284733
-0.5353842437346389 -0.46300629525024395
5.998258572462094
-0.5975116798013391 -0.560847085166676
3.98998426487017
0.3312666741271492 -0.28429003281519905
0.6203622232012593
-0.28408725463770396 0.47440792956544503
3.912124699967772
0.20686089268914082 0.7100355977744993
3.519917795831554
0.9511611410364442 -0.2473941295018241
2.9938109455357793
0.05811658762279741 0.8105927653548268
3.1395604597879627
---
70000
75
-0.17668222797339486 0.13869711113157146
5.619141420595005
0.8367457694676759 0.13298770314773353
2.620143151390568
0.9941059520248443 -0.43358523879240257
1.9402987910393925
-0.07548891537631748 -0.5189290739068737
1.1447938364982093
0.1275359970919552 -0.010555944243537181
1.3005547660809045
0.46845343074918466 0.7948161264898912
2.152252980702798
-0.29651132508210537 0.6905904895482258
2.6154394517439705
0.6491106634873899 0.4306479699296326
2.570254125846815
0.44435735099450485 0.9088549286699332
0.31177606854092854
0.9060681383698997 -0.8519979895250079
6.028491219310521
-0.2982861151333812 -0.9517102929460758
1.6833953918715387
---
71000
71
0.20329592040998035 0.8711463851098541
4.069523974170402
0.5528838563183655 0.7985414680199979
0.3903533721760146
0.7017314223170465 -0.8698542880832918
2.3645027429505014
0.7495713616163783 0.36822133272861934
2.331722511087059
0.058879419885691134 -0.5461043765479311
3.831508598264927
0.542921456667255 0.9880250088427089
6.167228158217098
0.22228377683545628 0.8196142101887052
5.943585255543366
0.14119587051243 0.734111321456608
2.7810986371323905
0.5200904062501828 0.16807042088834728
1.1288777826795036
-0.058156648856540205 0.7083741567539816
4.623658774890556
0.25787631779592013 -0.02414793767838916
4.146753372535096
---
72000
80
0.33447489098792904 0.6850562819478863
5.425846807315541
-0.5802860094021316 0.6021529478701902
6.110832679089625
-0.77000579184895 -0.3197568882101272
2.829004427525411
0.09596895990320017 -0.6455596713170169
5.5117331289176015
-0.36267553768524496 -0.8216086472835435
1.4620763660577865
0.018739679376800034 -0.4661660268500528
2.5264394896471227
-0.8340687760524648 0.5354464502350447
3.2453163432653573
0.9578732334766801 0.4942903239650498
2.9972981917196817
0.34666409615705873 -0.26826750301922037
5.140040564272996
-0.12014202903853069 -0.35388969524863817
4.974911429114762
0.4453838564572614 -0.5403695533652578
0.45738446311517134
---
73000
77
0.757094131720506 -0.9745494187594907
3.3962180842258407
0.7824113064174557 0.9489054611081703
1.5192982029827835
-0.5561592643890627 -0.7140473102970901
4.051662129871085
-0.282931840689234 0.7925373726576821
4.251343801955263
0.4620959044882539 0.8705712658312698
2.1308692348063056
0.9152732807836397 0.2628776924900959
1.357786283229074
0.6998303552493709 -0.6583161854987066
3.234249804513448
0.5707760049523355 -0.9954197148654726
2.3050417657511924
-0.4752826221870455 -0.7510244242233843
1.1695111517898686
0.29176264372521155 0.5405730622258152
5.439346090251958
0.8258264698955571 0.6362253427049568
4.633787747945746
---
74000
76
0.20343331882945379 -0.9363484316599511
6.091357004123014
0.59753766135318 0.8278549039489954
4.602594029081157
-0.14216541087361156 0.6795890817347198
1.007210606603814
0.18904269137130697 0.290937696995428
5.553144078215004
-0.6577382980083133 -0.18722703852680508
3.9521439864952033
-0.6843571744212426 -0.8323530209695005
5.427995974737995
-0.6313066501669188 -0.19823762843301213
5.000065838945879
0.4345049257043988 0.6344787684757746
0.8333414000472921
-0.8205005394340792 0.8190854208516348
0.6852360507163597
-0.8052034234658251 0.19152318377278807
5.2192461830015136
0.3677357598280243 -0.685634973395487
4.5451758883636355
---
75000
68
-0.37015535718870574 0.5809195732757277
4.024067919431181
-0.4766499774539339 -0.6625383514370528
1.2172212498023054
-0.819731257627617 -0.31252823602794827
1.0511383842406232
-0.8022496761792305 0.5080655211366237
6.061536735685785
-0.06976485085890102 0.5240365050940641
4.768262502277285
-0.5042939529607888 0.13181467386226586
1.6884620002941757
0.4444546412868255 -0.5986156888675581
1.555543462944593
0.10498728900596771 -0.2716851875938117
4.077766424090545
0.8132422372206038 0.24915825616661078
2.373950541172891
-0.18159579753146574 0.019947986314670985
1.6504577846611364
-0.8405103660775047 0.015405414061239865
2.7779005749850914
---
76000
80
-0.9999133804376915 -0.19342233596319583
1.8422404522021578
0.9654477015108677 -0.24024787700018024
2.5400965963412645
-0.544015528812391 -0.4200549336945541
5.903113880211544
-0.011472752188148557 -0.04165194888032223
5.06133535030973
0.54687053099791 -0.2453053299533235
3.0136780984428064
0.6509613989336721 0.3623471370401422
1.884917773741443
-0.7027453766509915 0.7323290553967821
5.742923279347676
-0.0027591395981188607 0.12950352153352132
2.8046230070792397
-0.7026129675043353 0.9128174799000477
6.031318238570262
0.686656038022774 0.1665258942396876
1.6371857399877623
-0.05277299884492995 0.6967228109196154
4.965060943870163
---
77000
72
-0.7870513798740016 -0.18678137060254407
1.4067292145375216
-0.7469158887453609 -0.3656096194777408
4.68713783894268
0.2069212036295113 -0.5693069753727529
0.6861767115437472
-0.6733589126785288 0.5428088172944031
0.764917655507726
-0.7518571318097481 0.013732787665441781
2.3291421667962884
-0.7418547773595107 -0.22440242886599518
5.040866820499943
-0.41341032221162854 0.21087274535528835
1.9873009158337842
-0.16491039370851895 0.5609774520786176
1.8810370034286636
0.8246113434333671 -0.9104892601159681
1.9331164964267575
0.9613686855952971 -0.8068868451606271
2.7914767606294415
-0.5608993205097834 -0.30157984278031685
2.992502220071926
---
78000
71
-0.8486817655430398 -0.0680556720731284
4.572888292912433
-0.8120389150937302 -0.09155816912748241
3.964532993070394
0.19161580240910447 0.9736450824894044
5.666592484639758
-0.0989396392978123 -0.4978082826836816
2.905257649309962
-0.445975408164105 -0.5091359619092722
0.40922227693170665
0.430583353273866 -0.48911165136946855
1.8545963486333266
0.7380886205203303 0.3610180082294766
0.033950879795242805
-0.5041090320996506 -0.9055641763103205
4.722455899530789
-0.3468850961744121 0.11418943493357153
2.9736803696107152
0.789721990580702 -0.2691484505229162
3.556973269287254
-0.6615075308202046 0.739005083391899
2.8816490911100523
---
79000
72
0.20926981273753886 0.37645090002871273
4.227744504902441
-0.8780246882183343 0.8545154474659843
2.387238968689932
-0.6367526939951176 0.39156920879375584
2.712527967026827
0.2959963783734211 0.21457970807955623
2.543611346479965
-0.08258677762309496 -0.614590678815746
4.505706959293711
0.5177506295883899 -0.6172710105206649
0.5113112911940858
0.7614779656515778 0.15554576232391062
6.079587362588477
0.8317463969444763 -0.9239346273229408
4.748073177000186
0.9778448605604309 0.6337858943944432
3.62229989733142
0.21435634524543168 -0.378099213167849
0.27070181386607306
-0.32146051935373354 0.3150368236706279
4.662466767019926
---
80000
74
0.0009842914179352714 -0.43072161272552917
3.471376322341437
-0.03153822089701691 -0.37259110543911245
2.472754550672229
-0.580684641119805 0.5249537719923931
4.667499628921822
0.1538798451811677 0.3678127844432517
0.08835612247143843
-0.2667827730200536 0.9173798147253065
1.452817339458261
-0.050317306360091595 -0.19479172245210508
5.90117081791742
-0.16242509796367233 0.32541512731237104
3.4160887008645346
-0.13518186621472209 -0.6111557428882285
5.299196557885917
0.2901515130820361 0.38812891043776393
4.371101467060754
0.9465105593055914 0.7619655085437055
2.9962575750150924
0.3447240089092277 -0.43800410237897086
2.0840351531817882
---
81000
82
-0.5993630331687929 -0.3391736958613694
5.672212726246415
-0.20158760895956876 -0.5800799129451455
3.960492324023118
0.07644441111509945 0.467312526378459
0.5304145686873278
0.9306600356330208 -0.4477801315960511
3.714496108656572
0.42072791806936644 -0.8352867441947144
5.170707114365055
-0.0327286723724802 0.28519838020550586
0.508396462499344
-0.19088531732075875 0.8391063630912357
2.6146164080781373
0.7126336382228305 -0.31282025768376676
5.178172733942607
0.97917656443452 0.9847925971956007
-0.2234298347969435
0.4821380087531288 -0.3925656698648827
4.046131177083443
0.4577158480410435 0.6254893713422356
0.5776354133849644
---
82000
82
0.596178617585889 -0.7617334605050439
1.2912725492148422
0.5525251687953183 -0.7839970495069889
0.9620265089831159
0.04601882936551877 0.8262140593131744
1.5412165727267695
-0.019299076087807048 0.7414053682339135
2.7066421178355506
0.8089787553610942 0.9303585550469374
3.426707139419557
-0.2969777259640122 0.7544789393913895
1.908554770090557
0.640230317790204 -0.28730837079253696
3.2043804222721795
-0.22112143354764202 -0.45735862556404355
3.524133183753304
0.20247942053322057 0.334074729846929
1.3664789315445374
-0.6198441102127733 0.03983567130597636
1.8624351343116983
0.23731940170651 0.5159674051784743
6.088207112953609
---
83000
70
-0.39745475238129724 0.8389253885597671
3.1989615394435438
-0.5664085702478157 0.8005322599485447
0.26194434187886184
0.011088860609152831 0.13046091368646268
1.2611875464277267
-0.8604694806999353 0.7764193618419819
0.7584799058066034
0.7486099068562013 0.09465953777767203
1.1871981081777214
-0.5281422244273275 -0.6190915745383123
1.207068050458114
0.5776004811491188 0.7026043250131054
3.4924821770553587
-0.07044957690817341 -0.11440412789291252
6.207252494362436
0.7053737141436929 0.2201091728030138
5.142417241465915
-0.9430484985917224 0.4645989894165118
3.396073356051973
-0.7868145928603105 0.0239488915038608
4.671606679021318
---
84000
88
-0.4930084568146455 -0.873952155630082
1.2330897938227545
-0.22360485866666147 -0.9421454703456589
0.24239802890035378
-0.29167716456488935 0.4773082519470612
5.4406479685761635
-0.9641846456998152 -0.2503318114655819
2.2438806414118107
-0.710136386147684 0.9495345240225848
5.616580270555298
-0.3162135379373935 0.13380698059770701
5.529745896543691
-0.7861790295641247 0.9090251617839944
4.052241481717518
-0.054843738833302284 0.14210932950851515
0.016450788663461502
0.6550197039444707 0.5622449623973408
4.981620346083842
0.6477357215199316 0.1865353371437456
2.9724089131149505
0.43275088440775306 -0.10271224370245756
1.2865438992645588
---
85000
72
-0.2706325269961177 0.17958039315329638
2.9582757377567654
-0.5365917818147257 0.45032124752391806
1.6632002655967986
-0.4865788810874303 -0.052622316158192815
1.6297467819741867
-0.5708896236107872 -0.35553652569749694
0.4818656506049015
0.686658710527055 -0.9278354107761005
6.12467851901154
0.6290392686293456 0.7507724605668813
5.156058584786232
0.39216747594970425 0.9379294833143881
2.6598022403511736
0.23310889931673492 -0.771201545938837
5.5701268721532315
0.9114385642822465 0.11479622735743145
0.22622438249668964
-0.3378121599327462 -0.5318532035647052
1.9497215697367434
0.11017022650569121 -0.14640051106871005
2.037764250161124
---
86000
83
-0.8885985177602282 -0.2105460979327672
5.122338207435307
-0.7625119899948777 -0.2513371894310479
1.6532963486593717
0.3141073638830861 0.4830569114968942
5.119059881749938
-0.7468240606750153 0.06815695300340094
0.8145629794281151
-0.430459842673899 0.03350126249372844
0.9387482704071912
-0.6045758486991029 -0.13842013229677713
3.5051690595212595
-0.3967586520768702 -0.0076186366573331304
1.3908483167913488
0.8488681733598398 0.9573578204649272
1.1033133535426645
-0.513474428069626 -0.9202854654220775
2.705538149053268
-0.44342319869632746 0.05824885010027952
5.145086566150343
0.2543509187362553 -0.19522882698320265
5.455319065098431
---
87000
70
0.9596523170949074 -0.565487461607668
5.8642949921994045
-0.5943740766601657 -0.27883345430477036
0.03497092431994275
0.9519697275356074 0.9353027741913428
4.608623444200281
-0.4738667923209092 -0.6835556868321494
4.748865734925223
-0.5101744106545563 -0.10353552892553344
5.975567637135724
-0.659107697794449 0.9946048758279303
2.74076351425492
-0.017659262402240597 -0.16506526882407452
1.4124662818073004
-0.127461706515194 0.8751719812776108
4.8377484924737235
-0.5446878881110577 0.06929936916396273
0.649513743868523
0.6670817414153876 -0.14153249365506357
1.487413141801798
0.9861639785944217 -0.5347294374361448
4.7362299349482875
---
88000
86
0.06361269499428875 -0.710526844670497
0.01881899894837793
-0.3245729408657613 0.010649045494838978
1.126510632154126
0.08744617612016567 0.7535502331606935
0.12212135160969595
0.8982697354092088 0.8313740144957633
5.429875648377552
0.3749823871944184 0.21730230752485652
0.9111868989866343
-0.37078271892167636 0.37466871590287665
2.6551284429520523
-0.5545926509200287 -0.07986842520445106
1.0753273062018156
-0.9185583305364857 0.46317750014633136
0.01882436226747064
-0.3826508064813962 -0.04000755000086205
0.8290636405758045
0.43439909673914134 -0.1930722258520049
0.4269135583607584
0.4717233941550437 -0.7943990020320045
4.303399514190417
---
89000
69
-0.4895464733834821 -0.9746290931419176
5.99163642507287
-0.050436628662904416 0.4285621930138728
1.892870324466517
0.9057309293026062 0.1215197922911983
4.645959842179908
0.8455787396801203 0.3225714978782108
3.6031646831339197
0.6194260448151724 -0.6146030708754819
5.557151623912038
0.7045115772378103 0.5331780512586751
0.9888360132281022
-0.8790984805718164 0.5428103695983777
4.969513463957701
0.7914578905916374 0.5387955324071763
4.724945376682177
-0.138552848590736 0.5719039843881841
4.744680055499303
-0.6329088307079213 -0.5156835321876704
1.920495729354493
0.5737503670719107 0.8163218872185422
5.112093716730512
---
90000
85
0.33368053247832685 -0.36374049518493157
2.6618607285400744
0.29959644719377104 -0.3739514330064827
4.525512842979964
0.7472423678505307 0.9175226525640687
2.3315779283231484
0.48998245190384454 -0.061870357653873206
3.977886810070448
-0.226953258461927 0.08761208086639284
2.285973386527477
0.5684033385678505 0.8773603784884136
5.025493342032528
0.04090967393811033 0.011323544274955783
3.284965900241602
0.12161227514554092 -0.11688771248789057
3.735717091789648
0.7122950696779031 0.9728939606940269
0.312106672243166
0.7452264471237868 -0.9842040820190552
0.3484632557108691
0.3650678383088979 0.41348614975020476
2.8104319799438224
---
91000
83
-0.46438826454854926 -0.8901688258798963
4.267205521492372
0.5109251371300213 0.847673152939373
5.6182308359116675
0.7422167094289827 0.9326048612141993
2.4951644790456253
-0.35729820979378163 0.3286073358220174
3.966869629751139
-0.9912648840316458 0.08391793943575476
5.793431802143986
0.7830314980033664 0.41591604006095695
1.8477006333138437
-0.03691678134033486 -0.5194326527880921
1.9601460179249717
-0.46311246653578336 -0.6800360222623578
0.5368822186804589
0.9854149819967757 -0.878688541468355
3.952592240361006
0.1849184893207667 0.952568718234083
0.8584589052121192
-0.5367851245188636 0.9354238620352825
2.7974046741025598
---
92000
76
-0.1493388753534109 0.2624393431739065
2.5387500662359432
0.12862344415978394 0.1961849483722741
5.378088347855317
0.16947252122004244 -0.7321786447254132
0.19025335437958635
-0.6732931487538786 -0.6202684401722063
2.3341503241749573
-0.2941479255021582 -0.5548458594050228
6.264628243095915
-0.5159062175779099 -0.370333573637835
3.4956557756653606
0.17154448580738668 0.7908997120304939
5.275230730075017
0.5661962862636493 0.2771923878604909
1.9764208823621505
0.33913320397607394 -0.43977224444908325
2.019346961116401
0.9977976292338735 0.5467990517388632
0.8704063616751521
-0.8125686633130287 0.7314055797283502
3.169442028042223
---
93000
82
-0.04377598409068405 -0.9709376541167626
2.3133422200967915
0.6746330516903999 -0.332960036506432
3.7594646099800073
-0.9657321786805021 -0.2995564782099095
3.5222607632548986
-0.2421946022059952 0.3769365805851904
4.306361957159171
0.2510977056533886 0.3165326234237878
6.15292919145652
-0.7301994108554065 -0.1803698209957701
0.23842232428132792
-0.7989341925407637 0.6524958860302628
4.340574309087815
0.9457041409344742 0.46887747859248297
3.6033631654888465
0.9515752074524874 0.25430253384129553
2.2996533750175923
0.4520442564013568 0.0017459436890458827
4.705179341708605
0.8171621650022411 0.067175534548707
5.21139587552507
---
94000
75
-0.34649335495036365 -0.06986016313659207
1.763244864134809
-0.248331795432075 0.10508649381154946
3.369626732633745
0.3612565891742467 -0.8729039308142836
4.585839381371038
0.5608904708926947 -0.5856122725876847
3.353822741826238
-0.22012289089192905 -0.3442526169823326
0.0660878789638728
-0.2625801631141792 -0.6863838962855487
4.171880589084643
-0.39821152429025863 0.624100417999023
1.1254322465978535
-0.5958967623449041 -0.49359411333199166
1.7235164558283635
0.7970319940270798 -0.8006927742166287
0.6044378927761631
-0.8712634264717877 0.32360703326226437
4.452591175506049
0.1203560875907498 0.6819632511549326
1.0845394326656932
---
95000
82
0.10040060315324244 0.31403407040006565
1.6046713879725227
0.1065530075794557 -0.4826687513803268
3.36181438577968
-0.9036974543011516 -0.10745076329278799
4.530761844253685
0.77749761027265 -0.05100750256094606
1.4323070278571421
0.29927975422704167 -0.6840475817313323
0.11805041739850353
-0.8927690410446653 -0.3343718045034207
1.8218309372970882
-0.9415973854555059 -0.05551848821210011
4.640510479339305
-0.9600377704433667 0.24489501126778102
2.4602220815768026
0.9779790230880436 -0.244991365434876
2.298208957232948
-0.4171609981973609 -0.27604289291145323
5.563711188716304
-0.5341626289263347 0.021069415659124954
2.5428571457863143
---
96000
79
-0.3488173005919335 0.13462303062253828
3.2951393310640418
-0.3470685185136048 0.15683628575702746
4.413664579141059
0.028812781950855883 0.2145380961752829
4.152576418109878
-0.2099431240814432 -0.9384279639291011
2.346844301825582
-0.0570529812781126 0.6574692639779732
1.6607074477074706
-0.1244094804506832 -0.7345531506497232
0.13482849007474107
-0.07677495719994823 0.9489125046681429
1.7926321528334221
0.13452748105341247 -0.8538321994786261
1.261551207455672
0.5897197566719207 -0.8211565932192585
6.1603637662877935
0.054566555881749086 -0.9476403533346968
4.975722983934828
0.8993618435719638 0.261498460131966
2.5279750504565666
---
97000
81
-0.3983307581490489 -0.5320300665946155
2.7353833849551186
-0.0658766525445843 0.7038228482121546
1.1323213720912033
-0.1740992510066152 -0.9878464886086488
4.389406769543186
0.1740414787309207 0.8580316955468257
2.5608361354017397
-0.38597454580861223 0.3715217091677525
3.3631106115827034
0.49391237563941887 0.9221298403071803
5.604126894059483
0.7351547866928075 -0.6843679041360068
2.8484546959246106
-0.3316655649128457 0.7604245477967663
5.093832708279245
-0.29032035067019335 0.15613576159098286
4.352582042166983
0.984886852817507 0.06412428178829552
1.6473386979564024
0.7867752993060257 -0.40317091719690956
5.63498847992181
---
98000
85
0.7159973892079654 0.3804559497559567
4.375315349872918
0.4828968731079275 0.3869673738925843
4.566056072720701
-0.6224328401227689 0.9032506977617055
4.784546182263572
-0.8474061922570751 -0.653486662748561
1.185226457240316
-0.9988314211123293 -0.7966356394621996
3.3976204144996407
-0.9831243176310942 -0.3552817963826999
0.15976350872313727
-0.06489932729237916 -0.19933388992996548
3.5191452808139556
0.2801004798911271 -0.26224733177053605
5.258439319488228
-0.32723205444218595 0.2604239743970192
6.097470207676402
0.34779672917898774 0.5422037854122084
0.8462946030271663
0.44345526646482664 -0.11320494177000022
5.232712019327797
---
99000
71
-0.09803827939013882 -0.6505839119968773
2.0851034360639176
-0.5674256688257231 -0.7701186183150857
1.0481348551124343
0.6117608774758426 -0.07752409054452111
4.871557897949703
0.8954763199442651 -0.28141608054361633
3.1022618013302576
0.05435431958875284 0.1310170388087907
5.283982048244176
0.045742903441714965 0.07868587727796614
1.4620064110449045
-0.5480322226564652 -0.9352070560970842
5.39029471845143
0.6675529205387671 0.5785912059041285
0.4704986882904967
-0.22156895390452597 -0.03675983861875902
4.155712882206639
0.251754430849023 -0.12705476668085283
1.7965122173459074
0.5343091437634807 -0.03529888964722941
5.583592028112087
---
