200
{'run_name': '4_other_boids', 'nr_observed_agents': 4, 'nr_of_boids': 4, 'predator_present': True, 'grouped_spawn': False, 'predator_halting': False, 'record_keeping': True, 'record_frequency': 1000, 'boid_speed': 0.0333, 'boid_color': (0.8, 0.8, 0.8, 1), 'boid_turning_speed': 1.5707963267948966, 'predator_speed': 0.0333, 'predator_speed_slow': 0.0333, 'predator_speed_fast': 0.0533, 'predator_lunging': False, 'predator_lunge_speed': 0.013, 'predator_lunge_distance': 0.1, 'predator_turning_speed': 0.7853981633974483, 'predator_color': (0.8, 0.2, 0.2, 1), 'predator_confusion': True, 'predator_confusion_distance': 0.4, 'predator_confusion_threshold': 2, 'predator_chase_time': 20, 'predator_halt_time': 0, 'predator_eating_distance': 0.06666, 'height': 800, 'width': 800, 'graphics': True}
tick
boids eaten
predator position
predator rotation
agent positions (and)
agent rotations (interleaved)
----
0
48
-0.970398701520407 0.10585342715674022
5.544623337255899
-0.9750282591044946 0.11956087711762778
4.832340996516659
0.7096330703902297 0.6144859671771599
-0.12238998769519037
-0.8900226510844057 0.07522491317265968
-1.925426880087033
-0.17907522205033669 0.3742827063596125
-2.5693615226012385
0.8291461217260985 -0.7932294852619046
-0.13244750534376382
---
1000
54
-0.06568296575900613 -0.41049353603482774
2.9442135292076803
-0.06280610878818067 -0.4128830759499204
0.07977501398975617
0.7113922675684693 -0.49495368768388426
0.852992117054236
-0.44991246133627255 -0.017685511098535393
1.81050343331761
-0.6695403752742948 -0.17184471837490556
1.710244287856467
0.6290003898650179 -0.7932378742667149
2.4664376056944706
---
2000
56
0.8411419069279708 0.8842136280604124
5.792865350988144
0.8612328564166214 0.8705565345152114
5.145695757402838
0.516264270063671 0.5037326874094086
6.0426122027729
0.48007630339759283 0.6063438580590188
4.613963283278485
0.7917629941912221 0.4401395727187683
0.6400831622992014
0.8006939627473437 0.39999777064339315
3.7787986177293797
---
3000
56
-0.7036003371249495 0.797281112051589
0.5759021246224154
-0.6984711967676639 0.8083032653815174
1.5679767601534165
-0.49835155872668496 -0.9930318473703469
5.822334776072112
-0.9534720247611195 0.8670268198199454
6.239709920222364
-0.2365479750937532 0.10227707544627629
0.4028061137391461
-0.5445658088726355 0.6222955698823517
3.759751963664617
---
4000
52
0.20396787690354504 0.9485436972092511
0.6199976341171649
0.19819515876636606 0.9272702308497294
3.9002038866968984
0.7661035654094375 0.3263454978218405
4.3628507907400325
-0.9573262778915083 -0.16441355077513814
4.824677404676199
-0.37073576943672953 0.045508342695211666
4.755596367337305
-0.6645847268137378 -0.38964892978864885
5.1801000054155955
---
5000
44
-0.33790262623426315 0.34361984024656056
2.5075161179906478
-0.32782737877680296 0.3246740177700786
0.6090147797272367
-0.7484688557368284 -0.419673179314282
5.87302535545748
0.7806586326100415 0.7659554138760044
1.9373629887888209
-0.6837310298243838 -0.28309100718283775
5.667459766149143
-0.8783265420523607 -0.1519963601663114
3.1719856359509775
---
6000
44
0.9809510578659063 -0.16379273317307627
5.029447829722561
0.9845821876798959 -0.15613852048352894
2.45650377216026
-0.7402973010356579 0.026157952193791432
6.117970284434422
-0.3248963865161463 0.7712282627146972
0.9345752918760715
-0.8822295166129644 0.48471612220393623
3.276194610722481
0.1539138116555481 0.896533892871312
5.30461580212259
---
7000
52
-0.7605365258456434 0.0858077011135993
3.9223173802312132
-0.7826076419081969 0.13505789403835855
5.1095920056862925
0.12210650653506419 -0.793404127248631
0.2948513332110796
0.13196040509344545 -0.9536637459990881
4.869160715507192
0.5161054839489444 0.9761205338284387
4.0528721554750655
-0.5619289254132299 -0.021287098787565968
5.436847051478818
---
8000
51
-0.03603114329755992 -0.4506129472459584
4.327035417780189
-0.025553402210068892 -0.4760709357373741
4.936628392244586
0.6757974694504209 0.12568852534102626
0.24220512960752627
0.41721206966473795 -0.24083351187859223
6.255271959809468
-0.835954264029577 -0.0038879814525802393
0.6805691086809862
0.7506383862451069 -0.6085687677612679
2.976249253817463
---
9000
50
-0.4441884883123877 -0.050362502615981214
1.1297778889894095
-0.449789748169581 -0.042258489719547716
0.5368105009353972
-0.24620517294303318 0.019187335116975776
5.314615490529563
-0.809498820743401 -0.45771588028026916
5.647113624962731
-0.6052760758927586 0.5496790438962981
2.5728146539310472
0.07810094583961469 -0.4599314925054101
1.7142253573538317
---
10000
54
0.19610369285624119 0.9427672142241494
3.2154208918237837
0.1966352283595431 0.9351989247966574
3.882622873065806
0.8890006189237073 -0.5364616925082739
0.10977132408007417
-0.11510563192973837 -0.019826306582469068
0.5875694340203674
0.7162160361668123 0.2831102733056889
2.1179428067232466
0.2579107589233447 0.12202537579332147
3.467740835863319
---
11000
51
-0.29083379086740957 -0.390983729186438
3.948097171933291
-0.29066025247773186 -0.3835221988598242
1.848576808906893
0.0805990268884581 -0.8736224622124475
2.9891301370956853
-0.30915111469797263 -0.7878100697316252
2.50178997600248
-0.2609405573028706 -0.6720327864966767
1.9977312669590122
0.14815665047569376 -0.625420008757081
0.45755991090684933
---
12000
55
-0.056008574652983284 0.6555942955266238
3.686816848791
-0.07839549266218963 0.6497544966082782
1.6735738888654703
-0.945436308042253 -0.023772403894819053
5.665176091882385
-0.888741011232035 -0.13775509615189785
2.3590041976776774
-0.7661485491447845 0.8552689516268239
0.01769478196910068
0.6005897611666761 0.4107893330263589
4.569444027049655
---
13000
50
-0.4176521904070017 -0.49619024341561413
2.0227874715562533
-0.41801901493898497 -0.4969908216304491
1.6573526983859725
0.6318105684055375 -0.10599236542503321
4.033107681956923
-0.5002528367631391 0.7776010102312135
4.1880660083819885
-0.2157557511908515 -0.6237872623248297
4.891424987461306
-0.2599257837633706 -0.2001812211695048
5.120579391142579
---
14000
52
-0.07064984576303626 -0.8468465319842547
1.8662826937819772
-0.08702365131756737 -0.8509396605967273
1.2519271063610793
0.4486219626960923 -0.6581715137090297
4.1795128286889245
0.8528955087930442 -0.4654485033190135
1.834429139915697
0.8199382050756531 -0.8152593848755302
1.6118046612883097
0.2245673339179612 -0.3227318924910731
2.3802979614970265
---
15000
55
-0.9321232897921191 -0.08453916638799007
5.462794452274139
-0.9425385420308895 -0.08158906273598548
2.697083970113832
-0.3254808735831633 0.1989588222056424
0.6757983979010547
0.09064800243553044 -0.6284014641483753
2.5727481321282224
0.4153959994604915 -0.6606621064194812
4.256113724824126
-0.05085306054439358 -0.450634012186469
4.039923235044133
---
16000
48
0.6569272372913367 0.018289832092625982
1.3267083581778476
0.6390836751304579 0.02685255780175902
4.432775117098195
0.9176357714886739 -0.05088941903907779
5.653595620705618
-0.17374320342572555 0.5686919081246856
2.529855012620523
0.46983292323524334 -0.10635739620416275
2.2282570604308107
-0.39802472801238337 0.837373459571214
3.1199145515187183
---
17000
54
0.5818908305843652 -0.8752734579237137
4.50585368762369
0.5780795838063795 -0.8765281497934532
1.8311341190327814
0.38384554935014925 -0.42934642413909374
3.4427540739063387
0.2815071795838462 -0.5047891628986589
3.7890588966987844
0.8785818797344151 0.6866486123494698
3.9202495574138787
-0.827534638074121 0.28831499440960007
3.400908301100544
---
18000
49
-0.8183627374779701 0.020399508547393776
4.364626354216904
-0.8272584377388691 0.026621362639284243
2.1083278299778776
0.7403146590657923 0.033899425278187
4.982187606386212
-0.6158734730946874 -0.6216043033907543
0.18840163065509064
-0.34038594060652216 0.07857323925892822
2.0330785503378292
0.986172438409247 0.6874600289588124
4.768467161462006
---
19000
55
-0.1888078076105189 -0.11629521882326924
0.05900511218875209
-0.17801388403047066 -0.11998609112685601
3.085555253508897
-0.14415357527345615 0.9920735926172444
1.823646955650073
0.15885399778061762 0.2675612463421982
2.116285991070855
0.24466707616796726 -0.21604857795893287
1.0541700906127813
0.46419294044618775 -0.7706588028280672
5.653584536741445
---
20000
48
0.5513657934703148 -0.8085704780705127
4.324542970565746
0.5557065563279129 -0.8259233520686867
2.998378094443704
0.48609624630606857 0.45430236809851365
3.089050759160722
0.33976763668323234 0.19026276394993963
1.3475270759743072
-0.3083818862365287 -0.6658171760859238
3.737958382941433
-0.8840129080390802 -0.5472007185599096
4.055821259682913
---
21000
54
-0.7001538823878977 -0.49304852955600487
0.8491032322920342
-0.6899506302622944 -0.4733513566591479
0.7873956790927563
-0.2623312134900243 -0.7009711309250783
0.6373090564898778
-0.5956392500520109 -0.6799565807816642
0.4444012611094097
-0.9272761117575624 -0.2589400150883797
5.66091263754671
0.3421437008779977 -0.9686463542897511
5.95748262982307
---
22000
54
0.21588304740467829 -0.7252114535275136
3.185790117479693
0.2398532774040023 -0.6812216805519151
2.7174303572193033
-0.31125777081550643 0.16382701586849718
2.5155246123433175
-0.6754801482749052 -0.21283725698689882
4.8251721660043145
-0.44920090785781125 0.37352246975362446
5.6534086545134485
-0.47813882522533674 0.6481119637109849
2.105097493785836
---
23000
54
-0.43836571681307457 0.5660217495801242
5.974414548631782
-0.43387551415110914 0.5707826735008948
1.8549274139132423
-0.9155497488867471 -0.6165168135369908
3.991336653769485
-0.9568723567015531 0.1940210268561963
2.5337683735486456
-0.023290878438094187 0.5177205808154236
3.7386124414238004
0.7495624460577459 -0.9608490870978501
3.180338397114827
---
24000
47
-0.9048093192705967 0.08250617811130234
1.0075245564762405
-0.9075237465898561 0.08962060058560814
3.2510287561196316
0.338329572766484 -0.4973016916702423
3.3613970878526844
-0.9214163808331751 0.43694425921489016
5.503015214237489
0.8969377567816704 -0.2710164978893808
3.538304340050744
0.9986702823777455 -0.9748911796671946
5.9323039152503165
---
25000
54
0.6459169323600849 -0.4947675234265603
3.3683928580103286
0.6493711899210161 -0.5211197151648972
3.3975288546492495
-0.25027396269714675 -0.1206919090332883
2.314436078625884
0.9076648764695316 0.8233521153317744
5.626430000598983
-0.8613322248139484 0.2104219028173746
1.3200068238871614
-0.03458660328775117 0.35162088983809636
3.0361294199326814
---
26000
50
0.31955956120259865 0.7670159901723809
1.098567135123303
0.31471721397791186 0.7597920019071129
3.9337032061820105
-0.2508798073199502 0.7936046986719661
1.0615439168132434
0.21689593964069087 0.9361476847061182
4.261626292755225
-0.32256702448050933 0.18766689170069356
4.026864422434191
-0.002904415168585677 -0.8764407194476186
1.2971568980107815
---
27000
51
-0.08727252550249927 0.47450575536777206
2.292251193844205
-0.0983760827380318 0.48457431109434845
1.433358411758805
-0.25538861276996805 -0.5595659871775505
5.436057941143241
0.17379760460498128 -0.19092624254350132
5.467646344872038
0.9844665326976256 0.2003327781509509
4.3578211953097865
-0.8901502726320593 0.8325379597404319
6.112660436006143
---
28000
52
0.3226226862554481 0.20730275830057246
0.15614591601736388
0.316168383582165 0.19897504882984918
4.8347897031485285
-0.5631738327430971 0.7153962330162849
2.782594826447692
-0.4984689587008564 0.8537130835864661
2.644641238722204
-0.2381948316310825 -0.5614901652164975
2.9245209749456267
0.1551197186234046 0.4344352983118813
0.27994462819344257
---
29000
53
0.873566812149884 -0.43282220293403895
4.423264019343675
0.8723615157194182 -0.43303358476992315
1.9773836663075004
0.29489992346515004 -0.10089871247422477
6.012765498266893
0.16566863190469092 -0.041277196497945236
3.14910267987585
-0.7584022700955099 0.7653726129598205
1.2738860782123709
0.1838200648140737 0.3165705776338332
1.0697408881400357
---
30000
48
-0.16834236617848874 0.6464600038203241
0.580761464040325
-0.14645706158669214 0.6630276306782595
1.5044470598536757
-0.7106144602309139 0.28170610322763645
0.34852844988251164
-0.6858370727729474 -0.08448308216761612
1.341922975603472
-0.5130910736540781 -0.2548761715550662
0.9804434697233297
-0.20797911711756897 -0.4915712658181645
6.093160789700763
---
31000
54
-0.3530978231874784 0.7169808318889866
0.03284973227104171
-0.37109009282782685 0.6929577004824916
1.4448550466560883
-0.16692291819933253 -0.33009346161752734
4.3253580551644495
0.03401863584610205 -0.44659157616738987
5.2506344431709095
-0.5843853341558671 0.20210577857575301
1.2086753839132092
-0.42757273732156825 -0.290428639084983
3.21460877460441
---
32000
51
0.9390600042529202 -0.8278319437770713
5.623056145047066
-0.9725114938977769 -0.03597579681051022
0.6344273771723259
-0.7598072370852618 -0.3748628357797852
5.131034297623004
0.026202674336358138 0.8961133484864857
0.5246122666548434
-0.8566004419451293 0.6178882073089259
4.211129608256314
0.11024815565299582 0.7276267435227243
4.8811278894034915
---
33000
54
-0.7509950115997885 0.12313204204706138
5.952752485495151
-0.7503268418827109 0.1223690582394604
4.739446337403731
0.2151953187025512 -0.269635135990241
6.041815861963678
-0.5354089635298654 -0.150326800576433
1.5844567570191987
0.5972223928223478 -0.6789237855925218
4.272276338355653
-0.028986887796458374 0.3885381046703471
5.404771545424067
---
34000
51
0.6684420535303054 -0.3483978837135341
5.743319034848359
0.6421128821015588 -0.3312703645830344
3.1366158876192216
-0.014583210392172582 0.407814742148461
4.694315033442297
0.9361222570243819 -0.9043506871561691
1.3642183075556185
-0.4288711231185593 0.45713925973053193
4.639786228288447
0.3099309785041744 0.7408653245899278
3.0970761831241873
---
35000
56
0.5426951398518235 0.22386152308522136
5.8680251895796465
0.5677975427976492 0.23887262096779
5.085633328791784
0.01952455851192514 -0.9121362070889097
0.9002182284489724
0.9979363314327809 -0.22775862036640204
0.4849970665232206
0.8359690879869768 0.403184535719568
5.896992127729181
-0.17288664338038404 -0.29436592532182715
1.948126769093439
---
36000
59
0.5436330911483446 -0.05943493402832141
5.748661767783126
0.5474338023146015 -0.0370565891976391
1.2708648066284756
0.19032340208616064 -0.31029450154144145
3.8197224405363395
-0.835270504598906 -0.4997391201028094
2.9491207306257863
0.2704921999957799 0.1552501907055949
1.2576272233422259
0.6413826168588102 -0.23284857467155293
0.012899767618376856
---
37000
58
0.7499460542416112 0.3742521442861275
2.2589555918530673
0.7807334986561808 0.3811573050531658
5.5706113510075665
0.557339310154036 0.35590357864827327
1.8817660668136629
0.6882758711596156 -0.46680317979358626
2.851787721146831
0.7892847233356637 0.6001586628604587
2.479554235263775
-0.18475088874917867 -0.5711614310857189
1.9926452694630061
---
38000
50
0.7652511120247063 -0.24428360344426586
5.810063270804909
0.7709616624142079 -0.2179378171210278
3.506767949688613
-0.012173572066850963 -0.12007725534883201
4.195241612473771
0.11540735760917568 0.3595883406062985
2.7753215518350203
0.6336080366679272 -0.04001805314038388
2.32653927987928
-0.46519035454011703 0.934077611704087
2.7011048473422985
---
39000
55
-0.32126307042469393 0.7129536093490949
5.189853997902017
-0.32118896259233154 0.7125231757765361
5.5051157810874525
-0.45007818923517007 0.005725424821682458
0.5852448179064194
-0.9896971789781854 -0.903848935716401
1.2419428962852805
-0.9053052661833333 0.22313195906140887
1.358008934527133
-0.6467695537734147 -0.4294896787879649
4.917261280390305
---
40000
54
0.08394547619894553 0.8465025193028249
3.559266383203718
0.10513685175249352 0.8429416069338275
0.06933394444715013
-0.36614002726621775 -0.6785024454995813
5.991808490657554
0.26380264289452016 0.8136499234954139
0.9868570595550281
0.1276218675064052 0.6881845510340096
0.25781665769591555
0.8683447915662688 -0.274436244176344
1.3070945428335605
---
41000
50
0.048914886670104726 -0.4349542214591056
4.438911141552757
0.05910999172385038 -0.4035355711698478
0.283912069137207
-0.6939766980650044 0.8714120611551244
3.8379779086767503
-0.9993284552044293 -0.8614488979747146
3.2344381968715323
0.5204140952057714 0.998011628203714
0.41132795505119457
0.7620850765372784 0.40156649409932477
4.684012144093221
---
42000
51
-0.2690643179318561 0.4898556457685185
1.2034540383836942
-0.2729291205032148 0.5155517575127619
0.5393561503771416
-0.5306677103302693 -0.5485080525913667
1.764435148651052
-0.9109822522202535 0.04352883767381208
3.705871068695684
0.22976753065986022 -0.9336913707859694
0.9417573737645615
-0.22990809014671065 0.6312586924723971
0.8591698604201126
---
43000
53
-0.28829527511014014 0.7895877787318155
3.852465585820619
-0.27631300158540484 0.7913305704702803
4.708561288267882
0.07256475000192932 -0.789129971094207
5.247252582989887
-0.2038373474559319 -0.5434546481386624
1.1755233818945277
-0.1779581985475021 0.8111448054239845
3.097319022451315
0.07101509393629879 -0.010569618962961717
4.175557242362177
---
44000
50
-0.9828566532066896 -0.0020129368829178637
3.8485154202563523
-0.9545376410380464 0.0018861291269561542
2.790980549226009
-0.5631605633834176 0.33817973200402207
3.655729994651578
-0.3350046927363235 -0.6167912868936506
5.173486932568017
-0.8321815731995502 -0.14390760729867658
4.748682859168783
0.9126904678961053 0.0157904941056161
4.750968292140059
---
45000
52
-0.11414547574224479 0.9090216821776258
4.559168984259733
-0.11588026565570303 0.9148641439707698
0.1853935390506125
0.8917441803889627 0.7020361653968936
2.913044628521517
0.8424669514481309 0.006781388031834083
2.866016346865374
-0.2794444503893898 -0.7662976863963219
5.644906478709462
0.3908059337093601 -0.22978171889404697
1.5894657465739028
---
46000
47
0.5929914373955273 0.6000972346825465
5.034865809988488
0.5638171130980616 0.609056301618859
1.0237220670216258
0.8319422797390189 0.1565486255717329
4.721454817578855
0.37746311349539075 0.9522396335773369
0.8227324788321919
0.9770770788517328 0.7992720267557792
6.225662314785147
-0.4664127977593413 -0.45047007450345944
5.30351199733245
---
47000
54
-0.7359260367929762 0.5201161490430252
0.9717144342591747
-0.7193463680521732 0.5593606872395822
0.15424525119894916
0.566260791798513 -0.27978191449523004
2.9382681546169502
0.01174813295839898 0.6746233511693333
1.3337371443245258
-0.82291454698953 0.13934299153000734
4.079810102263784
-0.6283943551185898 -0.992763382761938
4.6594850915185
---
48000
52
-0.3251083487541652 0.6259240453617753
4.727075691822066
-0.34887023667251044 0.6109566527606229
3.776764692757439
0.5770688382543601 0.49407849820269245
4.363684675602465
0.010322554573770907 -0.5136040652185644
0.14675463195129623
-0.8598466509754139 -0.3971970367846119
6.138759513506152
0.8374702901975815 -0.14819502464460402
3.9934053935244815
---
49000
53
-0.6181164055282972 0.2632811192022503
6.033266018354087
-0.6283804682699171 0.24210457000992316
2.1202706011786425
-0.30441816551251016 0.6829211183087754
1.6322934427505702
-0.9860593460736753 0.19268314719654175
1.8867831742612617
0.7286135885524745 -0.8128773586581572
4.031565912594463
-0.8017844028088186 0.8076750675022211
1.272351021390997
---
50000
51
0.8846348425717526 -0.527329500235875
4.8270662733949745
0.9086675888683359 -0.5281608902234081
3.5102929052866543
0.49291656589408067 -0.6495297871102901
5.342313005363949
0.3273012653618547 -0.763678445901379
0.9594508208255803
-0.41657364412493564 -0.5866211283394023
1.2992345602776125
-0.8941589441048525 -0.23081019557602675
4.338068151938703
---
51000
55
0.6243029276410952 0.17716202825473723
3.9044419929350744
0.6216813819834731 0.1771127237641052
0.4029993732003767
-0.2957413094646286 0.8799244451412525
5.491572777334569
-0.6792099628850785 -0.909137404851276
5.19151890231262
0.641301710514039 0.6751575458017839
2.3674243626222777
0.0018438802812880076 -0.7945652780343992
0.35753301916739755
---
52000
51
-0.20019442517041877 -0.37781614350996484
1.993470397362389
-0.2038246206222475 -0.38966889455343146
3.28647392062616
0.02604532840088709 -0.3012696657725865
2.8174760587404757
0.33615396981691253 -0.2844443200275456
2.9342709072427713
-0.7031356087139801 -0.6985754376576097
0.6705686684511081
0.9928853125460327 0.1598856257152636
6.102480536220248
---
53000
49
0.8640496175377904 0.4796187655078238
1.404142943574953
0.8676169832130362 0.4630168042797927
3.3153824395507847
-0.379673260298802 0.2609064800950813
3.7073246494304914
-0.8790438570822635 -0.26678688011979024
3.7019643621476
-0.1757122709677429 -0.8146194907742252
5.774990013144468
0.8150353733790299 0.7977075427929148
3.7171693812706255
---
54000
48
0.3135771826556407 -0.19555268252135088
3.8546987167865265
0.3278456081896076 -0.1901573206338277
6.165534909516671
-0.0955454320330542 -0.5888732008015655
2.0888331439915966
-0.018166668449318087 0.81499728003566
3.8984870103767113
-0.7611099409500061 0.22284153636969878
2.60512194662605
0.05575746278239825 -0.9733911311115988
0.48511893945690066
---
55000
53
0.8969998162871925 -0.7018585101390891
6.032626090493829
0.8939522761763374 -0.6702441079672862
3.666369542255884
-0.5172394085929763 0.845251298555276
4.13051981614909
-0.7848090854020906 -0.09642760896513873
2.8982784826393493
-0.1811822682709084 -0.6713344984644121
4.202029846080464
-0.9420891052272877 0.7602905755615189
2.425109542719272
---
56000
50
0.18321181327071653 0.13022009508607688
2.714628058721024
0.1854740697131291 0.1501182378380573
3.5076990919851685
-0.22198173891080447 0.6523730771458442
3.300113577453482
0.042524841509617724 0.7460838960849646
4.3271643191700555
0.5175176706527395 -0.40798439390701163
6.09051238748038
0.05069445489958629 0.4738138079638775
1.5000076000394325
---
57000
52
0.24096607214941645 0.5742538529516065
6.207316776104745
0.2441964765744521 0.5764769344238313
2.334600583513345
-0.96689683620143 0.5717507335383977
2.742025615924417
0.9101965084357914 0.985943369263618
3.6543220080313423
-0.12379559102995015 0.26868569916929763
0.4917091913510614
-0.887567481669987 0.9501218855949783
3.150960962905968
---
58000
49
0.6354940941895355 -0.7468127860769119
2.8658815150285415
0.6402441537712653 -0.7464442199550042
3.753366119426679
0.4972882912806474 0.18646383577814463
6.092769298991843
-0.644283779481202 -0.042013491396991384
4.4840227212554815
0.9889915911099275 0.1321469552150617
5.887631087498027
-0.18206031036758882 -0.25860631955710806
3.0589662290718715
---
59000
56
0.6424637923112289 -0.6674148457875648
2.6663109776494154
0.6330287380060402 -0.6679545148325896
2.2208854552685002
0.7345515718819309 0.8538625890344547
3.7706988795280854
-0.29145459713000654 0.9929417012297027
1.8967376947775536
-0.9464414601451612 0.8182028807009921
4.795914702355846
0.6242913126796291 -0.9213818438381655
4.470022175901569
---
60000
52
0.5981475818551572 -0.7206064167709451
3.622781461910878
0.6101240717100449 -0.7217046688750546
4.2778766205305185
-0.6822039995359974 -0.8255007890288144
1.5837849181379093
0.4932090706854893 0.08341979947914466
3.849587095814802
0.6573849739077297 0.7085285998392864
3.2907677873336585
-0.8527134566383694 0.014052853992549231
4.234010619766156
---
61000
53
-0.8495942384149295 -0.6299514627417141
5.896207988063053
-0.8469802246386344 -0.6262744457432544
3.6196824926545945
0.19066140323254427 -0.20371825619076656
4.230003573165751
-0.9761087068427782 -0.9283116152439455
6.281397278908425
-0.8281990964553019 0.23543365934635171
0.1138897288011016
-0.5997571426565564 0.3954306421487278
2.3649170697274497
---
62000
56
-0.9920898313962714 -0.41958076090545043
4.1903703522579185
-0.9731971273483842 -0.43379338227859743
4.053181922146393
-0.9796496897400727 0.39031113259113
2.251954790501272
0.045704643623509275 -0.22408155007736097
3.712778312469446
-0.11767262291042647 -0.773992654486125
5.747367923609518
0.6933966309160685 -0.870539041252763
2.5814296056352184
---
63000
54
0.8280083247928716 0.7561519874396241
1.9496012681183545
0.823329940042921 0.7350900040303155
3.291853613740164
-0.8804504537233993 0.4264101121292479
2.8935017055772105
-0.2809919026538624 0.3890756148588609
1.2991532966200534
0.6489072518593 -0.38157538251872225
5.9905163158725845
-0.6003055366410771 0.4088094443787372
4.404906978544084
---
64000
52
-0.8938164695934054 -0.03950475604770153
4.3526334345972675
-0.899352675478324 -0.0599034341926556
0.42025311012710453
0.7217831003187146 -0.07117404437503798
2.3221164407849297
-0.9858635002077798 -0.2189098770920691
5.388767140385563
0.9836692455547242 -0.672801080633524
4.522612517847403
0.5641191177717859 0.010137517442040674
5.818472269382459
---
65000
54
-0.611641202524972 -0.05961102332744787
4.685242460775816
-0.5859944953985111 -0.06103579230260195
3.261075882014384
-0.5041705780584167 -0.8667281938173924
3.0501777973436024
0.32684558082448284 0.4803888855046722
0.6575548021146815
0.3256871657697592 -0.09142991116253343
5.455768333756458
-0.21059260221883264 0.7511328000031763
0.2839596034186025
---
66000
53
-0.319678612162637 0.14228165405379714
0.5443931613792309
-0.3136143307411451 0.16424755422385462
4.686151961447539
-0.9116068903256426 -0.5912181933430968
1.386067307683307
-0.35205661683999995 -0.5788298210964148
1.0294207532253035
0.3871703350135869 0.9106350485020146
2.2225397644109393
0.7607933535985145 0.5427586248560741
4.094714617297925
---
67000
52
0.9711589373688366 0.4039506131920955
0.9938508087112099
0.9782231262865413 0.3741069039022942
6.028468772575667
0.21109457452762684 0.652344157042284
0.3366748414779508
-0.08815566150219936 0.6099683678786505
1.001604791743815
0.06292953601709991 0.6952615965616402
0.3922389648794118
-0.5674465644107594 0.4103052528002131
2.158714983183753
---
68000
52
-0.5583836990729728 0.9903945695390703
5.974007129471284
-0.5549412703619921 0.9963632376401892
3.605161072393064
-0.8497965393887333 0.35780481552764704
6.106188915764254
-0.3990303036046168 0.9412463196948695
4.349250021954425
-0.6496030911690287 0.6962210206680349
0.06407535222828376
-0.989923037505967 0.029002861600902007
1.855946482896103
---
69000
49
-0.03296104969637424 0.8771369642335338
3.8065928031531637
-0.03936379332345546 0.8859095942723094
3.378274223378118
0.1322860512019477 0.5625344037326414
4.269765423850315
-0.011479598785736081 -0.2609000676196766
2.9807209250024504
0.38702742537567125 0.13352817160242614
5.6053610874094115
-0.34298914005381426 0.04045866419295045
0.8246405928083496
---
70000
46
0.921102493658045 0.8587324435261615
3.811761317180511
0.9457398283962414 0.8769492470628004
6.170992392030303
-0.7713440354640282 -0.7801328818453758
5.530337129902762
0.5640738889066514 -0.3727131449952895
6.0644930020083825
-0.5162074179819519 -0.1940286433789755
1.946158188830319
0.9167259213938043 0.8169469979399284
6.176410645049178
---
71000
57
-0.4466717954172969 0.8849532271614334
5.135425704477707
-0.44242270014772384 0.9011893712255209
5.612979387882974
0.13672899373903083 0.3584944738226268
4.193416246506033
-0.6647695538212933 -0.7392545918761008
0.3691198190746343
-0.925554590220599 0.9911775632398336
1.4821393962571738
0.7617257409756416 0.16484365073642218
5.89593818550358
---
72000
50
0.26709142997407204 0.6887857967997585
3.883598240616044
0.2454666841584627 0.682114203124612
2.7082791905708072
-0.8385519283401112 0.632154516091225
1.1769768156211642
-0.1936707210538709 -0.17342692738864984
0.1020586080312027
0.201062756294269 0.043553118559103904
3.0023768096088075
0.0646807799297851 0.9729839227283832
0.7122862773888858
---
73000
58
0.8308758061289613 0.14805552216238696
3.6435946385369866
0.8360974755976779 0.1306911756557373
5.802229645086974
-0.13927615828734968 -0.6897661597907182
4.326832843973628
-0.41373507215905736 -0.9778228929693282
3.9156773436943526
-0.08370479191393512 -0.3469236074022614
3.386864331956513
-0.9359780412842481 0.6073749002924677
1.020187002640811
---
74000
52
0.941782900636758 -0.6708771714922563
1.3429793003284136
0.9513617182458817 -0.6602275865776509
1.7585685421925943
0.36559315589369634 -0.3150798402982897
4.389534423608248
-0.8054192436038474 -0.15546251992555998
0.9558295142926072
-0.6159402625179412 -0.1897694223441263
1.6688328944912705
-0.308062342096783 -0.33592733319925383
4.274321023835807
---
75000
53
-0.8362320461102812 -0.46866459977345815
1.9760591356517168
-0.8397314027240257 -0.4810918722831939
1.1034856699722617
0.28494862510644886 -0.10983595323114735
2.23603010432078
0.5428854932927879 0.9254991988429522
4.0660955233625256
0.23025631504280444 -0.20002459615206078
4.84107131069299
0.3738634760966875 0.3590278360244485
1.7367015829549413
---
76000
51
0.1524105378534346 0.6012444602296684
0.46151051501856194
0.14022512002519535 0.6052380418557037
3.6329339268051006
-0.34467469507262827 0.3149930977346859
4.187881894607871
-0.5621842076508307 0.652652114165853
1.318086005538703
-0.6966206264581534 -0.7426830965261673
1.468654680776062
-0.23781335865424436 -0.5647291648653124
0.5286990142024983
---
77000
54
0.2670866245751469 -0.40938004931407446
2.3354693814637004
0.2603544706688409 -0.3969206773477684
1.0656937662612167
0.5415302205574686 0.1251235014388488
4.556233999876843
0.38977108498343915 0.617018755336958
0.07445573637275693
0.535728617243158 0.3674543982660652
4.997340301423459
-0.954172257607763 0.7526173819959824
3.7150486824888285
---
78000
48
-0.14810775839851162 0.7114038601360565
4.2858808973997435
-0.1505871262797729 0.7139590363671521
5.5623403225909565
-0.05453388128439882 -0.4867346724161337
1.005375407511269
0.9190192885641293 -0.4420426880624444
0.8487737413657417
0.7090971457549567 0.5740637120245811
1.5565881084259727
0.57613046708865 0.4073446071314313
3.302687071131655
---
79000
47
-0.4035745751265519 0.46052836704344724
3.017684917263922
-0.40672244437824434 0.4684635451134737
3.114344099702441
-0.8807034539351817 0.9052178807997224
4.7737214038517966
0.7170310437866121 -0.18510660501667797
3.644210054090534
-0.710063376707562 -0.1555532238307408
0.9516084621876679
-0.4614557741931272 0.9144037728322428
4.792732431382577
---
80000
52
0.8193032463160516 0.8937845034235782
1.4224411804735106
0.7965099577148115 0.906303771644894
0.9849694656712273
0.4300673823554516 -0.6503869086954854
1.4377574875975903
0.20891584296072144 -0.35495974347573284
3.8533568584324103
-0.6467427598390241 -0.15135169933526899
1.5036678682835207
-0.7908505513053152 0.2940659001102275
1.4614305367452705
---
81000
52
-0.8059899189492079 -0.24121396409032442
5.383790127452609
-0.8093089783498437 -0.25564885529361747
1.1788514881978607
0.41996579961484215 -0.06347935366442088
1.1705683635231372
0.7225945646895322 0.7223688411729933
2.2507322841920683
0.8771203126895674 -0.358210244022265
2.183158055642032
-0.8367358259634898 -0.596667061343922
4.324848643668307
---
82000
54
-0.580663291055509 -0.5405508781265244
2.2426844768799565
-0.5846648305890163 -0.5395999320499051
5.0204363116005615
-0.07682092228419282 -0.6893770813826291
1.4540491839092544
0.5331152060844329 0.6875715296717313
2.8792515553707094
-0.11205853991360204 0.010638268268665357
6.167946962418294
-0.28216732492395113 -0.3643544890483719
2.561759689618591
---
83000
47
0.25820044025642774 -0.4600472016560127
2.885355235812371
0.2604793356750799 -0.46752164328683954
2.429100922604526
0.8364523787753513 -0.7040471735195728
2.5908397803583743
0.5494353370984385 0.4474171916369441
3.2170237604847287
-0.5445800747602761 0.23029955377955635
-0.7111181912041379
-0.14492398505543044 -0.2416038644824156
4.500801474370845
---
84000
55
0.11967480250600006 0.08925155395734086
4.939344164259215
0.11913623160725645 0.0827446219044885
3.314709576388827
-0.4938156273972585 0.32188237353503635
5.55201411009225
0.4172513785263985 0.10324563455739441
4.018689157511641
-0.23908293442751277 0.41256939136242404
6.252314732673342
-0.968788996718772 -0.5771458448102397
5.22488572845303
---
85000
50
-0.5208285795646148 -0.7671340311838623
2.5757106543638106
-0.517705617958226 -0.77059850796199
3.4929931658547915
0.3790083565814041 0.9428168169363773
2.406827606473847
0.2507442833312578 -0.8943836314371026
0.863532173792021
0.7020600351531442 -0.876861427490031
2.8846367459492486
0.7462112633652477 0.8440308955691863
0.7181774790393538
---
86000
53
-0.9188463979970086 0.28783760038113904
5.77442792654639
-0.9215954482034979 0.28590956364166864
4.06192678273297
-0.6461678441729766 -0.12833596175133105
1.7197073681571897
0.5578132931233704 0.5482079492946341
4.577846051546646
0.19434130351899082 -0.28312323317144805
4.929611407421406
0.49844885074851764 0.19659485441033303
3.321858735718151
---
87000
52
0.9181512048837168 0.2989408927742142
4.512023878457083
0.9041750092648185 0.27969701761560695
3.3249070121445135
-0.13831376711873666 -0.8533199047827129
4.793966240720218
0.7976327869686041 -0.34290828231003523
6.197971821398511
-0.3128045879630039 0.8863787396831756
4.083659105947164
-0.0033358275878173707 -0.49062438001412756
1.5997748318533702
---
88000
48
0.9893759791182104 -0.46818669482893205
4.276984905623067
0.9637181809734328 -0.48801851198398866
3.521983895939707
-0.5330131475198547 0.6088607556866745
2.9544861797807007
0.21322935952538258 0.8042556785800484
2.0841119488278643
-0.3879076653421161 0.7545338506003232
4.171848378201002
-0.8060878588267844 0.7870808829709236
4.911721171069551
---
89000
55
-0.651633820136217 -0.5333055937327682
0.40823232917057467
-0.650737395984298 -0.5345057842968408
0.5072883238410721
-0.21365859349436805 0.5773510931166779
2.890044790502764
-0.818122569762653 -0.3168264523907256
5.38314822441969
-0.9474692060026509 0.14924259263512132
0.1562001608897967
-0.05093610745599557 0.2694409968513001
5.074192639859419
---
90000
47
-0.12959495821917363 0.6917024696639171
0.4987879621762108
-0.1020531992334921 0.706067685840014
0.7936464936062677
-0.012654229648584314 0.48396390265160716
5.486315747384756
0.5746659549360196 -0.19746128320999623
5.232943185369305
0.037335721530353264 -0.3430986822126652
2.7447229921456335
-0.6653226947139292 0.9907037241386017
5.278732024821673
---
91000
49
0.6370236686907448 0.5314760095087784
2.183627307118079
0.6379627423361725 0.5545981650591958
4.4948341631431
-0.003531594352077949 -0.9565612684450918
2.1210256065281587
-0.3116299680565938 -0.5639955380394077
1.335364762922115
0.4662272379747772 0.13691246684000857
5.254872522189007
0.37167935574698757 0.26618167183128183
5.048517312501188
---
92000
53
0.17389261943196213 0.8368869514406242
2.8255593847778813
0.1540826926943315 0.8435343944190362
3.7677287548019773
-0.7235390011835344 -0.11021839144186232
2.315134741111361
0.8429193118967259 0.4877982451595696
0.42158114744930497
-0.5028447981534466 -0.2729785933580822
2.293081733819352
-0.004406058513814801 -0.01733719633224278
0.8027364462731379
---
93000
48
0.5198403292210528 0.5878936433608011
0.32581762277902326
0.525417567202412 0.5649577342586956
2.3772515119304805
-0.5714401741632164 0.020605127526315804
3.6897083516307
-0.8148239755061688 -0.7440130726775154
0.39938408329213004
0.03963805603706829 -0.011235917513436208
0.7998914315625072
0.3330323338078785 0.05955131350236068
5.877746178779455
---
94000
52
0.314854383176557 0.9495830882297656
3.403482195902638
0.30098363632895087 0.9533106715267056
2.831797228779073
-0.15070293220259687 0.7637805321517065
0.8940202310227825
0.979501985004556 0.07515039072739416
2.531381683660559
-0.6069036907904669 0.9939282376065967
5.2794030914923304
-0.9676305768679209 -0.1869474548033086
1.9851696034066277
---
95000
52
0.2935761934949982 0.509567941504191
4.8619682898197025
0.2825263747858416 0.4832353209345332
3.0296407039200046
0.6282807376706973 -0.7419476560501688
2.8282469862215045
-0.9400586822135336 0.9500019264629457
0.6321012680399498
0.6871910409632368 -0.6558442949180868
0.47038199027175764
-0.6793718743485967 -0.2936916723291019
6.12402217890143
---
96000
52
-0.4531316868816631 0.41325442708128035
0.055015883967510094
-0.42606847109354995 0.4322686208522885
4.978760155405209
0.07705271158447148 0.06491452202997476
5.081631539052271
-0.7059774220038626 0.8486698662001502
1.9127686019131742
0.8012217149956907 0.6626633152860302
3.77279685389588
-0.20153848132808566 0.7029620722277019
5.5532958697540495
---
97000
55
-0.7762771880962986 -0.6243956117994601
4.422241888383452
-0.7650801041578758 -0.6520686536271328
2.045372737619661
-0.69688684921981 -0.9766412296455014
3.187822583151468
0.2611595389525554 -0.9766383782111289
6.140159952330473
-0.16327715796385084 -0.30917678426391537
6.004132482173067
0.09040895416488741 -0.2599770313183849
1.9789231297235892
---
98000
48
-0.24529384515562333 -0.06118102883014146
4.290495806087659
-0.2478411704773903 -0.0614549425308308
6.089129811569345
-0.39802294570101765 0.7230665244642807
0.8838355746488356
-0.030343082336090847 0.5474566970875758
1.8149630199214046
0.4556329926172168 -0.4143778664694037
5.950041151314616
-0.35363584270086956 0.5406308497713681
4.341006784010221
---
99000
52
-0.9526133657358358 -0.08547690697921825
2.2159658364311494
-0.9560561457454171 -0.07922080143944527
3.4906982593555096
-0.21071795724589587 -0.3946090079789438
3.626089024670411
0.7461544760375303 0.5886675637481134
2.998635972477919
-0.27452356624445545 -0.8736780395361148
1.4314289459030878
0.9489099370578875 0.06986337499252854
5.661083125680891
---
100000
51
-0.2581418833221148 -0.43425092706906604
5.067898955559995
-0.2541537352078728 -0.44382356504225506
1.0123395791968262
-0.25450833580810023 0.5102092266843661
-1.8949339306360704
0.4900629901968917 0.472993091989946
-1.129516001201039
-0.28909693945818926 -0.31161988293523224
2.515071284574294
-0.6862497944568441 0.40484008277346395
1.4612688061622907
---
101000
53
-0.7192085073342873 -0.6363277884118979
0.7499644255073442
-0.7422809864032235 -0.6441997822324433
0.9621140292863366
-0.8067022499057485 -0.4342385759193546
4.184908371959044
0.9370367062245879 0.09918002051684013
3.2487049082103274
0.3961818543682212 -0.12368944640792941
1.620787615785443
-0.2873630377775236 -0.7024575433389071
2.7634076402905237
---
102000
50
0.28630678183593455 -0.4488143692277432
3.9697394727533872
0.28489921982803595 -0.4461529846198181
5.095580118754682
0.232623930118783 0.0384360960774429
2.426993912630464
-0.11258481646223631 0.18913026583309211
5.383744454807197
0.04282197233911822 0.10493482810000992
3.936733729773395
0.7845521118832066 -0.5634650006034677
2.7307181113557686
---
103000
53
0.777901890199778 0.9898187877620399
5.29062301659031
0.7810043086828384 0.9415650823256566
0.7244122446503702
-0.9322489248855446 -0.4171981336837962
3.284701523221365
-0.3074421325772809 -0.6667921116146359
1.4636990232171518
0.3453314048609938 0.7787496218883213
5.825254929412168
-0.04332995640658667 0.22934052065160626
3.3691363050162098
---
104000
54
-0.6156534233245153 0.3654762852429235
0.45362688804882634
-0.6199720904193269 0.34328623883900855
6.196024194432977
-0.9090539559760643 -0.1832991726212117
2.4613670695112724
-0.21565248778980134 0.7303248827466864
4.92480451193611
-0.3648419366484332 -0.9577530801714386
3.0852636376389633
-0.809688883440664 0.967208693388825
1.392077596801765
---
105000
55
0.7766605839552355 0.014872878670603029
2.394554483557107
0.8298694347360398 0.01294168409878707
3.1491454918951396
-0.5393582304771415 0.2148087641101842
4.387350189232215
-0.20223720577249132 -0.006737312688276913
4.143545021987525
0.740314775687353 0.43700425113055386
3.8751140009101626
0.5979961376605735 0.6228814612404834
4.28522897144105
---
106000
52
-0.5086511996024444 0.9607968432539395
4.694946542233598
-0.4889871584331607 0.9807574111264208
5.890091853101793
0.670110780762573 -0.754817836636431
2.209019801299136
-0.4491196644295702 -0.357281528971534
5.0223249458700145
-0.8519299210123454 -0.1987446929177589
2.3048046879667217
0.9860884953708162 -0.517415377345418
2.552878674007281
---
107000
52
0.42691872288774113 -0.7793626907593234
5.612695652439565
0.4312410240382032 -0.7807246184396676
2.1335240498245325
0.8008553739777857 0.9134292072624877
1.8322595024180153
-0.3859142936888221 -0.636987977788134
1.4935015665064562
0.24904888076504336 0.13511308594109964
4.194673396507548
0.37309965210147217 0.8283107348120785
0.38393258788295626
---
108000
53
0.601547979439808 -0.5664494582747339
0.1730799684228665
0.6015285514381694 -0.566249629270742
4.557362144752345
0.35576767489486355 0.7182163576310299
5.023461614796052
-0.6115615458705914 0.4844425600839033
6.077966959237363
-0.04610794504671504 0.34692972339747397
5.310993678822174
0.4794834701674612 -0.474813417633517
5.201765739721857
---
109000
49
0.000854095870727975 -0.6449720979787416
5.762357504014168
-0.01152874920053477 -0.6423759518598948
1.439060353286341
-0.6928984517988108 -0.8982681577269876
1.7062508037228605
0.9590736886305886 0.12650366186886364
1.9025587206686394
0.042428409662374725 -0.5192725978444503
1.996705721818441
0.769423971469478 0.6123178245671026
4.397456678797644
---
110000
56
-0.46280110921358075 -0.24250358128614202
3.0065283132497513
-0.4637009975088182 -0.27073556244210273
1.9592222882888235
-0.6269447287122121 -0.8479561977604663
1.968918646280799
-0.45661296183455896 0.9304719111951563
3.0482597400370413
-0.3870411693795743 -0.303384914194091
0.7830263684655421
-0.6220719145445895 0.31547043649610995
5.429970873385994
---
111000
46
-0.6457354628247987 -0.03764850446115421
1.0232278455864277
-0.6468164390551044 -0.05432891852459883
6.173748232698874
0.796620425705966 0.3962368107349255
-0.5882964924989574
-0.2967345527930067 0.32736764777301364
1.0207069054894955
0.32805651490032117 0.7776015218527582
2.3811349316444668
-0.15985565178975897 -0.7795208053010115
5.557431263287673
---
112000
53
0.3925664179322384 -0.8210705977208926
5.3880681672153345
0.3958521041674643 -0.8255394574975625
2.207561708144036
0.4213112415396903 0.5482377902136869
3.518335467065252
-0.6538144311267896 0.3562085784639378
1.997946749932484
-0.29324712463318675 -0.19745259236661766
5.255045979074689
-0.9271218708718443 0.4184916572481704
0.5260015867219314
---
113000
50
-0.1725872198902824 0.6704440991340307
0.23611465112944172
-0.1847210558806216 0.6650379028499991
0.5863151403017124
0.616317285815475 -0.6470845342923073
3.070464764104196
0.7091567349639725 -0.7550248341022548
0.2003483394444503
0.7236871978877915 0.7412199047547474
5.338293656143244
0.949278928495995 -0.3633173033961609
0.818910723951416
---
114000
49
-0.28378065870963975 0.293341951891372
5.180091432814681
-0.3104187101781005 0.282073814991335
6.25638556324817
0.058765037557148105 0.4679965299675301
2.9104312817267273
0.7438894076778827 -0.4904407231851888
0.5974779288869803
0.6345828325546433 0.6394912564980415
0.8206928265360598
0.5640095297524097 -0.9439441758889748
2.5752550187113075
---
115000
52
0.11838838480013911 0.4568007836393288
4.310322922098048
0.08612822066665188 0.46358820498752124
4.937345904483375
-0.7504685535235677 0.25923324725991564
5.3230391264885855
0.15432898735249767 0.5162531478508942
2.7016515251928714
0.36277848138455526 0.4045926148087486
3.288419827677526
-0.4299613676769615 -0.46534822155185795
4.291788579731481
---
116000
54
-0.354241889195978 0.2715102963949963
3.529118486385834
-0.3582956908145943 0.25964611175405455
2.8047494105011523
0.8185757218780917 -0.709603302769231
5.489456040428507
-0.7286849799643897 0.33447357730788335
4.23957814985517
-0.6579467806878877 0.0705222253316391
6.042166873917903
-0.657323577705629 -0.8325850613122431
0.5328724464664232
---
117000
47
-0.9910285712176521 -0.08883340084824222
2.6568923425935282
0.9914423286026477 -0.07436638280495032
1.0459013090565827
0.649709742140587 0.03656533840681407
5.946270297045331
0.9746283991306198 -0.9085161684621983
2.5669660823532823
0.9923260894359713 0.7978189516677846
0.027247397932647743
0.4894262614003714 0.11748451880014597
4.405378096465215
---
118000
57
-0.5556828570324996 0.5781021385405267
1.50817264830545
-0.5656010459191153 0.5781966792277149
2.6499418419547336
0.8534916128837079 -0.23219302862573515
6.230673631701264
0.6286485930265211 -0.7233023076319105
1.5451232865115756
0.4027547093807799 -0.6611748965417612
0.7011807488248722
-0.2205461454372991 0.5587805096819252
5.006628979843341
---
119000
52
-0.3250775017143791 0.8286112921437822
1.6091082122073246
-0.3244280746553529 0.8202560554954188
1.1358329568655172
-0.815093337111436 0.800703474428671
6.061846436535527
0.29531369043084416 -0.2340085063948724
5.217372290594214
0.6671332836696119 -0.0010153410265101581
4.748176958264654
0.6633973590578478 0.24142371921685873
1.3762493537983622
---
120000
50
0.5432361450938386 -0.8334702390469751
2.5916978993412885
0.5346920626104158 -0.8630587142195982
1.416451701090545
-0.7098417762117765 -0.444245326380654
0.7165558163640311
-0.705064589514468 0.294129772296782
1.0166388220786242
-0.5490285771148226 -0.6242673940232447
0.7840536605869248
-0.4754426767907756 -0.7325937422754122
3.3767793676347786
---
121000
55
0.08804634211590595 -0.4506351499990584
4.849149875088364
0.10859689671817527 -0.44343664506847036
2.1825454623226808
-0.3176635304147237 0.14804121786403698
6.225053457556997
-0.6210864405687321 -0.6437450121423148
4.86482506610602
0.2898205082307779 -0.19384951357144517
4.901264421295016
0.5706477062769915 0.522913528385878
1.18738458832948
---
122000
54
-0.649993380376215 -0.7470592580084094
2.4131368160779347
-0.6500687670373823 -0.7478043993815464
6.159766884186471
0.4048561389098814 0.5967352253827829
0.00951246662576466
0.33265104169576426 0.7789046442843245
2.4494082619592916
0.35317672391708876 0.5686026465543619
0.26623253858412266
0.9587365083532928 -0.2069858229204892
5.64384170389568
---
123000
54
-0.4648580101096746 -0.324778191519569
3.240504926946408
-0.4791036734757916 -0.29854005093861447
2.010480942572044
0.46405459900569074 -0.35521113723678965
2.5852027466385863
-0.42838217267770684 -0.6466140796373375
2.367084572073396
-0.4828534921447443 -0.016312554987439908
4.522723836015079
0.32337912918274053 0.10190823315582233
3.0264976660147536
---
124000
52
0.7211893548939644 -0.797006647211317
3.4069557771094616
0.7158716322106372 -0.7668167134018912
0.9904656251652044
0.43991713678445754 0.2914243609586694
3.59549421621578
0.465321325300677 -0.04976434742347574
0.8981336472126458
0.7929561196775177 -0.2767272848521491
4.044978126941423
0.526276904590833 0.4901646574797728
5.727966271499277
---
125000
56
-0.9632241078385841 0.011259503107353836
2.213754591996656
-0.9316699412612675 0.0018716601580883452
3.1467377748551613
0.2562394068774402 -0.12629979796695395
2.2953868380999154
-0.02683760181720326 0.23616474215475083
3.7729934851060865
-0.8361480875976093 0.8047057847359154
5.197259161966033
-0.8399570288637378 -0.8183464623941725
5.690665178447465
---
126000
49
-0.667713283045164 0.5486291293209703
5.556474232454433
-0.6837019556168796 0.5628771167285844
5.20003956217388
0.6723363585473354 -0.7261249533477603
1.4398719443552848
0.17053902896808032 -0.13883309161861537
0.3612548337791095
-0.3548848225860099 -0.7181292900722009
1.068497299076685
0.781043167403625 -0.6803711088941152
6.0761427464530255
---
127000
55
-0.6421279631527346 0.029654190010720137
3.8545032136232513
-0.6377292890027628 0.030116391758007854
3.5829039381114756
-0.034688210367044586 0.5907034406686267
1.637560190424888
-0.0501949548331429 0.4937721063453462
2.844168419028237
-0.353341493717546 0.7480512901026343
0.5007540423387615
0.6561547762346424 -0.3164135046039105
2.5375844886358463
---
128000
50
-0.5170149420420547 0.6791291569907096
4.058801269864713
-0.5300952137712602 0.6802501014106077
5.4329812082809505
-0.0013098571353313965 0.7087618625432994
1.7798896916712774
-0.7034764193450191 0.9060175832852908
2.531909876456109
0.31370693891523516 -0.49262149523435517
0.40315401716499455
0.6369163508482576 -0.3984826803052968
5.478905858706674
---
129000
51
-0.8633385073518111 -0.9974085331640359
2.0120728061931326
-0.8110267403782365 -0.9718218976591592
5.574227340923096
-0.5354101724110647 0.8495799811130098
0.433846439870063
0.27341711397097346 -0.7148564951668483
4.1578328266139835
-0.7195133429144126 0.9155720810418606
2.156581756344778
0.006725559624888747 0.8015858399449337
4.576868488059195
---
130000
47
0.9683888656810172 0.12192676539261744
1.9260967825553938
0.9808573987691203 0.09717633749637847
2.5247772006209006
-0.9777068608225208 -0.5223694559474313
0.8297812272942604
0.39559153483354537 0.04925042082715361
1.0597896183818243
0.0918455826304235 -0.825039906463684
0.9424478748397149
0.10842427899716897 -0.1531717226122974
2.036685370841636
---
131000
51
-0.3940274645028699 -0.061116438175225274
5.622120622837455
-0.3760098319450443 -0.0903837926925117
4.919489867976185
0.7962877947108062 -0.44066767021253683
3.5037292433411986
-0.1544787621099534 0.3767766158182368
4.751514331247883
-0.9996558824718689 0.6307234274536143
0.09812745166873516
-0.586015876422368 -0.020491197385227256
4.778225203003002
---
132000
53
0.15891327322695198 0.056911669636171884
3.840864512796476
0.15852916141606482 0.057516662505474436
1.967650271116863
-0.400538547109181 -0.797935917109782
3.6804188822946458
-0.8991639429814693 0.41582574375571635
2.582247878173164
0.11942585681523743 0.899416450086751
5.264103645133072
-0.10769379618706436 0.5647792324312852
1.4831665845739295
---
133000
49
0.6878214342248335 -0.6981130082764732
3.86104941135451
0.7040854802556328 -0.7039066196166011
0.4194451100324015
-0.2485567149506916 0.6450517236816107
0.8144114415038208
-0.10148592086196888 -0.968513071808121
2.1168946670270516
0.5682351409149429 -0.12802522789958332
2.321911938874278
0.2175610965652254 0.61160485762086
-2.7398179642035476
---
134000
53
-0.5691824915885489 -0.35375238776727436
2.9821918441998565
-0.5656801892716259 -0.35088986304102066
1.1958845885203555
-0.20529322369311637 -0.17198761248181693
2.191192451342971
0.339678305215523 0.8118878051468873
5.365535998257718
0.04683764782726654 -0.15213887622496577
3.4418273607019136
0.026761153053078593 0.79982424533336
4.576134849033514
---
135000
49
-0.8473157606228013 -0.6705725143866305
5.461978651980731
-0.8544497671062554 -0.6532971775203403
5.594448459783774
0.6462430783096067 -0.7379387535621338
4.524453229727377
-0.9356112938197912 -0.9622116539017941
2.4617375009752704
0.1894000882146737 0.7947888713103894
1.3024427470347035
-0.036189688947820216 -0.03979481376813595
1.1782411004805269
---
136000
52
-0.16412090297346846 -0.6011834939318672
0.705149389181318
-0.16657095667127308 -0.6108527549813241
3.4941708670381413
-0.6728585928428139 -0.8585333222015262
1.8880793327966412
-0.6306827967952275 -0.2753925180411734
6.010075818313283
-0.9460472260168403 -0.3994098550042328
2.521892754903445
-0.745725486739675 -0.05972887400967175
2.298588532511271
---
137000
54
0.19561661307659048 -0.2975285637767508
5.086361762272819
0.20025200014696992 -0.2957204759452509
3.553374165733856
-0.9339267205386559 -0.6108700591023025
4.571001192553233
0.39101613285254383 -0.2572950612470257
6.196764731653844
-0.9371439545729097 0.3862202533490858
2.5438850797617247
0.7549709993044662 -0.05113190757024094
1.6077618505027091
---
138000
53
0.16254493109169188 0.5415503361902277
2.4720447023166097
0.18683604108678695 0.5231684418355005
4.439212289637836
0.13705915590886086 0.35370977004274357
3.969833870804038
-0.5514873340270424 -0.07298216564763543
2.074129459064669
-0.36995568020825287 -0.812481514770023
5.0149211480904485
0.4657704932257022 -0.8535452807653333
2.9279820344308094
---
139000
49
0.09313492781809936 0.21732840470382792
3.141661626810972
0.1146144750045313 0.2424169106023936
1.8199259438129278
0.6655497116131096 0.38125287360215904
5.304968980329466
-0.7885703100153815 0.1460897267970948
4.972709095210799
-0.9823205975242234 0.5488527205656106
0.5634164635861074
0.33206727856731305 -0.6621689134166246
3.7146636243886313
---
140000
49
0.6441911623756683 0.5620359102691019
4.489210215263392
0.6580829737458376 0.5371679501250503
0.48562420842420906
0.10904795148542716 0.1418164206578716
2.1477551781154327
-0.632328493258481 0.07919962431959116
0.7237711584143245
0.49636420948560156 0.3772619705110905
5.4292931647470954
-0.0747638743050222 0.1875761691001286
4.39954301602748
---
141000
48
-0.5576266008435398 -0.5839636838362953
6.059362845378286
-0.5562267561808588 -0.5868663573533669
1.0055477686576708
-0.9912686178267562 -0.5076917623248317
4.276963329316987
0.05194296966277314 -0.23617972842384655
3.6325802010608372
0.6541944838687725 0.9261119120027866
2.4169306612294656
-0.645912559946421 -0.30287292151712847
1.2739236150752689
---
142000
60
-0.5324889895815428 -0.15236200738149375
5.966150158337534
-0.5220094138979285 -0.1258531576400754
2.9765488324744824
-0.466862480550044 -0.8007318832419891
0.3234382520702974
-0.5296624167756395 0.6759627241416346
4.473360683796887
-0.21119574962778193 0.24785027235562096
4.878887998693061
-0.7023454860182419 -0.5421499264723302
4.763674505484914
---
143000
49
0.8599116836334175 0.23055970242899806
5.12973601407544
0.8544057097806392 0.2378084293064075
4.098408374724101
0.27782108363690605 -0.08302041802169277
1.7167806985039462
-0.008541904393291956 -0.28864644744377155
5.143265606266875
0.03628617006431064 -0.14274648179446772
3.2008827208087425
0.6170593211958874 0.20322246750198494
3.9332748890758538
---
144000
53
-0.9963725197394958 0.7320490648424237
2.2433793545095946
0.9703451608411544 0.7309247296928995
1.9367056404035505
0.7462153655756413 -0.7798771364703717
0.7419386898793308
-0.6349055006797543 -0.9114814757905529
2.640788809551392
0.9008131163513862 -0.6109334452978253
4.742702381316854
-0.5975622027386469 0.15369743633543392
4.402264885861835
---
145000
53
0.5268871870656413 -0.02593543850411299
0.37470760385047625
0.4935689170675412 0.010966932206064919
5.628038291493206
0.18659600343476068 0.4137516317981159
4.876210568445093
-0.3769846772068648 -0.27548743053987207
6.205787610453282
-0.4073445557913415 -0.5000425435524318
3.2038166185879975
0.29947493253457674 -0.7615436128558014
4.408939849492862
---
146000
54
0.3153782170856778 -0.3533701057754758
6.210499562023671
0.32007348403839037 -0.3571541016503128
5.465056245311957
0.2222088006090021 -0.17743317228774724
4.258213902521272
0.19132141976384415 -0.23483213198368694
0.5693315589771304
-0.33424718665662184 -0.34369847722543573
3.5085663675029792
-0.6981848431809649 0.6545132699785966
1.122425856002911
---
147000
51
-0.5813644787216404 -0.13516077001163807
2.987806464933904
-0.5826017263577633 -0.15246281785623142
1.1605232541357617
-0.26750095609987323 -0.34981364334042275
4.311516205560202
0.7853102197599295 -0.05447848927880376
6.1016797450315785
0.3496613773336085 -0.06323197526978458
1.307751766062121
0.07521202793973489 -0.26257611014418913
4.469201426295517
---
148000
50
-0.6201912339457969 -0.8897355697799562
3.2044242767987297
-0.626511923539675 -0.8831532738857404
3.9297578806576157
0.6307120909126359 -0.5982017211156735
0.5722719741806719
-0.45955963723251025 -0.5842170944273518
3.8417418101997907
0.039883489863248245 -0.459256924591068
0.25888698932074394
-0.3367209767552053 -0.7214419375462483
4.206803927440866
---
149000
52
0.8881085805071539 0.10510846607592386
4.306415447588646
0.8794463539631969 0.07619825837281381
3.2997766951811016
-0.30225022696948267 -0.13602292162515137
1.5671033286683569
-0.9525953806909102 -0.012557983921792241
5.68444504386531
0.06030112939745079 0.45548227134339186
5.836558967709215
0.9627721502505853 0.4788202118206802
3.835366513120732
---
150000
50
0.8758519113374212 -0.8934004281160912
5.937462125470123
0.8506565553333533 -0.8808502356414252
1.8818571228554175
0.10964625141455356 0.08625405817105614
1.4026076843964903
0.48866782144996596 -0.23809395885737014
1.30786598609415
0.5621067739082939 -0.7019359240217216
3.7154616204146613
0.5846588618935836 0.8228074850957349
5.509220480628062
---
151000
50
-0.14056519708667606 -0.2957187998905524
5.758092741660999
-0.13837001131095683 -0.30243418462991606
6.076257847050004
-0.5548762939769234 0.7430986667376278
5.668552662955083
-0.9982234251479707 -0.9177391343050565
4.403000746399753
0.8833269960970085 0.5955199857699202
3.632359126049111
-0.20229234224667234 -0.06156566031714443
0.9852658347343416
---
152000
49
-0.9367853110057012 -0.4708525833690999
3.534243981344238
-0.9209924452413646 -0.49361213686657807
1.8493213988999146
0.1675057164601625 -0.24495517762605287
0.2719214125848408
0.8554681342068674 -0.05718159166928337
0.9928695965338497
-0.6372914434200797 -0.010815102769277045
3.4381450031742338
-0.30907165310235113 -0.015611931951119998
5.603289229639236
---
153000
49
-0.2442952546161725 -0.7482683218206513
2.6886412895220193
-0.22898775027115315 -0.746016648767785
0.1688463673251528
-0.9178380433104203 0.4958816010977122
0.5871081094607611
-0.33367039634497697 -0.4247758176564831
2.3082633065653333
-0.7398756284315874 0.710150706276147
5.144495534664411
-0.4830890775740093 -0.3503045070154863
5.172188869040295
---
154000
46
0.23979146150213573 0.9908757277172744
4.649617664455848
0.2305786726232925 -0.9985013659096833
4.161203497627681
0.5013925564389106 -0.26804577669561225
5.902911447465168
-0.48944788579378096 -0.8030095541225931
1.602570076251899
0.5592419078837233 0.9985571941939115
0.5490976033472288
0.14595089460341365 -0.5960578358541236
5.258329768634178
---
155000
54
-0.24535657924853713 -0.9149030753038212
0.7806424011441256
-0.2602854307310373 -0.9205031067370412
3.2609546242107355
0.9103790290756163 0.19695769834650362
2.256134524484996
0.9528242547468748 -0.21967671690062285
5.317394251457107
0.4999392591584071 0.09844535851507469
4.366210525438287
-0.45377591953162666 0.9344831816528787
0.11996480483742733
---
156000
55
0.26698386374955 -0.3928719344939945
0.5858968580009644
0.2693068004079294 -0.40354224510374115
5.559306462396012
0.4912828707859177 0.31938562364947404
2.960037934174051
-0.3473829492199327 -0.12166415396108093
5.487431326918118
-0.009836906979957094 -0.30824586177706476
3.602393872602237
-0.07391646989089871 -0.4794929633944466
5.006550133589154
---
157000
56
-0.16434502619730484 0.858754481390907
2.44090757651062
-0.17565899681937375 0.8743182186131839
0.6541733102473932
-0.5281729423687522 0.925398667386752
3.6015365098196277
-0.21376065615053183 -0.6713259978347433
0.19681566733635858
-0.3225741839302954 0.9178701065155743
5.32580868264957
-0.9898695861118282 0.9439931409217797
1.7570822353827618
---
158000
56
-0.451364772029274 -0.6506751943930936
6.23750582119917
-0.43264950767392285 -0.676657968013704
0.39195517449880857
-0.49252136049954354 0.9113555970308505
5.473063936698076
-0.5501492674782875 0.21651687701020922
4.262450921978456
-0.7243569543080948 -0.5127374217110088
0.3908197490511718
-0.7086628912020959 -0.9279858593376537
1.6159949909327054
---
159000
56
0.8154860024167426 0.804615373285375
5.399214628921693
0.817036581648375 0.7888865858570187
2.7298381479661877
-0.7051768481706537 -0.8961116129237195
5.098523662733624
0.6950044556454488 0.19589389771559024
1.084708037413602
-0.17428612529226808 0.7336464443619894
0.31645628194840647
-0.9891888765225518 -0.7474026787759299
1.8117032501763726
---
160000
53
-0.17186246056801202 0.9165279584924011
3.496352955072232
-0.16828250859560318 0.9220088459663645
3.560370227884616
-0.7829783502898873 -0.8047185623312556
0.8791898647197147
-0.8324019776521681 0.7319327284442719
3.8885330818816346
0.5173183887259506 -0.9703475902205737
3.3388107116549364
0.6672072461922268 -0.33553365995033746
4.304640541274276
---
161000
46
-0.1001205953509243 0.6552833771628408
5.96291946856181
-0.10067998283526935 0.6551292446609293
1.653099307479165
-0.09612652156172702 -0.5352004547114197
0.4706439629399508
-0.355290254055392 0.17376180940822816
2.332544540005099
0.3860427709899942 0.7459437853250309
5.2089937744388335
0.8792722372430086 -0.5137198171144596
4.554369393878032
---
162000
52
-0.11044639312600703 0.17118937259145459
1.3976621750457054
-0.11924582154323021 0.17315464123333893
0.8480461008024296
0.16419241985265448 -0.7369856852686147
3.6565326282286374
0.7849749346380345 0.5180737680515444
1.7540113755548132
0.3458457349290321 -0.42304294748961924
6.101850810516607
-0.9874300597220794 -0.4219515842273245
3.9156484035862977
---
163000
55
-0.7903744567828703 0.37322352839517664
5.293656171480897
-0.791684339446088 0.38675807012802654
4.137833704420934
0.5155128246920827 0.07442152924305769
0.2691970129667416
-0.681761448418519 -0.17047805386023465
3.706122763834025
-0.7196368092359947 0.967703109302827
1.4354482910093322
0.7091604412140036 0.27574781699454487
5.450838252912812
---
164000
53
0.9821432197973604 -0.4000090880908607
0.749127582159325
0.9837218066685183 -0.36962104858008576
4.007000455084144
-0.7719539360558286 -0.23768394089879002
1.4534287838379267
0.046366569178619386 -0.8470888420974833
2.5298814295339724
-0.678730104662024 0.3412009587380877
4.147067600688436
0.3633246996835532 0.8919445374198135
1.5906832162546882
---
165000
54
-0.296380399491221 -0.6546315897531105
4.0899597488537065
-0.28080924560900805 -0.6428473851671919
4.7949022584815415
0.3807338832869188 -0.565858379640796
2.432000258351705
-0.5376088076816197 0.5574137260303434
0.3089667374545275
0.192372891714292 -0.8323214218013056
1.3784776340655123
0.9423200358369243 -0.06113894970080299
1.1375450968590224
---
166000
54
-0.25729573437313746 -0.7222396541493812
5.558164607263543
-0.26695146623626353 -0.7237483590028712
3.1414310723653456
-0.9976974675526561 -0.5652039088703443
4.539684060919071
0.9795712549240108 0.6852507965586958
0.6471738569102792
0.1327717615383458 -0.855923799234994
4.872915158131679
-0.932470691312211 0.9346214774884928
0.077425328654944
---
167000
52
-0.7241706057422305 0.28275516131415446
0.21228107609682784
-0.7278411500999548 0.29681646519661764
4.369003158683368
-0.5280605165539951 -0.6455784358129046
0.4980781003486312
-0.6909777728324396 0.6492801563145206
6.23264156940767
-0.4777155989614975 0.9176918724096167
3.2871655226276335
-0.7171420081252743 0.6704534916537566
2.622298937653455
---
168000
51
-0.20988462407978598 0.3206920841080167
5.416523361329934
-0.19153986809908874 0.3042090753649223
6.225068645775298
-0.5246419396167703 0.8744816783463276
3.8402879078378716
0.030721301537635803 -0.11615418070946229
2.097504079819024
-0.07549218200748913 0.044783709128507765
5.761759211182502
-0.9807249056975295 -0.35672692238878734
5.309273784966554
---
169000
58
0.4583838222852634 -0.38465962175266294
5.511021678390326
0.45581496306420866 -0.3955004840182436
2.28336638924727
0.4671844625193445 -0.8423693504350102
5.529324636896263
0.6062617558943181 0.10570425067737714
2.776798388686049
-0.5123466659433288 0.8608522945601369
4.3190249368334905
0.5763306999155375 -0.875872303524189
1.7120506121744112
---
170000
49
-0.618586157559716 0.032218440461939085
3.466189313903368
-0.6112938922982194 0.034655888164885316
1.3729009956873623
0.13026640928656638 -0.7622316730714075
5.962262262987831
0.10914808067781091 -0.712488987227361
0.602839199204797
0.7078613823689427 -0.6652282312130658
4.794011727239317
-0.2780798756955404 -0.6908259952514326
4.982712385172389
---
171000
52
0.5073939708835402 -0.5155427038193559
5.6339591704304715
0.48973443592795696 -0.5132702615562761
4.952979142215343
-0.9218020371851013 -0.5252076342655277
6.26472174688384
0.8298765375049945 -0.6020828366211766
5.551010162305722
0.6429161886086475 0.33035862620813494
2.660970551321835
0.8924232969079884 0.5835580099775972
3.3954930200487414
---
172000
56
-0.30201416951676013 0.9549140279008885
2.318408011005913
-0.2880665791265189 0.9385240145195071
3.326589948935074
0.1038373812671073 -0.7517646536853646
6.129945097655632
-0.8351274412266686 -0.009526066197906878
1.0069800574192689
-0.42481171013859026 -0.12828427268591827
3.189387929861006
0.08823285068440839 -0.3187508997104808
6.137149140097913
---
173000
55
0.16452335953725641 0.9286007715344482
1.769540655098629
0.13763116277045986 0.9125334748070587
3.378263940081493
0.8136517278549692 0.8320739902717436
2.3991622823230188
-0.28046818992821165 -0.2727940868132302
2.836227628355503
0.8742599594427579 -0.03506314865364464
5.222349576885721
0.7237138514785395 -0.6998611223517551
1.8536720258105088
---
174000
49
-0.299162264658029 0.22460358102292763
5.744806401611502
-0.28895963416239984 0.21545529393232124
4.521128930064017
0.8204994337176598 0.3127078402728786
5.09444264403376
-0.9113806466822779 -0.1053841295067303
5.9205678176440655
0.9249059487067227 0.21713625657373442
4.207259917831089
0.2784311343885598 -0.25801058270060784
5.834200606008854
---
175000
56
-0.4713822168016976 0.7797713452844476
2.435756132465265
-0.4726035309091825 0.8208200771051496
1.8935052850706642
-0.002481899854174359 0.9509646688822916
4.657033006992198
0.3600251128153754 -0.5997208076591017
3.041624807197329
0.7863009220221865 0.4801624525073796
4.613793828932508
-0.29575403234188896 -0.711960813575276
4.029667441900381
---
176000
53
0.4528206512732581 0.2800310000669469
2.933012512673765
0.43512468508432006 0.3024810160695058
0.9431504196284752
0.12308026274802475 -0.543001902804668
1.8167674606161102
-0.3052709833771759 -0.17277458155226322
1.5022836844589795
0.4971631136428039 0.6321920848170263
1.772852971857418
0.05103085636811826 0.9759503610989002
0.4675644282351481
---
177000
52
0.3433418378198334 0.8923481206226315
0.2528769781114321
0.3283236789651112 0.8932917519502005
1.673092674395269
0.583248331047865 -0.17982289855318476
1.0285426654741023
0.8306692651627567 -0.1933819448955824
5.962246330853958
-0.022239954246400094 0.7476373993878095
5.782523811528839
-0.06488110854921672 0.9422247537641698
0.41672272168727975
---
178000
58
-0.8292577408361956 -0.4425495850150633
3.2252362086566047
-0.8227901278573692 -0.4401006661610037
4.10535907326523
0.7267243554028034 0.2987923562341364
2.0005415572518577
-0.9619346643562897 -0.11415308121109526
3.6284819017349896
-0.4095767211245595 -0.21778704864207046
2.694878225860168
-0.9834560143783486 -0.977268567717314
1.7230079815593213
---
179000
48
-0.5159735213939445 0.22252828420847695
1.0993191934359636
-0.5361731825573407 0.22908413750740877
6.044796800329381
-0.7203254406712448 0.16737056928780192
4.558264850820362
0.5129719729996631 0.6682521868452571
5.4990244338915035
-0.6095540574835826 -0.7515894261787687
2.2679464377225518
-0.3805333554821886 -0.20219034687136128
3.2107756215808747
---
180000
52
0.9262161746821425 0.8608292429619482
6.278061511768569
0.9058863595679147 0.8819356674666697
1.0666575532891498
0.27085734459601696 -0.4598215666774888
2.2389213620000596
-0.8780985680724209 -0.18992164418161847
5.200001625890642
0.3323983217631674 0.5290140779320419
2.7221505163125235
-0.5669341778621437 -0.09730949198369215
2.0776032413236956
---
181000
50
-0.4670373702187628 -0.3844123015821053
4.468036655136139
-0.46473112739280087 -0.38733589046254346
6.01587673312845
-0.47964365268468095 0.7089629509479388
0.47230012068344074
-0.8996299633695382 0.5065936601143146
1.4996528099392021
0.6412927679103012 -0.577238689424935
0.235842276815025
0.4557595991090703 -0.9870818973590287
1.7583393248735808
---
182000
50
0.5565762247173329 0.5195789199773158
0.598370494777612
0.5691482141302011 0.5450822726850696
3.4123960187280353
-0.5343663736817689 -0.8233055489303044
4.006891182895735
0.08137678876200398 0.08572742909698187
5.552594984352231
-0.7796289260401025 -0.7083273135415602
1.0267417541126331
0.7206853900636656 -0.9043388586546783
5.001789419440103
---
183000
53
0.5586158115484872 0.1875071890981364
1.3922283880143869
0.545987711476522 0.1915844303240733
0.7427780152579322
-0.9889585913934101 0.9460554516081325
2.6184971673227606
0.39810088385724707 0.336943310572716
0.3352187365878212
0.42606293058614814 0.43139733011222425
3.710408208516788
0.7066630336936034 -0.15617178655723274
2.450054924264424
---
184000
51
-0.6426411508126275 0.195431585518261
1.3286476094530628
-0.630918186221468 0.17991559116766687
4.227124098856723
-0.020632129451345516 -0.6181557430257979
3.339337293356536
0.2984034368393351 -0.5773421268931369
3.249647918768649
0.7206483575017085 0.5261024483223941
3.799827987629227
-0.778083418252169 0.8932692478452435
1.3667668998877573
---
185000
53
-0.7741141816075205 -0.956039781975885
1.9766954945138353
-0.7647183410844198 -0.9522057737720472
3.0273517742356955
0.5996744793875525 -0.09855745415811354
3.807434884769552
-0.53366907208196 -0.27010109777040353
3.35709013474114
-0.9583682738159609 0.536121692524366
3.663587209020427
0.07000414291110164 0.13360837465449266
0.1569040250139393
---
186000
50
0.49925404367550386 0.47589215433118615
5.399002996353633
0.5020275673495266 0.49749357783662995
5.470875205323996
-0.6611964178676164 -0.02721540551207164
0.6357080421369075
0.08400252238467511 0.5578346692016881
4.645915857605796
-0.692693825483902 0.7685918914275459
3.754277465682324
-0.9793922915685491 -0.6601442235015336
4.31191380762022
---
187000
54
0.7607661491198352 -0.38062914545981086
5.058201065480809
0.7282427342371471 -0.37787253156922374
0.6402876732117235
-0.23857409248947722 -0.6953353064851957
4.030152371469305
0.3144788540248752 -0.7657455039226224
1.7748180249037278
-0.7675411420550251 0.38988866946252
5.340873649246855
0.05844187933202434 -0.8825204837831068
2.868808988854525
---
188000
53
0.8632406127933162 0.6389094902600012
5.294540908511684
0.8717705173751797 0.6344187057171
0.8457806706921929
-0.6080404343051287 -0.1580786156116082
5.965630038177533
-0.4554557793008193 0.6731723635080306
4.948348651696101
0.9754463146929855 0.1554261146822814
3.122984559587569
-0.6954347461484482 -0.9205043436769003
1.955693412895707
---
189000
55
0.850423628059369 -0.83710382148963
0.9233052108609477
0.849925637273855 -0.8483076005589628
2.810601848507094
0.6456258056207907 0.25237075989678903
2.57435879573252
-0.3008967051676459 -0.06418213055372954
1.0574830706876597
-0.3475096594808075 -0.20887091471918556
1.3902689130030481
0.4687941427769339 0.7004995990795967
2.9000517035142437
---
190000
54
0.12273556037150857 -0.7133422514477501
0.418050203215066
0.12702801778309938 -0.6998198211059596
0.17349513587369625
-0.784637605815255 0.19857973684484015
4.120324162549797
0.5912488870314813 -0.09586663084308814
5.545811516051579
0.6850349767429027 -0.17233553561173448
5.033428659306507
-0.48078846733681746 -0.19274804492280667
2.275493324024098
---
191000
57
0.3775459473019442 0.9648278322597402
4.485004559428268
0.37057695834428606 0.9274293605655831
4.067430590109579
0.9444251177680215 -0.13184901080696593
5.9890749899251485
0.8753427017042119 0.9426360905375808
2.829486707462734
-0.31761133595062063 -0.8869790098140318
3.74401808611385
-0.9844911569938914 -0.5792006781500092
5.6924070437429
---
192000
61
0.16194767421963954 0.12850051368273563
4.476374886900805
0.15539349293211416 0.12679090059446205
4.34579002083745
-0.5445399948972591 0.8411110722657735
5.917069579486654
-0.007882599200697941 -0.07417387684212133
5.32092346799022
0.06307035296679372 0.6990448950775537
4.046517035818451
-0.7206213565043853 0.2427854658713427
4.639247584348728
---
193000
59
0.1539070349854647 -0.898074854479293
4.952211783247481
0.1586259060239456 -0.8987821730286832
6.1137002768058855
-0.6562701057968555 -0.5556376778504514
1.0251788761370122
-0.6575931625850036 -0.4104013111465308
0.5376128320265501
0.899871284020708 0.1375816248408489
5.063361894130388
0.2908340109444944 -0.3498460974544533
0.6617925731211312
---
194000
55
0.16282252943819275 0.300871033122528
0.9853826940132336
0.16422340099292176 0.28888186488843054
3.895332535926128
0.3252309663683622 0.4991526656995877
4.599066513474544
0.00860821402239794 0.5716911615082815
0.6848245968369895
-0.7264488660423271 -0.2976563981684752
4.562832385585364
-0.3374359770562881 0.8198580718434644
2.3284468539046905
---
195000
54
0.6953306183546062 0.6687052819786833
5.4806083102652465
0.6957942749546616 0.6684759851303129
1.3539590245485131
-0.6969404635267656 0.5116547462565842
1.0166649574768876
0.7232221003596625 0.8516617556617094
2.85332190008518
0.4519792294637998 0.37240880933072257
1.4391748028524152
0.38779480389105764 0.9179721283181266
4.071282682663728
---
196000
54
-0.31524927757491117 0.722935028440635
3.7852208728329564
-0.295050500688924 0.7314227020289151
5.12351763174986
-0.6691813479479348 -0.8308213790299639
5.121456646244444
-0.12801919381233007 0.8446041925502168
2.264920153167724
-0.21154928666422826 -0.3460929597844704
0.4851775068690687
-0.661552756329013 0.22307070109035607
2.768179160476424
---
197000
52
-0.9430779198073342 0.22859001659901212
0.9423846341471849
-0.915667437903093 0.23386266551853996
0.10348270674822135
0.32634477004166795 -0.42317609941355994
1.857410267970713
0.12311424946028897 0.8800196876258053
2.1373593414869028
-0.3127455583698793 -0.5735793781097893
4.801902461565634
0.6594994923128881 -0.8832175923689585
3.096879802031542
---
198000
55
0.9580278581800965 0.8802959231155918
5.159264846469764
0.9535372625479261 0.8945702222705367
1.840904985821889
-0.13542114254194765 -0.23907738688338584
4.611566493243035
0.9117981882252015 0.7677829070732397
3.309210608605879
0.6085192740868615 0.604448259976504
3.557998549544254
0.01059933856376363 0.7531997250887246
2.6390048905818384
---
199000
49
-0.7375450977365053 0.024585300479450095
3.9793325860088755
-0.7214533189688647 0.049955623498108996
0.5691703589704131
-0.7779965800537793 -0.20952074147853839
2.038934220804504
0.5265889032085762 -0.9506497542614838
3.4862296289908707
0.6843494894109009 -0.16086708547091486
6.265482662954129
-0.41639140847330464 0.9136709478076994
0.7732382826469779
---
