100
{'run_name': '2D_rec_10_total_boids', 'annealing': True, 'annealing_start': 0.2, 'annealing_end': 0.002, 'nr_observed_agents': 2, 'nr_of_boids': 9, 'predator_present': True, 'grouped_spawn': False, 'predator_halting': False, 'record_keeping': True, 'record_frequency': 1000, 'exp_folder_name': 'big network 5 observed', 'boid_speed': 0.0333, 'boid_color': (0.8, 0.8, 0.8, 1), 'boid_turning_speed': 1.5707963267948966, 'predator_speed': 0.0333, 'predator_speed_slow': 0.0333, 'predator_speed_fast': 0.0533, 'predator_lunging': False, 'predator_lunge_speed': 0.013, 'predator_lunge_distance': 0.1, 'predator_turning_speed': 0.7853981633974483, 'predator_color': (0.8, 0.2, 0.2, 1), 'predator_confusion': True, 'predator_confusion_distance': 0.4, 'predator_confusion_threshold': 2, 'predator_chase_time': 20, 'predator_halt_time': 0, 'predator_eating_distance': 0.06666, 'height': 800, 'width': 800, 'graphics': True}
tick
boids eaten
predator position
predator rotation
agent positions (and)
agent rotations (interleaved)
----
0
86
-0.9397138533278743 0.9651669365962846
4.068007548961478
-0.866854661365689 0.7685407178956704
3.836440702695277
-0.311635705400849 0.752520842170023
6.112624822157629
0.053733764150872734 -0.28796223308566504
3.624358375566434
-0.34367749247990487 -0.718986857005627
2.3660043684394823
0.5066534339461609 -0.944544944421973
2.8456599200677544
0.8520565379742343 0.32753263467633836
5.55779574752279
0.04931546257462428 -0.7043626491950185
2.1428535416555867
0.8553179065973612 -0.3371359511664232
1.6334975075343725
-0.018268810350177973 -0.5425900299647438
3.913012413859832
-0.8638294353960134 0.41845518453645447
1.3747882832454177
---
1000
85
-0.37226977381631526 0.20402987927430333
4.192667186000095
-0.3965978006356995 0.161135744987793
3.26579460246276
-0.4237448131868011 -0.07373267553122728
2.7133918981643923
0.47446612920300246 -0.557128677492479
2.4189717810321376
-0.7757281448463774 0.023763460348158984
2.3476550342375555
0.8913089951010291 -0.3275155850601926
5.306806983093514
0.1201054673327524 -0.12677702984937134
0.10769243110121263
0.573684863865818 0.7699605958505137
6.091977866389338
-0.8176847756798036 -0.40389733824013485
2.288181673625231
0.20599596377423757 -0.32246299480794866
3.778762993649285
0.9949250042785776 -0.16717730604778339
4.46988829220232
---
2000
89
-0.7440639051156545 0.9022731858292908
4.133807362698786
-0.7700454961302726 0.8583848033577003
0.35914483564654365
-0.6193387934018152 0.4041664282047821
2.3080604003093192
0.5297859285020049 0.7719731316213393
1.4895737232562452
-0.9474845380643409 -0.2157929859234931
3.0180413673449955
-0.2528555974332643 -0.3296775484641405
4.934522982916158
0.36918774313712127 0.8555455422426345
1.967496911249083
-0.6617978558683859 0.578835576514402
3.5084897979289718
-0.15931526182270078 0.7706268208912084
3.6367369900338096
0.5025397062499047 -0.418054629560747
1.627298866150853
-0.686107433971177 -0.6955750575933123
5.600599023350306
---
3000
81
0.29053961631055747 -0.7040001120619211
4.665740525110056
0.3262802733145275 -0.5584443103540537
2.6360496415739183
0.021162708393083714 -0.080035708438558
0.06630998667012378
0.13635196478083944 0.4080165721780941
5.589235419317231
0.6711753664089147 -0.8832421380978317
6.108788479972407
-0.15413031850621506 -0.7342834798121383
2.1715085768081215
-0.37877319627154127 -0.8033474100127138
-1.9515639777939109
0.859451818334518 0.1676798521208251
2.6065717007993126
-0.7362036284181215 0.17278087804248912
6.188594332461122
-0.17791246041516515 -0.077933632034845
3.448842787075419
0.6050776287894037 -0.594820083988657
6.114793281037452
---
4000
87
-0.9265742447768246 0.03983574265231898
2.045570108905962
-0.9419395986551377 -0.042216442837939704
5.085664167343305
-0.22767319480170617 -0.33716407077498173
5.152640469373088
-0.36725246623349844 0.21343678322989362
1.774881074598472
0.7393128347881027 0.22866815712837532
3.006764661787784
-0.3521989158960672 -0.30456570035550595
3.604145828407905
0.5436430792614825 0.2806638397414861
5.158525009200716
0.3044145029865143 0.40383193893492986
0.22995760621608508
-0.12139061928202755 0.15236167768906098
3.330664207828648
0.255349646262827 -0.7993299876288962
0.2421251194463201
-0.7412180055139901 0.48449906430111167
0.7568267729336249
---
5000
91
-0.7670222965675416 -0.8974874317268021
5.515935008575201
-0.7164447947371813 -0.7969068029740927
5.79302940022386
0.5772181799095147 0.5036592316716072
3.6562551781549812
-0.9414734134176871 -0.033361668113320336
2.1980352463870876
-0.9723754768305634 0.44783798862782104
5.193779047551763
0.0833556291253984 0.05115356125438271
5.749450583060846
0.2880880110086851 0.4870885794806697
5.169639939441861
0.6342055025830693 -0.8367291470368674
4.921252895231426
0.9074440098931419 0.45047139272436143
3.540380878970602
-0.4463136858140518 -0.5369288754299255
3.341107260098952
-0.9441183612793743 -0.194829959426713
3.530566157897443
---
6000
81
-0.4704362752668818 0.7518545120277775
6.079219012081652
-0.5256741682004866 0.9181069281601039
6.129274124007914
-0.6889289755954014 0.8170905380769699
1.3348191813414019
-0.25184958257968537 0.45456197022462064
4.192944561369734
-0.8397797734611727 -0.9436914498671847
0.6599324089835363
0.2951324212221649 0.33193225378112035
0.4716613855704761
-0.2978081325089243 0.9076877833600719
4.125220286516747
-0.10116789979230975 0.22201301597826195
4.290842916758443
-0.6160004150562242 0.9677003581924856
4.043572974548451
0.3940541353517266 -0.5507428535083303
0.970554453252551
-0.6763948970523499 -0.7856729161745771
1.4183353388308202
---
7000
87
-0.925992731952874 0.9881600254614972
2.421854176059005
0.8211906204998893 0.508195974116194
2.3904982597446196
-0.9625361617416878 -0.6611697102388951
4.97187548484669
0.9421045551137137 0.19369919589550239
2.8273411834721927
0.9902195611110955 0.007635351061470133
5.801507198309887
-0.8859724244778903 0.878227109306026
6.046393067078837
0.07046855713803972 -0.23474112935331382
2.5170143739914597
0.9610197248955535 -0.9698401834338947
4.87764473026997
0.037096992643341264 0.08382746504046945
0.6365733879540789
-0.5634207210042768 0.5070203492872912
3.8765978131750396
-0.1448070838054983 0.17955663415536768
1.645091907938454
---
8000
76
0.5498733096883605 -0.5824853081553002
2.1995262761839522
0.3636767817313891 -0.8445682109276585
6.11684120608632
-0.48468908514626174 0.21088099750248782
0.600923048843514
-0.4832614909078998 -0.8630916642336839
4.082221506641821
-0.2421547251406328 -0.08387020055847161
2.9394605248943773
-0.6613860899814414 0.353340586167937
0.7831576420843627
-0.24194364094959078 0.44703330120777973
4.171108853286617
-0.6947102436464222 0.9987090905254893
2.9880788956285347
0.58903972813656 0.7754569074387524
0.02702658585714257
0.40422157152543037 -0.2741524013603834
1.7990080252717027
0.40372751006241675 0.2963694150986459
-1.7452249132437068
---
9000
84
0.0989122212305483 -0.0810498090978403
5.296625219836486
0.16631775477282174 -0.001218940998465954
0.8908394453848452
0.4898026617256015 -0.654736475831614
1.7415340414426534
-0.2916889253757034 -0.4206583512359794
5.107310096552559
-0.32918043492960547 0.7953017414049147
5.830335012681621
0.7422980120364462 -0.08580613689729108
2.7549282759408706
-0.2971858398687147 0.5494898560569658
0.45263987082730583
0.5131561530428752 -0.39721914900318406
2.0452039719488253
0.8359639000202628 -0.947251505961681
0.6953663997418262
-0.10407700757484478 -0.17131138192466716
4.161349748063202
-0.5060494408897799 -0.6028038939726872
1.3548227172308351
---
10000
85
0.8404553442995921 0.25946929810345676
3.4130525066480524
0.8665130864748128 0.39188246472063626
2.989044340440299
0.08035521355103745 -0.029381868196343985
2.224785779868167
-0.8337688752760987 -0.6483129077350073
2.2591270615910704
-0.37097012420707665 0.32178308538210965
3.487298531848956
-0.3327887544485971 0.9085320538152934
4.5938821098428955
-0.12767811991088843 0.7683256974613557
3.9869207940139777
-0.13539853734873358 -0.5444928514834501
2.1581867173735874
-0.9956431154579986 0.8273667929768205
4.187419141135127
0.7163121047114566 0.5483500859691457
1.4332418401439888
0.27408407854668715 -0.3788408565344576
5.933728817233993
---
11000
83
0.5828374918647999 0.794258940091959
3.3337840693685603
0.5984607654889514 0.6809970083828557
1.1897338327868265
0.040774779697778055 -0.32917427580776587
2.182664166279496
0.2583526189502125 0.5687772609154906
2.328560893375907
-0.8166730415664119 -0.2587432099902228
1.308779768627554
-0.32930838160678644 0.39792574074305176
2.1390604720818143
-0.2354357678712845 -0.31556440137570674
1.7405247538902913
-0.47147034879625616 -0.8719115743692705
1.9105680680132204
0.5890916641900603 0.7239418976601582
1.6393839754072097
-0.3797358400279156 -0.007473261758247442
0.7493368748389422
-0.9075228492292265 0.9951840366351579
-1.268335757089389
---
12000
81
-0.07405284911486312 0.4654437360467068
3.9415852709386057
0.07039373056824985 0.6912620278711814
4.230906389753597
-0.3916182929810691 -0.546836946980626
3.113773674293035
-0.13918286299030502 0.23276493080725966
4.944237601163427
0.34134795052449274 -0.23769591650961083
6.205525571455268
-0.651720488833629 0.8263702059068084
4.944663192709016
-0.8090850330336085 -0.5561131734175269
1.4796454303327549
-0.007395617521662078 0.32965001018434475
2.043348290510898
0.06727383319490811 -0.4619750767821147
5.186519662458299
-0.11844107749646927 -0.11957674926370779
1.9512356379343352
-0.5818626203572366 -0.8095816251935052
2.2210873534812645
---
13000
78
0.04533331095597415 0.14767133287447254
5.316989373181511
-0.11222314007670775 0.12898205936805857
2.566172752648251
0.8805191136499287 0.435793940482841
3.3081831156996744
-0.8102991550165056 0.524043103375451
2.936938436575721
-0.8887933834714612 0.537876889658868
0.16344643212468224
0.007937257090417128 -0.25241752783423044
3.3831338324224403
-0.710494384718343 0.17027002608952752
3.6261872087783846
-0.5484575906220592 0.8626374266174592
1.916992653239931
0.6051583672428662 -0.12630919946667998
5.207755421872769
0.7307052550468112 0.6634701088811812
4.377793019156038
-0.9251908492369504 -0.18120947749912558
1.6416058527811703
---
14000
76
0.5134452773026047 0.2276115018799208
4.078221627101978
-0.09822590907277376 0.9558754945045929
1.9367176419486976
-0.4222318453265652 -0.05702608631412586
0.1860131072704796
-0.5951935095690626 0.33779397612705
1.8432165447884943
0.12171546741582184 -0.9375194880407519
3.911027270463034
0.3836894917936912 -0.5428930265484176
0.5705231124048273
0.7518482184643863 0.9909571979528575
2.01921883454255
-0.38620074080790934 0.09038234751206983
0.12564320333906753
-0.2515619779802081 -0.6192724793134706
2.558574669942102
0.9889903194339487 0.41993220463505443
3.1002605366956253
0.18058293266234485 0.27795431104281126
1.6610179385049397
---
15000
94
-0.15406554523577076 0.8149516400911834
2.40941925728207
-0.18712770252171507 0.7518231703356336
4.764538109145342
-0.41827049761801105 0.2148880888196006
4.80943246739818
0.07362291417292627 0.9962643074570914
2.017814418811616
0.9914147944783935 -0.1717131165484126
2.611365954778633
-0.8466638443994122 0.4291795424953533
4.655317759932273
0.3484465190968402 0.009131614620223586
2.841055425523737
-0.2508424563610361 0.8982533111112501
1.2421095836234946
-0.8365430059835969 -0.5470791282311469
3.1515343343600843
-0.9411930877945092 -0.10593950791454337
2.5346226127599634
-0.8058664229883655 -0.5029261869555529
5.604553231762082
---
16000
89
0.16385599340309911 -0.9173253786138779
0.7347745673661281
-0.028183392303914097 -0.9882900591862216
3.092065998677647
0.5736152618036122 0.30485713600816444
3.8980408330878804
-0.11012472752327557 -0.17553894580746895
2.8120102080780285
0.9798734972400949 -0.009339261782322934
3.5798735352823066
0.5657209292543925 -0.8585086421786223
0.7677567732428588
0.5253857391035239 -0.9169054108122539
2.7122481364391495
-0.6194927321466381 -0.5381126425720338
2.524755594301995
-0.5389426001223334 0.8313301986096039
0.8794193901962633
0.7857648069555907 -0.05414825462380527
4.475384666852527
0.3068126248726937 -0.47405607123619925
4.43594054242902
---
17000
81
0.7324023166407159 -0.32203828354001607
4.328848229122826
-0.5918710060433413 -0.7461348735577085
5.863606804011451
-0.8632396727466934 0.3288600585852802
1.8745550933746804
0.5576735671356343 0.8395438800296957
6.205362913223583
-0.5211378193420584 0.5092889662332019
4.7927327227224295
0.5690722670120706 0.33668775698220277
5.597950216349087
0.49416630349564156 0.10798982489011433
5.131377683244006
-0.310990072362525 -0.9132081886360991
3.666546953194609
-0.5799606350605775 -0.5029086164121979
5.901472711034234
0.6815738769880565 0.11870278737189018
0.09442591077239104
-0.987598441769403 -0.13538641964981074
3.5527495497446155
---
18000
76
0.16784686692030013 0.353231886286326
5.039061922513836
0.14251269276851378 0.2320555609591194
0.19898736079014956
-0.5644425044530096 -0.5718850778806478
4.638265665519812
-0.936375392160457 0.754414377032286
4.928050072133031
0.10372454835648913 0.4164498778588746
1.54666363896201
-0.24978467029993728 0.19144331154615674
0.4190831642337898
-0.9402380663099221 -0.08851357141524499
2.6880056553942318
-0.5340323304328829 0.8481479308858049
5.713135403586562
-0.434089746432589 0.2399905687065483
3.912061776320379
-0.14731039000608107 0.44667463216719216
3.661370224846591
-0.37891684691659683 -0.18744049166664142
4.434481855164534
---
19000
84
-0.48887562783758376 -0.5971100928978242
2.2205734387241627
-0.4355800461921765 -0.8176901719559102
5.94773081715993
0.9154647330756227 -0.4471944421047088
0.556783487890872
0.8581950147911228 0.7448171959645303
5.41847975012976
0.7181126182727913 -0.9594158399284403
1.601672609917344
-0.8901978457058698 -0.5276229668372154
6.146396395030402
-0.9133813274455764 -0.7316318642853843
1.21098547208915
0.9037386368393855 -0.20750359739124605
5.530943047208182
-0.9710762095632974 0.0489100706681939
2.8027076715373584
-0.48058327625035036 -0.8086230448800772
4.132105802317018
0.7683089131935938 -0.69621070792447
3.4144718469344566
---
20000
81
-0.47677090929499316 0.19578915694343926
4.161240775085138
-0.37506400581985583 0.29339126952378486
1.8581189621538536
0.5508346781167143 0.013845510344517795
3.3538649592518937
0.3601332159687805 -0.3644274965171917
1.5370167468025269
0.31119037458049004 0.13015613575315998
1.5488240226154826
-0.5016775000724394 0.3935406505987601
0.5437197821504993
0.13136758517243413 0.4128653588131618
1.8598378916153884
0.9168830459353494 0.3044291553314518
0.5141338543727061
0.5492749602513076 0.7888686876021558
2.015631025759174
-0.7696409779739071 0.32074851213939587
1.6276965401920664
0.6676977385833374 0.2804992357259415
2.1205775979808754
---
21000
87
0.6124665482241112 0.6543044670886855
0.4531995531403624
0.6217703133577095 0.5708946408878017
5.789209839148742
0.15877719585742114 0.5993890418439043
0.6998036495793629
0.8790345826327096 0.1540698879748612
2.2286879895631264
0.07634446790262076 0.6006797130305522
3.284087873046283
0.11023168172550997 0.2691615693095916
2.591789489196776
0.6837374063199989 -0.4162057620727587
1.533427048520137
-0.4723418701569831 0.3175175336942555
1.0753792972751306
-0.7752900531795822 -0.3917511231514576
2.7647503299357954
0.22839497711232856 -0.11771547255779516
0.7744246979804137
0.6357140710527173 -0.6822742068328721
4.383519774765558
---
22000
83
0.4464161317644386 0.5018756957381071
6.029304303499471
0.39176628542847053 0.49272071930948474
0.05073926586454647
-0.5282350206140038 -0.9166446776920901
3.7318353534770363
0.8944436751774317 -0.07597020813334993
6.2128211220110305
0.9669719214310537 -0.9865296648310501
5.692854847942562
0.18980810382213112 0.8642275091235365
2.0453453192649205
0.6490088822522085 -0.33285609607875105
3.882424162400583
0.28313357306721904 0.5524571698256797
0.46279318923389035
-0.9001944144732148 -0.3506509876177883
4.359234476109347
-0.6168734638723274 -0.11535594733085355
0.669629595199666
-0.3990881507209448 -0.2894478632826075
3.819188304456574
---
23000
78
0.9385449071493087 -0.7211916591210394
2.1176559327183395
-0.37761488734089316 -0.7335468274212037
6.031156017249557
-0.49911201814663997 -0.7697665857713331
4.611406567330949
-0.1422442482873005 0.9515943984395052
2.656448716163453
-0.22050503564401264 0.6887657206817834
3.4475190283592543
-0.8977752229406322 0.39067004726671706
5.905327545451452
0.004390595929394402 0.42496480409632353
5.811048002355058
0.8030152322999949 -0.7565710017340573
1.845811662303971
0.1149780672664671 -0.8357862975870829
5.396695608216866
-0.5546120683183433 0.3309328699343052
3.45994413583876
0.9541655646460215 0.7726743496701243
5.033423169736657
---
24000
83
-0.2150731151696663 -0.33611088078056767
2.4278655042430413
0.02329133237622137 -0.5482567015315045
1.709060296789592
-0.6735768051827618 -0.7628162464712446
2.783382591457726
-0.15994198157100362 -0.8394378854602369
2.577504323624887
-0.10215239581794525 -0.5047861387792659
3.6910835350764737
-0.26717985712461056 -0.31534435141493417
6.2436957847159515
0.23978524380726182 -0.5405248158968725
3.4460469015562953
0.1960511600811031 0.7041070546113235
5.055411510611552
-0.47590172495552224 -0.7969021510107089
2.162924404631913
0.7741800364162242 -0.5208585484557811
2.0590443942341983
0.3936119937809862 0.9871417529510573
5.479107090742864
---
25000
88
-0.27200271339432675 0.8302134319660042
4.808114466405737
-0.2372089858123578 0.7765900197699923
1.496424257149359
-0.47832369160739896 -0.7576237935355866
3.0587371522079367
0.5132990019773082 0.5752492994964717
6.0466119448419615
0.28377267068966183 0.5358476637556919
2.8351881273322963
0.8544524181714674 0.5341825531566659
3.203418832096724
0.36810774330908763 0.6959952824788338
2.933960917642964
-0.7214934700963426 -0.4283260835051192
2.4179309210223154
-0.42795190170696884 0.5670967694174516
5.284994387004991
-0.9013613382290404 0.14820221589822524
0.2841452528150077
-0.4183296500672244 -0.9476654882703991
4.330756550063919
---
26000
78
-0.20549770820063315 0.8590122546141836
0.11994342411991532
0.3319157998416413 -0.9540938646874116
3.735756557395492
0.026174464354681386 -0.6866417961333517
4.780569130860975
-0.7761961430296728 0.2564900746877549
2.7574427403195805
0.5654363711965738 -0.6043868356561277
3.9695481518959093
-0.5290003082819211 0.32000716594474266
4.115666929898227
0.31216967543885 -0.9556774446525379
5.635831952450821
0.32655857899530927 0.8727675166252993
2.951352442721964
-0.7010611058352538 0.4992913059455802
3.7679445850543383
0.8123338911840241 0.2975209589741266
3.740995912532929
-0.5123195875446256 0.5366945543785835
4.0070463878203455
---
27000
89
-0.08526498739633313 0.41454817877475475
2.167399164814147
0.12268140784076509 0.20850703245919863
6.095025759602631
0.4699919558264671 0.9483511262288563
4.402049736671313
0.49127986348838004 0.4410052338489379
2.506697432706674
0.49202824900731346 0.6326898741106506
4.2936325976914365
0.4668582636498634 0.15942449401442688
5.051328509532124
-0.4337074741704256 0.45626372308945945
2.4673295528680317
-0.7409682726009656 0.4303454561831578
2.7676446508625228
-0.7438060420773394 -0.36747214387567534
6.180041396731161
-0.00816694776168881 0.37098531563209475
5.622619935223819
-0.3716911872201877 0.022838597608629083
4.269264609567367
---
28000
88
0.11324384291074402 0.37926480657317274
2.241590339416434
0.04539995295579033 0.30874598661959696
6.244360940648711
0.9782799407361638 0.15447099353407562
2.810533507661849
0.9748584351080611 0.004535332685461229
2.587999196578104
0.30500379350024737 -0.06336114962910358
0.5626993321410101
0.27054056209512506 0.29877030564946244
4.404651970752149
-0.10382716677850165 -0.9714797314551612
2.492200521212574
-0.6407709269212511 -0.0763561585431044
5.935386797684119
-0.03635461740775367 0.029329871158544567
1.1843891783111822
0.05812424185821956 0.11546223264502559
1.701248225510323
-0.6107108523598468 -0.9252757790669672
6.042050227127545
---
29000
83
0.2548969364172123 0.1147455438426502
4.389883151203981
0.08434726493244264 0.19694879867111165
1.083773800885746
-0.5480590706050599 -0.00937095260105297
4.22689753253394
-0.6965632166883227 0.6108489472869639
1.8354977828394627
-0.8076224572768785 -0.45692870852797346
1.5856514852189658
-0.4343279578559114 0.6554267697932525
1.2381968610922476
-0.7025297773738548 0.5232919169905972
1.2003407745750607
-0.18932796133455168 -0.7483507359353707
4.7440537904398195
-0.98042000716463 0.6317191549441166
2.8566168647077728
0.22014300813570517 -0.0005697656346153671
1.6477945804279273
0.21472100551403697 0.1403722015275375
4.580894690061202
---
30000
84
-0.39273100712690046 -0.6870943416844523
2.0958779046259393
0.38173908308003696 -0.7437879460091292
2.650081386999614
-0.46087630826984444 0.9884420236998065
1.8069324164273057
-0.76339267711636 -0.8121935830824255
5.489814119239365
0.2301187865667876 0.3573645282339245
4.630078012522301
0.7697736712329908 0.9842798980891923
5.420296649172253
0.44750703701464156 0.7179985571524152
0.15695157416174688
0.8308120218043565 -0.07015901284516063
1.9927998388364623
0.3620594445378967 0.08474504240839612
0.6258166450352318
0.6900159540357386 0.9708873336084589
5.3251037830024535
-0.6438479706662656 -0.82959408303829
2.412510154283199
---
31000
73
0.3014612414839049 0.0552483480766237
1.562333751334961
0.6124508935608058 -0.5122520798790189
3.5319415901190796
0.48670462325187847 -0.9698891766349662
3.7709214146085968
-0.6725296611708682 -0.03702939706772709
3.8907027474533225
-0.8387455167936484 -0.18921582456342678
3.3051287644423564
-0.9794177200825702 -0.9905417619892227
1.0033527976589243
0.6644143018840001 0.7213064579656865
2.3319103194743276
0.7461509617018053 -0.6680893888232668
2.725935022984576
0.7875605723141595 0.4187560585056203
1.1101691004383207
0.677753535969636 0.9046821949250033
0.8146088791631909
0.6576426006334575 -0.002115447576120727
1.1292265935375365
---
32000
78
0.6652592416222353 -0.8169762147999917
6.101277807488862
0.3801781293658045 -0.8235384052560506
4.058331912445145
-0.7371135055712796 0.9889141355810113
1.0667371106345396
0.9732617631217214 0.482513958658208
5.180268790115802
-0.6141988635014239 -0.4004347478791686
1.6023680191313678
-0.4623252730414178 0.019129228412243814
5.2016704964921345
0.16470116945099753 0.45671541930665477
5.740118365493693
0.9222570580485215 0.3085704292878571
1.6608242543373715
-0.2904726864611018 -0.891144171514484
1.3639379211496703
-0.3417951700941515 -0.47889303621548057
1.1440921214679207
0.34492688607565375 0.6483895333902934
4.653153992157826
---
33000
85
0.21718539250254643 0.7933495646226151
6.010364696750723
0.18927312948792768 0.8483281603685597
4.947530698550365
0.7283291106022352 0.5060858574374745
2.057978484190542
-0.3418160556275005 0.861135906385839
2.0331728542864207
0.34623136855612197 -0.9043324044755788
5.869388007031546
-0.922785086989567 -0.19540501470491317
4.721902438988398
0.6105011848376212 0.1680570648873374
5.260687544827372
0.3577822835721137 0.1528384697457262
3.5342462759166864
0.4425270237317569 -0.01374643670107377
1.3952561834699324
0.20275060685700808 -0.8077141003703738
0.22682939467597407
-0.5913089015822776 -0.008793765369959648
2.9488686223827774
---
34000
83
0.4331468396783079 -0.1427200908644215
4.52198981436558
0.44115628118153927 -0.4016635272280149
3.5737633899652366
0.2984927051110414 -0.6637464400688043
2.8437261968349885
-0.13482316532738667 -0.39722071522739977
1.1169132823107457
0.17384255392028805 -0.39126712292992544
4.027464476975006
-0.09924020069195982 0.9896747337462063
2.0862286969213875
0.19714661878885412 0.9688759865726039
2.882047469778648
0.0011469290835127224 -0.832126353012421
3.338549027334669
0.6294708621685845 -0.41417080794382144
2.476784170640622
0.45943546011894204 -0.5158843797934073
5.087987999651141
-0.4587740150188413 0.651189841172558
4.288166209316682
---
35000
81
-0.3440488331728141 -0.33957452517856934
1.4662603940082886
-0.5271740262617837 -0.8345656206941332
4.135141627142554
0.2797226524949664 -0.6592113495365368
1.2506899758326915
0.9564967439198735 -0.20179970932261998
4.630988625293159
0.25851598391460967 -0.025766681184313744
4.8312118243708015
0.977368010772302 0.15592565802503672
3.951933743961063
-0.6361816390479479 0.04708577158216709
2.195471607158571
0.5245078810180728 0.3606122895430956
4.52896607517292
0.15111283735450362 0.8586942258872758
0.9797973696797388
0.6814682989280297 -0.47954319899688286
3.0362026555335895
0.6144918736987462 -0.5625757253035125
5.6122305025407275
---
36000
85
0.4970392601600988 -0.7092789601979461
0.780410673729416
0.4188824017363119 -0.580290611592617
4.67503137683237
-0.9336295535602216 -0.6289291336426224
5.219516366988909
-0.3180576191416052 -0.3865480284247451
3.0133854222984375
-0.26034743793375686 0.9627139394612354
4.957833340258012
0.7168190649876532 0.4776016488330248
3.7906276861689383
0.7584053768897451 0.13508265101138595
3.6694635040376022
0.7185143552486045 -0.7722616609884178
0.8909577173992753
-0.2426486465040906 0.9007338680804718
1.0203011183924167
0.7272946925837881 0.9574569390560661
1.9836996567104626
0.6099138198235461 -0.16323001961273773
0.4763695761640845
---
37000
87
0.6688496098410062 0.633590873834258
0.8549426030212719
0.8516468872478121 0.20485943158484343
5.3793082006102315
0.49484730078515127 -0.5195445982811605
2.6039568370028077
-0.9319272135415922 0.6740523837286683
1.5404207622971526
0.644912669633101 -0.9688905052710433
2.5177245590345976
-0.21256651972921103 0.05920211514277453
0.02901952709003197
0.5001784420832683 -0.5496424664440127
4.154813599847325
0.1216012593411528 -0.3337857578769555
2.8705027894321216
0.8384104321150374 0.13740678960697178
0.61620135077571
0.0709520006418914 -0.6025814090270929
5.460781990389013
0.7370176071118841 0.6213148456408497
3.217336443158289
---
38000
83
0.18562032426357145 -0.04795599225159394
6.2353992011297255
0.12543847642666506 -0.10939237694807806
0.8067740440448459
0.9501519615008034 0.06475040494788781
5.417402925422252
-0.8157352980837494 -0.669852986393043
5.275865228580375
-0.8093261668968696 0.15820956625908697
6.150270786742017
0.13326221435671645 -0.07841336928333487
5.660220197379296
0.3777285688162016 -0.7748886781040266
4.364965351052161
-0.657571280426719 0.240480607175456
2.0367931656950775
0.8939988879407286 -0.42701033179058445
4.255835584026259
-0.24201829700119398 -0.47547090274821324
0.4929254803147014
-0.5344808338094 0.2037212764740297
4.4539956917315635
---
39000
88
-0.12297574574480788 -0.16016517802307634
2.2617371322645337
-0.3140970378178256 -0.4872057763623351
2.124776460879322
0.10274772502634824 -0.4958005519067131
3.509903340511352
0.09822559292267302 -0.6288199250817106
2.1614831537729726
-0.05709774186500359 0.5876348619533315
5.5493489102511395
0.848031870138679 -0.7643374926005609
5.038227967951168
0.8523871528930573 -0.5240864413138537
5.71756934135721
0.6233222269601885 0.8834441489823678
5.93279348591944
0.3764118978619216 -0.4633787011201588
4.194049336965483
0.020808571010011497 0.8831229135161337
5.315993248469838
0.21973305437329738 -0.755295265676783
6.24660442343613
---
40000
80
-0.5351257498591027 -0.6058882135215172
0.9149114267155044
0.786361041357095 0.4373835106930531
6.013439353487664
-0.512336770171536 -0.43556324786009004
4.242660764342942
-0.14790196277522763 0.7835806114523151
4.235931874817745
-0.16511093973583252 0.8301302754880615
4.181133941883467
-0.6618920641936917 0.3796579350836679
2.9581862941983683
0.8635512929974792 0.6039020620144363
1.9156341917959878
0.19680081430351998 -0.8078194480304066
3.57382835102342
-0.25451298466531636 -0.37718134117462576
5.619234484781919
0.3464299315417281 0.3971602198697235
0.9485480360661311
-0.031051581416267463 0.27844317815393677
4.791148513294748
---
41000
85
-0.791822708385438 0.05067420982960403
1.702421264520752
0.9713812910023867 0.16822630181109988
3.8284415337809694
-0.7373170199448651 -0.8181281721192464
0.6559091318143633
-0.2648109179952658 -0.07081900787049827
3.9380420462340258
0.29769529225842994 -0.8271712720893579
3.3376454707086456
0.20045436873199457 -0.545469100803073
0.71010909496019
-0.17441862108223502 -0.977399104857554
0.6552334371583992
-0.6549181216676498 0.82614936680967
6.249604124299649
0.5638304667710551 0.578192687379254
1.3262848868197654
-0.7064202251023527 0.5124962051922076
2.4519557136681263
0.04025375247383452 -0.1248672934177443
2.0495288876929454
---
42000
84
-0.3052969312528178 0.9598092363535065
4.56337891398219
-0.77802341496545 0.7014764086843339
4.9482142189184675
-0.8346208534382016 -0.8809261351637997
1.8584054407368473
0.2386913428094502 -0.6651766784419008
1.4407882118439916
0.8165182072239243 0.5299230387382502
5.425953811446392
-0.7876899893299533 0.7860370332830384
0.006631519874939151
-0.5153013266306584 -0.9675904805562767
2.26551605911506
0.19358657205143381 0.5167255417245663
0.3975127711170767
0.9265803045924195 -0.45989928365946964
2.5649386560015923
-0.2800237020131027 -0.7625902352865995
3.183633010190608
0.04489964104764785 -0.48013947190721945
3.5303180721947953
---
43000
84
0.981796572862173 -0.38701379867296243
2.202888336892033
0.38463598242663166 -0.39823626823548436
2.0570952487602723
-0.8876488812996491 -0.20483467430563013
3.733882744985988
0.5542404080548577 -0.41308894187087625
1.4368924790156523
0.6824331476496047 -0.9666464098356218
1.5052158628375931
0.43160240942551936 0.10432728708228897
4.715446596966862
-0.710575549511651 0.3038537472672846
3.41962541023395
0.5079809783189885 -0.3616720852088685
2.348884297462403
0.838221968164563 -0.1410427699295869
5.444514908898602
-0.10162190916140092 0.8561854049836801
3.8969158520408778
0.9248440453080935 -0.771842472181505
3.6103067037474155
---
44000
88
0.5625679495347877 -0.33584445257641155
3.997622921052658
0.9831570210710605 -0.18973950140410847
3.38934553894749
0.3795018859669177 0.18350871863770024
5.883524895735454
-0.8265241317432248 0.3366829344003808
4.538836797078542
0.7599913410368038 0.7862538524869715
2.4698465002853363
-0.48650083231816116 0.7854244898966645
6.074585362104729
0.5040225997899815 -0.8555937775618818
0.017455289744781943
-0.2914909708842022 -0.6185209852292373
5.489191245713196
-0.9346781118447705 0.2769542254901216
4.3475837208167185
-0.890247807223312 0.3996283678832382
5.132356301457567
0.6991049346280718 -0.15492929903729688
2.425766303099072
---
45000
83
0.26270133778708216 -0.9115151135294118
2.323812303923184
0.13475877754372206 -0.23978854822619888
1.8502008207824412
-0.5918131510225061 -0.8337696906232991
5.389008700522013
-0.4878092322296203 -0.19960973904847837
1.09956517469986
-0.28726813243964094 -0.30582018361659125
5.889065124957506
0.3699950196942122 -0.17589191414841723
6.235493593560181
0.6270804187520659 -0.6538309287792189
6.170861757723225
-0.3826830982107502 -0.6096611608801222
5.472521537919768
-0.3831948702662552 0.8024828960483635
0.0374805295450269
0.26736419971520153 0.23193065529630974
6.021531890799608
-0.7955259210738731 -0.7947451442987301
4.865857412873452
---
46000
89
0.5992919071287247 -0.3772003408115963
4.623996419129824
0.4207910547793285 -0.39726843724027694
0.7101727742486164
0.9970254136497372 -0.9558228429749044
5.557102277075373
0.3749810843617572 0.37585016926700593
2.061361404574366
0.32826701648157736 0.3216297736251854
4.1097636437969305
-0.8683571390218454 0.25333503103598864
1.0538743397339756
-0.6074209028706554 -0.6260580585141905
4.174864280719465
0.9266840948612824 -0.762141553074231
4.344688460280841
0.5380288918772541 0.561560875770172
2.585893961832122
0.6042107520846794 0.8339055604966261
2.8652360286231717
-0.1706192357522491 0.9950177954894839
4.635561994470675
---
47000
80
-0.1750856016186206 0.35460921211002516
3.7442201194527396
0.24836041767283934 0.28674791919199405
4.001145006141398
0.9189514811267887 -0.5336631714474631
3.117600498169713
-0.6890796770486219 -0.12810031407997338
1.4184261300407135
-0.8143699138396316 -0.5679235140382801
1.314544356242104
-0.9766913815076217 -0.9098231616003286
4.3081560994812484
-0.20434874679519663 0.8714640330226526
6.144004061500227
0.04744673332763092 -0.9913659092146083
1.7492094162426408
-0.6800978533669712 -0.8613791191816871
4.1636286876734125
0.43239417917775236 0.2493930851058195
0.954429456037774
0.8644042481509158 -0.8037299249424619
5.904047816819528
---
48000
71
0.9084384113869046 0.08430428189355618
5.366031570259878
0.004193840212340476 0.3152702858725613
1.443233763642369
0.9793672427048441 -0.9209111796915725
1.5971646474514127
-0.6907716179585326 0.6618289506415667
0.20778793245053429
0.10681486006507505 -0.6482066450793118
3.827493020441433
-0.3963735795583859 -0.8000923391092483
2.6731603728814486
0.33717949228697214 -0.4788247189602
1.4347463116895032
0.197638867355321 -0.171628191845267
4.698946799893609
0.03052440758373666 -0.9047317226735773
1.1113571002224523
-0.2339344502262124 -0.976375240364911
3.4921660504261585
0.9880347404100567 -0.672890839775458
4.256938397727279
---
49000
80
-0.02410432917090994 0.7447060506489621
0.8560375864647858
-0.12032218123770762 0.6184736073849579
1.5404055612461525
0.29366966134127215 -0.9245219682534762
6.204467317685706
-0.6633530958100853 0.7714562849208904
1.7896769025011183
-0.23324803425755414 -0.26785072718523306
3.6547888630482888
0.7504980017465146 0.6021263311451546
1.0622716928543579
-0.11260170920746493 -0.68923875296679
1.3793434974692742
0.6197428307256465 0.8651112065161684
5.070131897443998
0.5373546574960113 0.9900213992623876
1.1907086568364385
-0.7318220389970943 0.27966663498457023
5.987267752870733
-0.018747340503660857 0.48602979175382816
5.563824552011763
---
50000
69
0.5751378029332676 -0.16232210953594106
0.3027662477656753
0.29548033688524356 -0.26189395399890486
5.099336767828372
0.30006279960307697 0.9814171353749088
0.05324047133274501
0.37663678587517935 -0.6079297639467325
3.67464188597883
0.5273069464457748 0.9721515421663874
2.892435329151854
0.32115087784500806 -0.32869168684539996
4.742819958886406
0.16995098440509693 -0.61829812097811
3.0752333354118866
-0.1321038451930851 -0.3946452874391692
3.2399439192348005
-0.34483891269738515 -0.28418704615732127
4.117312270725105
-0.5681753709668005 0.2707938534501807
2.7147780819383422
0.9831976903617063 0.944223770813544
0.9125273544323864
---
51000
72
0.922774902816402 -0.018844793302589802
3.166775245407244
0.8080292941958813 -0.06667455390299312
2.89873022842447
0.14169647489859877 -0.07048413140207901
1.7062127267148943
-0.5915795854197612 -0.9212637763858808
2.2713858855073443
0.5527957089267359 0.04244771297247924
1.9179053510993134
-0.13929809318463943 -0.9316506195923119
0.4470348365736392
0.712530717718641 -0.6776727744444636
3.8202916718876123
-0.8535094131994735 -0.27238024313603015
-0.9887507366203176
0.6593493714355017 0.5172116724488437
5.662492689232081
-0.13105315775403212 0.40883524582194064
6.238603247459341
0.07520851243317783 -0.986701048546787
5.241032598420159
---
52000
77
0.39898301143589693 -0.30406362222266164
2.0244761052480325
0.3008104083519756 -0.3701099022137078
4.019375724109066
0.5930456817302742 -0.3410091781178005
1.8716382302817847
0.4382886390836737 -0.33591879655915263
4.691456623945679
-0.6242905199730989 -0.5416415673827654
0.6187414151287349
-0.9556495741518752 -0.6416421155428007
4.5359158786850315
0.0004807315100701006 -0.32939199409756076
1.8923116323747848
-0.0731445373973476 0.36349165891479923
1.0340102082545926
0.3108819546737706 -0.3811650405368513
2.416005800735541
-0.7716736989311159 0.024793708467869983
1.4567898181898986
-0.03300044618781432 -0.5200565205839581
1.6848243677077415
---
53000
79
0.5012531696819299 0.20539747156015267
0.4190873924375999
0.5999312606317537 0.32296299958090224
5.183168547026306
-0.8821993958506483 -0.016335218808387227
4.980380207922133
0.14788027669553572 0.5162513264509963
3.5151156810527846
0.9280952860105186 -0.0684231599456112
2.5078099072621356
-0.4468388188578909 -0.865077815684637
1.1662001560562008
0.013667423209646236 0.20967870673588698
4.581214622987529
0.9328597214867448 -0.6889366889472065
1.1392222275935815
-0.015000179820971245 -0.7626389955277871
0.10496087812657962
0.5668464163442006 0.9840033378043792
0.8490564984772639
-0.16342520060574395 0.674481901281966
2.4395354186132483
---
54000
67
0.2978819857494098 0.40153190237317055
3.308780654854768
0.4121087191849375 0.36125984323891436
0.816760299009962
0.8971421536509722 0.6965137702019021
3.389359564971672
0.2942832206916607 -0.20114681685485397
5.287811494878285
0.3421908971129355 0.637482922511916
2.881113360390931
0.19092941992896129 0.6801067826196041
5.021532342650617
-0.7796744980590826 0.991027389466369
1.1373627344118695
-0.09875085092471216 0.28100777274055644
5.81268478862317
-0.30701084245603666 -0.8349777101974389
3.3465489543192257
-0.2289704975827197 -0.1197345085105147
2.649294164741933
-0.6420227581176098 -0.8520027812134193
5.137998047309486
---
55000
83
-0.603257728261124 0.359619828037058
5.655185193842649
-0.4868890732244345 0.6427696368068929
4.1027140647348705
0.17726410460118433 0.04377411188743813
4.749263926009335
0.26118453799104296 0.32977258198230497
4.15441509759998
0.09490329755170908 0.828833199007605
5.373063929099589
0.5097868503237257 -0.9792682926590676
4.660748006187391
-0.11140227978018785 -0.23858274700562715
4.6174785399632245
-0.1242172181663447 -0.7992328346510675
3.6901899131725378
-0.6013511426929455 0.2993321235515958
0.9876874107184186
0.6716660078010923 0.9986839782457855
2.043755095056934
-0.37940467197928435 -0.6868691426287874
1.7554004039401745
---
56000
67
-0.48179271184332484 0.2642482211093038
0.28347514374414107
-0.5442486664107968 0.030203455130519734
6.2498852857147895
0.5614673774334562 -0.01883152252114567
4.189400502355172
-0.44852801469059167 -0.11848619477096102
5.071036246250285
0.24724586855973965 0.01650923015147098
3.2607827204393507
0.6946070368159287 -0.7046870515422046
1.9158154941896628
-0.36886610264831093 0.8343922797930735
1.1894384291293338
0.8599654096102664 0.7156536873598315
3.8011439752848935
-0.5351654840732112 -0.7132109130475931
4.521563079632381
-0.8379467365397512 0.942676495665576
2.106463244182488
-0.273169023159871 0.3672768959214885
4.006918671877326
---
57000
80
-0.5434804675721914 0.6905305836339366
0.05284901177496604
-0.508892514449426 -0.7369359045555475
1.889709061389329
-0.8598718370062409 -0.6526343849373623
1.787398421997322
-0.5147920568975073 0.2918598734167538
6.019418765801894
0.17261647432158697 0.6737810771147726
1.6126153485989594
-0.8147195546351307 -0.5317770944635007
0.6608766459754127
-0.42222959674616806 -0.31693134829008734
1.0312749029829567
-0.629971133611378 0.037387077994989554
4.446716625306309
-0.6644597202554092 0.6511011061228288
0.2315402960478313
0.2591647301040249 0.42373997509251277
2.303391317740351
0.6890571962028141 -0.74836525230511
0.23643445849440514
---
58000
78
-0.008367632464550027 -0.812268560070749
4.939601529204846
-0.01786922428416818 -0.8641721420478382
1.8119656629687961
-0.18064511631604852 0.2615765340235916
2.6119645890956917
-0.4871596711892578 -0.8392402524133487
1.5706152641279747
0.08156036276412472 0.8547828307874417
1.4481689661334132
0.41727755829365615 0.3945644867969692
2.0678581654687447
-0.02823832001116811 0.37068789705584515
4.522068937249056
0.24692701244475654 -0.8961836847584167
3.542772687317475
-0.4089900334758919 -0.6262729639597382
4.79321266837954
0.34997348728027894 -0.5080483609604395
0.884345089172835
0.1133209261765733 -0.5497077882999365
2.8693642089618745
---
59000
84
0.5079102976661898 -0.9792246236507037
5.583347781777244
-0.12778287901255703 -0.6994287277037646
5.043209293459822
0.6499931683632535 -0.39457049468705374
6.186380439837354
-0.4494693882734378 0.4369302906786941
1.2230264311367218
-0.6756512188226126 0.14758813552968236
3.322654047281493
-0.7530999258536851 0.47837247304481817
2.504752587135135
-0.5559650482726803 0.18383918819177592
4.986519320542133
0.907711941160987 0.3572553834731301
1.9630156921883808
-0.7040424035780439 -0.2686150280291096
2.5743075408131446
-0.6093826659624548 -0.15962107289897645
1.1529271614156267
0.61622383424025 -0.23869078179129388
5.717543511058648
---
60000
80
-0.8177817595019354 -0.8950947186850726
0.7146980033415533
-0.7644170240567929 -0.851231734463335
4.305820361529161
-0.13848504904939707 -0.5785089064074168
5.1367266784727414
-0.9006439876312476 -0.511722315808409
1.1119838142658383
-0.6198642767854496 -0.6656142746469496
2.8792477543821615
-0.26287624695081935 0.6648820429464962
6.004914688333319
-0.9382386915768707 -0.6250136338374083
1.1134815170329717
-0.18213588480531584 0.7783713527405921
0.37108172098051817
-0.39405226680640637 -0.020809093926706913
3.21833594056267
-0.41025105675502305 -0.2083566048908701
2.3889706492097664
-0.09299253351981304 -0.5632644150090024
3.1876274622725385
---
61000
71
0.23633186831442524 0.7246766095547706
5.215483832218423
0.48909447898290304 -0.20830949341505986
6.080025362006266
-0.038270163448603456 0.9532908448379861
4.721539742363591
0.9682293483671696 -0.22987302404311602
3.34296532276677
-0.7350279562543122 -0.1214810013798503
6.114277246608301
-0.030313102260682206 -0.19029878103324244
1.0180306619095596
0.3810368848646198 -0.03803567400802451
3.941552238737307
0.9287685490004527 -0.4430757796118671
2.295338838981288
0.9792902045553707 0.03624310152450693
4.551890356443074
0.7163068595025829 -0.2172051002740037
2.1687656236599278
-0.7561004352125538 0.9043926497230945
3.475678578355322
---
62000
77
0.49085919747418344 0.19407495202673583
6.246310232251087
-0.5614664666814438 0.31254726087831747
0.6780598626705574
-0.16545351900923366 -0.6711909814210097
2.7527577384610566
0.7680721688181903 0.7122687906474552
6.205420248798599
-0.34266629926351444 -0.7633316070597922
2.2096683322196142
0.7164782815754734 0.7419350357058727
0.0999745658639144
-0.09387610609467047 0.7160132270075097
5.23291185389116
-0.3071516456546018 -0.8937981850216257
5.344933545444327
0.9376695120794365 0.13989513593520359
4.7424674456251905
-0.7437463064549044 -0.6703484438332382
1.56450482552777
0.7404004017858843 -0.14041121522525757
5.6495733263273005
---
63000
83
0.39557752966539744 0.9863050065096026
0.7811048388019279
0.1344811686678815 -0.8460246453362891
5.363107190474462
0.6662022952369538 -0.5611961617438613
0.06855144392510182
-0.49724475411817864 -0.22701935091495062
4.03793873381027
0.6338072700076098 0.4619025100088129
2.0951901976811085
0.4296754516318508 -0.5844780295468053
1.3297387963020313
0.12992377015222012 0.5605314609713391
4.305691727656999
0.8932924044255495 0.13668745280188963
5.606492349446886
-0.8823181648396903 0.8292292305204347
3.194088363291552
0.9748172478465696 -0.9860835237091661
5.430529831138046
-0.9197726273944349 0.9041844516579186
1.1689905559969525
---
64000
79
0.3394080844486171 0.7277078581966231
6.006586624057423
0.6193933288965789 0.9111282884456191
1.7414184855752444
-0.8149284214299625 0.5943973990149786
4.703591019122979
0.5008066050361716 -0.9605410701053902
2.0433096822618992
-0.8148889628430823 -0.022389156739363578
3.7878613781361077
-0.1531661054254177 -0.34384843009350385
3.6151199365617837
-0.36670888291320386 -0.8868233254443817
5.65222495189805
-0.8543020246450462 0.4120262689204567
6.061993550741258
-0.7287290177536406 0.535943089902924
5.9406490816290995
0.6661415651556095 0.38272260055816854
3.8671303675513498
-0.30713656157012004 0.8346543288842846
1.090249807787865
---
65000
74
-0.3716487364308938 -0.21230174023524442
5.981997648817215
0.45630070216602475 -0.6635813768391884
2.153645184213592
-0.5498902764326253 -0.6798822675909805
2.7096143564094968
0.8465925528137769 -0.7958053521252255
1.4403440605013378
0.40310493250847723 0.5560524063992973
1.0934033866010608
-0.6493636635552739 -0.18469266792531594
1.629442813548069
0.26922289800843874 -0.6269826179589723
3.425254472076743
-0.8848188045150563 0.1965850212977248
6.269140710823927
-0.01534239680403093 0.046794855525631215
5.607349637438067
0.6039316652328764 0.8249496466225839
1.9241474320909164
-0.810043915786748 0.8469176863888259
4.009243152639383
---
66000
74
0.8372146738848258 0.5876242399156933
1.2677816941165796
-0.8856860774085867 -0.4037855635296651
3.0352773240735402
-0.490702594823947 0.45037651728475747
2.117599080879349
0.7907101829060305 -0.6132150653944245
2.658275407681109
-0.051126687774081206 0.8876189316214699
3.520454500474882
0.3029156504805568 -0.43922795111887225
1.6260744718261764
0.35112868795046615 -0.5408806985160459
5.830663107065678
0.7622026356830528 0.1384906700753932
0.7416695416511621
-0.1674041821318651 0.4307466065557215
1.6199469780264497
-0.11619300748714576 0.8247027316856628
3.665894268091762
0.6027664852292135 -0.642726374254916
6.190377225878572
---
67000
80
-0.7494216972408808 0.6420827812814236
1.1039455945746155
-0.634634183911015 0.7338719977171577
5.705379469653481
-0.7756735067615773 0.3973920794327461
0.829311996256239
-0.3295333981048536 0.017274461232080852
2.68966973125825
-0.601639550886222 0.1493546637489725
5.242627768973569
0.7852230270322935 0.044349086129519835
0.22161473223527395
-0.39675177013857577 -0.06373903269466316
3.500710114556753
-0.32350580816444446 0.20379265282872336
3.825293445848126
-0.14709117621025805 -0.641849523965891
5.273469952797768
-0.3179245684613974 -0.43247133031057333
2.559045997518618
-0.07990769560212346 0.4403821036903795
0.947868072649813
---
68000
70
0.9654293815938501 -0.3729370730266009
2.8742385994665844
-0.5807584828443187 -0.3439748585096173
5.847391507653259
0.19939390645746707 -0.7308403444642628
0.2317707123935584
0.39946264739288473 0.49150368913451936
3.798547431711646
0.8071968619114851 -0.6506855205740978
0.9430229846925959
-0.7347319633722748 -0.3197185978805529
1.631185783204908
0.7900585403558453 -0.39179002103172733
4.57304586092291
0.7069291049427386 -0.607790257763813
2.310126948152865
-0.18864257129772086 0.1642829672328831
3.3898014148757323
-0.6280474012878337 0.6139127075094393
4.332177883206944
-0.704513232197673 -0.5857145524135574
2.1033457543758733
---
69000
83
0.3858576537538775 -0.2740014626866451
5.000039558380154
0.4776949539394023 -0.11794304506220182
4.797755895268616
0.8123007996040903 -0.9722734414726102
2.9916287865664133
-0.9236059795381271 -0.2709701542344768
4.091018867726976
-0.21469026150342752 0.23081194572540253
4.260693544218322
-0.30643146650084846 0.4700476599661794
2.3597549011840835
0.8906665318740898 -0.4284783226636495
5.302116630777536
0.5302004222206995 -0.19066448507626563
5.2383025918039765
0.9893250074018891 -0.07354769951019169
2.750606965771956
0.9919410940075684 0.027446775797524376
5.498671007083979
0.5151000623718105 0.6524204080698588
0.0016366688421998177
---
70000
73
-0.5726898893949174 0.7167060829192164
5.767796018817234
-0.6017325038399739 0.7212539704077533
3.3216436159986342
0.6383425831262014 0.5459481692177591
-2.8754875043645276
-0.7006912770660224 0.8920926605823092
2.6029063531345162
0.8817189914182649 0.7179239215405472
2.7911961128856593
-0.47797352159212503 0.46853983392658816
5.738504281742265
-0.3222905488304358 -0.6959569440932268
2.693948764331484
-0.11396774025436514 0.2424650116199914
1.2764278244825835
0.672452968473658 -0.9610002732600537
3.9787278678725757
0.4452497890491024 -0.6760249201106269
3.0248115893205147
-0.4441576875193455 -0.8740704327784811
4.672110033033922
---
71000
77
0.12087668007283886 -0.4646439649970896
5.281274078833138
0.125843818968654 -0.442483726234508
1.8499830611809323
0.35940502536753965 0.25842248015415853
2.3476982206289376
0.7504738960742094 -0.5460859126798112
3.137799710077724
-0.11641177722877236 -0.7807035584750441
0.39842855575750935
-0.6142360322650339 0.6299313043699413
3.3086383493859435
0.8225891774381391 0.24879227797197073
5.188901087782555
0.6411464362352669 -0.34303511352005145
4.381028530487355
0.7717096888827254 0.20790512634611316
0.5858782504513309
-0.7805858238416942 0.735375707608283
2.5414267572020712
0.16379215628063382 0.6857300292398438
3.5442508805030633
---
72000
84
0.5077379865262412 0.33994105831208776
4.550337741248175
0.7285401706951546 -0.05904686214885217
1.7131672407970866
0.5193506027775185 -0.07196231579724571
1.6933933239180448
-0.9529658194955873 0.14000686950137547
3.9554713624350786
0.4329448995953505 0.49258017234684737
5.567230383137249
0.3267657517222826 -0.6607567783131623
1.8769491646237229
-0.3487209810169017 -0.5727556457731525
4.739731513686591
-0.3859744113613398 -0.49698456977568284
0.44362575747747623
-0.1281462215908567 -0.24608059864070359
6.081652666425666
0.33361400312983613 -0.41159374289307876
3.9402473667284488
0.5774069613467788 -0.35564711893460177
4.2461802229357115
---
73000
70
0.6227660485548867 -0.25820402630395667
0.6108648575555848
0.6472312181287996 -0.20548070824882858
5.721196849969921
0.6050793317494374 -0.5274455430843418
4.556997665807684
0.6717907169589648 -0.2641733741716601
2.606425734906841
0.4098882569634817 0.9803566993330052
0.30457875470888496
-0.8811585385242918 -0.911459223087861
2.6003126222258706
-0.8848735948409223 -0.8674753925119771
3.396615029736213
0.6356937328915513 -0.11539013913587849
3.4212133449813837
0.8247770522217324 0.9087927014366894
1.8242317533169423
0.9959379553206722 -0.13560081010640962
3.9919872653097155
0.03942165981771994 0.9838368874281832
0.4941191544028296
---
74000
74
0.5243210466006433 0.5786432530490698
3.6678061321148823
-0.9892730971064276 0.9632717422738358
4.130868066253594
0.6777057295667099 -0.37635722931749577
1.0995503059352778
0.005495726245661851 0.02650243370098295
0.630705574141075
-0.5652477218822086 -0.7550910670646234
3.2783469027641132
0.1486905779175703 -0.8403765867344102
1.278893919319696
0.20826728374841247 -0.5996348218160148
2.4975592207971946
0.025056936210495703 0.8355250605400102
2.198021815236638
-0.17228439181281538 0.4010382736371595
5.774347809898169
0.7369941771305779 0.011791985469892938
0.0014168142928037142
-0.24067841947922186 -0.7760271493454372
2.579218416874988
---
75000
84
0.5165885337453041 0.24564168831967187
1.3540298163943005
-0.338426661464145 0.7940908036552541
0.049504489929177886
0.8969194857181788 -0.03297984413658721
5.2057047104677325
0.12405577029814485 0.8405686241721659
2.43818445592668
-0.48610726355806483 -0.12477210904289945
5.703036680669242
0.9152035020707703 -0.6785566915583903
2.871323788331507
0.5486649409832728 -0.2458979378149479
2.596574687507122
0.8811034147674598 -0.21617632449933444
4.357657173859608
0.502569403690788 -0.7762272662496553
0.2441072982024144
0.08645523443413484 -0.8321130543861834
3.335289708136232
-0.46492196433808725 -0.20851331771120124
1.7264890946935951
---
76000
74
0.7736354929037204 -0.593682603714001
0.9137453860183002
-0.0960976614979091 -0.6233316622178828
0.1421332567248781
0.6734137625931983 0.8023268727886153
6.070476906948866
-0.8953636205805573 0.6117174080289708
3.2883042848300317
0.897195123877275 -0.39389488413989043
1.5346605183406012
0.774575868015937 0.6577428435038929
2.2519584585956443
-0.14694899142819276 -0.8662637323086341
4.792207785796313
0.30468926028411575 -0.5347681664573501
6.003990696174697
0.05294282374878197 0.10539302806119102
3.385870466267054
-0.2449953309481649 -0.00994764239808936
1.827322221588199
0.3200083036627944 0.3725498469847055
4.533451627684831
---
77000
73
0.9467098332020616 -0.30381944678721273
2.687915088872663
-0.5829648001788891 0.9214119722912636
6.270629470944053
0.5755052689500763 -0.9680269862891815
0.09335573951653231
0.8928669117671864 0.7942419222094178
0.3209563025938129
-0.8407575760750337 0.2605457623259364
1.3806176798013858
-0.09728001026356063 -0.7412885875538149
3.582500604398751
-0.3094966367790658 -0.6423612672886566
4.798884293480383
0.9627932928626012 -0.6094307408496832
0.8306490128289239
-0.15411117590623918 -0.257988505828826
2.053082628501927
-0.05533987774026188 -0.6793597922047504
5.313167834585373
0.06855112748767886 -0.04597235972202643
3.857985577347087
---
78000
82
0.4469434387813471 -0.5840287244113087
4.346143575584037
0.5673002261311678 -0.34634630685984014
5.323084997063309
0.9355335483974904 0.8395514982553905
4.134560329803575
-0.5794112706606744 -0.3655932214518762
0.8232860332335168
0.9842943831792325 -0.650078087533389
0.7013766428061006
0.5723922633981557 0.3370893109475367
2.7404842783969325
-0.1270855200330888 -0.11508907851105837
5.481374353675674
-0.8080979088251248 -0.7229245605561072
5.321845906449858
-0.08949528824955999 0.36554704790003084
2.6005762383764557
-0.402991450668871 0.5789900097182072
0.5201760966180409
-0.08188586235007297 0.7999234515820228
4.603492649441194
---
79000
85
-0.67597926908912 0.6417208221917904
1.2978871670075856
-0.50283771357355 0.6779778746019991
4.229702327250982
0.34554528884039465 0.20364552544477568
5.780718541338693
0.7604758269089716 0.6500790923404606
2.0100250320107502
-0.5895832484272431 0.694740924910855
5.233029454338609
-0.4046268971921151 -0.8850555649116848
3.288939937054268
-0.7875749533458197 -0.07347606227088183
0.6806656112318503
-0.7666150607918447 0.5015554750031149
3.369766124183543
-0.6655042016893188 0.4751855748333585
3.7126972030976306
-0.5048944157876779 0.9813269016846888
-2.0354235260047577
0.31883876902830305 0.4496128183103875
2.603730227438472
---
80000
81
-0.07386743995051132 0.12355067668331043
2.0429290797736033
-0.03472308736178048 -0.06831095089311288
0.7675364411895087
0.3126260577082949 -0.7753819542933688
3.0030346969028585
-0.08392193130766407 -0.43887588703936886
3.4628870653785144
-0.8355400501858172 0.6943653645469382
0.8967508232158039
0.10538373908495607 -0.3616309412328763
5.951048974217662
0.36164563236936864 0.4294485018969598
4.6711428023939545
-0.2940513912510054 0.9040911504971224
4.453939358645973
0.4031170645962263 0.18129075972130973
4.559708838471316
0.08485054438883638 -0.041768141321474855
4.319527257238442
0.5926065099902615 -0.8939876544086396
2.321600174924998
---
81000
79
-0.43398292158483864 -0.022265011240600523
2.056456716951769
-0.3190349594421624 -0.07350570531753922
1.8363156756676924
0.40712914609578416 0.1938950887296457
6.279496670048388
-0.6161021664886158 0.016801773768727893
1.8828267541800097
0.8685528434217435 0.9357234923759591
0.6466764507354776
-0.6320181237590241 -0.5542856049358966
4.231477604693081
-0.5852940171171055 -0.4779658764387634
3.3075741965770407
-0.4163592422200384 0.46993987718161034
2.1435735297004044
0.12643599111202242 0.6413596609490516
0.20942323046048905
0.522218244641998 0.512276242936877
0.2759314164506348
0.5406251272224307 -0.15665903009518725
1.3446883556066638
---
82000
84
-0.9120760062982334 0.07371408216745226
5.454730664190233
0.8606828012560392 -0.88387463278348
4.779008267374096
0.3417039777000692 -0.7349155869419224
3.728917183095372
0.2385856289786303 0.9205624229224124
5.461677445490808
-0.4926427919991017 0.8475558230414402
5.418934290294322
0.3386629504634916 0.7431492253692347
5.224589194837387
0.8751285183766092 -0.12673210152682562
1.3388263876915616
-0.8668877023460788 0.8799411530431357
2.2822707579036257
-0.7386637047726219 0.6616957880807721
3.356624125614112
0.7979622429926152 -0.2775862078897756
3.5732872098033894
0.7862830736543136 -0.647118493480495
5.37377493638135
---
83000
76
0.568358769877761 0.6436748454362066
5.377449940949386
0.5784039548428854 0.6752824245322296
2.6577927149602703
0.11984894680937806 -0.6706714912069726
3.10361964983372
0.34677183014043894 0.4926090572788862
2.1667486532203517
-0.8388001681076507 -0.17716808118819258
1.5830914785382708
0.16242579342575952 -0.17815645935314675
1.0000654950543169
-0.13132315301556513 0.314364107882488
5.688154174781188
-0.08897390414057957 0.29121090272771
3.329985239869665
-0.6653874845257266 0.659722178743313
6.253481569127991
-0.5376529816797385 -0.7252040698149352
2.8099566601268577
-0.6143466809294362 -0.36707871859552765
0.6013158057575145
---
84000
71
0.6726796605606506 -0.29978336473557143
4.000579520251023
0.4591936200203144 -0.7127846349287683
3.7292404700884925
0.16210386952732045 0.3488047702331833
5.914131979455984
-0.021672923680298783 0.9836629228498163
0.4640863114152589
-0.6267359710370299 -0.6422265535401593
1.06543110181883
-0.7389315978835338 -0.017501301388476505
5.2173250504873625
-0.8665950734217892 -0.8404260176561479
0.7560708251563364
0.886189272717893 0.5231042872492347
5.67520619182008
0.018476256442525416 0.9888075535149454
0.08806403527973959
0.4806852011292918 -0.3448613892592733
6.018499389608396
-0.37722875426910185 -0.752788548622981
6.08662909190963
---
85000
64
0.8034117222480904 0.2618822672638558
4.858598011579801
0.5487281364257566 0.2702695537264879
5.3088468764497705
-0.7956237730694654 -0.02329203071011745
5.820729507124806
-0.8114924906674906 0.6297920632113104
0.09490626315156092
-0.7918292382831742 -0.7097265867811515
2.124926571343598
0.3716885511412347 -0.7204424726709875
0.9211523132782427
-0.9993012384118138 0.37852907957717336
6.245909979801349
-0.8702296208019348 0.5128942070709541
1.1668337784505383
0.7646457498130983 -0.3374319342244271
3.8147182618005804
-0.07528866823542178 -0.22864783883353393
3.31944863117839
-0.9733884213336232 0.8340709997223542
1.297481830385429
---
86000
76
-0.6615489678973703 0.4692511366134231
2.8248713212915293
-0.6150153234851606 0.3964532769654315
5.31812554718544
-0.31568947221918026 0.7116317073306563
3.5062301652175005
-0.2812930403917984 0.44499360180914804
1.3428097161529848
-0.802817309456189 -0.0046668351156249725
1.1206415288032945
-0.671321198166562 -0.6750904360491417
0.9364280703907628
0.689431203874173 -0.38403433331537656
0.9776645586404573
-0.3915534478761396 -0.9597870366435449
3.6148035964452987
-0.15592897266733377 0.7448056691425391
4.539504348975823
-0.45671376845085326 0.259725481322459
0.7493992652107471
-0.3751913069862789 0.8215437978229218
0.07857661959005124
---
87000
85
0.8856129032947966 0.008407653248406935
1.5802020826539005
0.928083419504545 0.04835918602479398
0.25206765977206746
-0.3970427315806008 -0.7690891884817849
2.8214389381406306
0.07171568016760557 0.6502362606817988
5.155618138813439
-0.7734710531759165 0.9901231028940222
3.1407061599060944
0.9326870431053162 -0.11581900361949421
3.7316869372608723
0.14548768963946782 0.38660709455727066
3.854181017819762
0.13448436094401786 0.2759745067860309
3.88683383162239
0.6489857281930723 0.13900174952688776
3.751443275493396
-0.04505404542737551 -0.371191007749423
6.089824040576118
0.9575088872374075 0.156877902110868
0.971381829650916
---
88000
77
0.3015629892254248 -0.05591031667537005
5.1105046884104945
-0.28497388275798896 -0.9716171792345617
2.4068686982515723
0.8232850030769405 -0.503279479670421
1.234680651695382
0.17349967702970434 0.01781924704518922
4.179193996914855
-0.7066053365546201 -0.05781326343654074
0.41702538469262507
-0.7040771505325729 -0.4391304219591865
5.205557513443741
0.20623699814366403 0.4889689383588842
3.4257095542635128
-0.14671878031836194 -0.0573608590049586
1.8784919122383288
-0.3699079860419727 0.6014645358443602
1.1317310624643717
0.7927298967108383 -0.3145816830671053
2.0042337185319443
0.020568612165815396 -0.5004687023804377
3.874208337413128
---
89000
85
-0.24418692262282254 -0.7378574210903547
3.5711086940675987
-0.1339052843727586 -0.46782195941989524
4.3820053611936425
0.8797741732014523 -0.19965168756616875
5.596516780422754
0.5373768733662138 0.8011984911172397
3.1233900840686397
-0.5817578701810525 0.05746428339606356
1.725714116385542
0.6986806134696449 -0.9479014766562235
1.783866623201524
-0.3576828442849457 -0.0517086401922848
0.04321220376709611
-0.20377589344348976 -0.37956404900704355
4.047406153598731
-0.6431046245621972 -0.17439990644847356
2.203957349839582
-0.8071064603377693 0.7611113277771016
4.78599187311675
0.13879420864305334 0.2330826275921715
1.8628708351330259
---
90000
81
-0.6029420236958755 -0.49712537845076665
3.088452889459314
-0.9128958679425391 -0.6090902136522814
1.3405111069471145
-0.5583854589569368 0.18741721750928564
4.444843446452403
-0.30836312572284413 0.7638338850645221
1.7440343866277708
-0.623818801896988 0.6489661120904064
0.0377342551161219
0.7688066351257967 -0.5224254941957847
0.8788428407971232
-0.10582066821636842 -0.6012264328043181
2.23593893537988
0.5885564459270791 0.689421571222067
4.324752447849333
-0.012365476903574837 -0.07427949348824808
0.482546906921292
-0.11948531543802546 -0.5597795403164246
3.0625325530785332
0.659012570003022 0.7448126764834802
2.4601953077711394
---
91000
73
-0.2775372692246738 -0.8913440053543137
0.29081206919267777
0.7095759387872408 -0.23185210672711953
3.555768009941814
-0.8742146721091039 0.7131455621006914
1.8033338075800147
-0.4164066163431968 -0.7221786846276469
1.977287816194007
0.7097827437629124 0.15325194158748526
0.136472447460263
0.9235818176322679 -0.044488097394168244
3.661443716574424
-0.8267706209973684 -0.0550267781875781
1.3002870530392316
-0.7077192458170389 0.691327865738371
4.482529881890101
0.739422273711482 0.7286705643848775
1.26844121036485
-0.4053539639609704 0.5515671936717792
4.538643507655196
-0.5002007687968888 0.7294685920134082
5.863177199789846
---
92000
84
-0.24044062252797968 0.2922227090247064
5.541999538329092
0.3337598681264388 -0.5471384256400623
0.45219834393392144
0.690875384010419 0.9826524812127734
6.023774677625755
-0.3745029249513187 0.21350344796760712
2.572066978828402
-0.5938163173499732 0.04978300921952514
2.9685034692337684
-0.7144574404525813 0.8474096086634393
6.177688235549195
-0.6958930045881715 0.6446151026472333
5.207658009042944
-0.3110154959395245 -0.7873613065177204
2.687963101603742
0.8950585722217249 -0.44417684420325754
3.0255573075587128
0.6780263777496824 0.8583183785720816
2.7136923498757257
0.3836928574278006 -0.8475614656179575
-0.9781979763172727
---
93000
72
-0.9811184977217616 -0.5143641004051889
4.994251170168618
-0.4027884726749197 0.5364230169232441
5.993759023752678
-0.02788790507110767 -0.6490005878548936
0.5102539351281449
-0.3181272891824129 -0.9945097820258713
5.682886095456233
0.5351459308641694 0.04598662791010272
4.743968402527799
0.03447738838964756 -0.5968391646995622
3.5046360205136065
-0.08838183383260541 0.23873149442291863
3.8156302318839828
0.427619621034816 -0.6811508063105827
1.4061660969018597
0.4951444146960702 -0.3924427242353814
0.006017080094929739
0.9821253104736476 -0.3114536207176404
3.1889566286429805
0.31408773393949213 -0.16858459214953028
5.621805369822209
---
94000
69
0.37554217671211454 0.5459740905947492
3.8737265378663297
-0.3696378229727005 -0.9691672695905251
3.5909630034113755
0.26223639208211114 0.6176319475207709
5.832798778753012
0.15623648835891304 0.2876091146422466
3.523684691389037
-0.36126077914968036 -0.19042319051321652
5.176502083758343
0.1269897986108191 -0.6429272286215054
3.9435630629917595
0.5109425521934059 0.531691895157019
4.347285788208153
0.24656417520081145 0.8366945478215616
5.90602916091793
0.4099133263421114 -0.58325822581896
2.8771287674822332
0.53645299459465 -0.057421915347320315
5.617099172317385
-0.008605423945880732 0.31813056779803417
4.332678011896289
---
95000
83
-0.2847935493130943 0.844497628611316
3.6428507484813646
-0.3038091113372914 0.8375981479365281
0.7490828196969144
-0.8597683415322683 -0.7001462937392855
1.4078532113543796
0.46330769822680906 -0.8452471010880847
4.821512209532749
-0.9124047698157706 -0.21830820356801897
5.361014088226457
0.9215781793302725 0.7472826445519067
1.9980195425312566
-0.9232989310398785 -0.7389342465937851
2.5215039045109933
0.3279775301514602 -0.8705162196194476
3.411001416749067
0.8307110418641687 -0.3168921747004557
5.679273596410946
0.2611619894795253 0.47946614686895206
3.0474736373160365
-0.614317820538909 0.8124584232817526
3.1487386463996136
---
96000
71
0.7464185453186495 -0.06765179579619754
5.573606366149719
0.29082348916186596 -0.3581999503487046
1.6586687983310169
-0.8233157816744165 0.8604010557667341
6.023487132754925
-0.24923872941144018 0.9324752575110973
0.48083638126077854
-0.2902366124383472 -0.7669054979000656
1.1494372160719957
-0.9533509238895818 -0.28463889056926445
2.8316234754635268
0.24540789034158236 -0.48111278258927825
0.8326685408336898
0.7047806027761613 0.48885508905792024
1.4580370395298496
-0.10047276232077818 0.7102280180112008
1.2109077507168111
0.16162803812071566 -0.2594183067541058
0.32181820597872335
0.07116284493152011 0.4715993037737973
4.755415274535006
---
97000
76
0.6109673220670085 -0.3123509728455905
5.1214723495406
0.38294331402889353 -0.7767234923262786
4.904862903830179
0.9077014328838211 -0.6952456839162944
4.101952851168145
0.3264471578308616 0.12383574782261782
6.171607202564077
-0.25992854257497144 0.01608120826231759
2.216401553761961
-0.5044382269805948 -0.15630506043594714
5.819902372796484
-0.6728613724885273 -0.38666858213686894
2.288579682876181
0.8972970524799482 -0.191294307253616
3.3252444455567467
-0.38765182155772665 0.332988702348975
2.11413687070638
0.4844753628394315 -0.3151941054047855
6.091375369872366
-0.751973843085849 0.28229509334499026
1.0524588307554197
---
98000
76
-0.7882915748661297 -0.42003614346585616
3.419330453124342
0.8818996543741096 -0.8693857893939899
4.57497325090739
0.44906824735630024 -0.6772230773009109
0.655661565001842
-0.8544582062214824 0.23913866597949623
0.04820837242236031
-0.2766807060404644 0.8854933948620645
2.090557100974424
0.148549690281582 0.5247182476132862
5.291812840704932
-0.8313245817989896 -0.9781755521218767
4.878420103225648
0.21460529922787777 -0.8722470585996095
4.350721954332413
0.3712993851620504 -0.984898898541161
6.002517984567277
0.469151835958433 0.7726774976477695
1.4454057025572595
-0.10085644169540597 -0.9104890025410699
3.7863295854238768
---
99000
86
-0.0601104257859949 -0.11468881620340232
5.621726788414431
0.20708023452720914 0.5405926597043279
5.508372314023655
0.5593999508635189 0.8680413532419102
5.789134743055762
0.8115133847940447 -0.7791130226522456
5.70553365697856
0.16428068343268487 -0.01404653892362017
5.156708578683546
-0.4382385994927604 0.20063961108696662
5.139738647116108
0.7639211647893142 0.6517616047942665
1.2050398977392742
0.5016227367213948 -0.7590159022117874
2.1558735693998825
0.8647859493966383 0.07350649746565438
1.4864759571687003
0.05272768299538222 -0.049606090477325185
5.259177958412898
0.48816285511811736 -0.9244888899682115
3.942419351905352
---
