100
{'run_name': '2D_rec_10_total_boids_slower', 'annealing': True, 'annealing_start': 0.2, 'annealing_end': 0.002, 'nr_observed_agents': 0, 'nr_of_boids': 9, 'predator_present': True, 'grouped_spawn': False, 'predator_halting': False, 'record_keeping': True, 'record_frequency': 1000, 'exp_folder_name': 'big network 5 observed', 'boid_speed': 0.0333, 'boid_color': (0.8, 0.8, 0.8, 1), 'boid_turning_speed': 1.5707963267948966, 'predator_speed': 0.0333, 'predator_speed_slow': 0.0333, 'predator_speed_fast': 0.0533, 'predator_lunging': False, 'predator_lunge_speed': 0.013, 'predator_lunge_distance': 0.1, 'predator_turning_speed': 0.7853981633974483, 'predator_color': (0.8, 0.2, 0.2, 1), 'predator_confusion': True, 'predator_confusion_distance': 0.4, 'predator_confusion_threshold': 2, 'predator_chase_time': 20, 'predator_halt_time': 0, 'predator_eating_distance': 0.06666, 'height': 800, 'width': 800, 'graphics': True}
tick
boids eaten
predator position
predator rotation
agent positions (and)
agent rotations (interleaved)
----
0
74
-0.7458268456497862 -0.6890394320256276
3.664092170052295
-0.767676025796171 -0.7336459345818761
5.875705825253298
-0.46206437045815874 0.8241039196692976
0.5808919362826646
-0.6602014387057349 0.5322006568464221
3.4015270980817918
-0.12500450399781143 0.4308264392252147
2.8076211713140493
-0.7937315088335797 -0.9847737242009137
0.38478518680325846
0.7528962812118358 -0.35989258559206544
2.833584766508719
-0.6716416573759606 -0.6080972857112935
5.52756961389665
0.5787269603222084 -0.37797993339032554
0.942276267733603
-0.5823742710707892 -0.27952384190357255
1.6421479105417798
-0.1690195904711432 0.09360318827463164
2.1108101371008985
---
1000
64
0.4176446853412616 -0.6252790197733524
2.497402288289092
0.5484930461562885 -0.6826016618146777
1.1486571121465028
0.4828781904822731 -0.7775909046282232
1.6719574970223885
0.9271428762150425 -0.0951392749535669
1.6396993895109153
0.11092720975163005 -0.5946142039884734
2.7250654983749536
0.5917028006294971 0.21681030402825843
5.979355429645633
-0.3820607494873173 0.959578892719264
1.1401834024360058
0.6025203730393611 0.4031736457901551
3.2651079444308335
0.7417800010653008 -0.056309551553446455
3.6781488924741463
0.2914182273981875 -0.7666021040514998
3.771445882949866
0.7078603245054804 -0.6751710947960351
5.92228915764928
---
2000
54
-0.6110995888585142 0.06892918661152075
3.4322134020020356
-0.23017137541171362 0.7002541956080629
5.681397185297277
-0.06154388288139442 -0.30895260218322246
1.085402479302802
0.6497143310101475 -0.3866920977425598
4.745832308582168
0.7309782966509739 -0.6670712385804493
5.586557431406415
-0.14849677086941873 -0.6264358681855979
2.900502517082134
-0.3657318716824602 -0.5660400368296573
3.4738528760786345
-0.1078916911076277 0.7263197111586027
4.39405831756038
-0.6800637094460761 0.9555280808103258
3.350192117805009
-0.11395829435987409 0.6522141275612043
5.972234298821077
-0.19944732437703253 -0.6700418160769349
5.240396633999441
---
3000
76
-0.13725297231609956 0.2457220064120666
1.1509900829349111
-0.3614877529575937 -0.5743406781146015
5.726089542906586
0.892945516046424 0.4636417954586174
5.781059447901558
-0.19480155005396074 0.4976920366166491
4.511928008660606
-0.9972459027956726 -0.541711549361171
5.906518950430074
0.27871385471374044 -0.46598429078037096
2.1920365898928162
-0.7405829615644072 -0.8837726226457849
2.5467892112508377
0.5119080514703569 0.8317869367073492
1.1814189734802891
0.560148864548358 0.6780944633693653
5.109166739282381
0.08518778946282422 0.31195839106728357
4.750647260443573
-0.0008511969172368405 0.5076392700020784
5.3407263949119885
---
4000
81
-0.4537644035955565 0.16575626659444784
1.6304628439461013
-0.22447378274785287 0.15293960724829198
1.145159127801496
0.35838283569069973 0.2960736451200808
0.3696688052553556
0.2295849530541465 -0.6435031227198011
2.744141049027771
0.5555685059492204 -0.4802379487190792
3.3569618156671215
-0.23113268438461254 -0.2360646828262028
3.5387417696564407
0.9039803505515573 0.5580155229956101
5.305731892935001
-0.5132373381556904 0.4028215903972481
6.060824893057798
-0.19921918439038336 0.6264267128282764
2.2697377538603716
-0.24940495199319543 0.7388474976886014
4.376296469984281
-0.18962642413125444 -0.3098333764820394
1.515349462281332
---
5000
77
-0.910521954369121 -0.8604829960901604
2.208051466602647
-0.8340359659722758 -0.8996188452068438
1.6323578056225596
-0.3848887309172887 -0.771496384632091
0.41358479450092567
0.80995318751701 0.131931187261329
2.24183483687328
-0.753672914677838 -0.3140606006906686
2.123361037935809
-0.5509875238845336 0.21425311171976377
2.5706662916971057
0.46863396236824845 -0.19325473867039444
2.72243137044396
-0.5646303325156219 -0.34505468784107857
4.415686239165782
-0.5636967745780384 0.000355743758006722
3.325470401056391
-0.05070199084873288 -0.15388811557983093
2.3654257982888316
-0.8972211656243595 -0.8320145204813505
3.359992598623883
---
6000
95
-0.9365797910721049 0.7450561495487455
5.516370764785544
-0.7039569867394693 0.8898619871065648
3.4483455745141818
0.7211789858964203 0.18272703447557576
1.7384576338236162
-0.6930514373331973 0.29157060064123425
0.49405073867926586
0.9479951792133204 -0.14521109566095783
1.7349402436522006
-0.8343061573010662 -0.4837981845567348
1.482382271443746
-0.8439248014779167 -0.40691743177179013
3.84197082771734
-0.2897789292108929 -0.7881135247369364
2.331464223509651
-0.8236315505320118 -0.5962822600913635
2.000543373364726
0.7255127044661969 -0.06578101565412098
0.9883150566316345
0.1840987786706022 0.9209393170319907
5.627501748829505
---
7000
91
0.021705756104061637 -0.36564518633492366
2.159636707729952
-0.09421870983351459 -0.4079674437530756
2.98646967786485
-0.14887698615268402 0.5699169287660967
2.618529667476647
-0.47854498274085233 -0.21311758129530017
3.4897039048442613
-0.11959849707707917 0.26656325786326834
5.9827519504007345
0.7950968156236758 -0.24021816798420337
6.070688868859449
0.7441901776423354 -0.5918010893562751
5.850442893480237
-0.833696630730333 0.7206745010914394
4.784629201157593
-0.2713848319820644 0.2377974653632553
3.913559485851586
0.1507373999323012 -0.36826517752321025
4.167791265799068
-0.6428786330163224 -0.9823011232373327
5.188507196228266
---
8000
92
-0.05723547442610296 -0.08715736995115067
5.045200023137616
-0.22188506421424062 -0.017395879216378373
3.6478689925274335
-0.4116597219703814 -0.08549692335156324
5.498350858603945
-0.5569181532577613 -0.09603413811507944
1.4423983125491526
-0.9005388030416646 0.9081174363315693
5.592240492724815
-0.5457574135324016 0.5671431550526483
4.740093820618463
-0.6455124436326563 -0.21271181058318683
4.523664999677577
0.6800003009248943 -0.6393059135346875
5.839081686277117
-0.16765980848279205 -0.5930724222603645
2.6947263852299352
0.5006283587269621 -0.5344668383675408
5.836867220850763
-0.4848012210039015 0.2660228490420667
5.565808367826739
---
9000
102
-0.8030231494246383 0.22097572139348068
2.665438708309194
-0.9455751194701283 0.14954901642952306
5.674506264351152
0.5899939793876485 -0.08762357937132581
0.3897650582399752
0.29448339873046464 -0.012786965891142305
2.8500398951130066
-0.3646578795918017 0.399964255491639
0.5235699001105614
0.3470035483242429 -0.2145681754259214
1.1623799590035935
0.29851176769689947 -6.742861598585392e-05
1.8173174216086991
-0.8531987872979374 0.6389212504072035
1.5075314086138842
0.6355562923036654 0.4330429378008089
1.3868984767921138
0.7655408645472596 -0.4340661163944692
3.964472945560078
0.0669801542907832 0.7206661623547508
4.56195109380541
---
10000
109
0.2024109471093987 -0.586740491446766
4.0982321901494165
0.6992678691729376 -0.865531225424094
3.8739537586894777
-0.5557783555053362 0.5493336070400149
2.690081581062339
0.35448829602833815 0.6599307190835423
3.085275674732038
0.9379821552424079 0.15747797040557798
4.753475316479901
0.370451841423408 0.41452205657648855
2.928176391087797
-0.6103717224517249 0.8422497830686966
6.15168662699972
0.25910965044381634 0.39832645667129013
2.3110561666032234
-0.7416363919943871 0.13761399765726537
6.21941384259699
0.5059739258952034 -0.49068558915161814
1.7320560055058856
-0.674911018056113 0.5728596213655247
5.9899949530484236
---
11000
104
0.6710351459268259 0.8526321441962427
2.3908639308248936
0.5040908947033781 0.9576894989848783
2.809688326916927
0.6272176851301884 -0.18218622054460704
4.850249060800798
0.34822127839485895 -0.9054849102579087
2.788182782038283
0.4300810364578381 -0.9308698935557667
2.63522687657683
0.09906568563397838 -0.009075080306393722
1.5794135832700302
-0.7709086260777316 0.25465427390219925
4.081528713579763
0.9905956189337877 -0.10503626458769147
3.636498829277256
-0.6868732807022923 -0.4686464982234568
4.158381600124093
0.03470583605097026 0.8542448872774302
3.7283053908476935
-0.8766379673176805 0.4572993807446874
0.7471382789812253
---
12000
86
-0.128016614229435 0.2756609800648097
5.79413484257284
-0.43080484251378415 -0.19042091952604143
4.208144764962304
-0.207856314162579 0.5682539137242492
4.23364512662504
-0.3536108664371156 -0.3185444947547662
3.654248009904367
-0.5870920233188766 0.3890338473198263
1.0241200958269703
-0.3924389770041268 0.4784809380728322
0.6952900704483831
-0.7923500739871767 -0.20942017066921398
5.067675038751741
0.33184968245611857 0.18677973853285598
0.3667976846916403
-0.21072295579039158 0.2577981839563869
4.4603061683455945
0.6358692023030056 0.4489189776791436
3.595882285624989
0.3138219261814367 0.33270135315976745
1.580143256451846
---
13000
84
0.6702435320628006 0.7382650182182845
0.786858016342191
0.6476861780664137 0.7373336443782678
0.9987305193899587
-0.9210853535178986 -0.46278143063595334
0.6533267005184964
-0.45746591768348743 0.2183396996646823
3.960714545175371
-0.9499730761560363 0.05753125799228619
2.4282477716341413
0.20434119478086424 0.9504099128923812
1.0828041269449233
-0.25031901139097534 0.27439257193434474
5.1614820675405975
0.11875144327551562 -0.9660531834456811
5.325512275008484
0.10420636454374102 -0.8633629987665616
5.449766118019841
0.10817582953329659 0.3752077794893054
2.4478216328401325
0.0018323413009167667 -0.18021284221073086
2.040633748196181
---
14000
89
0.38531289825373466 0.6773916011763139
1.6290626677991127
0.36018615941278515 0.3976627881130564
4.215019017690954
-0.002772642567783822 -0.9850312217620466
4.229147851847435
-0.7179319132068354 -0.943621913200583
1.2571737848009494
-0.8551079044625282 -0.1715812735279863
1.3793140498260223
0.41382559517199136 0.7471869121167166
2.9124881438675914
-0.20522101746774588 -0.8979107751218532
4.868026239011733
-0.13795421064528787 -0.4926170300830935
2.7081942004864246
0.4335413313586965 0.38992353149949205
4.5976561341651205
-0.6346868905777406 0.9757946359884048
2.516631853789127
0.19703967801467123 0.5204924094902755
1.533507202471145
---
15000
98
-0.8698101667669458 0.34288521415266326
4.674363262130753
-0.7570424704603458 0.21342662576287427
1.4730394909122193
-0.9377444758321797 0.41339587162366986
1.3566689842265331
-0.3673877702185018 -0.5556455667935808
5.21707160130012
0.9809926112395396 0.6405810940220524
4.723023345834315
0.7304251014708024 -0.9259939484548385
3.622355628437293
0.9769030600155932 0.498942380234365
2.6060874638939513
0.9693720641433015 0.5697935541585173
2.112823341765959
-0.9120991681166065 0.5426726251769596
2.18532000175448
0.9730695083592 0.9138537977877559
1.4732134902925438
-0.6619718496123201 -0.6665475585746619
2.10414218099059
---
16000
96
0.15860388913611229 0.765978884905567
5.581762899985637
-0.181897786527439 0.7885787935576258
2.3465572777580865
0.5365984834797723 -0.6428250229937997
3.1421173166480356
-0.10401576864343878 0.07232285903466798
4.058773614815711
-0.35397912128696707 0.5436389316316182
3.94308371542928
0.08132102116758494 -0.930261295138274
1.6645183722334371
0.07611242381690052 0.8169440970773847
1.3940003243009418
-0.1333441119274843 0.17534611144022422
5.053150677633061
-0.04379100988204318 -0.9701063255853181
5.541707529225353
0.660026023316983 -0.05951335956871255
5.883849100529624
0.22672697820736115 0.34444678612604857
4.595447824899137
---
17000
94
0.7956647767239532 0.5587848199289817
1.9288508039425356
-0.9361226821368931 0.880429965896459
4.234336962021199
-0.29898774994592076 0.9576523929187485
2.4969760588715264
0.563326358698818 -0.4082782101212522
2.8324842214064043
0.2558052143539369 -0.43341617516257425
5.37654712111528
-0.5080751857193808 0.8932377067328039
6.030420598720514
0.959581151649372 0.3541477733784792
1.513999790274359
0.36760603639964085 -0.7285070915685824
3.9203035160265065
0.8847842625669743 -0.9384612723744641
3.764195784274037
-0.6764743412268589 0.3355260446061419
2.8879760406539905
0.0005032349997621706 0.28557070105877874
2.02439171577394
---
18000
78
0.1501748511184264 -0.7504762278592301
4.316118213448011
0.18935820695295505 -0.9015263949638896
3.3145819127977836
-0.8296401902680504 -0.8803803911251751
3.767012868635045
0.8711287640450271 -0.7981359331445421
4.879686913654455
0.6311297547079807 -0.5647550262395251
0.21912583507299188
-0.4047003163355698 -0.7743784436850202
5.819781524808187
-0.8755088265674933 0.604748482858344
0.7824117870316529
-0.9852013317837054 0.5841515043173461
5.712538117997696
-0.48136415433802143 -0.21351432049648872
5.82931151212227
-0.32558933093347386 0.024541816351443795
0.8840594619316366
-0.3072454289776734 -0.4105488664043063
4.510324213802701
---
19000
79
-0.698000553083678 0.8819577988326018
2.6372501652737
-0.7773324298971254 0.927508928050929
5.226201574746024
-0.8560427906213001 -0.4930542427636644
3.2177989385304455
0.27620949579320586 -0.7009077247569798
2.142264917648479
0.9621393406251626 -0.7265123053545882
0.9757004771991609
-0.7526403301005462 0.8726313737767705
0.3556610255970858
-0.30055012056965325 -0.3973534738508704
5.399755656581136
-0.9297894224941239 -0.11463273797013593
3.7545592528361094
-0.12738517098527416 -0.7696496004675754
2.3061163390257606
0.40030416453946777 -0.6125038563749224
2.5091481824004944
-0.10717817995243596 0.14404765971545377
3.9399085489457093
---
20000
89
-0.20923698223669523 0.7987420104820812
0.8413774119526085
-0.2037322313901924 0.7011988154318439
1.9619939061843246
0.015439502306570993 -0.6320143472301751
1.49349264913318
0.059573718085000324 0.8823522671151858
0.88880624715169
0.09713566987030751 0.48003393757858914
2.2082994073660194
-0.6357696353911461 0.49214977112381153
1.0325303903399936
0.5573366587605486 0.10189059238761954
5.033001579766562
0.06801310150667869 -0.838364616629076
3.293428699445478
-0.22561786738557107 0.9323106003516113
4.892933721031646
0.5574626697558426 -0.4974623160608138
5.9796276862968
0.8929227314836088 -0.3635275012101511
1.0855138980366288
---
21000
72
0.6371848610496551 -0.2718083838143702
1.3754291600455877
-0.009185201011596608 -0.7188284863424945
4.406997928258101
0.062327166087734316 0.5709451219579211
2.5775994966814544
-0.41890407236641014 -0.5904875119503982
1.9913269316292928
0.6909250868482909 0.2535420109358035
3.6756162228921063
0.16530287461388501 0.007441699427787496
1.389474470079488
0.6820793871571094 0.9977995779762387
2.163256514654713
-0.9885151311236542 -0.6265772797918878
3.5522352356873936
-0.4215500210037157 -0.6505225608942091
1.3710381790600135
0.8829394657785571 0.6808743972412806
4.024297862003885
0.42189165819991586 -0.17985495148481462
1.2345249024059957
---
22000
71
0.6621711328838839 -0.019120412073966055
0.9794215135184348
0.7323528828863963 0.12905061110833005
3.0392670229191356
0.8656576689325672 0.5689669017447041
2.521261369794333
0.2736328192151427 0.779319900809373
4.3107884389043525
0.11233917555051903 -0.915667764687963
3.2057994982989477
0.1202594219542174 0.668770579587123
2.291258380602701
0.27710712239126145 -0.31238773775563755
0.37999526966856667
0.9001906339621011 -0.49544187058318223
6.173730946358553
-0.21822937092698957 -0.6292480073590725
3.6045138993148917
-0.5474929932051557 0.5747077973757734
3.8002237190489714
0.6150435879027407 -0.036857250283997126
2.392785965252178
---
23000
73
-0.8991693757061932 0.9871137491460448
3.0501732291652517
-0.34258306816554124 0.8603715359338807
1.6748993728502652
0.5032749636041914 0.8989569813505165
2.4013376761819023
0.7787028078103125 -0.1780475275200845
1.5863546085689961
-0.28222634739190583 -0.7519214746345139
4.636491670224002
0.05723701486123774 -0.3169819159801081
0.10423008248258636
0.7480915791563922 0.6628287569713549
5.590507536828828
0.2249767927677151 -0.7161632486698842
2.9742488430213143
-0.11533644538940642 0.7241494021310174
4.1156471575911215
-0.6056382284512972 0.9138349608262095
1.7172296425511782
-0.1328546450929545 -0.3500181629485989
4.8813924314661685
---
24000
84
0.24432960620604643 0.9834701705637087
0.3922050415292186
0.9149319812055482 0.9807942477024765
6.100850607619188
0.9708972179675674 0.6437534215906281
4.424894438407919
0.5007681525607353 0.552563490696057
0.9994219237807558
-0.7610311576857658 -0.12382355928814459
5.2834160431661
0.8817826111030282 -0.8766406376976361
2.017610603542706
-0.00214421966602988 0.994459141528673
5.695065941980357
0.7431465492623889 -0.7676201451016875
4.415636486408039
-0.09534636481317502 0.05107594700889635
4.248742337495005
0.24190467738105645 0.5009741400555295
4.248025967611422
0.9675597624960464 -0.9200786590548774
2.5657202099884087
---
25000
86
-0.23057194477147552 0.7385988184903874
1.895474039390502
-0.26548977467057977 0.6973050187981784
6.262744001476333
0.8785905433984085 -0.9377989675645687
5.951138915365664
0.7512912021087925 -0.8454963694508647
2.1768338106948626
0.07553269170875922 -0.20345827186911136
5.253977774069947
-0.4140051718114706 0.5399703792088338
3.215996384906971
0.3857025350184923 0.21934378782463554
5.172065841915942
-0.6191186549224627 0.9984654612333125
2.7876737600443224
0.8895549918463663 0.24929858421265153
2.4954324063145705
0.29237554388721176 -0.18294283221252905
1.719304496334579
-0.41341824747321904 0.37526323553318336
5.391507284043133
---
26000
78
-0.4929140981175313 0.09426952778189111
4.1106814722859255
0.058274818812137294 -0.26876930021750983
5.404230751383676
0.4048605329000374 0.5488481272179707
1.1833842198286835
-0.06959045296806954 -0.7916684005030611
6.090540522056879
-0.6430965146292021 -0.5311463104120748
6.2242370727946374
-0.6427255596828119 0.3226290824654241
4.33276109284158
-0.3637295494042813 -0.4745965587677804
1.5386077490940169
0.010059557541212199 -0.6409836645914692
4.342211569298738
0.5297803480690435 0.25299840650708433
5.014678583018908
-0.4546483678948807 0.12379481873893206
0.004459570487129305
0.5449320511902777 -0.3019865670712631
0.506169085559419
---
27000
81
0.11306705033390771 0.2088322648143836
3.2323010086987094
-0.8811532462292624 0.6901623662646507
0.2161984581923249
0.6224416765635049 0.9708704650162471
1.7651987918647842
-0.7255699747429096 0.10471294312479952
5.382474913683865
-0.0043335135983169 0.9406835830270279
0.4682544256061254
-0.30003601037156374 -0.3354493855783318
4.391359243007045
0.9892838675943023 -0.1453962201964502
2.149600835602815
-0.18366102638367268 0.2790964074355566
2.730332746481757
-0.30896400860755985 -0.23931203165536336
3.6010299161931334
-0.8901357693689037 0.5192249119852963
5.108736999755756
0.6836842163362549 -0.8582358311182017
0.1695160792008945
---
28000
84
-0.1301978676763638 -0.8685938329426335
1.12405571929571
-0.22957538436394515 -0.8734116339464273
3.429270770893374
0.9316466868103375 -0.2841168672751385
1.7592600291641105
-0.43429853154929393 -0.9536693250536797
4.871548218271859
-0.7268198880460172 0.8070571877016295
1.7365996143196023
-0.5814994902340558 0.9759575658151399
3.260511484741442
-0.04526254598739916 -0.5233860231205183
2.935991088805478
-0.6393974748064104 -0.191740603875907
3.64780192455055
-0.006620864810772998 -0.022735346652840317
3.7662692985022774
-0.7759066269124735 -0.24216328031297255
4.863887413766158
-0.8739067823915659 -0.9878651519678527
0.9772594992014847
---
29000
88
0.8542061900848805 -0.1256998422510445
0.45574750555228666
-0.9148392368197887 0.9004359704912379
2.6304921411798654
0.40254839326682174 0.7153014811151259
0.28861461734605065
0.9806049428955617 -0.02938502358503124
3.113960479111255
0.9631733753172892 -0.563507427445658
3.232197065872188
0.24463716710228797 0.2327293475137588
1.249164339566403
-0.15180198452014732 0.07058113362573831
1.334211611818847
-0.944189877516597 0.44738880832410055
5.1165864315051905
-0.6368130395022349 0.5047211785327432
2.774937714551845
0.9573804995887183 0.8734581899765959
3.703012290278017
0.9509089883516281 -0.1681627192880454
4.62768871264295
---
30000
87
0.923120215074919 0.12360730911600343
4.731105040112567
-0.49479786234215706 0.4169214819403521
2.4454663400185788
-0.5140582322302731 0.5108675163069222
5.861562398185829
-0.3404300689782823 -0.5803963804035984
5.949611703166957
-0.7913134950303138 0.5660387906366047
5.595282992362632
-0.5132032448989287 -0.013705308608666634
0.1319168445327561
0.8448251052915643 -0.06901759873649335
1.286422900782119
0.36753062162863026 -0.18428175563083438
0.8512635537262935
0.9425433104743506 0.7496723498280382
5.352566654577804
0.7034096035877846 -0.28987126885175535
1.3860115760811071
-0.2880690631240874 0.0946706242460141
3.394113995918814
---
31000
93
-0.20610511320761887 -0.13683565643635692
1.2037390489629307
0.6201950746007261 0.11643689343734512
-2.0680523151306094
-0.6551564574083353 -0.4804896158461778
1.671091229112224
0.29445265529303805 -0.29763963911254787
4.669349398540987
-0.2488000878050202 -0.2172218937533165
1.2170925226874738
-0.28377844331647856 0.36523976246832857
5.237006615317463
0.5415096089655299 0.23782664810793946
4.119394116162114
-0.6487729846242595 0.005411942407149949
1.803605218229821
0.23787215785225982 0.2683505764306571
3.880088848898442
0.4541148905037434 -0.28985922003764275
3.232653570278809
0.6851404675787424 -0.45593833522194027
1.9558169502483285
---
32000
86
0.8222170003569812 -0.8696186077262996
3.9056429094506067
0.9280109251875012 0.795427738865642
1.3157124962801294
0.7554605306386861 0.6022724450432747
1.9254128034581584
-0.6858053374563099 -0.9125467142998891
5.1354620164291385
-0.5208106568216616 -0.6570743606121145
1.3915944892301262
0.6185878130439166 -0.6024934681273588
0.499015432583521
-0.447281145121564 0.8771674092035373
2.121381364853433
-0.12967759736756937 0.21832281433960835
4.808438107697318
0.5405007469244119 0.8340829861750585
1.5303960298221302
0.7784898970523525 0.9435840523050573
0.19756295848256755
0.4116667460132436 0.7971836581411731
4.338522610805049
---
33000
80
0.2838575959297662 0.09110474095943966
5.763770277122253
-0.13194429518185746 0.07928113853742956
4.590814282076675
-0.8038176791073872 0.505272578997574
4.463961047348104
-0.4966908630653557 0.7219933893263795
4.699459944295317
0.10931197772997137 0.05338862986163048
1.3597024629543606
-0.2997656553059504 -0.8291123326453111
1.6739803907165465
0.36533880360295923 0.503237468438075
4.867481230586465
0.27327237040353136 0.4476454794525015
2.6074076482136688
0.9727787025318615 0.5232588824854564
4.56665266215514
-0.3865397494623588 0.5864253809582364
4.99946519334887
0.030913283610369414 0.2810653395660024
2.8847340019092194
---
34000
95
0.2979891386955281 0.0233304433848363
1.190959781137481
0.21514879531851555 0.008637383426558592
3.477521604491966
-0.588236171444813 0.5747645472635601
1.6019287583771646
0.2931571127750207 -0.8828418563223688
4.073998714860421
0.9229223629613357 -0.22935975585037635
0.33216960892477854
0.20096638835256456 0.4226848793629637
3.8838582199854157
0.37741127139376235 0.0809773134453407
0.4465225401696875
-0.9036713284337181 -0.6490595389985164
2.950636169542359
-0.7024886446401055 -0.657808445173351
4.0260191727316545
-0.9905937508852171 0.7459541596725701
2.760647716991854
-0.4140345121563571 -0.00808445926734179
1.2533475570641794
---
35000
88
0.28029726209857764 0.2338704132075996
5.028640737738344
-0.45015848911254586 0.6762932136728441
4.621879201352307
0.16465866347262526 -0.7961315763355858
0.2573175411364721
-0.37103111211005046 0.8416582928856959
3.976390517141787
0.3636968333878721 -0.9060356222830911
1.4093082742100789
-0.3404829913337502 -0.7776567351708007
5.460182603627326
-0.9001833791044941 0.9702991072384355
1.685232170346751
-0.4961086302828295 0.3372625502897726
2.0318081864843123
-0.015362866482452919 -0.1131043414507465
4.405876843705011
-0.6931597726228316 -0.6699762756061722
5.570064678235388
0.20869274320672918 0.032551055065521306
5.505475036299203
---
36000
85
0.1541302089134382 -0.24937212125488512
4.449065986173246
-0.17996076182352896 -0.17712504954083852
5.593643369856734
0.960327127189248 -0.846872196269189
1.080710893703845
-0.02246133948040517 -0.050650489009738814
4.698915058981804
-0.8290916095658076 0.19592057131096552
3.964344669969867
0.09548543890348775 -0.2532591084070551
4.271740637604493
0.43317695130031897 -0.4617362589395426
5.412774878448722
-0.6326071308518287 0.4015446110722308
0.25242022352170324
-0.16888356624177736 -0.22600493019889858
1.3898373091070866
-0.4819942361397303 0.6641425437082302
4.63960797146445
-0.8268427986953275 0.8801922761042776
0.4698076933067492
---
37000
90
-0.32875947246154996 -0.3114288484429825
2.744239072457072
-0.24037305734571093 -0.14471854427062064
5.893829596240761
0.14523917926600552 0.4081868101774603
5.984091324107874
-0.27267627386773785 0.6746097081509489
6.136942529205809
0.7586505739421293 0.9120165230154013
1.270721764801432
0.4406825454659649 0.9698770284082632
0.2827112629981139
0.6558532043223881 0.7072410090334086
6.089244169617036
-0.5181986945740459 0.8659751982652567
1.5041379573149989
-0.055241569157914804 -0.9978618769532861
4.376683992636031
0.10154259667043083 -0.8824898016737723
5.416584715288669
0.7771871483176951 0.7466476592100583
0.3096436343833595
---
38000
83
0.9514609829488024 0.4469393460446818
2.0199796993759684
-0.6165723690995729 0.04689636881862769
5.924753132406964
-0.5399980573393302 -0.8971735256984728
5.795219616475871
0.5248480805082216 0.37604792113914903
0.46263552477614756
0.891745361763695 0.9911672107371403
6.2489468293120725
0.09714856209307354 0.989086073675961
5.626810464845272
0.9224663787022366 0.17131459754836237
2.639831234088854
-0.46390898405516684 -0.2773005263365192
0.8679615436265431
-0.9390956488286866 0.10973209407303335
5.5282529251190375
-0.04491566501153946 0.1664428460528251
5.358690302873353
-0.5712005421625547 0.8092720951052841
1.1459874781910422
---
39000
82
0.28665012686079716 -0.07807278148733847
3.2121878449379544
0.54074109072051 -0.19535985547188736
0.9582313728452521
-0.5385421752517112 0.21793467585137766
0.42216335236923097
-0.6020391727379881 -0.8932358738563152
0.857348137345828
-0.4033163145585781 0.06005508096055452
3.556190474643839
-0.8266070119682054 -0.9587456526144039
4.430441091494515
0.35260599807884024 -0.07175234223833554
0.82692644534362
-0.5672558463730061 0.5211473945951413
0.7841775478728454
0.4993262420765677 0.3697058592999957
5.8490369749690725
-0.3147671292201756 -0.21863933378329325
3.164005630214461
-0.4589023149218524 -0.023309095254783235
2.155152431202227
---
40000
81
-0.627314252382901 -0.007223503345384068
4.227879536623698
-0.19883462240636718 0.8137564986839402
2.2886513811562335
-0.8934279018450052 0.7434245057820945
5.0283366695981
0.6441436164852931 -0.505752500038418
0.058268520768922194
0.8994874033339645 0.4785934031492533
3.0515245169506144
0.6865336004412295 0.41235444415272177
5.83103576320753
0.4755334377857411 0.7057818624677327
1.034421476531179
0.8737856435727881 0.9637493728837792
5.804806528026045
-0.912527680820341 -0.7611806408497808
1.4053762436381625
-0.25327633433357466 0.09573096047778465
1.095159340633523
-0.8567919527069655 -0.7473228672424718
4.161682510946649
---
41000
88
0.3866362159046843 0.17368961209569903
5.004803237104848
0.16184073217145722 0.8071671884075461
5.739027350372311
-0.6390240620362555 0.25725768251993175
2.583993642934904
-0.9656516730864069 0.8800268869323425
1.6810419301803252
-0.2513941807769882 0.5871324017151933
2.156009899741929
0.6225303864009829 -0.008307838373695704
3.954158900844999
0.5790690373177259 -0.7253682537929671
6.24571587277039
0.5621807592772227 -0.6438771393747714
5.485306474938532
-0.9413166261385131 -0.07193140657172434
5.613490352978972
-0.8474993981751828 0.47763917821374285
0.769775237864379
-0.2867879875110776 0.7008421943087171
5.111600170026247
---
42000
84
0.3759878817822378 -0.29864128504559473
3.0991193563049584
-0.39460905216617354 -0.4139576418774063
4.194529521767167
0.545126955714959 -0.48744214373242584
6.223784591173135
-0.2914591558564055 -0.21853125258968173
2.193337064302037
0.806938103701943 -0.01630127199964658
2.9650157023566033
0.11510631029742519 0.27923686547569676
5.9630296809234515
-0.4033750682343486 -0.1965951905318433
0.19769414957449438
-0.6984990308394694 -0.12114122441620734
0.23864502681051292
0.7571934294979479 -0.7274006476504378
1.2883549065837485
-0.8604957719541745 -0.006603499773453522
0.09031714827928106
-0.8828487428317138 0.0014250958512091391
5.314476527813604
---
43000
87
0.7481522217280449 0.6229733044466136
1.8914706764357971
0.19357415523314228 -0.9218269502075394
5.918643383189652
0.6773017164218644 -0.23648806442407824
1.6242051486632194
-0.885153887742668 -0.94856244731941
5.577871396258306
0.6655224129732104 -0.3150745242892087
1.3168788577601225
0.9648171289561293 -0.5486735306559051
5.249694749023528
0.675972107242729 -0.39068872195795423
5.785090838439335
-0.936538841421349 0.2902834996047241
0.6609666780846908
-0.6981196325280317 -0.3011888433824239
0.5673017812382621
-0.9209648733991161 -0.43656439996019614
5.886712772095634
-0.28862425105492207 0.06337408293712726
1.066257511033906
---
44000
90
-0.7057013890952216 0.9857108297006827
5.039782662819357
-0.6158719917462347 0.9858767276238002
0.8170967809969367
0.9092757119065858 -0.21063732509376693
0.9990463594585428
-0.48528664954515516 -0.7386527578422528
1.6210366363772755
0.46472989567490774 -0.6587653599113867
0.6679707685844765
-0.2867428231953002 -0.6493245329012866
5.674979709931508
-0.4318735592949074 0.31013987324391507
1.6174666074020507
0.05949881279619494 -0.17981530202407237
3.864308633559501
0.9106162378890398 -0.5268778129772609
1.273081811826117
-0.6119599529457764 -0.590316088880925
2.251793420701831
-0.710308765825304 -0.69061592030739
0.725335286574496
---
45000
85
0.9553495573627517 -0.7525394313960885
3.6974309589942163
0.9846047834836302 -0.834616308649151
4.466729037687995
0.6861586948032194 0.6056614343037285
2.9414500971760216
-0.290866024561896 -0.4933980922665882
4.096301416507804
-0.9334025967707079 -0.9301022761767418
3.709790478462585
0.4504057779755347 0.4433828082232541
4.025119078973291
-0.9446881028515567 -0.8092487412096252
5.056091370342298
0.04578865200862982 0.42549761027600286
4.3271470656910855
-0.9790749474574465 -0.14259207328536866
0.8374993291152881
-0.6097891980906858 -0.7611199444474193
5.50665196113182
0.7586599331299685 0.9478606901051083
1.7315713115315843
---
46000
90
0.9429958178142253 -0.7577266533253366
5.513004166324241
0.7927407500655578 -0.7126351952696992
5.411162554502247
0.9201030328678257 0.3202189303588863
1.1197994557059197
-0.7849601910628826 0.8767537346745793
4.876135659595571
-0.6356052271997675 -0.6637078780626704
2.3709466318921066
-0.7374119318780387 0.5174103590009025
1.6743369128146035
0.3128785762464907 0.5950474416563728
6.275878130479984
-0.3671943057365597 -0.24575947042068857
1.9361740618495578
-0.5283543214848962 -0.08712139360720181
1.4183428662169577
-0.8325426342998324 0.6771971594300704
0.9847271251958651
-0.05578037034908889 0.5487287259590552
2.681734466984521
---
47000
83
0.211076665541319 0.16993010610124792
0.36893100723820216
0.0009596363898259274 -0.022396629008486192
4.601132046116127
0.8358519433621995 -0.0714733426563242
0.35633974837743043
0.9368067350418959 -0.6011935585963639
5.509911077944777
0.51620534108848 -0.006785066453153507
0.7472931899534823
-0.5060146127028613 -0.26128342870746873
0.4925973640904546
-0.8136437652794263 -0.22111351778810887
4.032392165263511
-0.4730526653693709 -0.5738668925668322
0.5994272529847215
-0.011063042835494693 -0.1260513436732713
3.740361056017985
0.5342250822262545 -0.023946719046251768
3.7743010224623834
-0.505941635802479 0.4183587875547946
2.3737582267770243
---
48000
88
0.4203310259528549 -0.33083692566945216
2.006093826671143
-0.00708641237708911 0.5100552364117864
6.0372689711169825
0.2800654020083624 -0.12135335111118757
0.9838658972779832
-0.14602626964152932 0.9588382249807672
5.772551876076039
-0.7286461113272952 0.4821345239788441
4.000565347987844
0.745141923155448 0.6589369247650247
1.881894458013397
0.6397815321421273 -0.11246135285766257
5.27233139694291
-0.1778371443094378 -0.9096897420189284
4.113059613052947
0.41733773926295126 0.58391967073079
3.7952860858870894
-0.28486974851637903 0.6739907368190636
1.293951835067186
0.804638672218643 -0.2707718295934585
3.0869044617126793
---
49000
87
0.8491602704470547 0.5838436565478793
3.8851330680277463
-0.14918259378102 0.03877308125343587
0.8950650833088494
0.5323758136366031 0.23985349651255322
2.323706582655201
-0.09586802769150712 -0.29809439676092075
1.469269517510516
-0.8311721000910977 0.3097262398291361
2.3488551885289075
0.5930889301136433 -0.5910147428799243
0.20592446738968473
-0.5877912601344996 0.3365660134673803
5.540074130819895
0.9638944959451977 -0.4953973943773601
3.6274929306988204
0.9817450861325825 0.009376156852265083
0.29948317677539915
-0.22001244505835288 0.03641858353710082
5.381619595620221
-0.026858101173356318 -0.1325479550975427
4.426869630720391
---
50000
87
-0.16476509595443584 -0.1523800691080921
0.38147566545318456
0.3743873624385813 0.0924726903720463
4.036520363210044
-0.6803860382506461 -0.01413005360636714
2.578142331543426
-0.8404978786849406 0.7483748677435883
1.2406368537577812
0.8469729813929591 -0.3611669000813452
1.0960344920125893
0.6443138326756593 -0.8391302214595947
5.952362773836223
0.7883743555091391 0.7443864124276866
4.086664738012193
0.490753447267126 -0.4995738083145004
1.0403424358002011
0.7827218746018092 -0.20275544221419092
0.4165032155034165
0.5491100160629035 0.20110014120281053
3.2796926827929447
0.5760753776119175 -0.5393882825523876
2.1231631077106536
---
51000
81
0.20284018550981553 0.6606455521668534
3.3938750966330415
0.1863496131196259 0.6843006978003474
3.7791284585397005
-0.013768387999094672 0.19688265410036682
3.529918989496787
0.17501702442626207 -0.7842015403577733
0.9287097875357162
-0.5663672790178453 -0.8238438210709533
5.714556437306697
-0.12302068459231089 -0.2982706747665582
0.77637747742172
0.937378086498367 -0.774305502813422
2.076482768536942
0.9602390107152802 0.978854330519685
5.937307783718021
-0.5453584364591696 0.5630508356722069
3.9817857883277865
-0.3805466280210437 -0.11081616496661312
4.372714504370679
0.8018084856446227 -0.00782588470677792
4.841582663849434
---
52000
76
0.3773404705534286 -0.21483791693420287
3.133072786424511
0.38701340297270304 -0.21126271828930707
5.559761989879172
0.3781325562515852 -0.6488067332033552
5.6233256243740675
-0.344648777407932 0.6041500989773566
2.739212108723014
-0.6262630845468649 0.8548198501995603
2.5109766951578294
-0.9037302435888072 0.41694035104853233
2.698887112969259
-0.427113178048822 0.9497085507796038
2.642673441243824
0.1869487109021371 -0.2693600576765589
3.86627425723845
-0.10605016689845967 -0.23785577561441923
2.8882779791272997
-0.8666706929899574 0.3513590554367263
4.029222042818974
-0.15150735562052423 0.24785382589739902
5.432431446854737
---
53000
82
-0.9560748933885197 0.320600432492925
4.281299984937247
-0.5475687423380846 0.4205148880069999
5.07410385109098
-0.08085293833163361 -0.7028592684696019
5.489089703554585
0.7942686996240585 -0.312170955514306
4.958103760021086
0.4959130182302882 0.32514750429771017
0.8371080398336028
-0.6771948449539545 -0.9357208859612606
3.55024373615513
0.0324742769137212 0.27679378301220864
4.971176922284858
-0.3215523969475781 0.7078829166685129
1.9339613577990802
-0.6551129964000518 0.002703702615715682
1.6470266088196013
-0.02536796629010741 0.6598545958922896
4.5163952036619
-0.09114454505357474 -0.5237863488389242
5.2763978996741
---
54000
90
-0.42957879081386385 -0.5507109673215042
3.872624915319247
-0.6962231152995165 -0.5145804979228604
3.172952474049797
0.20313401099133796 -0.49186106463052665
5.541274544004028
-0.14104777005652358 0.8863376630253458
0.6248438070438675
-0.5674222729754276 0.5717409359937959
2.112967947279367
-0.46086391495622797 -0.5478929749435961
2.663643799270573
-0.591073843763444 -0.4799711070408608
4.94835221941271
0.1869858829516516 0.9030270857634931
6.093092546178879
-0.412361751770485 -0.8425965879632704
0.5378535746074133
0.4307893701629731 0.7090012620435516
3.564183765196569
-0.8015050019412462 -0.327235583294138
3.7617576376291746
---
55000
93
0.35616555868653077 0.6071561151643838
1.9851468396525824
0.3209361661591322 0.5644341979311461
6.116263270129764
0.9953564676756275 0.6019454158235524
3.068469288679596
-0.37391078919236603 0.4420587725758775
3.935020930685054
-0.8781466584883755 0.25938408857592093
5.874754059402353
0.20287641758822106 0.6541592603232469
3.492551317067428
-0.9903155770794996 -0.4257676040822825
0.3191949261752445
0.3709970020795104 -0.8134561902685067
4.988181565286085
0.3708674791879192 0.3689694999790382
2.579610605896021
0.9654767867640683 -0.30481273395388553
5.265863296947495
-0.41471926495864175 0.8979402308935557
2.629628539544549
---
56000
88
0.24554803760783522 -0.15820228031254197
2.7913088281572582
0.00390293636565338 -0.5181779964812477
1.278672404034328
0.5080664940226742 -0.9135351263518955
3.7432165480300474
-0.9590528512995395 -0.6155598043240326
0.38044878423542094
-0.9957618840286636 -0.9866865080306615
2.534565288153072
-0.5866994108349662 -0.5765522307375993
1.533685711018565
-0.9360354046515137 0.6737346707625007
5.86665476193504
-0.8010044350595352 0.1048422532676075
3.475771382092984
-0.5842904651509959 -0.9988575570570603
4.368144233455445
-0.556860502899023 -0.4261974106056736
4.085238506652068
0.3573852294925552 -0.405493976123637
5.586253642296943
---
57000
88
0.9561760473558008 -0.19947159389365082
4.917692453099187
0.931942881554599 -0.18999897373584695
4.264424417099555
0.6262943300660356 0.7043976853571893
1.4413761657696735
-0.3816222436052257 0.4886328891518006
2.3247126490043737
-0.8710804562385902 -0.8296067998344347
6.1332930355405875
0.22088488193669278 0.8918262697174674
3.1722673907086056
0.12217333871116928 -0.0007934890302206052
2.749227002190869
0.22461696311581153 0.2797791490037808
4.084737538283259
-0.22272546656622189 -0.10231535210234345
3.232065599386975
0.6154342493498779 0.19782798396435947
5.898693022332777
0.21420643765859562 0.7297047590039593
3.1861482936219874
---
58000
85
0.039260777323624214 0.7304846356585024
3.8194009196495093
0.7527701188684216 0.6038361295192262
4.678162807364698
-0.06016758932312724 0.008466958993114504
2.8484027023569007
-0.5875682435108907 0.1480373766510683
0.242159556619705
-0.5050634669340701 -0.8988498897180757
4.308013597099066
-0.3512451172096653 0.8974359601069458
0.9764627677450664
-0.08147300649758771 0.8102764549178173
1.4274496101202274
0.407383401460517 0.9853255257950664
4.387704445324327
-0.3918885582986227 -0.19836603270369643
0.21177232681224378
-0.8362212381717704 0.42444888934769354
5.2483406002338
0.7754263777311127 -0.6601429788765956
3.6122092731563393
---
59000
82
0.5340826646513049 0.454119192251992
4.137823315585121
-0.11827297798883543 0.7723737629818791
2.1402256262904844
0.3129872219239728 -0.8543889846963796
4.359505870596464
-0.19588132547065323 -0.25114898610014436
4.545357159005985
-0.8871955080330298 0.46337018400384444
1.8956129359483498
-0.5782355852712949 0.9775523816378826
4.543248355488685
0.7900672392688596 0.23082274415373394
2.094316119866769
0.959099040782083 0.750428044724641
4.463290008550764
0.12839919136221184 0.6151400303286931
1.9567959024045471
0.738780804280335 -0.7701107046853917
5.698511241095178
0.08224556120860396 -0.3123192988701419
6.235997329783946
---
60000
79
-0.9573435986611815 -0.19554489571655453
3.360443653936532
0.2898786248485372 -0.07315354094564006
2.76568503524312
-0.2393280919933078 -0.885835179072518
5.756196801138502
0.8614598808716305 -0.5117478619638358
0.17963043990999417
-0.5918872998461491 -0.570026711318837
0.9639438306698533
-0.24197819540213872 0.4256371027318211
3.0664830190238894
-0.13110150513204682 -0.3026406526410579
5.1686409218127185
-0.9293130016490452 -0.5723598290324025
0.7663307717727648
0.9981227255423386 0.5516556795823768
5.433582530311937
-0.6362020741584367 0.19340665231138715
3.5333218381230123
0.03348992338363603 -0.04687395494281743
4.839001862145367
---
61000
100
-0.03440623739155546 0.4825258152619545
3.561404002295355
0.04188424989835986 0.366932397529881
4.673922244272299
0.9942523898393966 -0.8200281608861667
0.7089438126568908
0.9034280198714555 0.506305787505497
5.107462801489626
0.7013406936164776 -0.06592272603374164
1.3321818090670892
0.1286112821562544 0.9286721641258338
1.8658539749251544
0.665431933159386 0.8670532057783473
2.8878541852364084
-0.9537386997155313 -0.7814542868161088
3.060124342097632
-0.43062682122084855 0.36432571796497504
2.915512662468795
0.025929809808011534 0.009081222005470527
5.466649077156771
0.5503112448678104 -0.8592108161122362
4.6084090413364445
---
62000
71
0.9304252264270645 0.29306846453823326
2.5238557264209946
0.8068378904341094 0.32401466862282885
6.226004401373234
-0.3920045571946634 -0.7029022543585859
1.2700558260522152
-0.13870205207182118 0.4607195076714411
4.654717040816229
0.21477115466799743 -0.19085230339345707
3.288234747420848
0.9869277999938175 0.9968917982583745
2.3879647507294983
0.6630312027172123 0.9486262775408498
5.283148032314102
0.4301227119887441 -0.10388727148697102
1.2498618785151878
0.7145721133085278 0.3562361149330816
0.8521987724528941
0.7538686979497272 -0.7389501907909289
5.127766402237036
-0.9713958449232935 0.885497312133283
4.155506158677879
---
63000
81
0.7497913661984743 0.012293156990641294
4.8158785472032
-0.44749611984340487 0.7077485329611681
1.531430045216343
0.9839656789277058 -0.7012025259939553
1.7761738353467589
0.24974168729627086 -0.6692213337513802
2.6812980800361057
0.6747709365073206 -0.8414572002812786
5.8836902230931045
-0.5350522278265935 -0.45442609707262055
5.365946540542036
0.17262567401945472 0.8509840557527826
3.5693849044874417
0.04997285800906541 -0.4571576108131181
5.275116623756042
0.5672522014412456 0.845601157850779
6.184561255832271
-0.7875288196761825 0.3061850871621178
3.4793824583212873
0.8337614678606624 0.5992201207660747
2.2007332285377714
---
64000
89
0.6413102314986459 -0.07281063641356128
0.6177691351799879
0.027885066190343217 -0.797609276787242
0.08864965733857044
-0.18433122170921387 0.8220767285568171
2.1661062896703065
0.53089211590951 0.24174121010610658
3.201769021927121
-0.5403036348628045 0.9336563533735509
1.2260630742330036
0.2603396892799766 0.23101339990323616
1.8491315682619813
0.9637699508959267 0.23361017632976488
1.094670325421479
-0.4741712678735597 0.9523901271015027
3.215785634219894
-0.14084702526875162 -0.11706340669382201
4.668798682935873
0.0393712776595463 -0.8024467946677338
1.3196786391913156
0.507987351385139 0.041155078688059496
4.270240490850052
---
65000
72
-0.3057319094940929 0.5557709696127562
4.345921958976504
-0.24952581855823924 0.6579987863501362
2.5072543596415535
0.7259063957696279 -0.5918482211800261
1.0438387527164519
-0.8784272277413827 0.5254726655551225
2.03895456231717
0.9641992920933458 -0.21515687096896696
4.301664664514098
-0.6295349770568825 0.5005639782649303
1.8078858416709922
-0.5340341402614542 -0.9184798732518871
3.860731082646322
0.7779770874110052 -0.6561664366415492
0.8475952686889725
0.09717608491162197 0.7964041759399135
4.606746860995154
0.9461996819367126 -0.5815982329523884
1.958577520695381
0.6416192900349238 -0.8902668417446884
1.3590523997513273
---
66000
75
0.9954814501875862 0.518086815079958
5.199999018413872
0.8149412605067781 0.49333986926092965
1.3330542661096896
0.29163223484647355 0.34846321556516135
4.513005580647249
-0.7137691066179495 -0.1369862347831131
4.254176466805138
-0.6538610924471514 -0.931840247673374
5.302680457394307
0.7767034879658956 0.604783129098559
0.40481135014047
0.3619358121508929 -0.9861580582864962
3.326361310618333
-0.5867690911505098 -0.6195276628499766
0.1980997139735221
0.36857170938374967 0.02089451425542627
5.558904617078117
-0.7335873628328953 -0.9238301652613239
0.9327565096254702
-0.1957819872244606 -0.9778257605817935
0.9646514728381197
---
67000
84
0.7938141529043143 -0.18946689287086466
4.404626699318568
0.8343452248227051 -0.13142822565775605
4.420350155431691
-0.875678179580481 -0.4637810262476258
4.028114273736577
0.829238988662237 -0.2515714318705335
0.66768035714317
0.9906584226309283 0.4124384820261409
4.375687916872007
0.9713468087866235 -0.6527165379934885
6.235735015164568
0.2321740228788339 -0.3317138898122939
1.8692975929562197
-0.2884323320243954 -0.1137079024135409
4.808237387780472
-0.7302626888615772 -0.6358327428732099
3.6010875066588017
0.466554998937586 -0.39623762764468573
2.469759174751484
0.7406844262058504 -0.6210590719436141
5.367998889802725
---
68000
84
-0.9483001948180805 0.5960755374312526
3.5999322650660597
-0.8443719400632208 0.44929993142752134
4.956010532832444
-0.46335943352685854 -0.35372273723221875
5.252842804355681
0.7053883778557262 0.6944131271366982
2.0222732085645942
0.44618983615861646 0.39578014627097735
1.5278056283217385
-0.4331438854637054 -0.6046520871440566
3.675978424522789
-0.4055300992990236 0.40988704575943036
2.4775199511693993
-0.9422966255812213 -0.12279772108389123
4.234367838128964
-0.02125696714072725 0.5220894011523147
0.6619075280056768
0.28634314671506667 -0.397190340742428
6.0957621453322615
0.5119901700788017 -0.559877068719732
2.2306507106639613
---
69000
86
-0.06983521544932501 0.7097676945013848
5.146026229073744
0.49036689461470695 0.6378651498088184
4.992516418797158
-0.29311619339304096 0.3107094406760721
5.599040109144429
-0.3193390191506186 0.1140736792057035
2.374035528351822
-0.2755502426485735 0.0348262808376365
3.919937722835515
-0.7586601727010533 -0.2738749279453492
5.881554459077597
-0.16593873707728937 -0.974914855530197
5.739005369413983
-0.21598019989610925 0.20560962541518318
1.7585905512433495
-0.759204029518838 0.4330910341211002
3.1584609846582152
-0.4061186576907357 -0.36075725648957047
4.261063845623568
-0.6699181738274036 0.6083732836606704
3.786400589206508
---
70000
92
-0.44682196835794946 -0.4033371101741905
3.309909995220794
-0.33866364001800553 -0.30576789216569683
3.4492598447369103
-0.7160852934671366 0.8663644925131186
3.392185874375955
-0.8139290465201179 0.21975835215386727
2.5198539404005142
0.46726815471755884 -0.10824961338115964
1.625040331211621
-0.8642629407744655 0.8771160325574228
5.196730974561164
-0.5269680740758451 -0.8279020292289865
1.4378028822108058
0.08605615361636376 0.1290763362921849
6.204890943675667
0.2156941249592606 0.387066682140334
2.3305784008013903
0.312839237622454 0.3295130938926511
0.8247755616705339
-0.20216551445386122 0.5913220001352061
5.188439088213102
---
71000
73
0.6908170003514912 -0.9365185991278714
5.244540016545125
0.49760739594569514 0.655034699564039
1.0687169776177319
-0.292156813394545 0.19590778836131992
2.4415881257798704
0.6516606609361579 -0.682730529230471
0.5694422208275229
0.22098796635865214 0.33909222852302445
3.053413207707906
-0.6972061480262974 0.11769369135424494
3.8134047486920126
0.23002420035084575 0.07021081576265628
5.166863284657983
-0.833193187100963 -0.398708291021555
2.292325700602172
-0.9367156260892975 -0.2977113880684782
6.054735408313601
-0.8114008044503559 -0.9095445705829638
5.7289987623865954
0.5003806181366062 0.3496655894455723
5.805872979200115
---
72000
80
-0.8304432243029258 -0.9278840067443935
3.693507944905368
0.6851418878519586 0.4008520019260373
2.752556601718104
-0.5640580094395082 0.3621150488610542
1.0785969643791091
-0.47512304999394345 0.5988761762097031
5.462656087804445
-0.7721184739908699 -0.07184687715858845
1.0801878294558307
-0.8020658514541158 -0.665998801313736
0.9461925200513983
0.9647071032509354 0.722454120759918
1.7291356204134098
-0.7213617792242925 0.559487533181295
0.20068298476078716
-0.6423369083196551 0.48736362948145207
2.086823433611108
-0.777496916999463 0.9225167492517654
6.265079258280483
0.9700161263322548 -0.30248064881820846
1.1391053446345412
---
73000
81
-0.6277298513515364 0.7959171615164913
6.137562551027615
-0.4964492185485366 0.9014589021490751
3.8368666499384014
-0.2952616042733048 0.9365167397421101
2.8053592182855445
0.7722403487337826 0.6455069545953903
0.9798879063147163
-0.4810373388782378 0.5362433131630828
5.989698993517838
-0.2669206581198519 0.4620509245409339
4.425177007566107
0.9263607701592966 0.17273123944094732
3.3055455044267257
0.9171265887599878 -0.6150455782013158
0.138237740010962
0.038187211577018154 -0.4479417517866503
3.736111855182936
-0.6500768890893934 0.8674590994651368
4.7048856075146634
0.21504545614842951 0.036598303703358925
4.276690406761617
---
74000
87
0.026920123347235234 0.02797853725678156
2.1721525835915343
0.07258011534239268 -0.018813614544250734
6.147082755935326
0.44316517645288206 -0.8181352317020811
3.731006056499056
-0.073793203495538 0.3801183414691826
2.206845967939362
-0.38819426644196325 0.20138836843904762
4.647636770131773
-0.44042140422261566 0.7413295906809602
4.338071003548425
-0.2151798797914058 0.30106046621314314
5.688867682944416
0.19868821781391677 -0.6380357556265261
0.5712336499468309
-0.7391845192180171 0.4338181061704411
3.0377051875057957
-0.5261515997172954 -0.1175016381527182
4.087700287450677
0.568358793891002 -0.4269085023903976
0.6894118020003015
---
75000
92
0.45302655850276796 0.7763368681310358
4.778044127150386
0.47703699657267007 0.8188904710679668
1.058708241055486
0.4586000462246738 -0.987517243348817
3.819102827245633
0.8439712896466707 -0.020768346855439133
6.0403404316902565
0.2060790548412534 0.006940110200496508
1.7846273192310802
-0.409494660573944 -0.3690080968018364
1.6206874167655405
0.008189688905897743 -0.840950963220249
0.03604943563438745
-0.806001348768235 0.4434220260743771
0.43523421836073917
0.8715466928329539 -0.9984214419203981
3.736222529595171
0.247215774975542 0.6922129300401738
4.33920481124342
0.5193635212669873 -0.7171711762150835
5.628427517783214
---
76000
69
0.9339532116120783 -0.48380454484163404
1.0139434933308327
0.9094750304423425 -0.499881875308096
1.1498440912343755
0.41233329581561345 -0.037969413233856324
5.564877145061912
-0.6337728971485159 -0.29075540028699526
0.26633433816952
-0.03766371777025933 -0.30983100344031467
2.5091919643654492
0.5274339810152054 0.3658313573972669
4.406266127419101
-0.6837540550511323 0.7693489974158076
5.230703801557579
-0.088180346265467 0.28083912635081654
2.919232314690813
-0.7109093236150978 0.438313266794725
0.7207612796725114
-0.9626592094397345 -0.6809360520021962
2.6844500912235585
-0.7450530774571366 -0.41101588694876734
1.5803245957532361
---
77000
79
0.295120137355957 0.97361731272065
1.1921451493120885
0.336138302474314 0.9382491637472578
4.408906221043435
0.42147176188433244 0.8673046385247997
2.599283024948754
0.44482141495784766 -0.3652266675953551
5.29038345781248
-0.3116021987401459 0.32890770436268696
4.1325240057196275
0.3756476940622392 -0.721319125226589
6.2740875909561815
0.08989376509383062 0.9727665598096574
2.720858887463926
-0.9197223853000114 -0.010440950523872183
2.3217660448339554
-0.014300176517660045 0.4811914342714551
4.236531907772242
0.5438538315986525 0.5476556444784655
3.6693070256179707
0.8159610648650009 -0.23520295471108146
2.1331150130222385
---
78000
74
0.9267469986500886 -0.5396173998135386
4.794053867760253
-0.7641139980814021 -0.34540003670814984
2.7339188974493336
0.5982196671881169 0.35108088773101365
4.21732639605523
-0.7621901953296953 -0.35402566916776834
4.705572325395124
0.6020097536872625 0.8695843670548186
3.668975102677879
0.21729657381828454 -0.17497012207821372
3.540095386113274
-0.7592615021024696 -0.3562475645089939
1.9071841062255226
-0.05960672166412073 -0.39292642590530064
4.312680894571012
-0.6513135667714737 0.5405386894136998
0.21601543148397706
-0.13955221537303303 -0.14616949944611907
2.2944154421347163
0.4799423556155312 0.20034742761536367
0.46021196497086514
---
79000
74
0.7110936322056747 0.2866680716425791
6.220611652846457
0.4585079632151903 -0.14360155762547383
1.4023263501629142
-0.13082814256587877 0.0191832289295822
6.246998193756164
-0.06995440619164951 -0.4208593883505495
3.5973676611268433
-0.8289379752859202 0.6299447940501371
1.7825269371030714
-0.7796334273481461 -0.1382650610911163
6.002249155609817
-0.5396564085609742 0.7985091316753059
3.7792825283931775
0.05850194684824912 -0.37314671859508186
1.0388283807848468
0.700836499934029 -0.41497784963743517
0.9508600278152022
0.5638371538371588 0.21442264098514124
5.700936787646788
-0.03512396005244995 -0.0972977609901589
3.634713111302096
---
80000
79
0.04228006887442241 0.5813577462810454
5.0048328879728805
0.09642717936775833 0.5787783688590126
3.9651064713685864
-0.9326249241812067 -0.26214773656601553
0.4339552985050945
0.2580271282179209 -0.6613211368687242
4.299614745311114
-0.8521305027132687 0.836127176132912
2.1005622502941366
0.28010902201480736 0.1714574544583409
0.39968937100414603
0.18166509001366823 0.08863492914672257
0.5879736399395146
0.160247341210207 0.3093805592126053
2.9017666263384116
-0.476163433260543 0.7116219614542086
2.1033525486783695
0.9260145884185063 -0.09567380006782093
2.1419169113273675
0.9817039744131155 0.8924941205748118
4.174920025860938
---
81000
76
-0.1573618669013053 0.4217770986149418
0.4195875530211177
0.8900780223371603 0.3131767154212813
0.4258695310341727
0.6652853488289121 0.0915190788553912
0.2598843770548145
-0.4545138101415494 0.036865230511829966
2.349144225684986
-0.034381784137981874 0.6392362694645188
2.824724223038957
0.10090712083239896 0.3059606413084969
5.557332496900604
-0.5188998384241091 -0.5775976881384148
3.331417591345697
-0.6788137149200189 0.9430187197931912
5.311791167115652
-0.32931329897853734 0.24567835014813
3.23402342494274
-0.6811055523808417 -0.5682300849864612
4.809486709481629
-0.41024520062803743 -0.1518687405140739
4.369364653129569
---
82000
74
-0.5878981427806493 -0.04853671113741762
1.1836824143511366
-0.6255536786765913 -0.1354980594820773
2.801088892592497
0.2688098603844763 0.622747541939994
0.06516028814719976
-0.2980692442902569 0.16120306891481745
0.9353591872251918
-0.8578917580491254 -0.31504878168783107
3.3108421189854234
-0.2520248512755234 -0.998344943969369
0.7478057423070501
0.5700156892006907 0.28534532526771383
4.107615417411249
-0.8910280078429387 -0.6338034782254732
2.492086184383144
-0.8735005266741731 -0.17349400650675917
0.028195766558201107
-0.6548343593188506 -0.016267363279677483
1.5713040045119957
0.34618657062810565 0.8979961742417908
5.210943965444339
---
83000
82
0.14863760033741885 0.7391315483188982
2.0281132946160882
-0.02848199612960519 -0.7871194670822721
4.362356091153872
0.7816551712493933 0.25123605674481336
5.210796650893184
-0.27981701929286307 0.10199384682739696
5.533174822441899
0.2899816446813643 -0.6392072372175656
0.42577615323191953
-0.9587797851305839 0.32515457042590323
4.799570419876533
-0.005290783633478957 -0.6481109292434762
4.168291725899376
-0.38019123907317265 -0.3801299058898656
3.9516050613232823
-0.7124929527951298 0.9391466542715048
1.681923213214728
0.969778866440608 0.33145644243958616
3.0706007306640335
-0.777479195150422 0.0837577613357175
1.4950268112785432
---
84000
74
-0.5239417400209334 -0.6264056350890235
0.5012960118863166
-0.9785150249003326 -0.3877896740543714
2.9308951238215695
0.5507687342556822 -0.7548327554622404
3.0037179601202757
-0.19720854928420453 0.3540755027868079
2.5872058819218258
-0.9995033548875705 -0.4899497434377267
4.964014893519791
0.6117781717192574 -0.5330175370340282
1.5081245560963694
-0.7420077137494698 -0.2665665941471287
3.5322489767477103
-0.9085867545477112 0.22040986130005855
3.019045278749134
0.03253713709082869 -0.8875442004848872
4.984501842314406
0.819883947400152 -0.03988022634378428
0.6953586437883921
0.9907696862282467 -0.1252379352199043
4.361331271856375
---
85000
77
-0.7842211638231268 -0.7550787039570251
3.957615295846404
-0.7156936900013614 -0.49790363254243325
0.574197698491024
0.9652040906337391 0.21962190791317696
3.553652183610569
-0.6911795454624537 0.2672767361623883
3.236998318984474
-0.5384886220574093 0.8194475513624512
3.5642829831296527
-0.26694311506341656 -0.03460427899430431
3.559641646607772
0.8790139093706969 0.2845163719682575
3.9490172926712512
0.685605526543842 -0.8871433435383669
3.484041746510198
0.9156692070614708 0.8025636925034733
2.379517178142568
-0.8440659985512142 -0.04470763918683911
1.2250218359306713
-0.3077963162872052 -0.9164678065020893
0.40807590595555787
---
86000
75
0.9218678424722028 -0.5140007153066017
6.093928941218282
0.9198825660423339 -0.5655702536874835
4.862152858677582
0.19967160647042856 0.10178295215958619
4.036804274348227
0.14502885057479423 0.7973738842572414
5.591559224367647
0.17854715225032386 -0.8833888368890435
5.931371316058673
-0.047971807567210714 -0.6120792405601956
4.854055309793466
-0.7914524684297158 0.11049243918353543
3.5692619202369293
-0.7743559176350132 0.839613039661099
4.464325331502633
-0.8386732089387519 -0.6178076597302453
0.74555276254054
-0.6920292104401113 0.9848568863925689
6.047246321858524
-0.200666609396118 -0.4804922251075008
1.7466978869907441
---
87000
83
0.4445916878221349 -0.6294519844056641
2.7321367768374194
0.32867741290019115 0.9058549686557487
3.3800319555427345
0.5947102626592373 -0.923373585553674
3.52837512884033
0.8013943298757784 0.9677924510001366
2.447449690713139
-0.4503762777377326 0.7682354274277534
2.0910688248011247
-0.15570978446068817 -0.3516524175693775
5.465427269174377
-0.8337630347678642 0.4511832614226463
3.3375835736791117
-0.014836713278983234 0.7566057261183758
2.697837528187926
0.09310158770878506 0.9919227516630108
1.3459981626294093
-0.9401558180843163 0.20129655305152563
0.47013905745304996
-0.6623971379968644 -0.4726704165603014
4.367550123426334
---
88000
84
0.8318658241525834 0.3139279766110223
1.1063592224853753
0.7723397014673118 0.6015203366052532
2.1464692629144766
0.9533279278621554 -0.17901872484196577
5.549604206982336
-0.218430731499909 0.10746817705462003
4.113085146479684
-0.6620470980785627 0.17037767509658858
0.2368201634032383
0.05271105719468608 0.6841045230610303
4.023050531334844
-0.7272817768109725 -0.044840655804048946
6.205100323883727
0.6652307883891124 0.8433473620303503
2.0871056423427152
0.06035690654825369 0.5605453173932354
1.2775962426661742
0.8227689608528146 -0.19468709951752242
0.40092227479610476
0.8505785970709361 -0.4517967113247842
4.248709732775599
---
89000
70
-0.9775742217518342 0.6005172462929431
5.717704010383036
-0.9575029893414353 0.5974756365181879
3.910000079365078
-0.22340060131593217 -0.9327827524259571
6.2705099378069615
-0.335338066867418 -0.8662059387108441
6.199905275201225
-0.6070090550059646 0.6380086103074847
0.47564699932454513
-0.27977140644030696 -0.8247170901173105
5.513142302204593
-0.7645122654729463 0.3542734254749533
0.6607343850213194
-0.7566542063414791 -0.6326444196179511
1.6070901175200039
-0.3466038035422267 -0.26546051297675166
3.548217903266986
-0.8401559852240559 0.19068747045304488
2.247786609044838
-0.49931216489560354 -0.6635557846233243
4.39635715263509
---
90000
62
-0.11999490936486931 -0.852975092531358
3.023136574705254
-0.16743589812559698 -0.8458523335528026
0.9705507545787597
-0.15025886078182132 -0.627836583079048
6.152431643888302
-0.21586725222557251 -0.729596597105346
5.967624409666212
0.09311890452561619 -0.6048740092061222
4.300689944794334
-0.5783596089730461 -0.5355317585058128
0.6866157205214938
-0.12769758126312572 -0.12177029789816043
3.9896996133630935
-0.20363010974712284 -0.9098891513765792
2.541988543061346
-0.424577976133647 0.9665738569725775
4.5963994710368095
0.25580739748755954 -0.3855167894241931
1.1851488576958253
-0.43319377245552837 0.8462423028977454
3.894705454458869
---
91000
76
-0.4517314472922488 0.3572754238615291
2.5470888236724423
-0.47383448663810124 0.3471368848109595
5.469776585188268
-0.9163458877405328 -0.309784987597807
0.6340768569933308
-0.47541059685010856 0.6783361083944887
0.03917559827623229
-0.5799695781399685 -0.6747514117256227
3.5065891360358927
0.514086843713331 0.06079648491193641
5.339599824067741
-0.9806985257117158 0.016756807043725973
0.2519374344533709
-0.5033148665819059 -0.0538445107861045
1.835505242582169
-0.7862740632545175 0.20674077078689837
4.728799086904249
0.42357089518352264 0.7812769559306008
3.2598116236232455
0.11044163539431232 0.6312676063598606
2.983255400986745
---
92000
64
-0.3327272708055666 -0.29813075002368467
0.7003738446107713
-0.38551087782669846 -0.36506091273865493
1.2128145613531975
-0.34776535217375637 0.34254781249163146
5.6608286002837955
-0.6882227844318339 -0.5522850473345741
4.1665297355677495
0.038826714138180354 0.34764790242094484
1.1312117470830128
-0.140294809793913 0.8923456042165485
1.9643312214937412
0.11621247846923047 -0.16615535854808205
1.189432818053465
0.32586305187599346 -0.24184082473516147
1.70245057806809
-0.09719534912879958 -0.00865810238171748
0.36919312208744515
-0.4270715611338287 0.1667177773855256
1.2728931742445466
-0.575111057827252 -0.047166588524685124
2.209086418731152
---
93000
82
0.9956339054125195 0.19559279640855648
3.888969111281489
0.8746458131322987 0.341967982906768
3.9336387969690962
-0.9878431357568827 -0.5489207309603732
0.023809479226327035
-0.9108974694349453 0.7023078920687449
0.47266428054166987
0.060551048176751415 0.5638686258323269
3.6735653323868407
0.7250272758434366 0.03845123411448978
5.106250007578413
-0.9147976080505573 0.8834704584472122
5.6614519924440065
0.6207429127759956 -0.3427934964347024
3.423279625175634
0.42577804060584057 0.2901134014830103
5.700128402351043
0.06537077742308327 0.7135382238373875
3.8265818777284517
-0.7853959899831285 -0.7238591352957382
0.5129211967675271
---
94000
82
0.09336116332670104 -0.048327939515734906
4.312019564449526
-0.31200970328988653 0.9470576152688333
1.2519883409203274
-0.5627474739867525 0.4053271140376895
4.096340498993618
-0.31551840744940346 0.25700630618400216
1.9453489308244212
-0.057586814894396474 -0.7567019781521118
4.05783709551209
-0.9024203526043043 -0.051607621372884584
5.974814171331873
0.4699969077242797 -0.5424980797623699
4.552017080036684
-0.66708305175231 -0.17878593723665276
4.540024680988374
0.4467811366227406 0.021067809886200568
5.393065950421157
0.8498289479748715 0.060960115636573386
5.322523589935393
-0.4346625280360282 -0.8882196635621316
3.2513822618297334
---
95000
77
-0.7836970792534387 -0.33725983819385913
3.5301558908657067
-0.9040479472060393 -0.07118786510593733
3.257645495103861
-0.6618185362887941 0.8852638237562589
2.1790135009549245
0.6090063366257623 -0.78665462985496
6.045569624333533
0.46217668825087876 -0.005252946639567439
2.8490591834226144
-0.9465583613823101 -0.13372763877743948
0.9328706732866019
0.29537525282208266 -0.38899320431838613
4.9098866585415
-0.2490742000588771 0.06468290905217984
1.1725400487005497
0.1268385935390728 0.5780584239716802
3.746119025376908
-0.7490571875873305 -0.9653586417989126
3.545547840443427
-0.8962830891919257 0.02643634386726644
4.008032209841762
---
96000
82
0.020904058937170532 -0.16321410064875044
4.402206534856158
0.4580038336496075 -0.19669345925062512
1.7701523389898766
0.11274361917530308 0.8882749179973553
4.705701092461772
0.15580767324521413 -0.9483563839244145
1.4708142261603463
0.9766712983463881 -0.19611116377203833
1.5431957454709506
0.9304311896683182 -0.9480638258439205
0.8732644653926442
-0.547372058713279 -0.4994526425518025
4.129823924675544
0.38042351616142284 -0.28839968861416926
5.465628239202071
0.6583982949588862 -0.2626750184230386
5.9169551558810785
-0.29743891697578284 -0.992028855263658
2.3355664076526805
0.4415923539554983 -0.49824182647727977
4.803785485190572
---
97000
73
0.8122092960674034 -0.1840697772314951
3.5376442155917927
0.8068907940372433 -0.134876926220741
2.5078726539963743
-0.8283237733348053 -0.8124452508110631
2.4290969668279043
-0.5285478214700773 -0.8140654137641057
3.5381354475047626
-0.03821380644281416 -0.2030817975643125
5.125496076014932
-0.6695642608154477 -0.6426858585210817
1.6311411206176238
0.4602558608685609 -0.9335213367878759
2.086009197820852
0.9802822319164575 0.8477400790548432
4.746754418970946
0.8402729982975167 0.4460037147590101
3.236000032544389
0.6311202349968672 -0.45044303091202736
3.869941295559764
-0.5849462055551311 0.9133836610581713
0.6125315527445379
---
98000
66
0.3017471357538179 -0.4082275321044215
2.8144020340562985
0.06989425938793647 0.20840246619677186
2.8371330687924736
-0.6984328054247279 0.9069329331660969
2.6263175848684037
0.9874920380007965 -0.9515826887401677
2.068874542499892
0.26411764472690785 -0.3272156869204176
2.1191118608012047
0.06161271834710317 0.24913080054365794
3.7688701990627527
-0.6356221880022482 0.6819978447383468
5.4843893179038075
0.7197530380109411 -0.9988890967460222
4.295218647376514
-0.43811074797420263 -0.10229544055074588
3.6458689651012293
0.1973182647405697 0.7630750774898107
6.172727560476073
-0.7313205247232495 -0.7310621401621327
3.4537056437183002
---
99000
61
0.3998785066247608 0.7129926704532166
3.692111789387757
0.19321763568663358 0.8981694507444669
4.907669290889196
0.6263615616283655 0.19658357052413405
3.460218658342982
0.6400444398708246 0.5835960908731543
1.8854716369611797
0.1677025895158057 0.885971860439847
3.7581279062623425
-0.47497894145341046 -0.12536709345162028
0.7340572209938374
0.7340208050926099 -0.3498632829118614
3.300427053787484
-0.7143758273706313 0.6664191484496924
2.0728384776278626
-0.8268845208493834 0.5143836557883229
5.651000836396254
-0.4721647171381878 -0.05829648075163595
6.125798120666757
-0.9377816769673114 0.6942395040743795
4.0995210432984175
---
