200
{'run_name': '1_other_boid', 'nr_observed_agents': 1, 'nr_of_boids': 1, 'predator_present': True, 'grouped_spawn': False, 'predator_halting': False, 'record_keeping': True, 'record_frequency': 1000, 'boid_speed': 0.0333, 'boid_color': (0.8, 0.8, 0.8, 1), 'boid_turning_speed': 1.5707963267948966, 'predator_speed': 0.0333, 'predator_speed_slow': 0.0333, 'predator_speed_fast': 0.0533, 'predator_lunging': False, 'predator_lunge_speed': 0.013, 'predator_lunge_distance': 0.1, 'predator_turning_speed': 0.7853981633974483, 'predator_color': (0.8, 0.2, 0.2, 1), 'predator_confusion': True, 'predator_confusion_distance': 0.4, 'predator_confusion_threshold': 2, 'predator_chase_time': 20, 'predator_halt_time': 0, 'predator_eating_distance': 0.06666, 'height': 800, 'width': 800, 'graphics': True}
tick
boids eaten
predator position
predator rotation
agent positions (and)
agent rotations (interleaved)
----
0
47
0.8045203861689609 -0.5043493947133282
4.617338832783958
0.8189455969872521 -0.5036021824030708
2.360127099659269
0.1802007645488093 0.34434233747549914
2.0758363073843697
---
1000
49
0.6028466342863867 0.004398935374365826
1.324786024685049
0.6193338932026914 0.010724333453593617
0.5209267990606206
-0.8203592066577006 -0.7379883879917413
0.20329397167277996
---
2000
49
-0.8189111795969426 -0.2443662830655266
1.1691508646876432
-0.8169544949774085 -0.250058983174722
0.0697522148138523
-0.6559955505080381 -0.43019974066115424
2.7302812210894363
---
3000
50
0.12549601529647994 -0.6907198568118246
2.2712521446610077
0.12793383416070664 -0.6965018179656044
3.7266095779061947
-0.16792242608381777 0.4281438900415963
5.31517240900977
---
4000
37
-0.3654349395716054 0.28814695756538894
0.04626848996223476
-0.362805443711683 0.2904550231862651
5.427695060132621
-0.7608504572676267 0.9352561768736262
5.678946569589552
---
5000
38
-0.8651409639505988 0.9074377272767188
5.30789166694303
-0.8457674446207318 0.9052713634810742
6.019391747451478
0.13975959140612704 0.9169922265773912
1.8908121353316831
---
6000
43
-0.7839230575791055 0.14341309834820373
2.2258896551952487
-0.7778745841061461 0.13393504229269831
2.164282523615489
-0.7501285289403274 0.8331966359589194
1.8463819129735954
---
7000
46
0.4777127005292789 -0.9139394458512338
4.370646206274786
0.4547872979755124 -0.9011333262581465
5.143081240559801
-0.07440622661208683 -0.33039319291551306
3.057721429003818
---
8000
50
-0.6669093382550885 -0.6548910206192466
0.07724919958287141
-0.6414954154877587 -0.658724141064419
1.7003705025250158
-0.2944007483145689 0.7784388043343231
3.5918705412485092
---
9000
48
-0.6523756210186452 0.4706099155245272
4.324381874966971
-0.6396022818424728 0.4771294275058871
1.7585462996785157
0.4999380397148942 0.6077295124928193
1.4712001731264461
---
10000
46
0.6339079017852206 0.2019714537933891
2.755203049515914
0.6623835084004326 0.16826040673148698
1.1010423766414483
0.621785742078889 0.7340080902031152
0.4212793947811688
---
11000
44
-0.6619412189232382 0.3278680550100642
1.2122182248577928
-0.6727907323601705 0.326043008448483
2.1834511524474243
-0.29515013622455066 0.2667917947800925
2.1541433121894595
---
12000
47
0.29245467452379925 0.9745627721907407
1.081977678278359
0.2838208222933451 0.975737009523569
6.207149797969615
-0.8503684469549971 0.07100946971649483
3.871080628449162
---
13000
47
-0.6762747282305399 0.37799634776343133
1.867383297949856
-0.6455211041919319 0.3907104328327869
3.688634973360828
-0.707650398757922 -0.2930404778254164
5.492134765926591
---
14000
43
0.8530790603234072 0.7814242908583197
5.306672291943719
0.8523248994716337 0.7859335390075333
4.306543332057752
-0.6444207841789318 0.21216622554400108
1.6891165918274058
---
15000
45
0.7715835625395875 -0.3157874057627369
4.516017299477123
0.7810792133406308 -0.33533605417457624
6.027570439244384
0.3425168233397643 -0.1716066554651074
2.4483878206059604
---
16000
42
0.897599610097164 -0.337842146738258
0.26147910898430154
0.8800733973428845 -0.35789732101225485
4.572487398334012
0.06702448839043024 -0.9760530933615346
4.789675542216959
---
17000
49
-0.8861874584871652 0.025717271983920473
2.7662744790288336
-0.9129136625529202 0.022718969197994876
1.4119335853033377
0.8804608218689333 -0.34145775078897417
2.365569159573247
---
18000
48
-0.9031436082968827 -0.9278996168366099
5.601666016083065
-0.9004664114092625 -0.9294566004596507
1.636857284987392
-0.027782185603734376 -0.5211991392711536
1.7546908463879145
---
19000
48
-0.2267928755809066 0.8214946139431838
2.0818804529182504
-0.2543114313982723 0.820766682881022
4.405014435821083
0.6480600413209714 -0.21952226091687715
3.674444454051792
---
20000
44
-0.1513971326957541 -0.3701351145017349
1.7102211314284264
-0.15701468913877933 -0.3801076778235742
3.4545325134573783
-0.7785439808217152 -0.012401092357421963
3.2878182674996785
---
21000
51
-0.5130302436156416 -0.093442934968926
5.552355633186583
-0.5123734338529167 -0.09207933806927861
3.085874436784745
-0.8036021441471652 -0.8678659803967202
4.928639409166083
---
22000
50
0.5288516613058801 0.4131213243534348
4.410747734617118
0.5296607756813154 0.4197190707174518
0.12348228189002342
0.13374630146221528 0.4665617494591393
3.724236030862755
---
23000
45
-0.20382726067803136 -0.5994207500964773
0.07208140436265631
-0.18209639279861217 -0.6098046824238306
2.628248179840117
0.36635272075156705 0.6553382014787712
4.46775354056299
---
24000
42
-0.28075856798263565 0.8594971107256844
1.916296884627435
-0.30220296860740886 0.8700503143117538
1.4317842510563024
0.23411801129859927 -0.7904337223166209
0.12460840859608435
---
25000
46
-0.5840849843604187 -0.29681484646728756
0.6585515364870261
-0.5614576839226921 -0.2962112432901329
5.245660900292973
-0.48850172464828573 0.08002821599177715
0.8121917182379752
---
26000
48
0.40108023213782223 -0.5268044594674789
0.23421437052780683
0.3993866464921151 -0.5185770424682017
1.9706794724191186
0.8513029947455435 0.6576477257613347
0.3865606133008903
---
27000
51
-0.9436448199440974 -0.7265957284336367
2.678456554222442
-0.9389476082199713 -0.7316052578893644
0.9645872950543533
-0.9006663720555788 0.2641342083212028
4.787959801607837
---
28000
46
-0.6626223836599366 0.7518368281837416
1.0667935102961605
-0.6571181554692984 0.7828557450514679
5.352689768409881
-0.10150355643170833 0.7202423380448334
3.24086304074659
---
29000
44
0.3961861698344635 0.7950477864343015
3.658587272665941
0.3935980832706921 0.79112846811643
4.877588128061044
0.35202071649931743 0.33383980393887613
5.741824746082883
---
30000
49
0.40356549502020217 0.46306287870308616
2.8972929392470608
0.38935023530764995 0.43583809828812387
5.824022172076219
-0.7300579079279779 0.8907773894838028
5.56770359389559
---
31000
46
-0.2357997808532575 -0.2953735291319655
5.874821898348814
-0.23654509307504978 -0.27924514819467927
2.6255661821068186
0.4258888090801345 -0.60413887359572
6.169745554563335
---
32000
44
0.6556114187556312 0.6230152349588218
5.160611580890401
0.6514529704703771 0.6563205936933921
2.667812799297291
0.32794992694901354 0.33435595031563176
1.8525312826207676
---
33000
45
-0.41511776905744524 0.30201314599647777
1.162409713205159
-0.4168918856137244 0.31409227212163976
6.219034592472252
0.2597581867062132 -0.4181170036233125
6.17990778561655
---
34000
46
0.2358316976147326 -0.16186210968633583
4.564935167761758
0.2286385549864629 -0.15739075605165737
1.4444091707974493
-0.242115669988512 0.6165461532808774
2.4664234314130873
---
35000
48
0.5788179353242944 0.06153999111494861
0.022854568924630614
0.556166338754628 0.0742933995059836
4.272837145962715
0.8758296055184027 0.8276605268635
3.0555939049699266
---
36000
46
0.49924387377110313 0.22904947300323691
4.183466605896349
0.4983562388080147 0.2282253453482428
4.115950356371521
-0.3336170115233496 0.06888335328996842
0.5421490570276557
---
37000
46
-0.7637805622776629 0.7350822110182998
0.5984014599244277
-0.7580139644327978 0.7375900845057317
5.6980249315759846
0.8183268260355971 -0.46964414909468927
0.7046339549388243
---
38000
46
-0.008643595160657928 -0.13421342606936937
2.624108176594015
-0.03264967848589135 -0.12816222367922744
2.7724059100954106
0.15696549442246607 -0.6872274565293072
0.8603754895776365
---
39000
47
-0.6552635633292381 -0.016134763728460413
5.441172473176147
-0.6325904379167419 -0.03527433504067353
5.990028670306481
0.26062386976348245 -0.6140674111953277
5.556320542263578
---
40000
45
-0.08760615853021995 -0.6363090082293344
0.13323994684511375
-0.08316857456813109 -0.6352869702913033
4.249603392172237
-0.6610649926109298 -0.644191192957738
5.142575786677106
---
41000
49
-0.6049944312731498 -0.7360483143936004
0.8763587880759504
-0.6002909797787769 -0.7298535182948728
1.4995396130342709
0.804956852764019 0.6759858673272291
4.834503209392761
---
42000
50
-0.956610580598198 0.23250145770448305
0.18500145100731202
-0.9535110349489634 0.23216854028179235
6.009828777446382
0.6669410772486789 -0.5588805375165868
1.3956063194023098
---
43000
47
0.015674106838435124 -0.1327052350460282
5.601726586924211
0.009032919146606457 -0.12781931419384177
5.640333427303224
-0.26951215179401006 -0.9537090254275403
4.681893143957231
---
44000
40
-0.7151581747653822 0.6345050764148757
4.628688631611763
-0.7016158210580784 0.6099685946246931
3.7516662607940736
-0.6013262441205793 0.5042849575584281
5.552670007601957
---
45000
49
-0.82638909394375 0.046235564563358554
4.110642091982238
-0.8489784119037157 0.03543285293514333
4.2179812386483135
0.6620498306639093 -0.31050600251399785
6.056906430368192
---
46000
44
-0.5295676777513656 -0.5287262181019383
3.2058021314491283
-0.5320102727846947 -0.5279221585363891
5.317894580170884
0.5919053244808657 -0.6670801102237164
0.22284920280202503
---
47000
46
-0.034171458005818216 0.3733712018999721
5.5869280117821285
-0.017254528854670933 0.34823715870371097
0.25309073881052413
0.544187323179793 0.9094340873792117
3.789680549804901
---
48000
50
0.49913382513287713 -0.891356589163072
1.4625239870569375
0.5149306895933575 -0.904894200590369
2.694675139551671
0.02946981788257575 -0.09052020832682087
1.1943471643010346
---
49000
46
0.655667916820451 0.18387202636962124
0.3938045123987745
0.66686706147349 0.21273601280712653
2.541121570806421
-0.8984092363009579 0.06838131874996009
5.0771586309291274
---
50000
44
-0.7737270737318779 -0.5954021501253358
5.2510473638902875
-0.7774250267481125 -0.6115590924869566
1.0459074510191737
0.32743779304156556 0.6252272661010947
0.09489380011167992
---
51000
43
-0.04688288083562171 0.2588298856690926
5.464184563156273
-0.04724479123425179 0.2283029636077381
5.102480945827471
0.42810824852477575 0.1418476125016987
3.3393496219094123
---
52000
51
0.9381577959148757 -0.35926551567218645
4.2977133266826835
0.9070877197764577 -0.3642004473887338
3.742078443792362
-0.6529246871283098 -0.45491816630645066
3.578203181860821
---
53000
43
0.7153204595299851 -0.8980792799296824
1.2490849526608911
0.7373260864564375 -0.9218002152543703
1.748692018351064
0.5524804617547856 0.35439277021107174
4.078938990501112
---
54000
53
-0.42520062182280427 0.9104677144355571
4.23955227253847
-0.42501169344280065 0.8878997225442584
2.5846336231815945
0.06396320951910374 0.530861736188608
3.7775456097463014
---
55000
45
0.8907348284815372 0.0665977922326152
2.29774716209841
0.7853424173158035 -0.9163973564466377
1.1151843208400605
0.7619894634700677 0.9170766922669454
5.772894325009126
---
56000
48
-0.31454471117632077 0.8770793650368655
2.5751209416511562
-0.3166892055443262 0.8792084024130179
0.5825285324227796
-0.9482185756548127 0.5934801528918234
2.6478487384943286
---
57000
43
0.2858601067515597 -0.45107181531669566
4.104891060023489
0.2842467805325631 -0.4491104211414656
4.52741324675063
0.9013373316069773 -0.296868177331695
5.305184113092735
---
58000
44
0.4684587397130976 0.9187239513131296
4.580391771152801
0.46150660552740586 0.8968990244934321
4.7137610552174785
0.9652332401338946 0.4974381445070546
4.599623128364039
---
59000
49
0.20742999682087895 -0.4625330801636881
4.178860446893115
0.20614997079916597 -0.46303493041112825
0.7256824877322723
0.3766670986788768 0.720449442647045
5.990816654799489
---
60000
48
-0.853425518891151 0.6803201060753589
5.683775838223038
-0.8499487575139284 0.6847629355655762
1.357946904813855
0.07414681726222545 0.35401740813472476
5.350194348411462
---
61000
47
-0.3549398520715989 0.19036760246132794
3.84710795893959
-0.3590051096491958 0.19176035053294316
3.269007595562181
-0.23793189608263365 0.793088579129359
0.32461650993733926
---
62000
50
-0.09190581840234222 -0.3168126863400778
1.5965341252877188
-0.11057987377652403 -0.33990921308404554
2.1294007694379182
-0.4115023367497731 0.591402979693122
0.21856158564199346
---
63000
47
0.8761602670745412 0.149379690583189
5.6220017750471305
0.8670099493151656 0.1408428363712166
6.1686227536566625
0.7234975897895506 0.14539246442172768
3.7635443181911823
---
64000
45
0.36009480428636553 -0.3459036677779192
3.941789911076383
0.37806493190022344 -0.3340163321430079
4.562293956793983
-0.17865620907089869 -0.41288341175843063
1.0691866486683743
---
65000
44
-0.8573562720328182 -0.6345388645751707
4.7228350757907425
-0.8761881058559181 -0.62475333128543
4.10197367542891
-0.04060975734870981 -0.5942927710012941
4.965593492515706
---
66000
47
0.8676932664762902 0.11690568124388542
6.1047982751188
0.8620496606047224 0.1213684655814613
2.5316726411099575
-0.957809391241315 -0.9081799773898402
5.1041094201263
---
67000
50
-0.6571708934171739 -0.422466876262574
2.705597115498783
-0.6699722260365155 -0.3966609363003719
5.911197022793853
0.8676524591176337 0.0004196460782351988
2.0809365645218527
---
68000
44
-0.704251548597031 -0.09016272899088541
0.6665684198345523
-0.7059004487677136 -0.0908981043852056
4.2745434626665295
0.21641482505259732 -0.42702736070326747
2.502625697561176
---
69000
51
0.395688554872095 -0.6527217641765067
0.5530105897986459
0.41309390534307905 -0.6403674930325589
5.334997095916466
0.7874637802575786 -0.13852773548474373
5.686053482907327
---
70000
45
0.9221458379920242 0.5296263375964724
2.457887920380946
0.9206017277761855 0.5257475671397287
2.303660098615717
-0.8878005224112265 -0.3790810990476523
5.292325158360641
---
71000
45
-0.1959610576700378 0.27744635918860694
2.0220482578311993
-0.179913751034597 0.300809985404583
3.4630753247746613
-0.5599815127782755 0.2200111012812834
5.260020592027435
---
72000
48
0.3304424335034831 -0.031152533143111946
3.2306311911839583
0.340009854718506 -0.0340461690315166
3.9306650999252293
0.6083291612258458 -0.2342921548500217
0.9540705889307617
---
73000
45
-0.02570856888412253 0.9909315617195856
5.41683415369446
-0.024434732046766376 0.9960562757279999
0.15387943156309625
0.270375187780423 -0.4884494050845399
2.3664962129222227
---
74000
50
0.9395982301396678 -0.20435949770337147
5.4922221918501055
0.9298295162495639 -0.2023809966763776
5.992445722657164
-0.5873617860850737 0.4306453513972598
6.035215313853284
---
75000
46
-0.05553706514609408 0.9352738390880757
2.7805841158215285
-0.06698771398898808 0.9351172071004249
2.7157690574795037
-0.36438846044167383 -0.38877767222776133
5.13303761872624
---
76000
44
0.7689561270407878 -0.7679137501763078
4.522377338260496
0.776160604757811 -0.7633194461434776
4.220553426388273
-0.6963937572869913 0.5329826873058838
1.4138986335242607
---
77000
48
0.04702065251550017 0.15120430070265706
1.741354360332591
0.027044371368844543 0.12556568981598595
1.4025839571773409
0.1970112993189578 0.7933241263524644
4.801949092337065
---
78000
41
0.6337108090095785 -0.9580802108359218
4.681857881686856
0.6263409219616995 -0.9602933018976411
3.8634648141043124
0.011784821962948189 -0.34653860757884525
2.8965417028700484
---
79000
46
0.8470905890000682 -0.24872106097333216
1.8039716048884424
0.848289901651888 -0.21994310743507758
0.33258939737160365
0.2058295749567342 -0.40360894579414097
5.883071665580316
---
80000
46
-0.9244767148087796 0.48023320761252675
2.006657998560419
-0.9289976230621918 0.4845667631686604
0.7769712929747659
-0.56089697907908 -0.4249106750674283
2.7911376234829435
---
81000
43
0.5053116451190977 0.9377697115635111
2.8451740023130125
0.5053047854093698 0.9255237257450313
3.888262872744355
0.5495572311960285 -0.3111303060123713
0.34226752817868084
---
82000
46
-0.9856542181230195 0.6968953247401952
5.981243649515741
-0.9575547607029365 0.7010318376524035
1.0500999427156374
0.6009953358390274 0.0968069073501396
2.2006949516039187
---
83000
42
-0.5961372746573111 0.8739233041127967
4.9186929196809945
-0.568289112008301 0.8870983703635033
0.9776567403898015
0.43781198944703176 0.17404298952241612
1.455818462762939
---
84000
45
0.06698773083448797 -0.6032844609610113
3.2587786778220855
0.07147731969163756 -0.6007433726242795
2.4478792553417463
0.4523039755740989 0.1893750712922187
3.6043071214539886
---
85000
46
-0.5478363157586373 0.6918182381833631
1.163068275703266
-0.5421648643750718 0.7180285161112306
2.994952145202701
-0.22889563436481716 0.03322988166779508
0.3243668286305095
---
86000
44
0.4474805788661283 0.43974294266367736
1.4156773538604517
0.4315662743673842 0.4381830937744017
4.315513471919164
-0.6332656675407052 0.5781275021242026
1.7546820311489926
---
87000
45
-0.9930617283735275 0.9719218656116059
1.6697645315503302
0.9568560132674784 0.9659292461905928
3.53469062969059
0.038030877890463805 -0.17145828862298224
2.5174657105133322
---
88000
46
0.4378021832114503 0.46481913041025724
0.41525742964026086
0.4372650490068919 0.46621696013451563
0.9728036411179914
0.05319335921437439 -0.8918964967422767
4.974923106670585
---
89000
48
0.12161932126267927 -0.9925184515563338
5.85766909927904
0.11733358178372462 -0.9877519137977515
5.909492045315336
0.5109294603386454 0.1313624228149089
0.7410690651757452
---
90000
46
-0.8733344451402948 -0.39045587164310147
1.8022570463713092
-0.8525955212289504 -0.39704940673684863
0.6906495040301657
-0.33922663092665567 0.8959394257132588
2.9253971778038905
---
91000
46
0.9511052005053283 0.691902994069109
1.1201078539759264
0.9628915188650221 0.6816938209461382
5.154768235759961
0.4812165034548785 0.337678827722266
2.7677017968320197
---
92000
48
0.5715421309724625 -0.5065057499772818
3.6366881681682495
0.580997360035635 -0.4829287784781855
1.0518303271436409
0.1859077400337402 -0.8132380534656851
5.851718770015095
---
93000
44
-0.552959989730668 0.4920786401387995
6.112372360931318
-0.5488960667461917 0.49251874789937733
4.054432099525166
-0.1904839451928107 -0.2994630983177342
5.999136757326296
---
94000
45
-0.6560765912841366 0.4032532575154122
1.8305735216164536
-0.6684897920055259 0.414454568989146
5.0757904749444895
0.26993362379282393 0.8927789551391854
1.7194741739425108
---
95000
44
-0.9924043926022932 0.8146889306057012
4.9930957928810145
-0.9942563623575268 0.814019440633843
5.350197348366815
-0.3398857637484052 0.28887506338898333
6.097857645923618
---
96000
43
0.7625018642392992 0.24917254108512485
6.0741780364661535
0.7569793753060817 0.24128471014174738
1.0173201775462255
0.6860765696178271 -0.660304971803156
2.4150384409118004
---
97000
48
-0.7331868624621733 -0.4331561769477507
0.28019236229902755
-0.7321586186260444 -0.4411477368024395
5.515159917484091
-0.5510027978443091 -0.9301078438004723
4.113172381610306
---
98000
49
-0.44066344715445255 -0.9435820029597203
3.963392080572998
-0.43351626860316206 -0.9417875267839273
4.909690487393029
-0.9918915325265121 -0.222486234828433
2.743696745920574
---
99000
48
0.6616354768138929 0.14524649170361909
2.522904455156902
0.6719777964873299 0.14274137710199183
2.9076470275788004
-0.9378647021644477 -0.36060934999767424
0.7916242691963911
---
100000
51
0.5323762758618323 -0.07790434104869108
0.645126139769855
0.5641111821804563 -0.07131966775355136
0.48526899529099726
0.21415760843141046 -0.23503713382925892
-2.194177864436799
---
101000
49
-0.36925630754416877 -0.21247470471896945
3.7959288114666383
-0.38171748928333293 -0.22034977433776654
4.850680997416062
-0.11162003036504803 -0.5678434872014781
0.9751637824202941
---
102000
43
-0.4331919010683827 -0.5703524512109734
1.3704523734616088
-0.44195613419615165 -0.5601111983399488
5.043044503051346
-0.8835566423316679 -0.6511672580849531
0.05515831739022481
---
103000
47
-0.22929570355828532 0.5890378277344418
5.764397994351214
-0.23520318651489225 0.5608920580915939
3.1078391510070675
-0.2743426431340589 -0.416562117533616
1.0946101829344137
---
104000
46
-0.7525600413918423 -0.40885083276788203
1.161234120292664
-0.7375161920433854 -0.42103840185713237
3.240281498418282
-0.9751574460431435 -0.07187459731864027
2.5965167759832726
---
105000
47
-0.594920425397789 -0.26018745134617866
5.716042445310124
-0.5810397740557762 -0.2666605959170352
3.4463211820354767
-0.6667793700137086 -0.7503462899493184
2.2694527266063647
---
106000
45
-0.28645341165293453 -0.2031249425125382
5.6867106798389235
-0.28620097314890086 -0.2028581377653386
0.5980801912579343
0.37633174598560265 0.2892644805055389
6.027368213704174
---
107000
47
-0.5373111455842493 0.11589577277003214
4.376816608941832
-0.5152236214189627 0.1367503268506871
2.9069821790167447
-0.7893313434872326 0.027180711624721257
5.980485266170698
---
108000
48
-0.10143850274413127 -0.6782736714329959
0.02818673158653162
-0.12824769002296982 -0.7005836738717806
1.0813385394804813
0.932579278162979 -0.48140896888027446
2.2031946754164347
---
109000
46
0.8326005200006115 0.43550725474827984
5.24978396654707
0.8349893624177563 0.43387495289157274
5.300655529750689
0.22927952629508086 -0.5877269183770615
1.6523482481769207
---
110000
51
-0.2532858447195192 0.7414804587519531
4.952755658563006
-0.20171681004544506 0.7313196135393718
5.515663222535367
-0.22510966971048718 0.718410564628916
4.909524618464364
---
111000
42
0.21827643160252125 0.9836156026020242
3.561548814902309
0.22904838809359207 0.9744315137472301
6.059503121898085
0.03584826056526747 -0.5908636058172029
1.7552668026772382
---
112000
45
-0.9524088729784476 0.6305566806375894
4.847111400902179
-0.9426536932883863 0.6139182203532244
4.423636576775673
-0.31277776246591016 0.3998548882450897
5.111337961546312
---
113000
48
0.36718383504039576 -0.030090946218398203
6.08004796340705
0.3704600499501561 -0.051881105804587824
6.266781037303542
0.5715626828726069 0.6301611653977129
3.053030533273726
---
114000
47
-0.3827845963474321 0.658199168201066
4.134301848766638
-0.3807878685964054 0.6250296425454701
3.9178318437778286
0.16554579075515066 -0.601633764991317
1.9912351966731663
---
115000
52
-0.10924178004385589 -0.1934680422173834
3.4259830903396806
-0.10536451863228524 -0.18814322037925466
4.250059247643566
-0.06978351209868325 -0.1587992827140267
1.438820916824148
---
116000
47
-0.6806535297452704 0.4023286438292282
3.116716560092053
-0.6671859700437346 0.3861786027888595
3.8528557730773123
0.6031383398487271 0.3697571393457798
1.1180158636749065
---
117000
47
-0.4298611552275645 -0.49061077383157364
5.5727494306090675
-0.4518136531846035 -0.4896587920578179
5.460134341534262
0.6233816055461135 0.4560236641013919
0.6574694323395507
---
118000
47
0.8217106292877381 0.8216764875635323
5.4639276343453815
0.8126306488956667 0.8044852090309376
1.986594691863636
-0.4136709004653115 0.028347582473736584
3.5286697981827686
---
119000
47
0.5069556415953809 -0.11915131440121535
2.8480671886313
0.5069033064093889 -0.11111816921401366
4.449545837634133
0.5419376396085492 0.42003719592360683
5.821505971701054
---
120000
48
0.21480793783432828 -0.9460420336298165
2.605314471415385
0.20016390858986233 -0.9178888905444658
1.7903057503258992
-0.9722477127053366 0.839972115744428
4.409164588677537
---
121000
47
0.2974569963232949 -0.8934295824264092
5.797099531208411
0.3003025628911967 -0.8978601471225475
5.047611809035403
-0.23562443476210768 0.3492305895853266
1.9105120948384453
---
122000
43
-0.6397265514630885 -0.8966819335556773
1.1911071092790726
-0.6453188288587719 -0.8932773699762228
0.4915755510030255
-0.5376919288997171 -0.7996061419618578
4.727262926234916
---
123000
46
-0.1932434900839744 -0.9517884047768116
0.5388722476319859
-0.18007599669967841 -0.9237462192505613
5.280729613695075
0.20214546058566618 -0.5388768799165737
0.242578173471391
---
124000
48
-0.3356951863839277 0.960606983043918
3.364083986261084
-0.3363729277245215 0.949355026088012
3.777801932711548
0.2567069401353383 -0.19037768558225396
4.141181948706886
---
125000
46
-0.0572926786731871 0.4143341552809535
1.9147750272192778
-0.06861524039757924 0.4348690183226955
4.614887612740274
-0.6238003256514665 0.7228602054775262
0.28015967966716104
---
126000
43
-0.7853856556417182 0.8241351118049418
5.53165818153667
-0.795837867408707 0.844757741969888
4.325516426759966
-0.8051271821621826 0.12069276438066981
3.877757113667572
---
127000
50
0.22238804143383936 0.7002178049979431
1.8713198059636413
0.22204940889082916 0.7010589045406288
5.936924945029416
0.8735169587080978 0.7530139707461908
2.855758034259326
---
128000
48
0.06900460378295872 0.7860948150293405
5.426796236888598
0.09555943896346514 0.791447435804368
3.8561883234693504
0.18319856983040744 -0.06873011375836444
5.411918067988549
---
129000
46
0.894897761301923 0.32242325846350045
3.7399609620778294
0.9166824053489815 0.30274988957584426
1.2906913620191718
0.8877034925871163 0.9370016616951278
4.029044502594602
---
130000
42
0.4669484174577301 0.957946996877466
3.4749132283348603
0.4737629615088722 0.963152348677222
0.22705212656971074
0.5227622225643919 0.5423340060960202
2.1036555821275407
---
131000
47
-0.2918293602505413 0.5257898765448897
4.954268817743228
-0.29872299008948766 0.5247103921477083
3.2163613554013972
-0.1668685746908026 0.41401850926531913
4.5353588936790565
---
132000
49
0.07663296615116634 -0.1547717871487338
6.164609362926404
0.08859497376350103 -0.14190278261513814
1.8950141436338743
0.9606776273729444 -0.24270012915462885
5.228475199997082
---
133000
44
-0.30243786875285544 0.08650842282877187
1.301275316646924
-0.3216743169225472 0.060171059731987914
1.847495141187518
0.8671240004049569 0.6776784836426515
1.4695144976473467
---
134000
45
0.9390253719633939 0.7801119088083093
3.618960207079862
0.9298939382588012 0.8022680820976004
3.0208728120068002
-0.04659572167580707 0.9746462106465144
1.7361586199786059
---
135000
49
-0.5837743740426325 0.8316441984930316
0.048738552719357925
-0.593980213279661 0.831329349194719
3.4602199271520204
0.5013235683103788 -0.8930435317944752
0.013395897745048124
---
136000
43
0.30911105400578637 0.25074300024220375
5.752290395551797
0.30185122594931346 0.24706892567347155
3.2565465984825783
0.5336697144758366 0.20790006975516814
4.487315492793333
---
137000
47
-0.6029721295328133 -0.3140091378371363
0.05327962971754269
-0.6078602932238655 -0.31400553831057554
4.5605639614864035
0.011286082616760212 0.43918294380911505
4.892821250907475
---
138000
47
-0.27910700995269583 0.16360244498016066
0.3035881501008816
-0.27636319936541676 0.15827693219719868
3.494673817301943
-0.7110490729732997 0.17425974977594155
0.028204502548591748
---
139000
43
0.8490164477966956 -0.5136906375576757
1.972518027398268
0.8453626966167025 -0.5229710045117794
5.614227697537867
0.07953321485898257 -0.10436648835526285
2.251521467713024
---
140000
50
0.035535950331422636 0.007958901709358462
5.461667763348505
0.016028185752803938 -0.0010026647607397077
4.608249395374098
-0.9397268288391957 -0.8740701341718555
0.18200954129504865
---
141000
45
-0.5493100790325228 0.25069753314264515
4.374682502721581
-0.5511379596096746 0.2266653247858553
3.2845886207033104
0.9511958200716956 0.3902968709897883
3.54635478595626
---
142000
48
-0.546232428591625 -0.3382045818686961
4.02105654741809
-0.5617622956679127 -0.35253507121509386
4.6154258414056315
-0.6178161164971055 -0.7871482338428339
4.496964169764078
---
143000
47
0.6430437787145783 -0.30069180418310165
4.718233253378214
0.6484965003830203 -0.3076279956748856
0.9827740433647012
0.1741930247182656 -0.6433950003931577
1.7483319974713654
---
144000
48
-0.9563203855646105 0.12985731165651532
0.8822621708237564
-0.9551788224726682 0.1357853767471777
4.317921478267828
0.8029317567007495 0.5998296904045876
2.3056073804011756
---
145000
45
0.7533341275598282 -0.8303772986773971
1.005852744106954
0.7626519892993778 -0.8329992482546404
0.7563408879424731
0.439441515658328 -0.49253951665472395
5.344799646376386
---
146000
48
0.2936446289246627 0.23812237400668523
4.361729709491367
0.26783611320702777 0.20733236573634994
1.2018720552149178
0.4935613916305667 -0.9039203304485824
1.630647130209256
---
147000
44
0.9388873951818156 -0.5880817812363515
4.685805692528267
0.9316376252770604 -0.5844117467153527
2.3181756354609435
0.8089118272435206 -0.8099289024213499
0.6445544850126662
---
148000
43
0.8227449264478451 -0.5184207967701573
0.15568826560262042
0.8208914003580762 -0.5195426007229207
6.223845751154988
0.6502848863541225 0.2442766370278261
1.247797211507633
---
149000
48
0.055430986085477404 0.6406642405399774
6.112216286803712
0.035831178120985886 0.6300571169326191
4.225791596466623
0.24488222645105104 -0.39697071142926565
1.9817220948135628
---
150000
49
-0.02363002118485983 -0.5602249858178424
4.621366053140913
-0.024029613430205155 -0.5673569701499978
4.494243238099161
0.7086817040074528 0.5778408629906795
0.9262311761398863
---
151000
51
-0.10784986886871298 -0.9294468658205549
4.429223639877612
-0.10548047360325738 -0.9326786535436923
1.774353234740051
-0.40570219446490396 -0.6083345484133498
5.659290790009894
---
152000
50
-0.17366106716621693 -0.33393721215615624
6.044504451578946
-0.19626388968492778 -0.34436871793699086
1.2847222252425485
0.9825596131883703 0.5254908587402196
6.004369252292035
---
153000
50
0.6870077965592702 0.2456885091511811
0.690383128590673
0.6771464980509921 0.2463523326699809
4.83525751017549
-0.4825142609862114 0.28186408401329544
5.279949808330404
---
154000
49
0.8471044615611029 0.11734087286873576
5.859681822525035
0.8599768710592404 0.11954249083689242
4.771365802253019
-0.9217854662403804 -0.10220362701024206
1.5911589700359752
---
155000
45
0.8030577631723161 0.11301813670971503
3.742009436671245
0.8057899253004944 0.12841827412713427
0.9893622105830442
-0.5339821587906916 -0.5344591527873837
5.573414720730773
---
156000
45
0.9638916355526357 -0.18520670238838702
4.269338643745663
0.9680730556394015 -0.20776244155284115
5.769257185042551
-0.9354670176639047 -0.657958636185635
6.1735411877244335
---
157000
50
0.16491112741349742 0.10597769851329993
6.0931035010526395
0.17244630539236575 0.08692822107050353
3.545025149209274
-0.2990894554383819 -0.3293053984712536
0.02269737034772845
---
158000
45
0.52793767436503 -0.6692821365040688
2.974649508170897
0.5197266351314066 -0.6683646626356876
1.8098030966260552
0.35119759665010486 -0.7497148411230901
5.647317250799752
---
159000
44
-0.5642795710287514 -0.1330328580715608
4.042591349017073
-0.5422639682540039 -0.15308726879855114
2.4624194162627564
-0.9155220136359198 0.3199207801374263
2.2528102232590292
---
160000
43
-0.9836870390538438 -0.7424183909297565
3.432968816412941
-0.9848217828563967 -0.7515671348646495
1.8467239082636127
0.7402406285296936 -0.2710221789161185
3.633707200839411
---
161000
45
-0.9349245861217339 0.8236581489030769
2.928501009741217
-0.8976044787682195 0.8630241284735369
3.9616680421685517
-0.8348545682637026 -0.7998367262994017
3.7343674673803378
---
162000
46
-0.48052047454381924 0.8091430034193844
1.1290825596178982
-0.4759849170112066 0.8104508646428018
0.49631049767637947
0.803326787094333 -0.8926322456131319
1.0665228098055195
---
163000
49
-0.8537134625840492 -0.4357333583304186
0.0608334467881706
-0.8491486921758163 -0.44375395326395595
1.7414573479680486
0.5841697399947361 0.13830108239657818
0.5906051956078393
---
164000
41
-0.3921478064958834 0.547317435781796
1.0145044004819157
-0.3918571209107433 0.5477229546063007
4.506061864829508
0.15441238882146252 0.14882460457157334
0.4612224083906016
---
165000
48
0.6989725395957042 0.4000987034240839
0.5233064003635629
0.7245928476636533 0.40241440585212435
0.8226393275763293
-0.34845053397553866 -0.5738308651812025
1.1314742166260574
---
166000
43
0.2687102319357059 -0.5950767664817845
2.2461194247537
0.28365503577120876 -0.5994012873394498
1.1734878452586521
-0.8721120386573493 0.4188792740750474
2.7883638726314146
---
167000
45
-0.8922787362830573 -0.5370713436538301
0.19127277875417992
-0.8998455819553431 -0.5217012713695016
2.8323452664337774
0.5173492329921107 -0.2531710059898379
2.1618560649301677
---
168000
47
-0.4061978137672339 -0.6182250693380399
0.9920684673640123
-0.4066500802176794 -0.616246820516617
5.374607110073018
-0.06967401588390434 0.8929143985934007
0.9731322020903885
---
169000
49
0.33601812804849934 -0.9403280563562464
6.046162107517209
0.3382743015468856 -0.9405727398102419
0.5526997194406684
0.2522704166142421 0.8274722678191565
4.7422629896896185
---
170000
47
-0.29051456353757066 0.05539353962273229
1.2657920009932329
-0.28612802917603836 0.050803203263244515
3.2375906531607406
-0.4649508581413364 0.5510333358317822
6.153877694668269
---
171000
47
-0.5690147172667511 -0.2608668284158299
0.06694498109906365
-0.5772553827483479 -0.2664945222503702
4.277359798359246
-0.6310637777183802 -0.6182777586006736
4.1588707074957245
---
172000
47
0.611130639118673 -0.8013510927672269
4.215145302395463
0.6114366358750383 -0.802182976226815
4.04203954410186
-0.9750950128299798 -0.7187097575927922
0.19781436394432017
---
173000
50
-0.21661138483716175 -0.7010719687118541
5.963515082632889
-0.24397164425635565 -0.6878654283002078
4.04602389203331
-0.7593320556745883 -0.8546465125198858
1.655743939377662
---
174000
46
0.5917132504169235 -0.9666955828229806
0.394273572178962
0.583856798722715 -0.9524250950706981
5.666075605591127
0.16647081225552668 0.38586161826501136
1.282910582660926
---
175000
48
0.96900940647605 0.5658960327252971
1.9906825799610062
0.9556267978499529 0.5846823274440983
2.544776572030403
-0.3284305530867554 -0.8022820348130117
4.162602014706129
---
176000
46
0.20451336822575017 -0.10150293945997704
1.7309876324670659
0.20565949420521887 -0.09370315351234698
4.240170464585851
-0.9451579694204298 0.5228313333269929
4.372121472646609
---
177000
49
-0.33405051457705603 -0.07910768003559861
1.592770355906576
-0.32931223922307556 -0.06330022686969597
6.069701328874638
-0.2694384502210317 0.4298566694187548
1.3101266871817785
---
178000
46
-0.48192538261403667 -0.6680575091850988
1.3469310628267968
-0.4796430720363008 -0.6500238842869395
3.3846230310906895
-0.7753677571897719 0.6744331645399314
6.076366354935071
---
179000
50
0.24199439384379723 -0.2540724124647466
3.775942068899232
0.24395135125176656 -0.25439554847300766
6.131335281897877
0.32545497484723285 0.9298489366279761
3.9787158602447033
---
180000
50
0.8749396201640831 -0.616059015748278
3.1834092233024602
0.8902978559995202 -0.5852175853474473
0.7182715614151434
-0.2714761671069832 -0.09399234103455824
4.240913366876403
---
181000
48
0.18909609892766024 -0.4905619793053071
5.683761509985818
0.19236276852055142 -0.4909744596453347
4.868648033084299
-0.6429223320347549 -0.6400894624298248
3.2354735777017414
---
182000
44
-0.35352072724352407 0.2993433787926408
3.7682270423127364
-0.33909120485323985 0.32157479307370085
1.9476219100969585
0.8120017242967272 -0.34586531931033676
1.7981854963380237
---
183000
47
0.33461353228453516 -0.5848726750711956
5.57829775058797
0.34531236619780126 -0.5773145884901868
3.206481712042846
-0.2303825433415168 0.5036605256589021
2.7554600386701544
---
184000
50
-0.4453339225277124 -0.18047840200522425
3.777457958134079
-0.44937457051798146 -0.17423510988560195
5.758645587094072
-0.6688533202566755 0.24210584771468535
4.351774914207814
---
185000
45
0.6489236461215523 0.12781440828933605
2.7274976031020177
0.657077064322243 0.12942861870594827
4.467211990328135
0.8247092926552102 -0.5192316942887311
3.7118587962826437
---
186000
45
0.3489261792458972 -0.43950074995843624
4.733263343487358
0.34871186060972686 -0.4397152409816637
4.108026656562046
-0.21930025886307628 0.17023429082535116
0.7158887135701262
---
187000
50
-0.6300202953892845 -0.5418886632970564
0.263548286117999
-0.6172702142854175 -0.564239421265143
3.813751204722302
0.14828363257359542 0.5564379369139959
5.84708369368814
---
188000
41
-0.11001727010358488 0.7048499555779788
5.4252749986187805
-0.1273953760277001 0.6956676390367484
4.459376924250989
0.4467550381734449 0.19536304121894657
0.8172288421308318
---
189000
49
-0.4213263089153678 -0.27914155223534326
6.162980445645683
-0.3950481539932201 -0.2918166198847485
3.673112983154124
-0.3065144667716659 0.06820376409802567
1.408695761637067
---
190000
49
0.3636627422759061 0.01847863438580042
1.378866240082205
0.36288550109333284 0.006056719153087194
3.612555163151109
-0.7277208888781006 0.9655240701530603
5.620454472991188
---
191000
48
-0.49607374525788916 0.5588124874647136
0.8087541200837584
-0.4802045952585491 0.5523169086688028
5.911082544878845
0.6999758667498374 -0.6049095781318343
2.5867259374004608
---
192000
45
-0.48778130188709373 -0.9465049175610275
0.9016544963241333
-0.49437033786679346 -0.9624936900575012
3.7330968464770606
0.8529935910612152 0.9710260434371604
2.200623357557676
---
193000
45
-0.35326652179615203 0.40854848200962635
5.170459049224286
-0.6399465059584502 -0.34889661990215604
-1.4339456367777723
0.6372951881035335 -0.48006663328520865
2.368764813455531
---
194000
42
-0.502446669567541 0.5147154288068801
3.4550754250035913
-0.520340117226856 0.49256064437470215
6.131252384086423
-0.9275532721640859 -0.3096232333919375
3.7878601038427178
---
195000
49
0.592109867189236 0.8546954397021983
2.2847412616076648
0.5625532964802981 0.847694723732632
2.703012835240954
-0.6986606903588954 0.4609160682728575
2.50881018681514
---
196000
43
0.1361243821455945 -0.07902763054529058
3.0285576332681647
0.13203979356161305 -0.10140782384568972
2.3933822301470578
-0.34744262923311864 -0.7594711216228582
0.5574342018970553
---
197000
46
0.42478874896098073 -0.8845764472780625
4.178787763524282
0.4298616272530765 -0.8777816292740757
4.588235659319014
-0.047727517207784925 -0.8064263237903914
0.6996236786948655
---
198000
41
-0.8759389384935483 0.5787380399984979
1.1164504618319344
-0.8572569547711328 0.5907385208608101
2.853235148766262
-0.46359989654157513 0.8781873334931019
1.72340537582701
---
199000
44
-0.4386281826029325 -0.46217238212094536
3.7280373039472687
-0.45165495477020207 -0.455210189234335
4.105037016179586
-0.7659249579413396 -0.49919545738101184
3.1794442770138183
---
