100
{'run_name': '2D_rec_10_total_boids_slower_short_chase', 'annealing': True, 'annealing_start': 0.2, 'annealing_end': 0.002, 'nr_observed_agents': 1, 'nr_of_boids': 9, 'predator_present': True, 'grouped_spawn': False, 'predator_halting': False, 'record_keeping': True, 'record_frequency': 1000, 'exp_folder_name': 'big network 5 observed', 'boid_speed': 0.0283, 'boid_color': (0.8, 0.8, 0.8, 1), 'boid_turning_speed': 1.5707963267948966, 'predator_speed': 0.0333, 'predator_speed_slow': 0.0333, 'predator_speed_fast': 0.0533, 'predator_lunging': False, 'predator_lunge_speed': 0.013, 'predator_lunge_distance': 0.1, 'predator_turning_speed': 0.7853981633974483, 'predator_color': (0.8, 0.2, 0.2, 1), 'predator_confusion': True, 'predator_confusion_distance': 0.4, 'predator_confusion_threshold': 2, 'predator_chase_time': 10, 'predator_halt_time': 0, 'predator_eating_distance': 0.06666, 'height': 800, 'width': 800, 'graphics': True}
tick
boids eaten
predator position
predator rotation
agent positions (and)
agent rotations (interleaved)
----
0
83
-0.20132430659413747 -0.5737824364398231
1.546157660394882
-0.24696584857822618 -0.6501928057153125
5.351437034614102
-0.7696058339686722 0.6090025948831298
3.726555063254224
0.18039913841995786 0.7178452800090024
2.184625793688911
-0.028207924139759866 -0.6275293283623853
3.501734217469836
0.5112098118331505 0.719719826433822
0.49216457184560664
0.6952920077166336 -0.8529775556957183
3.1937750652463675
0.4272530793084155 0.3048705589785927
4.497538570077612
0.047258315298444716 0.11523834844778563
6.210720286289195
0.2765396613026674 -0.2542989641843455
1.8790002103702221
0.8405258501444601 0.37161066799233294
5.8615860617347195
---
1000
76
-0.6108470603040029 0.012484767212697125
3.1914431668237406
-0.37337324488604096 0.10133402188634577
1.8771235551055936
-0.4846571844994249 0.749079627212813
2.8259980875788253
0.7373660224584043 0.4169446576061954
4.372534938735622
0.6173058981703794 -0.1698553222812347
2.2846450731843237
0.0833427141554551 0.24131624024768153
2.58452862159176
-0.3624236356772448 0.6758993407893569
4.872904534015078
0.8848597421809123 0.17047130660688523
3.755630263692442
-0.5949946453769807 -0.8117171118618681
1.3025559846721162
-0.7934909723518708 -0.10548837661177664
5.253636211356008
-0.4489913864938147 -0.8688407225258175
2.4348367982320767
---
2000
76
-0.6173179132966231 -0.9095551841345931
1.2890093027957823
-0.4268669041879827 -0.9505700485108544
6.0556633578449395
-0.23276977412313352 0.8755049120154726
4.2205328789728185
0.7010103530924403 -0.38629251997505487
2.6865931041277857
0.028673992770997796 -0.49698480123075056
5.870403024370814
0.7697005245326999 -0.09122377993032811
3.266050668632988
0.2991483462468642 -0.9990733212716911
1.0451437545320292
0.8720073112779875 -0.5096391183270816
4.557608273834961
0.19309341402839575 0.4553654667102723
5.882337948842877
-0.8050876569295868 0.8471420986085608
0.47585056970215067
0.4475787270792829 0.6131534402370242
3.484367348200843
---
3000
86
-0.4520446808930335 0.7337703019177203
1.8193418062090951
-0.3322980893430044 -0.9387712029587211
1.250738625144427
0.14521099173208296 -0.9626978686927266
2.0514330024832423
0.9419097597591213 0.7550602728870219
5.67799878904887
-0.28601012760171385 0.7785344115855583
4.582245731889672
0.7376261414856897 -0.23441465712829362
4.82137770655324
-0.888180976975278 0.9980074745775658
2.261585798025587
-0.28611000469435843 -0.866019609645859
0.3285339346071554
0.10483689469711245 0.5062625756549608
0.42707360411335404
0.5804529447658807 0.8976322210476712
3.8402416719919215
0.1901654706460442 -0.9513443381875057
2.146667946107626
---
4000
90
-0.014474820895730302 0.3508861805211224
2.4508530069152052
-0.27211472495820993 0.5169554948551468
1.8811427951720754
-0.4280876410263164 0.4430885351296324
5.009214202925995
-0.5076649715029237 0.34704518894643327
0.2737936194981758
-0.5777451424655609 0.06499269944495559
4.339031411523915
-0.45237610187307803 0.47228943559223474
3.2286918750377813
-0.2326442731427936 -0.6019765881103833
5.884726469348607
-0.10013368147474834 -0.757224119030448
1.230608056281556
-0.9686122077307593 -0.1011429147946722
5.712463538366447
-0.3091656730193998 -0.8546427015516259
2.632912164914341
-0.1312323977291391 0.19699905081658672
1.4241876728005298
---
5000
83
0.22907483622895114 0.10590895315085137
3.8196631936515555
0.5078100416048995 -0.2217292175747439
0.608697546240796
-0.3600609606475797 -0.3097143785234288
0.7681287931556726
-0.16700072383812514 -0.8092193252551672
2.6923279732684744
0.9730908653314052 -0.42472902176507155
5.115563398300931
-0.8824608787094261 -0.5579045854861067
3.384626245107982
-0.12388798279627744 -0.04217936055118439
4.541272377357581
-0.059796235502769225 -0.6362319183923827
0.960792984665158
0.12346181420634401 -0.3598760168814305
0.26127315303686816
0.5921544758928965 0.06454612831949469
2.012197509006219
0.5193647107072332 -0.7434228361573568
0.03858918428284852
---
6000
81
-0.3926731688499945 -0.9500476501006827
4.444488453197156
-0.4237167759787106 -0.8939436497149735
1.2905983930117682
-0.40065405366865203 0.8869851224075777
2.982859145989983
-0.4474563916966678 0.26423972371310517
0.5422524007857099
0.6688765522720445 0.5000980732135508
2.196391183265562
-0.4690084103333887 0.23900054006037433
0.5657949283034798
-0.5049343425869188 -0.6318360611203307
4.354699393542259
0.31102565059241893 0.4745205586318426
0.11000214540822295
-0.9643201520975703 0.5278445725953332
1.1900007072381866
-0.6837866155865705 0.4140709051396959
3.6864162917328995
-0.27743818494289674 -0.4677489477735124
4.924011960270357
---
7000
82
0.7640104137448263 -0.3780560519915025
0.622816550848812
0.5118842137426461 -0.5979071695831494
4.1993983333662666
0.37022066516389784 -0.794477684450828
3.4381648334779014
0.972914481934747 -0.3897415743331622
3.9793820429983517
-0.148003947278736 0.2281369773290488
3.6820639252170917
-0.5890172010246244 -0.681936940342467
-1.0566671819070927
0.030968552947006893 -0.826462683562557
0.2671865762646908
-0.761445509705688 -0.10458325645312512
4.9789235162494245
-0.5276201897827768 -0.6769389181053502
1.3299694011812777
0.6049845199673431 0.10156031986264652
0.6028033093538863
0.2590674134248954 -0.5232126316809718
5.553931286473156
---
8000
85
0.771826391014924 0.47160480146760236
0.8869198216192657
0.28889620886911654 -0.03843109704631525
0.13477774976708368
0.7715908946140443 -0.48823775513772416
5.666918246378741
0.6975197328469612 0.28523338748455385
3.411526398769131
-0.7728560855333042 -0.7830964361557384
2.8213574014192986
-0.8696368575510249 0.5959485486006452
2.523974784628945
-0.05959740869073105 0.053278052106282364
1.252139642010814
-0.017798736048489215 0.10367173064871674
4.752406632438235
-0.6366516592028519 0.2566942529695391
5.459899183045531
0.13074521652611215 -0.6433224635971159
0.6069205713352392
0.9431730154269574 0.5701508679685474
0.10451493377074161
---
9000
85
-0.3537746111498731 0.3431515728595224
5.286127700620837
-0.424561108980936 0.2314431347617186
1.004448775167556
0.6044519948575121 0.6274028321844181
0.5932953678430541
0.6330409854586841 -0.6428457883923332
6.185056249140663
-0.9477601894471748 -0.2806034857853513
0.9115601588428515
-0.7790694691134149 0.9092169802258573
0.8091880774729177
-0.24682767475233264 0.9850392111544038
1.4585187444200782
0.7139255082380006 -0.49296909070963313
2.5573267770353025
0.9320900806300506 0.6264156629716926
1.4854169100284267
0.014497787857172515 0.9238768887952651
5.728440993802252
-0.24231744908447936 -0.46066893731188424
3.025248480819898
---
10000
83
0.22520161055650786 0.1201999336110536
3.9623999809048067
0.2717743222871903 0.2702855385381799
0.540771143416988
0.8361116044439514 0.35790069051295936
0.6468983307665663
0.6031738816720429 0.7692084768775214
3.229951605916942
-0.8126008795715811 0.49641356171680673
3.7423583579439375
0.5914310187472704 -0.0031828516930976518
6.190103648136134
0.43417575399711356 -0.7186677822641034
3.0570215667193734
-0.42936498756280084 -0.19345706630601447
5.2714954385059665
0.9964786824987948 0.27210234176351883
4.627794656984825
0.674355030654835 -0.46292609952047625
5.1986196357280265
0.10041690230463664 -0.19944033068344227
1.3150791634327943
---
11000
75
0.3498337610970761 -0.6303558576861795
1.4829053392073948
0.4848533722321334 -0.6514506812490208
3.920838023165879
0.039911822454949564 0.580848411835898
2.7937929979380396
-0.7339107783156238 -0.23557773988419314
5.062132744826536
0.817620256052182 -0.2213741637462522
2.3351585135074773
-0.5329794199766662 0.2819369005399302
5.0426468796214765
0.40504346217285975 -0.5969406077643017
0.56135105258672
0.9793824401294056 0.1568277829354826
3.860597914490797
-0.5758620613364251 0.9365188853041395
3.7463519324188326
0.5008853212146289 -0.35486645210894985
5.111425970998963
0.5172899494672524 0.9109623281936707
0.9909121599094268
---
12000
90
-0.83218237857371 -0.02955194548575476
5.050836128234946
-0.7353451240144167 -0.07878338165466062
5.947909867871267
-0.722729491096933 0.8758772698613801
4.350575144986754
-0.08462482350474046 0.327276098364578
0.6799075442731422
0.862943322068489 -0.22740581846620497
2.5141844504192967
-0.3065612783135255 0.6372392885192633
4.512239258841133
-0.5534849554450962 -0.15760593834213302
2.962041222511351
-0.763889071117523 0.49737494092745055
4.3980014056900165
-0.6913258312822904 -0.6760560600559877
0.2354511593028974
0.02820249426407987 -0.06507454951570422
4.538353666930456
0.9802390346510763 -0.5937637561362912
4.439970021355334
---
13000
92
-0.3924295095248217 -0.543902374323352
3.9004654911843097
-0.6721862468250889 -0.8417632016912877
0.9074024096697171
-0.6756932177886577 -0.2242821779123018
3.6817221845171586
0.005316700849700474 0.7720630309485067
5.543926670639798
0.8740930445708575 -0.3849991880350573
1.6875034852705184
-0.65884735602618 -0.7263974697528321
2.3027542742046982
-0.723447041887551 -0.7174247189830597
1.7602073912828882
0.833723803828042 0.6349140441746516
4.367804994584713
0.29765975591241195 0.7999625734502582
4.655130924600056
-0.05045947795062247 0.6735773220651876
0.007747719490722282
-0.5200197810433199 -0.8405678143676734
2.8332548664956585
---
14000
90
0.26184611130849905 0.03203670313660057
5.555156509787855
-0.05258472677394827 -0.047809871669423756
2.027884735867427
0.4444175843501365 -0.03564726168668765
3.7976561322099114
-0.06997977282271259 0.31265273484903394
1.1581656086534053
-0.07844754682627143 -0.6305287721335682
3.2039664285953577
0.873327258269853 0.5529156005049678
2.5939050123622884
0.19651494736772807 0.2125863816434807
4.910346992977879
0.8893079477842428 0.9774464428531127
0.0445768917803715
-0.9379549355090364 0.053747823170978856
6.020914691546084
-0.1313952241023793 -0.1051730882781743
3.4240243507634984
-0.34435591361283174 0.839319095308352
0.574627668599967
---
15000
84
-0.6574554380295312 -0.11561714339269775
4.713050044380427
0.7362244622873697 -0.3509011937699731
3.8132474829143232
0.12697123426505907 -0.5569190773940923
0.9456513657135961
-0.5776195016129319 0.780761660166699
5.331464745769104
0.5627896842703951 -0.6515334937095643
4.407122008327599
-0.05159034084654941 0.9970031298348192
4.560322147079639
-0.30561784393034624 0.7617447365443432
0.3081789378911157
-0.5007654183724822 0.9580776020621752
1.1878003600871185
0.07442080134968976 -0.7145780138166266
5.149086979020947
-0.6022546044179624 -0.5195156988759446
0.44315142415244146
-0.645654747734341 0.02577919213321609
5.981660796462966
---
16000
84
0.432723795485724 -0.787621479567435
4.070122300669428
0.3292102356371697 0.8288945051623474
4.682338288515799
0.24114654461197482 -0.11241320118359835
0.5930601575754579
0.39381623054157044 0.30603004089509517
3.1692893235110633
-0.08638881649199957 0.928166428079242
1.744031151459824
0.3195699611852551 0.8856832887975367
0.015198716555984149
0.33336073585269427 0.7079573325075864
4.647485458413336
0.8474690789575309 -0.6015712518679337
3.9195881291056383
0.9428511434676339 -0.7840206362502413
0.7865659594344452
-0.8140337984782171 -0.1845581422079586
5.874864266292522
0.15288442112860093 -0.3076119317586088
2.5073944342960806
---
17000
90
0.35893582879781016 0.4878910056694536
3.202566045147236
0.15321514801458785 0.41370986132157545
4.835218581797216
0.3007039211748443 0.4918682152374088
3.317947203841297
0.7936288191529663 -0.627105542108919
0.4801202373845168
0.6701687173663031 0.848194383618015
5.251651705573265
0.5494380669361006 -0.4673707561014326
2.909556070509865
0.2767220136077684 0.5729251496152079
0.6674896798557439
-0.6185615787359892 -0.8536607461273419
1.4694993110538341
0.32094249212753767 0.4226300970016523
0.29725079739408056
0.8747224921828948 0.07754264355974641
2.216119205231381
0.8484994125391679 0.6065064267294198
3.3774989105630135
---
18000
84
0.5566142349002675 -0.8435977135574593
4.238976508782285
0.5614412559955292 -0.8897328278044823
1.0843606717840126
0.702494615377323 0.7291789282763754
4.030180685660337
-0.3881721581267875 0.6733737644059336
0.9531896648384546
-0.17171694209123017 -0.4358525348835998
5.714548486888942
-0.3219992734221745 -0.7649468918845811
1.104865757179084
0.5940816976883831 -0.8878961346791343
1.4543027149720817
-0.6655306233267935 0.6316977788311522
4.0848895909071645
0.8928315743816893 0.6177106935186865
4.425704402379708
-0.49095034819630445 -0.9691178903101778
0.48767560786776265
-0.5239272462812681 0.8909270031752251
3.753788864340134
---
19000
86
-0.9865088753696699 -0.8245462088253247
4.792476181787418
-0.9484692329693862 0.975496329191905
2.3164625548793136
0.6580681817922017 -0.40708051836344517
5.793989099783
-0.3881348814966776 -0.11258466943094565
0.8250150593810499
0.2072717547726963 0.7505282271067725
2.198572244490867
0.21539982574008307 -0.7519986122475589
4.687817088207564
-0.614803425788897 0.7714336798151216
2.2914993422928136
0.38752289137218887 0.961218759660557
0.0599104179044776
-0.19699855120816426 0.3216600989672271
5.641215465752266
-0.4513185883599859 -0.9970258737892421
2.5974921656456598
-0.861708672709477 0.5035449280503494
0.6945528164392183
---
20000
90
0.6451515660030585 0.6137017362729169
5.853453038693337
-0.9204653715218768 0.3745654907361727
1.77235929544661
0.09452139654937178 -0.9974248318290759
0.7164972458380809
-0.3250949948304429 -0.8876871642857467
0.08800933058585425
-0.31367366666947594 0.7075198641237428
0.20831498396980042
-0.6419523345241149 0.7579718164841057
4.644187962914039
-0.6362172631831893 0.28775768265775586
0.4780345639214403
-0.5736711782430651 -0.7691355235198122
0.00012870441760348683
0.38588104300689674 -0.6001725780958274
4.761973398101845
0.5052696014769665 0.8704915502110069
2.986877478743444
-0.0476385024566016 -0.13345252006737254
2.498052677849696
---
21000
86
0.8282472411867922 0.3598528704269743
0.8631583871370321
0.8889798961590099 0.36413704600684166
3.805197543767725
-0.6964820406884823 0.3235958883530006
4.947569601424023
0.4695879271691083 0.7505593651093202
0.7906298523729012
-0.352636340855634 0.23978575984773362
1.385535090068995
-0.9709121829576997 -0.3799279905359033
0.748013773020749
0.33013434511027545 0.6015056865797934
5.048780074950384
0.7731932869478734 0.19669321890492217
3.4786758876641377
-0.6263953450798733 0.16774407720813406
0.40063968853007736
0.5260882970393138 0.5519158522151384
2.408315066816508
-0.101137550897835 0.9251606630998765
0.9339192842929229
---
22000
91
0.2537611510168628 0.23337901564130897
5.230440351571877
0.04232530960937027 0.07744629955916882
5.970622522553162
-0.5564742204608416 0.9233854068322717
3.895808909763363
-0.9267112370132313 -0.1766354815958215
6.032145145497094
-0.5672547794170498 -0.17544346819436563
4.094823132217352
0.34513138151590583 -0.9954303154192405
0.12022547292074481
0.21831191407454653 0.5238104154391697
3.677036934037517
0.4980294268494315 0.332464384769642
3.368423198398342
-0.7528899701544651 0.027129672736299404
1.2999777666473573
0.6506862294137316 0.1274142621605135
1.6241405229481245
0.8247041980339543 -0.7840749609870573
2.2884834361106137
---
23000
90
0.5822268777551511 -0.7861263429552482
1.868732460109135
0.5405024937019596 -0.9061213268848249
0.8004003369672574
0.9071865361472911 -0.3019165299825347
6.159675830162479
-0.5580937540620297 -0.3856568628116367
3.0638814512644696
0.16692276869308867 -0.8231557626359375
2.5464962545123684
0.4849264011203729 0.1490085714383575
2.0127879351946882
0.07737896570273518 0.44239150805684563
4.834259178970587
0.48586549808643426 0.5894655422319189
6.0214105356452
-0.7495674702745874 -0.25716428902551763
4.110401822213672
-0.49634378129535095 -0.3115901270728374
4.401189615934306
-0.08359274328688017 0.9321880920496234
1.7354028994539146
---
24000
98
0.09556457305677285 -0.4612134692762943
2.5131430537950963
0.10286984510992299 -0.620277584253394
2.949251141831885
-0.43721681272751006 -0.577161598369127
1.870507265815295
-0.6763252391680018 0.9875723583326373
0.7016371965831594
0.664764710241809 0.9592402040816177
0.5930965530649637
0.45019384384028616 0.04766164435473559
3.5348069464596072
0.4995183357834548 0.6667245855649236
0.5115210562795012
-0.5427487556912454 -0.014407232103584895
4.2546592285969655
0.7231349066519401 0.8198228222383402
0.13990307418819548
0.799536124559956 0.8326095523442713
4.251730712636476
-0.13773469564019286 -0.5331936233243906
5.219222277086528
---
25000
88
0.12756322111488044 0.9578667711640045
2.6713951315984126
0.25864974583251965 0.7447631754382901
1.9556297255510904
0.24856248364909034 0.09485722633433362
3.6147706434543068
-0.8003708793094954 0.6995675304412916
4.288079432628075
0.7640424339425816 -0.670652637517456
5.259966052400634
0.11636068256144748 0.03979546309495792
1.231681278576601
0.2520656884823478 0.33733609530353953
2.0846181391922665
-0.8274884197003889 0.6967253517969401
3.7700792857829333
0.23216097271536815 0.2832407123432131
1.9047587900781195
0.8145202663506828 -0.9002825054077017
3.807442098808904
-0.7904347209221082 0.49290942853397934
3.873215157321196
---
26000
82
-0.264400661630238 -0.8455287670403254
0.1983628851432837
0.9488212442608495 0.8144716264961586
4.379916711183256
-0.32521622465771066 -0.6786082209429414
0.3639701471350989
0.7052521662806266 -0.9842960530911676
5.88209671648701
-0.17285334037037525 0.35179786070238706
3.0525194695569997
0.9642242189179222 -0.9938353593347347
1.2370653615601297
-0.73176973465378 0.16032949790519532
3.776576817422507
0.38404503927806943 -0.02005380395359162
5.253034096484382
0.3537405588865652 0.2987459301804676
5.824517598717869
-0.764158620805703 0.19222803473576
2.5003883063602164
-0.574742418600029 0.034251046711530786
5.45553860332537
---
27000
90
0.5530122695869207 -0.8375860118899249
5.494468609306685
0.1396949997078054 -0.9630183381569997
0.9153591641179117
-0.1692034743647857 0.914594614025902
4.119829049134264
0.10495569387571313 -0.3217383508840882
5.791329162222108
0.8698469708431192 0.2449208309540876
4.79183942313058
-0.9643095279917602 -0.04480779412152923
0.9718985418909147
-0.9547463034372007 -0.37954472168713616
5.066603313960481
0.3113703085048216 -0.9829544462760784
0.14540521220848035
0.18946725457652544 0.5009378014508161
1.8575884195092751
-0.6377503487761416 -0.25451092229697037
1.5606946217284303
0.06890105424552881 0.4463193707104555
4.41344860692141
---
28000
75
0.9754818836721992 -0.311418229534408
3.5188126728295703
-0.7312898642201447 -0.3773410892975013
1.4323601216434376
-0.41691978776533756 -0.6119954548562437
2.5962989282322395
-0.5423809106417955 -0.3692340790132253
3.877120616246734
-0.9529106802377794 0.26865550446166686
3.649372837422777
-0.30064181049998534 -0.8611284944635481
4.549157780995588
0.8777933750883892 0.3430939231476518
3.4537217645367884
-0.6609456849615087 0.49474744200178744
3.4345833302494366
-0.7154478943944529 0.5483126452371404
2.1891727922510755
-0.7533273772840944 -0.567867391846717
3.5024120799487806
-0.7492096004030566 -0.6399306999685174
4.905922614899838
---
29000
86
0.3743716374113627 0.18911240365331455
4.7571994500393835
-0.064219603789653 -0.2353019541640904
1.7656382892052003
-0.9372299896869605 -0.7625574161997131
2.5491809532223995
0.9140976864984404 -0.9327100041662485
5.121102237135034
-0.49356702761145704 -0.6527705490249274
4.353584397028892
0.6418536695017036 0.029686770307300686
3.0724510334897053
-0.9973621496748362 -0.4390117335069422
1.1132249446801774
0.0210487223401868 -0.5139746359406694
2.906191338953798
0.09718685914092551 -0.9242949827870787
5.032618969927642
-0.2294521916908938 0.9038870970735713
0.4157547108222177
-0.35281756233163725 0.9971987517427419
5.39349269214351
---
30000
84
0.2423378674628289 -0.09468092175998737
0.6753235649712812
0.24615219689245368 -0.08161799859032169
4.824674452231689
0.48197228407683507 -0.4569354487177927
0.7766717554119831
0.43037908125453234 0.9779091875662806
2.3983605441469926
-0.7096373474962064 0.33909800745550783
5.258865343267889
-0.6820274881322951 -0.7825788557077361
4.662309455130501
0.3891269398660742 -0.015872338459181207
0.2788140153230403
-0.566372671475805 -0.9489736247466358
5.503215148605881
0.2501296979444875 0.157333716808411
3.5888897911815034
0.7181056417609188 0.2973576328611456
5.4190455519439436
-0.29441342875775617 0.26589504299349837
4.841956372162358
---
31000
79
0.7492602153358808 -0.7527704616545497
5.422967095225546
0.7449192839827684 -0.7781150866010046
5.925260091327701
0.967336260801528 0.4784118210381957
5.252148740127799
0.5708097668653248 -0.807551965350578
3.6695135743058795
-0.7016418401880604 -0.486065293787112
6.2428444077471275
0.9500477897864974 -0.9908420101633066
1.405331305632945
0.6359746808869227 -0.5401713867298459
5.591333991970593
0.8479283647522635 -0.5632872231403092
5.190673931280632
-0.9176759433863445 -0.2533702004264983
1.497750610367949
-0.7079010105995023 0.6889862592431079
0.5651044770802116
-0.8878491741756699 -0.6136483840871854
0.3779470540009431
---
32000
83
0.08152884330605184 0.14737554011108617
0.6251578414182397
-0.0834629567158837 0.04353260889157474
2.373785903545998
0.07570031580259236 0.4593297525877807
3.832278561457115
0.1862315308292007 -0.6483324618440803
5.077658839575505
-0.7447531661287642 -0.25544424727307924
2.9723959942138807
0.7462456863618337 0.315798020968644
0.21422429469976934
-0.2762578306360516 0.04763249369070546
1.7038487202797428
-0.6013256021874257 0.4988261508609832
5.784765274461499
0.2356611151850396 0.8199824032444436
3.317504288967781
0.36905406335818186 -0.12427022353761262
0.5462771056309599
-0.7026485713541353 -0.3829668817275888
5.147450629331958
---
33000
87
0.3160578148448163 -0.7371259590040579
2.2769131847822566
0.6571304700049821 0.5305096225260928
5.680180680740831
0.6975372756211576 0.608237098424737
0.775320458538399
-0.9790001701440951 -0.30063042678207075
1.897650100071779
0.6271252561463433 -0.09083461021990297
2.610578903981838
0.46082473267911345 -0.879754017986425
0.24448519584581252
0.5641088377446456 0.6197702644324625
3.9760406353477773
0.8627292659857116 -0.39836091092653664
5.317638481940414
0.8695214872608411 -0.7334873358467073
5.699817338680923
0.8853659466543444 0.07574630359070435
6.046523909241931
0.9302152638455099 0.10051306656503861
4.556659697101432
---
34000
86
-0.11907081999257946 0.16057312749039632
1.896545967889141
-0.20588472048817208 0.12285965732670047
2.6331935337479395
0.8738141596330076 0.8802271552576458
6.132328922985348
-0.21317656393464704 0.8988240437753559
5.604765331511037
-0.6539415548582254 0.3222792855096571
0.6926261963480549
-0.6877497902043818 0.1827843592200597
5.74698106210344
0.8088184482595479 -0.8103668490796366
5.7986097284267455
0.5638926703501389 0.8495175368654754
0.3483085162779549
0.537492797771791 -0.9430413565596555
6.022569152706427
-0.047184169033842496 -0.8923229403737457
2.5997230909177116
-0.3230558476028075 0.24366077612821102
5.920054607427855
---
35000
82
0.1837569440776673 -0.530401089185707
0.16763541304812968
0.05102064531906349 -0.7736335182865518
2.698505865283109
0.08701738996621777 -0.7481120038222575
1.8959299650611552
0.8194807572674502 0.7840337260130417
2.5596387921414685
0.5961319998384282 0.8128462457760586
4.443950407125496
0.28447929643388825 0.10345097320327198
0.7852165090894854
-0.272393920717206 0.8935676536757248
0.08138047915516555
0.12078089420239596 -0.28851646450786333
4.10047744596176
-0.012525115677314793 -0.9535201765016126
2.9305552335888416
0.45381150674496157 0.660961912093608
2.0060748568296116
-0.03491904942719673 -0.22963881321125926
4.348795945586024
---
36000
94
-0.40123320861959827 0.20623378886380522
3.1999452333353746
-0.6545529711848453 0.02618159736040745
4.387387619273071
-0.4227334800625814 -0.36032811119275343
1.3409037634809993
0.8741894927723302 0.9875961682986891
3.139510836712507
-0.42547729385332517 -0.003922572851484871
4.577260654474936
0.5909402218078441 -0.4762838234647947
2.366518318842024
0.2988064815398378 -0.2264384831297412
0.46092458060272445
0.22839867702042627 -0.7704023914081428
4.499564995552396
-0.3371162606949211 -0.5559120002055604
2.875051606369361
0.11518540387031581 -0.482945283095211
0.19783530478499478
0.9868230383957932 0.13200051366125523
5.591561606520587
---
37000
84
-0.21777302325742864 0.9952553118480147
5.807369329536487
-0.2657140262167545 0.9362348111489153
3.4349625643881057
0.9052980167382 0.8542130966433518
2.4015957682793427
0.9968349911731226 0.13106616813840324
1.2982859735640693
-0.5246078865151791 0.9533918781462143
3.892468083484415
-0.8571282712104941 -0.4156276021667148
0.24823426803651927
-0.07566943815046845 0.7872801205812261
0.8557894467913991
-0.6884555640589471 -0.7674677469689907
4.158185402774332
0.8153556802309857 -0.24026038916795067
4.904462490604074
0.2198910846292593 -0.3846913416481954
4.386166413806059
-0.6690972518382616 0.5219293607099161
5.310574783118896
---
38000
78
-0.6493711167210597 0.08897740408068906
1.8998279642080242
-0.6891644312040264 0.049446751758761086
0.5885939823080717
0.3967813007800007 -0.8481577579704276
3.5864571458719627
-0.7336408848935272 -0.6935135466464526
5.206795519220662
0.869866791323834 -0.9159786994752344
5.193453837544193
-0.6024129473250426 0.7035603283902243
5.578551198068556
-0.985406442366592 0.1764689452516828
2.324436403549484
0.40274114762154317 0.9411965678813651
4.831228731914407
-0.6014674372010915 -0.23670806740268246
4.202604011588551
0.8416292164812904 -0.4727219202065449
2.3057028502394354
-0.41328328475209364 0.9843444731592292
3.8157846029311155
---
39000
80
0.735808121913194 0.1476034899712534
2.515144930580898
0.5613384460893633 0.08437148404736206
4.015023023404708
-0.8675676381002033 0.45785073286785677
5.750344789250493
0.05289645918851337 0.5327053547121675
2.322061464147767
0.6612585901043737 -0.6348392503849863
4.959808052996334
0.13518423236161775 0.26372647708833363
1.5113309000749275
-0.010444952269107643 0.9638290051276812
0.7446749202626171
0.5792913839674873 0.08393915069782498
5.655586814786648
0.32873927074905235 0.8134638436379463
4.633914734761751
0.3548815564687562 -0.5061485994706136
2.8922766159939917
-0.6256506161819329 0.7739381089642657
0.5425000271599023
---
40000
76
0.4028073804620645 0.1087889672406484
2.561942963911507
0.3344065400997754 0.16265468558341073
6.06895472242726
-0.5168697121394334 -0.21989580621060845
3.4916212174464802
0.3118761887667956 -0.914706710909613
3.6525150425119213
-0.4090530960557403 -0.7692974305593461
4.586351453711714
-0.7544401110820302 0.6853439544004256
3.066551685368644
-0.1268580058377818 -0.6559118547112239
1.221288294118657
0.8451213035125326 0.4120797627382863
0.4464675812723913
-0.4764982871282466 -0.7295664872703044
2.7877621383480227
-0.20857735234462904 -0.25340140618620954
5.515056641998425
0.3752405187654497 -0.6270187621466886
1.0266488097162156
---
41000
86
0.43063902898982176 -0.6482068573131003
2.760352873965417
0.10697820941370693 -0.7525179556542929
1.488182126013621
-0.6642705055142883 0.5056857813718021
4.205035301311323
-0.11631698100350976 -0.5059553230079188
3.4758801967923416
-0.38916765790371877 0.41397792318908744
0.8645429675526621
-0.7437056179788306 0.9046267848184365
1.8611165705232429
0.26781801586001747 0.9739268538101514
1.0498660615697695
-0.1744178126777762 0.6059400022405282
5.414493921955191
-0.9591231692049321 0.17153378425399896
4.768390924318967
-0.26617247612350764 0.20215432641996417
2.8461266404912475
-0.6130906505895719 0.6861377408998157
1.1084087047910627
---
42000
85
0.1339031411360454 0.39859764069296366
5.3027265591453485
-0.7994961269567027 0.023946482701407455
2.2210932545508024
-0.8795567847668033 -0.09306652511665976
5.662311626304796
-0.5476085801862682 0.734995311059575
1.798525547464898
-0.9452370829719676 0.9518602666029873
0.8737839358040373
0.5714793919240252 -0.026537486564013914
3.3026074182918235
0.38083319028204626 0.9493558825917715
1.8226111230601454
-0.7942282914466647 -0.02713187161074075
6.150782208540044
0.43098393226100096 0.9672015871613184
1.785012261324602
-0.5169226604856068 0.6102462795411627
5.475867654871846
-0.19885671544461128 0.6814041290069999
3.260927611545272
---
43000
94
0.22281190910773058 0.3916977382813913
2.445380427630372
0.22241482062347892 0.38078907542717094
5.247401495964617
0.9985459570473056 0.5112111477764456
2.4116909890870035
0.18510935730418668 0.34986982703347175
3.283223821022731
0.9917052864703984 0.371558805351731
3.654695808367994
-0.530253162059343 0.41971261712715346
3.1529957516168032
-0.1769186286676697 0.33199225752651057
3.946425000702283
-0.9941128273844575 0.5612297602712065
0.4726480472847703
-0.899811460172949 0.331623314777795
5.298159861926035
0.2789054102138093 -0.78799493285058
5.142381026078298
-0.7371005814024573 -0.8638045977347305
3.9964322239688075
---
44000
82
0.5519848762157787 0.671091116019812
6.267605369486962
0.44827118053453613 0.6961487753793388
1.673475198855896
0.6241455217381582 -0.020977088585302214
0.24476399478166933
-0.3845166010887192 -0.9154841524430986
0.6439672047211991
0.5583626248465394 -0.7703484414430494
3.8641393484377176
0.7199487757509057 -0.009093839821410557
4.484383253809444
0.3945167712232135 -0.40363148218028816
3.6782480717403283
0.8572587261865782 0.9422565429366283
3.4959955210768854
0.5548531333181259 -0.650887583986193
2.2372431226866256
-0.7781273424978183 0.42939287785957203
0.31171088561660376
0.2924790930138641 -0.6044541656633718
2.729884516138152
---
45000
84
0.24185593134560246 -0.8997754747854313
6.07735560234728
-0.050497116385718493 -0.9346889945304386
1.1708610627719436
-0.15542118386665182 -0.3061333439169571
3.020037128162749
0.4194049815345548 0.22136674678731302
0.8736691508854424
0.44494326570780685 -0.43693814412854154
4.582499907318045
0.027803846389465953 0.07312228022092448
5.121370841982342
0.08058990187152776 0.9846477079963791
3.822695771819178
0.2442605336839969 -0.4250589039439406
2.380363704914208
-0.4348545655163566 -0.48166483938846405
1.5503052204526728
0.998655033753238 0.13039588314431194
3.550757286695384
0.8198159574539451 -0.5471511485479632
1.0968537905429478
---
46000
85
0.9962906674626969 -0.9816943899712243
4.21628302605459
0.9442643963795029 -0.5284176956996534
4.9190843318986515
-0.4194406451810205 0.8127770386973237
2.6906480763523346
0.4445565928802263 0.5865224850126427
5.180841937122942
-0.5195210287645244 0.3452665749779744
0.021165725406294023
-0.22644558726001385 -0.25297447693098424
4.412388273555019
0.7247131953994498 0.45814132234882887
4.352947896874796
0.17000432076619212 -0.9928753907655663
0.4230700114409247
-0.20563703411322376 0.6020051478576045
3.1179982089406444
0.09418541168955637 -0.003276392012028468
4.463851422163882
0.17285303661082171 0.6425236413668898
3.0103413744598635
---
47000
78
0.5715235605526187 0.6432197850373649
3.081698971049405
0.584052173808661 0.5697086260839105
4.043231220728851
-0.5244724764772729 -0.7492073954608228
6.037782202223287
0.9176676100521086 -0.3744408535091859
5.972511984031362
-0.3375396040202999 0.06757755994999562
2.7386599122659057
0.4742010040853222 -0.12018363460891096
2.239127117793397
-0.15233435009896867 -0.29168697833086593
5.879019754516533
0.5157713100709604 -0.7256373941972059
5.017126072953237
0.9071150317892451 -0.9522989557736921
3.9947740885317193
-0.020182841805930635 0.08430225971741079
3.831940340093035
0.37458522917365666 0.6205209295238201
1.040492394669485
---
48000
82
0.5369352658277206 0.6254118782235262
3.844633474900744
0.4062058470470052 0.5888536555756996
3.8417704124079375
0.838588570679575 -0.8519822451184428
5.693090409489429
0.7032254319964837 0.5841853946818845
1.306694307210793
0.5712251300543231 0.459639166632586
6.111418523868379
-0.9043579654553277 -0.2882094220479181
2.1985247302243494
0.09162533783854009 0.9037901001649727
1.7770484595339715
0.21595059277025289 0.5899483415869773
4.6346050005797395
-0.8905334392697992 0.7274783343834952
1.0179603875076806
0.8210298704695439 -0.914722858701407
4.9228522711858425
0.567253023630979 -0.11840704230605065
5.12193119755548
---
49000
79
-0.922005961703463 -0.5079940208705706
1.472957651084399
-0.16026666868613976 -0.37045539363221325
0.1381137126627383
0.6144898075352379 0.0364061693969885
0.5076051515646656
-0.5498502033573717 -0.8728717150649402
4.797555685622593
0.9684641100062288 -0.13691613983874867
6.27419127418961
-0.9566547232565343 -0.38460731369870066
0.4339454951477837
0.8892686694204897 -0.7914981596588169
6.192877055419695
-0.7507051555206149 -0.3937030547274786
0.36564721550306434
-0.4344792067829191 -0.18488680025701865
4.115637524633299
-0.7678317577555711 -0.6661637198388746
3.7212092598254376
-0.01241616254863961 0.07345617352644083
0.5236054432377344
---
50000
85
0.5371639881602456 0.4140842856763071
2.651292191900156
0.7332467075404872 0.4848111754942816
3.092355857989056
0.4163278653018389 -0.871700096103284
3.2748078157522738
-0.5836372520987216 0.26915203994759374
5.39356640765998
0.2069941029590708 -0.6545686269332636
0.4493203354807207
-0.14868709854245107 -0.9048866973358008
5.406564376185925
0.33179814411268055 -0.5417012862378598
3.386253531532099
0.8244967592870217 0.8789644126921208
0.5088957251326738
0.7760572884868079 -0.16254579732591273
3.251775161285848
-0.14672922596364832 -0.43944513515529443
5.068091236055551
0.060516099622042144 0.28085211244839453
4.302409653520062
---
51000
87
0.3945227597362213 0.4576844571893029
3.3748322287114894
0.34284292618814005 0.4957238749345848
1.8448837803588507
0.9709959031345387 -0.599174513127947
0.799658107936545
-0.31956824042079124 0.25503459624626756
3.3970522408066426
-0.8551742736395058 -0.39279686896687077
2.0820655161200197
-0.9003198735616846 -0.0710004431761956
3.105575784578255
0.23287854946831663 0.661847635272137
1.2592832727784051
-0.4174150039449676 0.34360381663748973
3.6228412538230614
0.2971606184275333 0.41812197185059935
3.9156832178059267
-0.11636426784868131 -0.2979700407733717
5.003958479540099
-0.26228058613651895 -0.764300752793562
5.768265834605982
---
52000
85
-0.360453954844692 0.9040639018980832
1.5127490688315166
-0.44550310619158184 -0.9378077336285774
1.0129176114050704
-0.03765949863699461 0.8937355089875424
0.7715087252018167
-0.3597931375718052 -0.4233500866583212
3.165873836354499
-0.581715828162885 -0.6032103982554798
5.388792821945582
-0.23782041809326696 -0.30484592202747984
0.5871756442712099
0.6073119712213672 -0.15062738439544018
1.352708080224784
-0.7655002326136364 -0.34770404376586583
4.119919353135116
-0.946148452100953 0.5943546716942288
3.519762529415326
0.6421761724978877 0.7228846054365182
0.3150550644508554
-0.099310598999876 -0.8693358688285848
3.848998824648941
---
53000
84
0.7241173314410146 0.5872452883065383
0.6128973941630569
0.1869168612505877 0.4414806094675924
5.981397370250432
-0.4904836158469386 -0.28893583370896314
0.15436588366943482
-0.2832513953490582 -0.8900796067193119
5.351324973187364
0.8044795127351908 0.7514957136450595
3.811115056144125
0.9132509732810581 -0.0792823250918564
4.392991875568553
0.5972571703419464 0.7237496251819706
3.1960044474175593
-0.5319477946892299 -0.5673878273430275
2.664545277386785
0.9565166940005827 -0.6955378676864855
6.114870083021193
0.04697408587081725 0.11480572150687046
0.3152358597846092
0.9787034961454117 -0.9426068797888292
1.5227401232150832
---
54000
88
0.8615281135794365 0.10705890808143623
6.149424513347986
0.6792512542250015 -0.0973303840173608
1.438448346190114
-0.6170839394262548 -0.7470762946607983
1.4230601369026257
0.5274325892703974 -0.3265530356121643
3.2883866549457217
-0.0021159803129711793 -0.0456331524691625
4.437301924358133
0.9106579882169925 -0.48063494320811073
1.1497942719807535
-0.2958910933447567 0.5165014338243573
2.2434556763824185
0.6817002934796582 -0.4552416557962112
0.8467962976282335
0.6043736638026257 0.5574228315421375
0.3005587873794502
0.16712679950209472 0.7647784716194272
2.9868662195798903
-0.651708972905289 0.6076317205766598
1.6984706586646663
---
55000
85
-0.3272187679796881 0.6594369176507803
5.486938620179026
-0.3041559339143665 0.6398389998406062
4.824370926511265
0.13874526127877998 0.18360299873880911
6.167584103856875
-0.02051355206010255 -0.6533182533018228
4.323395766254417
0.988815422403829 -0.06751586875028384
4.639912268507343
-0.2968001836155072 0.09162296166809054
2.570591960372284
0.47722367791571985 -0.4471971500355312
1.2347385098403016
0.9696822586252797 0.2373710904287389
1.3461869101873791
-0.6981752756076373 0.7882398528794313
5.1632640944266175
0.1572926895011747 0.3468236010851063
2.842598084122205
-0.16015363639003427 -0.2483813592909447
3.5064556403888405
---
56000
87
0.5489163721170139 0.2490066001311972
1.667429102739904
-0.17284380978158181 -0.48215570057559165
0.3565335120998503
-0.733481238107609 -0.12350862237162677
0.5114880020473169
0.0015725991632749257 -0.1947495635691152
5.174180608442388
-0.9408107308519925 -0.11818727259726856
5.9079788255781995
0.5020118924640806 -0.4052573793333688
5.4741389526760615
0.16535762130604015 -0.8000279529852332
2.3607066386795745
0.38004232424087353 0.5148977076199398
0.3110208932460319
0.3646790742286724 0.8068341855059005
5.533894871527056
0.8954047481970091 0.7869097501506751
0.8779298700706359
-0.8190196767146635 0.9391261093055009
1.8855960677659702
---
57000
80
-0.4768916478546611 0.7558380821915955
5.237166206323862
-0.7291728416302732 0.8259329029640841
5.36708447902187
-0.11806114878918836 0.8537036790567702
5.9985214050396705
-0.7703262277635969 0.47438290285367973
0.589987296883753
-0.8239424174322596 -0.5312787166357023
6.042799724967475
-0.1836676173648922 0.873319682873019
4.597703628050663
-0.23530435344010292 0.4793196569717389
6.252317030694519
0.057117892805977774 0.33196978420306983
1.8491992618717852
0.2944146113347272 -0.9559785385088345
0.7499432245110746
0.25801863599620956 -0.6105567043127432
3.441608505485376
-0.27887966938181646 0.9628963382212532
2.035265373484898
---
58000
87
-0.7420271348488546 -0.014456846778868916
4.006365884302533
-0.7489308687345797 0.0964343643251912
5.725525328381577
0.6456863538997271 0.6980754310031698
3.369077948190088
-0.3705925779111371 -0.2025707443255978
0.18396723622049027
0.13164120376243374 0.6438555313875074
4.709211544401644
0.23347051277188466 -0.6023300379103883
4.628185512930699
0.5459279470329848 -0.3967008476554224
3.062296262617221
-0.023472113338391623 -0.33307758619998773
2.1345030515272123
0.9015969167005717 0.2399247122842716
2.9771538424749324
0.7168107155902157 -0.9995405934515457
5.205385694537702
0.8697567776133144 0.4541808837116736
3.328908103094867
---
59000
87
-0.2283452192702854 0.8904163311414138
4.9517782425891195
0.9983867835696594 0.9470214092466145
6.241425060137498
-0.20993299400198523 0.6022641957890313
5.737527395338514
-0.6420505082545535 0.5943776669803154
1.7338529839371626
-0.9426133965796449 0.7447894316434439
3.28178165958691
0.27640283023594675 0.9601097400184659
3.0473884919483227
-0.9334558440522718 0.9149366989436479
1.9163546342509088
0.7934969886266672 -0.5952361937600984
1.889261637728894
0.8028375321296127 0.9846322942510632
5.70046334396304
0.5101205398172914 0.512517794384121
5.793338631049712
0.25776270734585416 0.3960870843114173
4.627370254271726
---
60000
78
-0.24484196245804507 -0.8941850081375741
5.0144873935624545
-0.21825942923447167 0.935604801910526
0.7267821999021011
0.4465485244982678 0.29955277877833375
0.7685193685992298
-0.03290661373979556 0.9105693929645314
0.769140956476825
-0.5715075916229655 0.7500400946959725
5.149868363552417
0.5284199953327505 0.8649976141092809
5.150415869082005
-0.1453749318151285 0.5708699132132862
4.030898243871176
-0.2786966848063548 0.4671114897691524
4.598569141580302
0.8432061493492096 0.42404506428661487
3.2873460865106052
-0.68976205134651 -0.7687561795070547
4.379815148198066
-0.3389748048009126 -0.968712646368354
0.84343680413052
---
61000
77
0.9343074942502668 -0.5204461281370126
6.027845904297091
0.004515432365817817 -0.7074215459758723
1.720259362258016
-0.5922136805857894 0.39922814013575747
3.3618225432776896
0.15095099859133165 0.8325870538017407
5.442505543847035
0.6651688300541269 -0.7338443957064134
0.7105282489879512
-0.6452732908034658 0.44242874816206706
0.5986741756157716
-0.17492458825844143 0.7281719911458291
5.859422336738633
-0.35347218726625956 0.9008054730133903
4.892452714993141
-0.9757235560615052 -0.9630929521332057
3.325561071549381
-0.1607399152901896 0.5352977239252039
4.113268309768414
0.7009852157327211 0.3473809897926894
1.8095812449189976
---
62000
78
-0.1419747183616538 0.9131081992719822
1.3600735527807155
-0.490424462859547 0.9891378843047891
3.2066984578023057
-0.23514495477773098 0.4132957485597068
3.205293731859334
-0.3134993120058204 -0.44087490871647494
0.4692289402108072
-0.5267358709214985 0.4803546114018247
3.8453983461338153
-0.5046698648874404 -0.27971148652896727
3.216359929331773
0.5945475652014481 -0.6823434576999736
4.951395937302045
-0.2530784659664577 -0.04850678418996438
1.340735558236549
0.32881621266108146 0.4434493046804788
4.580373407477388
0.3529971637533813 -0.19007483638145636
3.131048578958679
0.7115395574951313 0.23142047798852847
1.5579344952653855
---
63000
79
-0.6844021202745608 0.5257088553872707
1.4342753863110613
-0.7802086743149492 0.5507174128582895
4.20634934054276
-0.2951098743282707 0.1617885097971729
4.121751802950275
-0.05790466033792971 -0.5666301938682364
0.05371489703490595
0.6827848332967054 -0.4767700674460578
0.029291113804424285
0.6544700401516442 -0.767893345506586
4.723207259213932
-0.2081679809920227 0.657612921174899
4.893690989354557
-0.9310067164410869 0.11880521681895095
4.7589060651375705
0.6568390382799772 -0.7591957254507803
1.0836312890881183
0.058505799252762336 0.39993430787391543
4.295312776653343
0.27926053110009724 -0.11119010697350114
5.993065984840077
---
64000
77
0.9859542750356395 0.9864020672481872
1.2116670196846793
-0.549440854058142 -0.6097301431472233
2.605755711992419
0.2218895644544091 0.45149538693568136
2.6377397743487307
0.10240779194242412 -0.5440405402099601
3.417045612273971
0.8662977741262489 -0.4944573369036629
0.7466137881105555
-0.5452140716607222 -0.39487012893491397
3.443312993648962
0.7298995351379332 -0.4673678652777329
4.206844425042885
0.03618275916742382 -0.030835936721721604
2.4732665012101904
-0.38400514834762633 0.145220132068797
5.377414686323596
-0.10541874674838835 -0.7124891801550894
2.3067651317315336
-0.874348327124097 0.34065696098310416
2.5452211418700115
---
65000
86
-0.9341404697926748 0.6563902519564706
3.944403810375436
0.723149962348994 0.6136894883541991
0.18882190279808597
-0.9382297281420158 0.4563849524570407
2.7842246049359627
-0.6153317773364504 0.38420025319828144
6.0557106788991995
0.7898835925711445 -0.3640263955878227
2.3114735659415833
-0.6558412868941448 0.703015224418452
6.163028365917375
0.6235660071362548 0.07966772800894228
4.835865271223871
-0.5759621263936376 0.5721441072658036
1.1414204014220808
-0.18830998267704152 0.5772455474515816
3.916918107416623
-0.7607879833105988 0.857901123620687
5.739653588464605
0.24540064200640688 -0.2066103937124522
3.1315611799026715
---
66000
86
0.5749839460305881 -0.6595749828487356
6.1007647194439585
0.834816295023115 -0.6459170374483758
2.074630651350332
-0.5922950659445325 -0.011656877515371231
3.347186326069798
0.6139218603291239 0.36264570002578683
2.5421182665098505
-0.016907527342826648 -0.140838588006084
0.2550484837369007
-0.4414645571668691 -0.37547260749532035
0.05524464353974068
-0.9522302963885858 0.786594987558024
0.13293286968045326
-0.13230926999500495 -0.20917828882986725
4.170988642408006
0.021352761207183605 0.1886042512088029
0.16015143494096673
0.63889953024381 -0.2552250158757833
1.9161680101739291
0.7908029543121019 -0.03481335016543629
0.07781547437525393
---
67000
88
-0.643640698161343 0.4592971769795213
0.8402817164166068
-0.6345154586057454 0.4516307220382021
3.7488538963712967
-0.9590999014344955 0.18676016178531277
4.140071296161722
-0.9328469078454086 -0.9951572993859763
3.9980870455868462
-0.1757263497082891 -0.05693777264407745
3.9974714828922595
-0.6046261335655754 -0.433130192796096
4.488094331714199
-0.49221963878286984 0.7605429465711442
5.832634044444274
-0.7147573704898049 -0.8262868066007807
3.647183569135464
-0.8618402068006276 -0.6416288956807967
6.125549460465968
0.7685206727611679 0.6307023393243176
5.506282471369749
0.3390291544294255 -0.00011745299489741845
2.3075201893781525
---
68000
76
0.0490052484966224 -0.05487219923451384
3.206795118040409
0.052806297537337975 -0.010444760496095207
4.46981965218353
-0.2520230516864021 -0.9841982797535267
6.061360404331735
-0.7272988041272537 0.09379909062082294
4.574536715478146
-0.9825248992958483 -0.348617092593903
4.331547776734969
0.07503866627591604 0.2690604078863561
0.655717420234204
-0.23873598434811588 -0.35962234946842353
2.250742690520606
0.9729073033456738 -0.7155244726677139
3.5748890226211616
0.7035968845663627 -0.43464569743954373
0.026772571622452723
-0.3468586493791014 -0.8132112083140145
4.7798398715125
-0.48936396043174785 -0.7389379886393117
4.476666889639168
---
69000
88
0.3782644116677806 0.4506334010549316
5.745231122064991
0.4227727301855252 0.7580329174123328
1.6687724617460367
-0.19942050371351702 0.04659729846062637
3.2020701464160153
-0.48316071446765696 -0.4816599289640666
3.504502680753217
-0.536230046570561 0.19244041495735184
6.017546050351978
-0.6927727027445568 0.022564204166435516
3.4432715221395664
0.3105430095113274 -0.4769672827571766
0.8079069578665745
-0.4388250609791964 0.10888332880122494
5.118076591485409
-0.23359065166664938 0.7455370982440763
5.704033226382266
-0.024567114823854843 0.8701798528364042
5.131534367946846
-0.19777514369115337 0.8688593706946712
2.503468300020455
---
70000
85
0.43727159542227495 -0.16812982272572724
2.409970874646348
0.4573921519581784 0.07922459612552796
4.549258081395447
0.7555949901846248 0.36661036628800653
3.6859943304213676
-0.40800047429638286 -0.0325516420663763
4.221863533578937
0.3756222114644392 -0.4434037188629655
2.7304346945072213
0.9402646283916064 -0.0044359279055453255
4.302739697724105
-0.04711671617762609 0.6332969852279956
1.9203243350749046
0.4411575354589008 0.03070515053808093
2.56262444871081
0.40742521896250883 -0.49023849782819934
5.552950910913485
-0.34643467386835913 0.5552335076650846
2.007815163198554
-0.3046531892512544 0.4110972541641692
2.3361162603498187
---
71000
88
0.6202981036125426 -0.5291273184190001
4.81384215946057
0.9476735426726155 0.7140295725273389
1.350752917843696
-0.4228051070953375 0.3385308645375056
3.0944604476725885
-0.5684595840503422 0.9004740064667103
0.9575938913781883
0.9698013323618413 -0.22011430519577838
5.7667315811568205
-0.9868574830476013 -0.8560185674763594
5.005417890498748
-0.23510773352851744 -0.8578018953924353
1.253009491080233
-0.4123854647873499 0.49270364681369133
5.508252665062602
0.3055568747068753 -0.7974825086584463
0.08198210326331168
-0.42240338951381107 -0.5843496493657812
3.351933154722885
-0.5807278138282563 0.05033853562882647
4.360876717413795
---
72000
82
0.19200672417817866 -0.37777971778763486
0.9791517166179221
0.4022037085752328 -0.6213020261564072
4.068415203900029
-0.34381408068556113 0.9061409091772487
-1.1663882869374824
0.8641399465686198 0.6207799176086971
4.824307628132542
0.904331759279922 -0.5413651186811859
1.7385509137196618
0.23350725543021375 0.8303508708007895
2.6353346203879298
-0.33160035166016066 0.5395018146433204
0.891378855581852
0.7239640146311489 0.21432480383205518
2.164497813312389
0.21672281924353892 -0.7670574772208539
4.362640310658924
-0.5450119463691204 0.23300237864389764
5.661709750240211
0.20212216066844546 -0.9060150674782699
4.729269886161762
---
73000
90
-0.48745370446903213 0.4301020521655824
2.7874771685699677
-0.4972080430490794 0.2443360319744564
2.6878098298209245
-0.44576331011957276 0.904708681415494
1.2480913616039482
-0.7226811310368032 0.28606462764734225
0.02628087710276894
-0.8346389265167421 0.35805184531681516
3.763053238034269
0.8575751626027157 -0.9643833584602896
3.7523900390562
-0.6270862702958362 -0.952515791671051
1.0316542084552776
0.6081653931582727 0.3973203612422012
3.1996340465502575
0.756641434821024 0.4274874288318839
4.512886510252464
-0.5693762485476674 -0.510470684209899
3.384588470593087
0.6152858851129257 0.12424517477609377
3.6712651040993185
---
74000
88
0.7377904164906679 -0.14095829062139414
5.63998851652095
0.6025374640534606 -0.2561682540878589
2.2707801112540418
-0.0783918595436884 -0.4025283156143135
3.705817217396432
-0.18825583506292423 -0.7072262503221868
4.297206713798724
0.017334954357429967 -0.025713021128501535
2.0348248243045655
0.29704904935892207 0.9458493618006166
3.353247345572554
0.22503567565170524 0.5996199064390555
2.380366279185665
0.03366576180214791 0.3316143905257202
1.2739556626539983
0.14420820426510758 -0.6314970842763006
2.863158859312476
0.9299465877831827 -0.9412342063263375
3.8958481254719333
0.7224189774831252 0.5087227296443368
3.1707654391218325
---
75000
84
-0.10552744338609509 0.6047343813854925
2.880061307448418
0.35396719798869436 0.3888247034253841
0.8106067933624264
-0.8325115545539303 -0.9358745134915873
0.24242395262320215
0.9781383444664324 0.7286225852135371
2.563283206397344
0.4677672413623527 0.9989492181281024
0.5176497492920866
-0.008755033651008073 0.9739114675681887
1.138659383332934
0.16992876240095353 0.41116481178076847
2.5857429353419255
0.02668709597635565 0.10660832904827271
0.3148076585723034
0.7653557485817462 0.7741350200469512
4.486435279761222
-0.8983577398470035 0.5396376435369882
5.137254530037715
0.7887529751463431 0.6182611830779511
1.1882974812484541
---
76000
90
-0.19775472890966947 -0.48143585519963505
2.6419685253986303
-0.288123898708297 0.0551412475203889
1.578933985447632
-0.6125735649285938 -0.6288254254494806
3.3279644807191993
-0.2955062019888791 -0.5364473395334677
3.871203623448742
-0.6582905619603875 0.6937219807336336
2.177975452850699
0.3772698996417096 -0.784046732261724
0.596586491758039
0.40028042344604964 0.9712789724576297
2.085217581506607
0.8830723382987629 -0.36794099839307526
2.382062451009303
0.27968919660941016 -0.27101683468577764
4.725718230077661
-0.3618554960859271 -0.14344834754210561
2.6763773169644045
0.799538509788608 0.8982813227095231
4.57335687130215
---
77000
85
-0.8082559905573792 0.40463690044013323
4.704736271585531
-0.20693753036519194 0.22505172354577818
0.4739875269879672
-0.7434874894905129 -0.7230844112162571
2.012289482566369
-0.8650123538428635 0.9988219032171373
3.408661302192076
-0.29330235248827247 0.5547734064022241
0.2402346451976367
-0.4268551261208245 0.36956726080554314
3.144023425064556
-0.35025895980998084 0.7822678037962907
0.6081828080543987
-0.5317906835829832 -0.1771050428787829
0.7308371517387942
0.8323230898975903 0.8268525440952844
4.5916794834801955
-0.9687127386141563 0.48701205254792695
3.1464348353234097
-0.3923566013087146 -0.20795280024161913
4.3992680515700995
---
78000
88
0.9587774718947901 -0.45598434082111394
5.798880265915616
0.8807288011590858 -0.3557070146962714
1.12028030880842
-0.6140636788137016 -0.8520827300545846
4.7911304706364195
0.7266709467051204 0.44290059929699166
2.1206458465816937
-0.521890776474358 -0.6433086869799458
0.49526051946238336
-0.6079265420146933 0.42257789004237795
4.547958150157489
-0.9774278606450459 0.7886393099075133
1.5074906253323368
0.8757693273006889 -0.677493858847258
0.34298802112585314
0.8188792310627648 0.36541799885179105
2.920535643077109
-0.8943130410244108 -0.0791881057070088
2.923870031670706
0.6106081779937104 0.029784225927554017
1.9404582395194687
---
79000
84
0.766716607431812 0.7543356346181856
5.192828022734471
0.794411785540938 0.890711943126905
2.616003132182332
-0.6311001324035436 -0.34510646831220065
6.175336334267086
0.8088362377688689 0.27437336994370665
5.7474623023524085
0.26929224044442956 0.694803136177603
4.461616976496235
-0.7902657374865638 -0.26853590681788064
0.8487910405954535
-0.9416156955235105 -0.7702262538685176
2.8786801924648007
-0.37108508527388423 -0.5275011440468198
0.6896646622889335
-0.14631033712959066 0.003824478534710671
5.210403785749818
-0.6348844389272011 -0.8247749115729118
1.0982174952275585
0.6100702281904866 -0.5051402759688151
1.7032153823161504
---
80000
78
0.7632377507514139 -0.12062385061031858
2.9426365745632648
0.23373726193053945 0.18120557767249365
5.159070249404975
0.6596147126649312 -0.38611057187888304
3.3149131545822748
0.07977251553820716 -0.04675168983184526
4.4353854096622936
0.3974190726944577 0.8949979558929388
5.67904861858735
-0.28315310935153953 0.9767119974989737
1.9665126616810307
-0.4343585040550345 -0.6740339143159559
6.240555724668495
0.42802244895032404 0.02412934483552762
3.0973494886756745
0.7300346521803119 0.8682092026397331
0.7141240825694188
0.3322089958738593 0.3315332226298241
2.188130622947533
-0.7831780632911027 -0.5284918200193054
2.5128939846544105
---
81000
76
0.7409407783543406 0.7710284795420401
1.8173695819660916
0.5283034091572542 0.8461278956880289
5.747431470129747
0.0018057910758807806 0.4774627189114767
1.6973836263677162
0.7556522774113361 0.7104418674786561
1.7678064844499906
0.7540065882629987 0.5064176857133842
2.762048375415983
0.08987687622777421 -0.4264269885205892
0.1647551739094979
0.5466181859392735 -0.7819253298219814
1.1669092986909
0.06974553619795011 0.46370771230881025
1.913370703099873
-0.4050528694324789 -0.7121042721876979
5.329204073597892
-0.017390598476880098 -0.34390913349946073
0.3523763649072311
-0.2698393338274348 -0.22110923878329014
1.715681508596183
---
82000
89
-0.6291883834578162 0.1201607215939779
6.165822729321596
-0.5956497717608613 0.01904363487298772
2.7380614748992596
-0.23345037649977063 0.41869373309041
2.9805034606504544
0.9047205529496936 0.7261205144032773
1.449587668116373
-0.9765850521931725 0.8847793144473227
3.50961855993211
-0.4189161271245338 -0.2325497571957508
2.6112895816228
-0.3473278748205736 -0.1988468739903037
2.935113184529963
-0.5710508050096752 0.6018832977457153
1.3727658251216468
0.264608225970464 -0.7107434356227637
2.8003989774969638
-0.0364734068264212 -0.5365416034794425
5.363951107901168
-0.40213448400891366 0.03006379450526786
1.1369909164709835
---
83000
77
0.04816702998029086 0.3049799481232399
3.999735719988958
-0.32698741047367597 0.4592399324960993
0.5157741676434506
0.35372719027432953 -0.9047918408459913
0.36963120475363453
-0.7380038052330604 -0.32110090888716425
3.892651511251893
-0.39442726480556817 -0.5684218253669594
3.2205049819846554
0.010540639950494299 -0.74352457557758
0.7952418270818695
-0.9866233858840652 0.7906491524072529
4.812514811976131
-0.12988632391899466 0.9408621905647218
5.674086742257438
0.04218650652298063 -0.05452687555159966
5.763890434538867
-0.813744267666695 -0.43566757526569466
5.519373853884421
0.40951062705651 0.29896680045939056
5.997947011012084
---
84000
87
0.36931453375491785 0.9221998297513688
3.259716337573885
0.3446759246571792 0.977531672194526
3.244396928010059
0.1715408943870254 0.8647137652253406
1.2505109160543597
0.017322266982044768 -0.9198854364676525
0.41583128643686473
0.7391766333751408 0.9681122756280853
4.529826183849555
0.6817199613263527 0.9781243547392537
5.6873849281156765
-0.15888425387718866 -0.5184563977581171
0.5026848979432916
-0.17926908382765497 -0.3170466531190614
3.6651912102276105
0.20912762352951395 -0.383590471030877
3.5967117002707854
0.2572920521555111 -0.797435170218314
0.8401978589397494
0.1948158687305891 -0.8384651218486556
1.0965431344727588
---
85000
81
0.2979970849363956 -0.07257507377672004
4.349837594987052
0.38818455275683256 -0.06102569636709558
5.919718219699704
0.7500857848995348 -0.11348305836497984
3.266064285998927
-0.1395911697063888 0.6680830333657753
2.61113303063063
-0.3172698829176365 -0.5666877407217658
5.571202986455708
0.9733609272124059 0.6903950396988718
4.375854033434832
-0.30695621909179616 0.11566511636329246
2.19348517886072
-0.48966296640734214 0.7435734920110256
1.0854466424104006
-0.24880275398541318 0.4019172926794297
0.508773054535566
0.03849378636190787 -0.5876128240414671
4.591052253471922
0.018363164417706107 0.6512390253553046
3.647145604095342
---
86000
77
-0.9518669394427494 0.4727765216053576
5.562800467347787
-0.8166288879616089 0.12138908538268907
5.44895163376688
0.8113199319262965 0.3138369983320538
1.2201750336894026
0.16291463687303473 0.008483121953628124
4.7420722887082345
-0.004565336119727394 0.33915702198465064
5.933992323205739
-0.29527026866484235 0.10061490257198974
4.212129481694896
0.47266272623331734 -0.9075410371063994
1.855566991588737
0.5690176190169944 0.4340424789639691
5.680367602258201
0.0057418352690409066 0.04406539679927916
1.341821876054051
-0.27076885056508215 0.4217149422508569
3.3719586966261694
0.12734504497501467 0.39528866937870255
2.7195565843803866
---
87000
80
-0.9795479228144659 -0.7964953149140829
0.942464462673069
0.8427767634787321 -0.8263013302245524
5.742512838951498
-0.6586844732862317 -0.9450117081119676
4.802912942244929
0.17129346940280435 -0.18702327804833882
5.740581846433684
0.6630541958834542 -0.7031175530433518
1.724300224963911
-0.8235937335370358 0.8139709257237058
1.1264288465052932
0.06994528167879176 0.8828328977568952
6.145433550257855
0.9101353692428102 -0.523011249959427
6.083387558914863
0.05766524684266132 -0.3531386706496611
3.842662952145008
-0.7750640746832187 0.554282053784565
2.911167549478244
0.611293800879774 0.39897258266214286
3.23454291718509
---
88000
83
0.789910435006552 -0.5963046106534203
2.7064098671217813
0.8008260993173903 -0.5788683300997022
4.570668049641546
-0.030544295649545666 -0.21327883442124418
4.75366213214519
0.2137946673411467 0.1008976371476859
3.848450751092636
0.7609347342738083 -0.7101769259316676
5.814729810153909
0.5832768899542272 -0.4696805225360444
1.6404730535718768
0.027912891650177733 0.6366364443428069
4.449991848786622
0.3590701503009681 -0.9098088825597023
2.139808614476302
0.13879498018884306 -0.5420153537697303
3.0727306099855998
0.056617114178156486 -0.6563947552038804
2.1268909711414405
0.47469977828102117 -0.9911627400848009
0.8757386208570734
---
89000
79
-0.6766218922644062 -0.49322911644332557
5.324926848100145
-0.706470442309113 -0.4938164173231474
0.8482341830330347
-0.9294981610752053 -0.052382096749700145
6.097901111341044
-0.5017669187735131 -0.47044752668383194
3.5085357934511583
0.9385742446903674 -0.518601475437341
5.628856591156554
-0.8993502230456732 -0.8638394236449445
6.069269982719662
0.7323227055351558 -0.7250014494049037
0.11219646909827574
-0.6599182126635849 -0.8639555004362912
5.124697709706703
-0.14151334011740202 0.7109688138420585
4.2489211061597505
0.28953077413727 0.14947035422328586
5.214173137023341
-0.13073107607645257 0.15668990260815113
0.8377757598624793
---
90000
87
-0.5862856818834579 -0.10889007936398142
4.112769132981134
-0.6225978063562568 -0.07599964176166597
5.407237671487531
0.49906069838615363 -0.6632246910372999
3.3534710865014388
0.964365040658579 0.1980800426515434
3.785695484522818
-0.5304992746462519 -0.19732552515389878
0.022732799636193235
0.3408841870639079 0.255837249591519
5.027997078098275
0.11348513944825914 -0.7026285937122762
1.3640674037649614
0.030088096426520865 -0.7574960923494425
1.1628787051140694
0.893644630571301 0.16050810177791242
2.2443198268217968
-0.5822995833271295 -0.6240379314440818
3.2696838389950704
0.3529303720954913 -0.6243694755181296
0.5307385839460146
---
91000
77
-0.8306858482341412 0.38189579521497774
2.0922596454009055
0.8765070545784039 0.3924412518703493
2.7134059751730444
0.9430831989001053 0.47761741491879006
3.374144979631268
0.07652937284190608 -0.08774063081792968
4.5002451722386
0.35559702293937495 0.717029153545125
4.231481017750042
0.7639044626851041 -0.8807781463982618
1.4481559544286644
0.21500327040851247 0.5273862723490247
5.399608751034923
-0.22019129436646945 0.4341972147087241
2.1562677996757413
-0.8897892627987247 -0.841085814109148
3.2988963844338484
0.515013472330088 0.481956097080991
0.5949854853238468
0.7538762496857464 -0.015921452781425774
3.8845415716863654
---
92000
82
0.15125082040182045 -0.8401587250633352
4.891210922194968
0.1457702837262438 -0.821956065056111
2.6183070302495937
0.032683639970388416 0.2512109172725942
2.7364004999157876
-0.5106528090699434 0.05721217805576835
2.3318165265828066
0.312015791429728 0.778351239430402
0.3856465091144665
0.3271992840508859 0.5078553591525921
2.7785097537941024
0.2940372505822953 0.7707393325449216
4.69928423245905
0.4682937390511651 0.09749410707809242
3.353190102931002
0.9610444690264801 0.46770302182537654
1.6766427730528557
-0.5997354735569888 -0.30881586981249476
2.548805996921258
-0.3024506362058927 -0.37560517761034706
6.2287657305301565
---
93000
76
0.621834253773864 -0.30051541139125365
1.2041218053584064
0.43149338866594766 -0.005536132201472352
4.672637369928442
-0.7957293109357032 0.08469642226007675
2.8632187474579087
-0.8702561907064478 0.35705111886650437
1.8479793952706483
-0.09939249897572755 -0.9696367352074995
3.0275301948862294
-0.9778929465453721 -0.2163447225405028
4.941880388932412
-0.27062899270228113 -0.015015957234200763
1.9996770116349758
0.40809355003846315 0.2634543525645871
2.842008113900625
-0.4002663240508049 -0.02681669587549096
2.137561565394435
0.9209948802386534 -0.46342248556664944
1.9408089575597156
-0.397148366039798 -0.18727959102826858
2.5090514631993264
---
94000
81
-0.8510011784785809 0.0030969011982906643
4.55498184043915
-0.8405619699186725 -0.02746487721162502
1.0812624097888364
-0.2215045262604047 -0.1886590505600192
4.713964925581612
-0.8234932545835612 0.005845653373492524
5.147466194743751
-0.28628853855930303 0.3416666343082373
2.6794024027910748
0.21198035867938203 -0.8355305584513923
3.5705750047723797
0.41101995927152857 0.6738244791291403
2.6112758508318343
0.00027754048076177387 -0.2888962010046989
1.9728047350808664
-0.864160288617329 0.6475968748340611
2.224632111180057
-0.989225066505834 -0.05005338171248494
4.074973227061896
-0.35132415181403 0.3498845470878831
-3.0735743048628237
---
95000
86
0.43869612849051354 -0.8671845517218996
4.56526945438239
0.46470083510941956 -0.8858047295572151
4.767077718420172
-0.06696490585148837 -0.6760895032760547
2.706187559607887
-0.9715154240676092 0.6981109747064207
3.8536429677520116
-0.21450434505615326 0.8259134435690149
1.6759746103595603
0.9617247131720273 0.6802264502468095
2.787523299713291
0.8852318200829561 -0.7523393782318128
1.8361594946446527
0.7259879569621541 0.6212416958013426
5.722953026727742
0.7669304486095246 0.956255046924335
1.5656762080164377
0.9267600834813958 0.9547056937973826
3.5482998964337993
0.3452883666046076 -0.7337373623986154
2.837239156951238
---
96000
83
-0.05719944848107743 -0.9538923832709818
1.2381765884726716
0.045753729372698004 0.9976577320290732
1.6538963823495187
-0.3423992888935076 -0.5886657674588397
5.99240749402811
0.03076466132317566 -0.5621793604724856
5.817626204864949
0.8253074747387341 -0.21081420391523598
2.071915812035522
0.3997683771886612 -0.32811577049925206
3.732705236053966
0.9278593240285609 -0.17711414284877844
3.7150001909206933
0.5435495109874989 0.5847610560682095
5.150719715781237
-0.07367080151892147 -0.4201148998113855
6.07451057036322
0.4660734395914082 -0.6024099318588745
0.32698077982696727
0.7415237891603148 -0.8851132529339343
5.856065463403681
---
97000
81
-0.7302596043349037 -0.15498006435410105
0.06729198821730219
-0.9942800746221652 -0.3245831266562822
0.42676859545090284
0.037271362619122346 0.2849815161572635
2.139215333128556
0.15926693106584897 0.7727977418373342
1.4031900734259422
-0.7170192484884008 -0.8579246897696529
5.781366873628064
0.5949730012595184 -0.6809665576318827
5.849619452354279
0.3527297049853474 -0.8283339572440698
2.2813334628922677
0.8298865298610466 0.6343200104127086
2.3074229827272434
-0.7554679714031871 0.8522456659072147
2.904331437140023
0.015876112626242396 -0.9928898035888996
6.251532600185543
-0.5043783281418219 -0.7545263486069269
2.5529456136746447
---
98000
86
0.7567642653079075 -0.781371988790517
4.447202935299339
0.5291654912237225 -0.7502654852185149
3.534503295848391
-0.4021416920936658 0.0446067425856378
2.460625969883602
0.8007483602033445 0.8238621364050569
0.8913392614461761
0.4266358181883192 0.47103402891461277
4.340133946967296
0.2928103618550017 -0.41605992379886586
5.192055222072465
-0.2833153840292642 -0.177467396479168
1.953730985204666
-0.21435820197372027 -0.25385615028546743
0.3575767082681809
0.7180874283383281 -0.2529770474701601
3.575480419730119
0.9050234209686545 -0.9481047913257533
0.038958080523253
0.34739376566040747 0.6170993644226486
5.373880328132635
---
99000
79
-0.6988211246588254 -0.5367051451786937
3.0197416476290635
-0.9569294276097933 -0.35184423177102264
3.446308148232716
0.0254627284061244 0.015296945325104769
3.4357456259583667
-0.9323905314969726 -0.9660345144684418
4.053955890485878
-0.8518451531168141 -0.1116317655115057
3.9321935843465052
0.5941229962863456 0.11087124546293775
4.883837682190928
-0.3288059726382499 0.8698733264229057
5.7143991277754
-0.28380810475782503 -0.802480537401158
6.105324678546362
-0.25915498784399155 -0.18255800971286337
1.469742374436036
-0.620020985088624 -0.4250252642674621
0.49080083534288477
-0.26444336287113496 0.33586605369529293
3.5392712625196046
---
