100
{'run_name': '2D_rec_10_total_boids_short_chase', 'annealing': True, 'annealing_start': 0.2, 'annealing_end': 0.002, 'nr_observed_agents': 1, 'nr_of_boids': 9, 'predator_present': True, 'grouped_spawn': False, 'predator_halting': False, 'record_keeping': True, 'record_frequency': 1000, 'exp_folder_name': 'big network 5 observed', 'boid_speed': 0.0333, 'boid_color': (0.8, 0.8, 0.8, 1), 'boid_turning_speed': 1.5707963267948966, 'predator_speed': 0.0333, 'predator_speed_slow': 0.0333, 'predator_speed_fast': 0.0533, 'predator_lunging': False, 'predator_lunge_speed': 0.013, 'predator_lunge_distance': 0.1, 'predator_turning_speed': 0.7853981633974483, 'predator_color': (0.8, 0.2, 0.2, 1), 'predator_confusion': True, 'predator_confusion_distance': 0.4, 'predator_confusion_threshold': 2, 'predator_chase_time': 10, 'predator_halt_time': 0, 'predator_eating_distance': 0.06666, 'height': 800, 'width': 800, 'graphics': True}
tick
boids eaten
predator position
predator rotation
agent positions (and)
agent rotations (interleaved)
----
0
86
0.47556753121641876 0.574115236832651
0.1803312026927289
0.6697480116506853 0.2862578145925559
6.0831955886855065
0.18870114982404781 -0.5257470730108936
3.390071144743626
-0.48990709899283813 -0.38295567235529765
0.6304039348916112
0.06128550779550268 0.20877637065136903
3.1633709409473005
-0.38193447274681974 0.10282484117292215
3.9327959445700245
0.6623690298273277 0.5640882370088564
5.616402441190557
-0.12790829195272266 0.6207775153425058
2.3690402216873236
0.7690440959676426 0.6113713534879948
1.995329420132881
0.8308370393907284 0.521659134117866
0.0377978769615781
0.7905002861718257 0.6178900451426248
0.8093448505791432
---
1000
90
0.8227788701378588 -0.8293962288437813
2.258647286610201
0.883543048488601 -0.5027850758633419
5.70728099662561
0.20852224451676238 -0.010015298781920586
6.045665985035534
0.9870573345731442 0.7880034141223083
2.281968747044921
-0.5521853305660664 -0.7857143110845473
0.6942515467628176
0.42193545041441893 -0.016931500588924064
1.3457833813099036
-0.6244294934015924 -0.9174459661800993
3.5622652368668204
-0.782361932133315 0.6000650472671004
0.8243861217835429
-0.7831432157772895 0.4363682678253667
0.1821745653019624
-0.7894316159028754 -0.15342180869773797
6.090841906813136
-0.45223053968792337 -0.9434495775909241
2.5290465795720927
---
2000
82
0.8898170630671363 0.7239355081224469
0.5757078105486527
0.4964494885369897 0.7105263041240141
0.10028016227408365
0.1679469624715456 -0.2391143768836969
0.1479273248791797
-0.9894040429472735 -0.2581478432032242
1.081171715455612
0.2106478904090446 -0.4806745569238895
6.08295005179953
0.8904819334104312 0.11242314307160217
2.9305358627366305
0.2960253848581974 -0.13013964441381468
2.199821304299612
0.6127851402053448 0.7024305987860666
-0.046066425893838296
0.7563678969454497 -0.5528187247212613
5.6772230224293505
0.9269422948985143 -0.9668153742090148
5.8661363632003605
-0.2803918967984084 0.3098624535319365
5.718741857053949
---
3000
74
-0.2579356119264369 0.5482643429453034
0.5882746638085304
-0.3391769043420006 -0.3545629754639098
4.323315598652833
-0.4412110162109514 0.6630307457919268
3.0481666124387674
-0.8715852490747136 -0.619626719988904
2.621577716551621
-0.9512873994226333 0.8618421217034861
5.621709172520388
0.1609893848912676 -0.26616255404089456
1.6352209971245335
0.05017001650155767 -0.4350665385325567
3.129537809050288
0.21524801169590707 0.08081064529026827
2.871117731402939
0.005735259594769421 -0.5070640086871055
5.774761710667776
-0.6933005560726679 0.2827076865930217
4.189520578835152
-0.01330134953074089 0.5642624419469918
5.470311009929941
---
4000
76
0.6084637111810932 -0.04472083070450331
4.880854294745397
-0.9012923968769593 -0.2837724220621202
2.3796710581710547
0.8863906751676438 -0.697028732078435
4.923108400117719
-0.5614656518672244 -0.34368736063032546
5.501442497081618
0.5986882460416287 0.7309668488399133
4.571299788039334
0.6705682343102379 0.2752302156434253
5.97320676230443
-0.23284186150430858 -0.8936230440891557
0.00978225619376527
0.9497639159786219 0.9548075918135757
6.263924164841516
0.14929657897162374 -0.8439901299191483
0.46520363671139897
0.5830530064874768 -0.44819816677848046
3.7407227512258387
-0.5454478678094018 0.6130750542643775
1.4765915261353255
---
5000
72
0.18254455155553262 -0.8683058541234793
5.7902065282143305
0.47642977350733096 0.9931083798599919
2.0962661776104445
-0.9566626977990982 0.1668304231930338
5.321342692909322
-0.22181952795264426 0.7541293242515653
0.058580558402550054
-0.6794258181432828 -0.0944793592775629
5.8982873615394364
0.4775299206132294 -0.9879018975382888
5.365316463073904
0.0340529022150703 -0.679264203121079
4.924286847987057
0.9664292554582355 -0.30063990051542744
0.8215156689534187
0.1774821579967771 0.9514043596100136
4.6758502505987005
0.3465845949910156 0.5578243962070203
0.3392933456148288
0.6295141430432313 0.5558593567546538
4.583652100210658
---
6000
75
-0.7895961025655416 -0.08219996955069932
4.360806284448357
-0.5427218879012149 -0.2898732681180638
3.488937792876267
0.5054388345426318 0.23341655571264208
4.961509836788461
-0.4909155215027675 -0.19828180975494214
3.3629324709411526
0.9322564591107018 0.13676046375549264
0.764982851539318
0.7419247531711082 0.9908076990075874
3.821453791265081
0.9689910225453829 -0.031891116465891906
1.6411251685333594
0.34575491609796516 0.9866419828866899
2.74109782652574
-0.2593876287970714 0.16888872422567958
3.5397886166304584
0.7782418498081949 0.9068809603265406
3.205590220074777
0.21977784076327858 -0.9462270821083493
3.5279037287840618
---
7000
78
-0.26138618866518004 0.33255674551843556
3.9059072074125787
0.011580973261779343 0.4561035527455867
3.128973010644555
-0.1250456004417463 -0.5406890798888687
6.061078891523982
-0.7572036615588477 -0.3928755906431674
0.7289924040852256
-0.6505897714701021 0.014534029099657748
0.24304600073604465
0.9632814691873393 0.22202531646554735
3.310453689321064
-0.6275804704242745 0.14327153694568495
3.804348296576795
0.5084815798381448 -0.6055717759838447
1.3464266197185442
-0.8324128356535161 -0.8798335831702915
5.62659321917166
-0.9602192479232191 0.8658719667292123
0.8328166749631976
-0.07840178833447739 0.3344458180306677
4.408788178520201
---
8000
77
-0.31906348614013175 -0.588759804457591
2.981940917433218
0.8652864865669008 0.5100979963990199
2.729175970301953
0.4892417164471258 0.27439947018813465
5.767786994058487
0.36643451112489944 -0.5626770034214256
2.005093787776505
0.11205021858317626 0.7566386648231848
3.728099549525778
0.022143885668355297 -0.420644831987234
6.2302880277362425
-0.04977420557968598 0.053697038234837915
5.258492280047495
-0.9397885200017311 0.20365975461026906
6.259616135013219
0.2620642632033656 0.8484048845962652
0.6764873025530633
0.2553700666763034 -0.01337139997546126
4.642364093802581
0.944300762784147 -0.26557600691430144
6.040028430246512
---
9000
77
0.6223653725690598 0.06687042703820117
2.591556823842948
0.8281595368606666 0.10775182396583366
4.934227793039248
0.340727388845749 0.8810673189123266
3.284472154918702
-0.11701624950406786 -0.08039837888206507
0.15741247349199305
-0.3546496127896353 0.576809439415389
3.533385144457342
-0.49245237204454684 0.49305388981725984
3.2365366183441173
-0.7716708582049594 -0.7970908706067176
5.190799638628446
0.5894855994932133 -0.028373091348785066
4.788401777930366
0.7509922952692731 0.9339865465908599
2.387643536105739
0.6746310248732509 0.008625192392182852
2.2354417871006733
-0.4556177913231304 0.5136061954540112
0.3415049570466646
---
10000
82
0.9423119412993666 -0.37183895758506436
5.892509571431291
0.47600127206534965 0.13575881036763476
6.043065965484328
0.6759410689649948 -0.20190816970119307
3.7745414841839953
0.9249850627210148 0.01653663587895763
0.18618219189240737
-0.9739292118640404 0.8026460367959308
2.347904324530373
0.4066477975524842 -0.23489156958712126
4.924170844993072
0.08861792031282244 -0.8354168097300119
0.6768022478134235
-0.30772581375420927 0.28581434220302226
2.8993879814454333
-0.8001191107643711 0.936923259083886
2.636217152485253
0.9748623577762832 0.7015146323584669
5.993091704396524
0.7112822812552763 -0.30309188605028864
5.300348740755081
---
11000
82
0.5647258784492466 -0.6303265934972933
1.2685913235502315
0.912878698702421 -0.9211079781234761
3.1722284493898014
-0.12658389353629818 -0.8472033177487464
2.2512301030639685
-0.9884700208250491 -0.32681918951105104
4.600955536042814
0.9446203962933187 -0.9487987146302342
2.9191208538291873
0.7250870918711774 -0.17914954385582227
4.447301658724652
-0.2590757761335944 -0.36412845389505527
0.8423377151536684
0.32916656550861195 0.44257229139238574
5.313720283772695
-0.6135063022611321 -0.14930804991875424
2.690013687556995
0.6360638622925678 -0.23039444913513796
5.611388097945256
0.23536064201969611 -0.364206287159048
0.17919560453311867
---
12000
67
0.31402362335446876 -0.2943324223718484
0.6867224941261407
0.2648070747856717 -0.3375274695439746
1.1180552142425837
-0.6434587688751499 0.4318848795517334
1.0047064775040466
-0.9172614933258658 -0.3822322495230596
0.36736713450471914
-0.23960281826595953 -0.954899547777602
2.417842364993885
-0.03365906121017802 -0.035125479913767396
4.588832928857656
0.719656000722535 0.8657931688187989
0.7205452713784704
0.44904420267409145 0.41662213006642107
3.4989553941420297
-0.6779296277904472 -0.6996268711194459
4.489671071789256
-0.7144044235505206 -0.9693876779719387
4.378395203376965
0.5277399251803113 -0.09664514643685157
3.7075637313107324
---
13000
82
-0.6889878016600391 -0.651212347765277
3.8042731102506595
0.20884860469256772 -0.6794033716077786
4.940121250819975
-0.6944655714474723 -0.777553876066881
5.297907348230694
0.2591695415078371 -0.11082630463954476
4.609814933337874
-0.09972459880422442 -0.33855817725728204
2.959946811137055
0.0067102761854939685 0.11214112527138224
0.6188785176598302
-0.05795636894666136 0.9950081334057548
4.190425570834325
-0.7986311455625235 -0.3273498917928436
1.5185814648168172
0.8871258967759945 -0.5541699842398317
5.977693834099225
-0.8680353215630046 -0.06102381724093475
0.3786774329149538
-0.8969227745654378 0.2745941824853583
1.043127332148809
---
14000
72
-0.8155053499666156 -0.6846718027123248
2.172877197841638
-0.8698007221341777 0.9710474749538383
3.6154180281575714
-0.554048593705037 0.5911790870574208
1.4551762207125511
-0.448648171960331 -0.17984182693731374
2.178324268356497
0.601169302604409 0.27199302810837767
1.5228638058188064
-0.6080583196903683 0.2967866897929761
0.7162302639921796
-0.950783152845024 -0.4508191842876454
5.9052897513866105
-0.40678458376801657 -0.40186041641371484
0.22169012039820668
-0.7525525345774681 -0.28538555316664865
4.308102407414563
-0.7938103610548355 -0.5115780686254364
4.488615899544298
-0.4925753388353265 0.3462261071286972
5.368956680103691
---
15000
73
-0.8515986865444322 -0.6884967205693392
1.4672604131339229
0.5896576029849006 0.39740786161131325
0.39124827228042225
0.5740731887189747 -0.39556452166836287
0.8231658822515353
-0.38971395415513704 -0.3929046252730699
1.8150352565189483
0.8885706979318244 -0.26483273017933184
0.6704548581417322
0.44593991808677896 0.9519484637653898
2.147112767722067
0.8950116530529998 -0.7823326080431535
4.582239157964672
-0.7088388576772288 -0.6785421187217135
1.1313887612781084
0.7557203940771321 0.1205232678721078
0.5059187552564808
0.5194421868080974 0.9004908637010666
0.7541953959481109
0.7667938015069413 -0.13230488810501423
3.3278881510795504
---
16000
77
-0.8504334345718674 -0.9668660466051182
1.7234395629123294
-0.9697043753521366 -0.8814677424427545
6.185253653880136
0.7791492209620492 -0.1957361304218016
4.847466857376091
-0.9729991452897357 -0.8225499004709187
0.08141584283500336
-0.8674338995302373 -0.2434937278516897
3.8091209718209695
0.26308756882635415 -0.89311234132827
2.086879288602092
0.6179692368800574 -0.726127002166187
5.8928602637658605
0.18731457586745778 -0.48953298366231324
1.6007873221020237
-0.41981362826056545 -0.3882531684503202
1.674316523170929
-0.7208153085536048 -0.7087832314922604
0.07958033119351171
-0.7284013072603 -0.8046975114975631
3.7107573784313335
---
17000
76
-0.1316486571759095 -0.34416549963211457
4.599683268850168
0.04868344278073704 0.8543689185949221
4.62969853658339
-0.6702065339770166 -0.7132217143660845
3.18720744815891
0.2232062224376919 0.7999130234919574
0.7030998688455377
0.504580299593664 0.85195466728724
5.742295679241154
0.39796287362979565 0.3144609898143547
6.025865063447843
-0.791205353624425 -0.3130659369137019
0.056687423857942676
-0.28769267881271876 -0.39696139142926296
1.2163696126721941
0.5564200923472694 -0.425233753267328
4.9365799086237105
-0.380609334710553 0.5460223560494136
5.7298288351748035
-0.4923384825830381 -0.5419421386167633
2.8032228985530807
---
18000
84
-0.1326844340432118 -0.09235919331616173
3.503746311254426
-0.1838287755266479 -0.12726883873895473
5.499418083147083
0.39060314079605885 -0.06850016560562477
2.5948761027227905
-0.26603745110401117 -0.008077699836449298
3.493352258830657
-0.522739494470595 -0.7457201569242337
0.9530871565715948
-0.38281207251265587 -0.11345357430649797
3.3144190217912763
0.3973903815489419 0.8019883936273634
0.6804745840561806
-0.5515987458419539 -0.4325360507921139
1.3597111060282785
0.8457966132413192 0.8594133337013867
4.9529828447764155
0.18567050131703253 -0.5334815183525898
6.233730694946086
0.715750710510424 -0.48038762424461967
2.7607452965560855
---
19000
80
-0.005772300817038233 -0.24877408015965502
1.7349065941786919
0.6728544178345919 -0.5804176542825041
3.2854357898778934
0.9916489858218466 -0.7289136113170436
5.492790279212622
0.7293932241891701 0.43452800734596964
2.501946233222996
0.7363061476874846 -0.7178393844221347
0.533047931081204
0.7240459785721183 0.5209282996072125
1.9000971891260816
-0.5906108174087328 -0.43201256843685054
1.3458193115251955
0.21000655380374986 0.660722019923253
6.18950403660935
-0.02106541842144465 0.8468151650641342
-0.6067887436758148
-0.5308552680415078 -0.5084371361412141
2.0638854567320823
-0.3601621727109971 0.566565943147896
5.7594398085643785
---
20000
76
-0.33843537995458817 0.5197292407062866
1.514189805278606
-0.2868423423320506 0.40710322435956775
2.474005807528693
-0.5309542866302924 0.5241745516325074
0.23346482225806664
-0.8791966413640568 0.40629064868399345
0.28179525271638006
-0.5436930377984494 0.1730180121403867
1.9133717278291025
0.031021056339932705 -0.8276218530955606
5.0773040672955
0.3009226224372128 0.565460152436943
1.2367804795357875
0.27979231115014874 -0.3718019846440428
3.437263852079985
-0.19911369605009038 0.752210557076222
6.231994485493306
-0.2679795381857128 0.3970298348911291
3.824412759848368
0.36090954210103365 0.3911110737667969
1.1986844059162216
---
21000
74
0.010627323711435776 -0.5785037665393507
5.135037411070086
0.12917180753389437 -0.545453703769073
5.352830238353909
-0.607499159083611 -0.39081821580237297
1.4230144766550472
-0.9538783153675976 0.703064868986576
0.24188096713338414
0.12511397381121903 0.047042459378210166
3.533520875946415
-0.7422613190232119 -0.5335886916927949
2.3335882407432935
0.010335144324595397 -0.5283209580209152
2.4920816010082287
0.3742640230220041 0.80981121420842
1.3114068307185374
0.22029866220770167 0.16947327963251502
3.009669742599953
0.6222623076260483 0.21975109272393467
1.9922032964799543
0.4334018814641345 0.4257422223142211
4.477960457201818
---
22000
72
0.6775160758344663 0.9284106699840128
5.541758210113148
0.7609589301765525 0.8357524615037372
4.32005375983439
0.4235382311988339 0.9606155028498015
2.069565037731061
-0.3372893580759043 0.4715340034987487
3.451263672430093
0.6293844111627136 -0.5790649977597686
3.2704137066448995
-0.5143885227784822 0.9007937553268017
4.547607041737303
0.32619394682657854 0.7110987226772388
2.706827998487018
-0.5273426818333065 0.42217525620889035
0.632195999185651
-0.008801123062356312 0.42312712096054256
3.0714105304686568
0.8332593807493427 0.9818399686175191
0.09031523205862158
0.779645447471018 0.9330202417709694
5.383400919960633
---
23000
79
0.17427412883747798 0.3054981004549422
2.699341293606271
0.9163005413082522 0.0020702804469849914
2.531331684276017
0.9579613101642896 -0.9946614015581035
5.6386932661068245
0.8996356482052544 -0.2525095004641699
1.4041076507086974
0.2765264721232106 -0.7487732671561247
3.97610794970812
0.6149411346560806 0.023383757561490682
2.743737028226641
-0.8992656834597915 -0.9731116047284004
3.490772829022296
-0.16966716768882106 0.3543591399646391
1.5000597508933424
-0.5673131510021123 -0.8297574999083489
3.091825577401673
0.3264259743225757 -0.014001929078086055
4.517527956636848
0.7143100739088967 0.43225961345475084
3.851724935835449
---
24000
73
0.5393620698378673 0.3568438913994214
5.274460241693359
0.6551936216354839 0.4910301069250871
1.1276857975202272
0.3346399510617647 -0.14737010144160895
5.005471212904168
0.6781230990017748 -0.591806364564814
5.203455433739696
0.8605097463879988 0.6305466930710218
1.4889370927682588
0.6432164081569189 -0.3776606840780193
4.7404621631115536
-0.6445972465129611 -0.033275127666937666
1.7019746297967542
-0.4154578114474681 0.32906852243464946
1.5960525154114027
-0.9893716215813244 0.49178911927360236
2.8611570297783198
0.7662990971189227 0.06566107745691463
6.17766060864245
-0.07921669428725533 0.25411989167791543
0.07429402203910573
---
25000
74
-0.09696090327077397 -0.4271511716019446
1.604401558011989
-0.7334758641357263 -0.8868927922748688
5.8052809927412605
-0.2334937532997939 -0.26131077390597
6.145198756892565
0.4684788619303969 -0.4215120081868968
0.4040574401070387
-0.629528376321788 -0.056065233911008164
6.130173619874891
0.9994558089995115 -0.9652466066910163
4.828810787541066
0.7299087679742423 -0.9882784519287425
5.274041829549195
-0.2932210027138554 0.6272593201211648
2.6710363429607575
-0.451824870264114 0.15349071937404454
5.009048665037227
0.19026807019192155 0.6548972733688795
0.4630305063636433
-0.09888328962911976 -0.574724242715528
3.448293177958001
---
26000
72
0.28114881215609444 0.42040800085533686
3.231748917990151
-0.4770398257907221 0.8150554868694637
5.880731703466724
-0.3431147096385854 -0.0817919439926989
1.9064553181755288
-0.9424552204851927 0.33883007120831526
3.330994891049767
-0.25441503206995086 -0.10244272761519756
0.8777356825608962
0.3696003275598255 -0.18553735401934174
4.244021885909791
0.6411970574692574 0.49718822417455916
0.3789107023782279
-0.5572398036810172 0.44988363010211924
4.796043198541693
0.009964531260661715 -0.9287117603494258
4.808591958981322
0.5129677600547163 0.3605152237062554
3.189163388293804
-0.5268587186580354 0.39980205386551493
5.6022285308455055
---
27000
75
0.11884309712389528 -0.8656235271045333
0.2736106059069553
0.1606086062136892 -0.9145449450906854
4.320704261802517
0.8859648019246729 -0.6740344284156691
4.3657638215380326
0.042997037495692114 -0.2520896976904011
5.072384425439199
0.2870127165025281 0.19902241636418294
0.11058012647424231
-0.3365852447632238 -0.6444482185477609
0.06697919941446617
0.1601618025287279 0.003568119853277728
1.7941364527429098
-0.09010195651432229 0.7381581420083628
5.1093393363612245
-0.2807462497460018 0.7004736628533088
0.8668589120069434
0.4448358975544024 0.23306880328767474
2.755347169390851
0.0691216326995894 0.11244357290643564
5.808656476825693
---
28000
73
-0.22724283081202934 -0.481466686736689
5.399380247386285
-0.2637100083958974 -0.15743828355688955
1.4484226227695016
0.9820252589558145 -0.9551272320936531
0.2232374089061917
-0.010811413077794565 0.43994685944835954
5.697331983462914
-0.4643592612261822 0.8414273623120888
2.3425613666275664
0.11168881540348352 -0.16722434850753543
0.9871337554924904
-0.33816616768665875 -0.6850011892000178
5.6404457210786925
-0.09061296382987656 0.046548095273229076
3.4364056549257365
0.8610613962101167 -0.5226925803457793
0.4082854427048046
0.6297040243661725 0.23267204747997222
3.654472286733534
-0.8130461731697116 0.7886589377384646
3.6526831846949532
---
29000
90
-0.935802674306748 -0.2189665144301649
1.816846464838798
0.8404421276716791 -0.33745244512847244
1.9822340187062988
0.0024719353721255107 -0.11956923773029748
1.6316268720307656
-0.4046711041775481 0.9552509778116354
4.857609710076902
-0.9457044849872605 -0.13135802123868717
0.7700823196115767
0.2679283113781923 0.0052103687878719265
0.1411902874559301
0.465140223139218 -0.09046388357696185
6.257486764383366
0.7260491514124485 0.3466058736249411
2.8806172808509904
-0.3397116806972802 0.7908673532145203
0.8898921775421433
-0.7343654985320276 0.3603978323392797
0.8651965345795656
-0.6246899382636196 0.3953557713990499
6.104440481851268
---
30000
77
-0.5062645851003065 -0.888561313958185
2.9550047344683508
-0.1693614895009409 -0.8557296337560093
4.4858853591503065
-0.8319908935432101 0.002226296916623337
3.1539334095110236
0.8857863928025647 0.8344454920416876
4.102728889210618
-0.13155690698307793 -0.6473097966450521
1.7103337610443896
-0.42443559719336904 0.7798306483532507
2.95150026471402
0.6147541737324955 -0.05785978159329663
4.944767834710832
-0.3030356330288059 0.874130495919245
2.0924365163139758
-0.9652480997162841 0.0028936226139370663
4.075704165430693
0.8482657333617665 -0.22306308237520384
3.8869875525165787
0.34496836627728517 0.5106083173287823
3.136081782933025
---
31000
79
0.012542941250692673 -0.2878272309101069
5.5290539694691585
0.13864261669074654 -0.3699427343240198
5.647002389599878
0.7997676748301231 0.9738832664901285
1.2754777681653922
0.5750047341358842 0.7351160332197217
1.6092259688052115
-0.7279700072250863 -0.5543431259219056
1.5734919078609213
-0.6503403165167632 -0.06088459359263573
0.8699396443592358
0.11781270154171833 0.637448500299793
4.76503388793463
0.533987517980031 -0.5471066051883242
3.179863867447888
0.8935648018117471 -0.5753160729124528
0.012867105095484277
-0.6755521567660598 0.9709183061808976
2.7760012513321257
-0.35118324235446796 0.3206858613323086
3.6517872913435525
---
32000
81
-0.7956417749385889 -0.36059720972480924
0.9986024941615859
-0.6112436928122391 0.9939435329757795
0.5791716704177512
-0.6726018973790612 -0.9355786708045953
2.494154649227503
-0.011477154354991175 0.03795272766789207
4.5125129657878755
-0.509299461373566 0.01801278913163351
6.088229435549927
0.08810442880888661 0.3141068849021627
1.6896803088041326
0.6273208733430532 0.7394642869234886
4.814150840167556
0.35268005847864875 0.6966332489602157
1.9736253404046922
-0.6207333195505057 0.09990321726001095
0.82298609279965
-0.28614084181697985 -0.1713343756786506
1.0700320199717375
-0.9934863239081606 0.6843814746741966
0.5281557165456885
---
33000
79
-0.6629220447324962 -0.07926971596433915
1.7648098229353535
-0.7476386952448042 -0.10240152221557249
1.308152723048754
0.6831246949879198 -0.4851419524635197
0.05252268433454077
0.851794771339309 0.15452378542124695
5.390060624863542
-0.9217130663169009 0.45391193984912537
3.070471680079935
0.04200960858550028 -0.8697194897084879
2.1834967989383793
0.4401242503895986 0.7500249179394141
1.2038312554253139
0.8667882830774815 -0.8640347060717238
0.06647774710194065
0.5535656364263177 0.3439168592721128
4.890485688617825
-0.1918904852122731 -0.9384698783259031
3.8699403791903446
-0.310776278696384 -0.9384078931512478
4.763286620574455
---
34000
81
0.7387134021681141 -0.4579211769187251
4.140456896177881
0.7789857158849132 -0.8440914358119842
3.5467780227367607
-0.9591204336099648 -0.5136429328858363
5.23644790810978
0.9878637950923936 0.13662417444637595
2.563271256836745
-0.3725248663863408 0.562855600963636
4.435738959569436
0.7179122704264893 0.5439484477653447
2.6788809920248697
0.6783156660867691 0.43758413615708625
4.7388272998634715
-0.8308900789645575 0.7447936338249302
2.9159437778943955
0.6136575036362252 -0.7940538558808177
0.8134620251705691
0.490981900286389 -0.03754750670741797
2.1037150665687347
0.24773119349703332 0.2693544321311676
1.7970891148976422
---
35000
80
-0.560726900615448 0.09099118766159772
0.7200197609971154
-0.4941170831629181 -0.36057345806588303
1.630858254442055
0.536071737430615 -0.5562056382504186
0.45075023707714745
-0.12986464000596543 -0.6900357284472026
4.882834801253835
0.2918957038330876 -0.618198086888131
5.470851865013303
-0.15397256400711593 0.5570260040449496
3.1722978894960647
-0.3158561939340524 -0.38591536071472643
0.5811748102546526
0.5944787038306902 -0.06253436600031884
4.7986681932941355
0.48198446313383747 -0.5535438760458159
5.855348482501068
-0.27219803723422314 0.2431578348350883
5.755705970508748
-0.2522781860807602 -0.3196101616648995
5.664682036815338
---
36000
79
-0.702128127281135 0.7673840491512091
4.936341895587435
-0.5174587513155873 0.768912685540356
0.6062103208889589
-0.010771946627074688 -0.3400832838682292
0.24557120945816102
0.9290643303161294 -0.5369185568219644
2.0651108933233084
0.8135817869136446 0.9299725235311282
1.9171987961575407
-0.3316489290030699 0.1392964494690137
1.0409524863534596
0.8336442264830511 0.6146268950896775
5.089585573288587
-0.22784480232521598 -0.9689969332753213
0.9855658269865714
0.20041248907641654 0.0699266742646802
5.333155540460809
-0.6360526292540083 0.5597048795571777
2.8128750996965888
-0.6575409512106911 -0.07651937318721808
2.8336174782300736
---
37000
77
0.34433737768019823 -0.5885634250794322
2.687886119436568
0.37520562056269924 -0.5552866562228262
1.2055927718045059
-0.5820501805008853 -0.36242146059282515
4.515003587167712
-0.6367460038300323 -0.11453890549980547
3.0572642014516376
-0.34733385527940525 -0.9990669334761786
1.8309694013106634
0.947741702720691 0.2536440987795357
2.6018958542392765
-0.40758279919976104 -0.648379670973061
4.793990317969115
0.3540344466948066 -0.6482816693484242
1.3140188800195762
0.55181599561485 0.817731484664117
4.422677685949162
-0.12815896260295245 -0.46744246060544237
6.122833136808125
0.44602667676830277 0.6475443815872539
0.9311486985414676
---
38000
72
0.2336005749105347 -0.2087926065141903
0.6338423822387363
-0.8054105695092016 0.00470042662297479
5.000977268789723
0.4973343317900346 -0.22025781729990396
4.995760848265677
0.930341190779108 -0.52291421693222
4.93126588970688
0.1386068093919343 0.9580616554951739
0.664827722659469
-0.06018049737353691 0.07722323370746784
4.056142173995512
-0.07201753813342052 -0.692666480309465
1.7943537351817413
-0.4257277721093714 0.34074254013310135
1.5276208169983052
-0.1352251902686316 0.734249743817497
4.683332965630697
0.9599251541091867 -0.24819254435365898
1.4214582759447731
0.1081843790370852 -0.1651763799853101
6.2021868182837325
---
39000
77
0.7761299684134622 0.9140571914210875
4.835071703952205
0.49772541543433246 0.07783269432675397
3.2588571419166463
-0.27814187448343425 -0.25028712667960235
2.1323714232541757
-0.6732632379278082 0.43219570306872224
0.7391790984224498
-0.14285483302052998 0.0029714045491377426
5.84785958346229
0.3678304355892396 -0.1537683966015268
2.3457416598718153
0.86026310823904 0.2460044279256351
0.7161479630386687
-0.04297486298351594 0.6358326872961503
5.554495091223218
0.46607346427279295 0.5578251043141805
3.5145119217767524
-0.0013813695301433358 0.48222395303320664
1.9507354987977843
-0.5155824088903834 0.11969128167150128
0.7873602006461029
---
40000
79
-0.9011768676522254 -0.6349265083517135
2.052665045326258
0.22312329858711538 -0.27325748851888093
0.7955438078089205
-0.9509145943472295 -0.10659713402750337
4.727955506092663
-0.31177693901471165 0.30115343794887045
3.1338749676271105
-0.8367958005153925 0.3932395442622425
1.3537865418055253
0.46208023622172384 -0.17745945327632268
0.11260654370977896
-0.09972323983783113 0.09153257295002099
0.620909271827407
0.7299923204022585 0.7783227044091514
6.074032668849606
0.3757652208168351 -0.3851787043239604
0.5836557987626643
-0.6876165065511963 -0.2253631691038282
6.02519746539522
0.5345680841990487 -0.5909380916180094
2.641649203501826
---
41000
65
-0.2512298584685216 0.7978326078381681
5.274016035901025
-0.23616022541340298 0.692675809396194
4.4121299129880995
-0.6281953866678417 -0.6192814078789
5.62295816969195
-0.6510002780882077 0.18564317438592118
1.2715542835355844
0.8831137252372234 -0.8116775556822473
3.2229769502562977
0.9878395175542423 -0.5353519829247593
3.892323083249064
-0.362776941426761 0.7460932685700712
2.258376558838643
0.7859576593223546 -0.8988861169677448
0.1455828092633471
0.8352918666472664 0.9927742646062017
4.757374525658388
0.6212236003591096 -0.3162864588911112
2.333394279458897
-0.6132951061455373 -0.35443043890465814
1.9432508660659868
---
42000
69
0.96174802196726 -0.7008444762609419
1.1311819608716807
0.89893046882639 -0.8326098793413012
2.2520896353171453
-0.5513476730494816 -0.9587748311905719
4.459845382873367
0.025657539686476064 0.9539383492845144
2.840010593940642
0.7540736625931249 -0.832197765738297
4.6179846958610025
-0.5174804542693284 -0.26277374899851613
1.731877593369898
-0.6169682154588159 0.2587811318508712
2.7191527347466975
-0.6746023872741522 0.9099394331784595
2.149547184266134
-0.05269081866396865 0.2684284367483916
3.3278987683445385
-0.5511846566508571 -0.348625947359845
2.31013608213469
0.3116905218027479 0.714334561896584
0.8444986562198098
---
43000
74
0.9765099596171309 0.4656953076513738
1.7166389001769868
0.9852133273968653 0.478137289571981
0.10295102890517871
0.27688664765598686 -0.9391636462195546
1.5864112333035543
0.6236043656709793 -0.460340306091062
0.14200920779947435
-0.47772777871011124 0.7672181878453843
3.9445274863575817
-0.7252677848738788 0.8503456027885575
2.89850555920739
0.34300179611814097 -0.5243468146331309
3.917174883124143
-0.6065826140361015 0.7198709282813288
1.6048021146530882
0.5411239793270864 -0.8302364394952166
4.559814571508971
-0.22706499133221997 0.8452473756776949
3.837045365488236
-0.8066180767066327 -0.9076407829806257
3.68577290779315
---
44000
75
-0.4256498440072848 0.4745685459225988
0.9222775375482511
0.02456680608567745 0.8621217800011385
3.6038406503835487
-0.40665502670003695 0.9505917206595373
1.1179126484252147
0.15214100683318482 0.25811780431425757
5.808725791729483
-0.801752539099408 0.5950514056164289
0.2771475076947638
0.9919266872173726 -0.12362264860983384
1.9343629975213532
-0.16308199885859975 -0.23886775827238912
1.9740914623953485
0.4313735250506626 -0.48756691577869926
5.441656834836075
0.9232132442470462 -0.3569539771969832
0.06888944318018148
0.08678185863704604 -0.8619911310704182
5.929881351622487
-0.7706569769272082 -0.013206237685219026
0.6089682511422195
---
45000
74
0.11533751617060053 0.4190005924850723
4.848935225192826
0.016939438712541652 0.1565621407275456
2.3134326699716343
0.13173088425509777 0.10639220111768427
5.55007094685914
-0.23326947617181804 -0.6298986517200599
3.4667268498407866
-0.41789801595175047 0.2784420933832551
0.09361854919990709
-0.7866854137000723 -0.4938223689798214
3.0597741554411604
0.9880593522775046 0.053620185596908766
0.7508584324489567
0.29539643577940505 -0.6878275341459433
1.6811966157895295
-0.26672145495100485 -0.6929979778783294
4.770071799648153
0.7841608870789128 0.10307167986018065
5.957791723953516
-0.7678655930888061 0.3870618953157084
2.724137275517328
---
46000
80
-0.3973735353631667 -0.5722533119978718
2.7510529323366373
-0.5504048081210098 -0.44480280253771454
4.470133265885713
-0.37821752732630637 -0.09431325466400736
1.2009288222201278
0.3600219418797216 0.8039596094421695
3.781518138153106
-0.956066840942099 0.03728363891303982
4.8986040992345155
0.12319480742577459 -0.10214020778785159
4.988682842120027
-0.8223865773244898 -0.8088098766842476
2.198956932472992
0.20335385100788028 -0.26000158795868167
2.637707851412358
0.38673272093460137 0.8210943534240667
0.134884313887901
0.2655231325916605 -0.08594709627975555
0.3396842695743041
-0.8658182136861114 0.14560000647534066
3.247441978815729
---
47000
72
-0.3577022551912698 0.4914079703494933
2.5275033607536317
-0.049030807265356274 0.6953728443991414
2.4564056069877687
0.0661342146609762 0.8586772192232598
1.192011766369304
0.5494469246920353 -0.5913702738473988
0.41191871172031647
-0.424960490112577 0.17965547612134067
5.301826518624111
-0.46125570133263444 0.683164774109546
5.37994614069841
0.8877347519518751 -0.9596770108273517
2.3810648179579186
0.24363762241371803 -0.756828117852149
1.936747258879283
-0.18208723810320898 -0.9420931997893716
1.8202926150791452
0.39228298257224264 -0.29314329532040595
6.083095379588939
0.27580481791227957 -0.8198764350835733
1.932585137868771
---
48000
75
0.4609616812449377 0.551102391096165
4.443494379526026
0.4779659074483278 0.5703825883305234
1.4020356155907212
0.15421528543546026 0.3478298454483167
3.1360700964288775
-0.7589058218922414 -0.3369110055706975
5.637072504119407
0.6942149767330786 -0.402609434530734
5.747673614110626
-0.3840916236210586 -0.2594608719343883
3.0058334780768146
0.6013101429460319 -0.00041330647156636105
5.075146177436093
0.2552970509086829 -0.6675268532368095
4.556653484154227
-0.36709815368956755 -0.06677751610336066
5.396512931268698
0.4852238539926312 -0.12303022833673642
2.6857916532829558
0.22934525871379008 -0.4815906717053884
5.584229296878853
---
49000
81
0.24421169130643694 -0.8196401335839704
3.637904881521743
0.17771501761675912 -0.804605482788613
6.094877601274096
-0.4894477955446895 -0.9614718193225255
5.1418328413991246
-0.5249469129921014 0.18998527132617982
5.051398175522608
0.6415165798335815 0.34166859628967017
4.899475501550422
-0.38524112091766716 0.39525301334424157
1.7045249526150714
-0.12988317222889154 0.6968762438045587
4.450829506122961
0.7018540423136405 0.3767810905855091
2.5597187591307105
-0.21801176895529184 0.7851454794838769
1.6352760770427874
0.23199249236514813 -0.5239273902108639
4.741345451390118
-0.9155548911529721 0.28345335379882375
1.3245813956678818
---
50000
70
-0.42441817998356146 -0.7376065713511272
6.167230012538315
-0.39261577418553034 -0.7298521957005755
3.3134284375785246
0.7966445215925504 -0.033818531430942045
2.955775081553732
-0.6073968402222347 0.1537732077228574
2.1044564160279196
0.4732142757733603 0.30363862343408177
5.738132546030054
0.5272756359295142 0.7065555813656245
2.9009985674974477
-0.2751853026257476 -0.793183417947842
1.7193074445723644
-0.46532884763993765 -0.7024147379095258
2.0775707914063872
-0.49474462851782025 -0.283530148053168
3.779520009740957
-0.6416448953548344 -0.10190770043779074
1.6100343453239851
-0.567455367608632 0.6964973007420917
1.0412236345138766
---
51000
69
-0.5758045147907219 -0.7315843179030868
3.068949252114385
-0.6170217823188692 -0.7369905051617732
4.5462830834768155
0.40642369716500903 0.9159473748231374
0.05995280212617349
0.34516908478360936 -0.3567415699566993
3.9438937852420626
0.9708604839359865 0.9654300708187239
1.884234364440088
0.7197778997459952 0.39980936417080215
5.816973110911732
0.963177200526272 -0.15267419901114856
4.116470146320582
0.3728808666480348 0.19911973572977248
2.8364078454798713
-0.4363325521920983 -0.6959615031328962
5.188000895271409
-0.5165030767726612 -0.3428541410405866
1.2520830392257771
-0.5748617701416753 0.8066470232698318
2.4358228107410484
---
52000
77
-0.5107051475183009 -0.9260880793278655
2.5262750396170186
0.5255365100777518 -0.1445722880324383
0.5811010098125502
0.05449303492472521 -0.6763420522131212
2.741679990326168
0.829729791957668 -0.6368753187503148
0.9723076889535012
-0.4832910922490512 -0.2994726422076923
4.980591429747909
-0.18129798255498272 0.5977384648940437
5.02687525124077
-0.129457896718379 -0.37152554218650397
2.2389516404873104
0.9759327035507819 -0.22142121644841756
3.7131637005441887
0.6090266709532741 0.9637587663688478
6.026346033555919
0.8279398851789684 -0.7328355003362813
0.9235354944630565
0.8514496585667884 -0.09449490178183687
1.6632159029719453
---
53000
75
-0.8501332977307473 0.822748519582755
0.2865275489596885
-0.7786383073970544 0.8099860257686415
3.9625307744486227
-0.39358810148153445 0.6229711947034897
2.1042598728379662
0.8784096504473177 -0.47106800808717747
1.568864972506229
-0.903173832631212 -0.01567481191683618
0.5334767365217523
0.3379465662704073 0.5018560366695313
4.395932807643195
0.6139518714581189 0.19263213093999998
2.5709549585497937
-0.794909152026425 0.8166844891891653
5.144165681891767
-0.12734112473361064 -0.8740060178830851
2.7785351727600496
-0.2993814079817042 -0.19035788800638953
2.687285708222854
0.8687622647989265 0.10062922336282087
1.006684528121026
---
54000
69
0.2724239076499203 0.6235541096247756
4.500422222596649
0.3598589246769795 0.1504122859073786
5.1365625010316505
-0.42937887676179265 -0.3435940421408791
2.6779542775314313
0.7767169317297069 0.6275932557785713
3.64084536133955
-0.8903845421097454 0.8830756682312668
4.174617732323886
-0.10682900901505428 0.40967115423744094
1.5950079755080546
0.14872342358339993 0.9897785506872749
-2.099727413143042
-0.80371076556087 0.0027402459482221576
3.485628919596553
-0.08593534016034834 -0.7999348018100515
0.9800980698205475
-0.7963400342383944 0.34149430391274327
3.4252156612284734
-0.956096523519831 0.35077224159285286
2.7104809057678603
---
55000
70
0.7741440888283441 0.9741990020836567
3.8375598510194124
-0.2611991834018609 -0.8015741083718686
4.853183929808472
-0.7556280669896027 0.00032769525100539987
1.714419028180826
0.5281937874757305 0.4216226135744774
4.643513187779146
-0.4420656427108532 0.7198525758372354
1.2893312002778679
-0.49121708064880654 0.1763877586226663
2.883946895008984
0.21847487923879183 0.4392521892386871
2.21351606444781
-0.27685581747683696 -0.8328542860998976
2.9205063819903643
0.9823302196771353 -0.6136673348722903
5.373758114166159
0.2543414912460306 -0.5579531356419007
0.3054880876133952
-0.11716878717699439 -0.9019329494297369
3.366243504920331
---
56000
78
-0.9101474234528165 -0.6970258397775674
2.2562383409515134
-0.5125336494572076 -0.4985379681975041
1.734586023450432
-0.5980361169238435 -0.4558199799448762
5.138844967797114
-0.6423485135003135 0.9703667083120447
2.130282966053504
-0.7263598521776611 -0.08032732317633806
1.1741784074185402
-0.6430936201352906 0.037155112975079466
3.7032461610356693
-0.05169327934609747 0.24334222323915017
1.4248050500162037
0.44905257487446887 0.1069349489382181
1.4443574834023556
0.6808055285365864 0.056260669643879074
5.031588631350233
-0.268616092386719 0.31798492122008504
4.921570309163923
0.08357580092554837 -0.05936747075674068
2.0263684742427355
---
57000
75
-0.719485712029143 0.5796151120465887
2.0398984297229745
-0.888269970268806 -0.16541809601014623
2.2384350376043836
0.89046378207037 -0.16946681131576005
0.9873377954321629
0.007044687567694753 0.3877835877124032
1.8226955244067486
0.5787906821445256 -0.7999681751154445
1.8819026469391966
0.5038830120780832 -0.4862238991090715
0.7053159699516298
0.34156549292477656 0.48300597455749683
2.077749177768511
0.6487404483172423 -0.5316483333288964
1.0325771531509709
0.9806710786191556 0.6595062919883143
6.119598618816637
0.6532900309399099 0.44290037687010153
0.8058310392049175
0.5996651109741085 0.7509115170368387
4.7433484777909545
---
58000
75
-0.09784857009687213 -0.11259945796672424
4.766672322794285
-0.6332374003735015 0.8523305244990806
5.250157703408419
0.39554966072058717 0.15549896222638376
4.92744719918502
0.36029459006903825 0.3028731624029949
1.1764375835295704
0.9473617779252697 -0.565471817740083
6.027621978322122
-0.9491520173403706 -0.8138268141649964
4.615296911545541
0.9013509448997271 -0.1411297801738616
1.27768405829321
0.8012427636609777 0.1650421984742711
3.9063637311018287
-0.8393113716411635 0.39280914466902256
0.027762908136510944
-0.3982666367692196 -0.7654863870578305
4.163388736724025
0.11818464381178928 0.20400533098259016
2.9147053590063674
---
59000
80
-0.40985893951689795 -0.7563881791492141
1.0424509908907964
-0.3475301336553196 -0.9263413866093209
2.914693089980058
-0.22301120816452533 -0.009704261424799496
2.099511139968249
-0.3691602328521772 0.5337241706121224
1.1687067479990327
0.4916273327465369 0.7078313920997213
4.485089311377237
0.924354673540341 0.5044689538786313
3.7609238284054136
0.9178131291148284 -0.7647888040728876
2.6250562557612147
-0.8539999450497404 0.5338309013809213
5.972094834211579
0.32997926550088136 0.24613361456398195
5.759894666114689
-0.37383504098511006 -0.013690681812953399
4.8441897611817435
0.7716385809764312 -0.9383014590897781
3.173349377657476
---
60000
88
0.27071434848919135 0.6597324660628459
4.369620154678847
-0.20321181130547422 0.41230127985105486
2.837268430747133
-0.1549649183188579 -0.9461713891811112
6.027824362712838
-0.99813896951454 0.059445029380918675
5.053606882710351
-0.376269459176871 -0.9451229333611556
2.8575416149809127
0.09458442913342036 -0.08785273868531077
1.3700915906833364
0.061188704283445625 -0.22178741034392618
0.40160816356156825
-0.3100100936108751 0.2968168842850101
5.370231533110782
-0.8549747951437489 0.9978174497561111
6.218272000867219
-0.655000093371949 0.1390745088192005
5.956798580197728
-0.23782329915591707 0.74721817762978
6.090381047390583
---
61000
81
0.3473284589373343 -0.18887335578018719
3.144858299654139
0.3592843964012105 -0.18932884870606675
0.02975094853226601
0.3336522277341772 0.41902516243361443
1.0485410317165496
0.6321064440012537 0.35851572166623635
4.974596899223725
0.721416214397892 -0.05052719073495244
5.053304009336307
-0.16930880403043405 0.11186687231242726
6.182972414731249
0.20892817458294496 0.1620412678328562
3.827092419150393
-0.5207156237290702 -0.20238189740366413
4.545868563485042
-0.9733009143359637 0.21226025360376874
0.5911415357125493
-0.6851543591772385 -0.40413406673585195
2.9365258989460417
-0.5716975169488737 0.8815982903377778
3.876888327858235
---
62000
80
-0.20006046985793768 0.6056440548166995
5.15135142307566
-0.22309072063604923 0.6112940815309829
4.309253568730679
-0.7313017491616001 -0.707512602699748
3.8922275296349254
-0.9870194013925562 0.1508797514901138
1.2150961893576318
0.2520104043037156 -0.46837859679179716
6.25179836009326
-0.7457086560349795 0.4456396290581107
4.353946158522625
0.11262633172174527 0.8634815631313942
3.955455900111615
-0.8425398048328102 -0.03367378509383134
2.41649771912444
0.6813364417965281 -0.9938327327158094
5.637646749244779
-0.453120442848301 0.20353687800106934
0.25843807806287344
0.6734384303567175 0.6034244074322339
4.000837813919398
---
63000
82
0.890618025333264 0.5511272075783659
5.158507036712631
0.5343542963107165 0.6063689408482916
2.3849852397065643
-0.690904233695234 0.5380753608410198
1.777015557933848
0.8743768754806409 -0.07687332109720965
5.727458711992423
0.4228826936974456 -0.334393097712016
0.4415880913448378
0.6221601404353765 0.5005310200859574
4.049602027783207
-0.42224269650152635 0.9430691260658625
5.961704175580483
-0.8973388485533544 0.23848671478273803
3.489323786328133
-0.2908015495909124 -0.6220058639014399
0.8064682009728399
0.6020178136260415 -0.8989525643591355
5.497297023458745
0.5228334588047749 0.8467683530293917
2.8722192488784355
---
64000
90
-0.6694341491593631 0.3565800969966339
1.7389216599985322
-0.6599959792664591 0.37934272024910815
6.064201962762752
0.22171213851050334 -0.9768533659627323
5.980344199734967
-0.0804870496017031 0.8454891696626393
2.1513450049909455
0.18908242224781663 0.10097425476094575
4.711142341981859
-0.5095500916465006 0.5849582614746395
0.9588338236514966
-0.38117499055331355 0.5672265140735803
6.141965887668591
0.4304884978683471 0.6052906686260426
4.689407271220236
0.6820651030340934 0.35997795856658427
3.702858913272352
0.14558242416245099 0.8424366972433877
0.34596541087345845
-0.8539587949082602 -0.4069415526409734
3.015570807596456
---
65000
78
-0.8749697468376202 -0.5172454147987915
0.10592568547903625
0.8725870159743672 -0.2983547322279127
0.2740223729310074
-0.2509523588332806 -0.0981229628855436
0.8780956755207923
-0.9441554414243741 -0.3518806230066299
3.7711646598714808
0.4329958123419688 0.2834012074280534
5.043862515189556
-0.15335868522020835 -0.6374132129858958
3.1515547071884367
0.9069537284555123 -0.9445775826927338
2.8180203355702798
-0.7610006824977492 -0.5722836924783645
1.9192754995988608
-0.7081095188909896 -0.1214381391311399
0.7381250056728703
-0.33392556730732514 -0.48221346310281965
5.100432691213824
-0.9489078656911797 0.5687012102088608
5.692829739442409
---
66000
72
0.3606230265739184 -0.7446914930134287
5.037001697816945
-0.3266061162625561 -0.2941144859334437
5.592940551349474
-0.662562035624864 0.4573332613257794
1.8557418401546415
-0.01882515618001876 0.501280748531249
1.580518604398336
-0.5823258049472433 0.26964720819911797
3.537812713430559
0.8662844818836507 -0.6134616711269365
2.3235595697644436
-0.43814076586233214 0.4689054906003237
1.7690401908789601
-0.8547161594777081 -0.1590415897705767
0.005430362999905736
-0.05257837778361424 -0.23223606571237054
4.184745209033946
-0.31850679847805097 0.3763685978534529
0.31308546649423263
-0.7237210551503863 0.5333839578167603
3.1099650467001734
---
67000
78
0.6824923430345738 0.8170674793979308
0.035415047047840376
0.2033797128467155 0.9686514119227712
4.896685378293897
0.682736147490317 -0.7191736822369134
2.7921241542941964
-0.7555452300992794 0.3147487867405028
2.7233798340054207
0.9059666190560006 0.21130546382032656
5.052789040498421
0.8420546328821852 -0.666234822909648
5.513803102797315
0.9245913446648952 0.47274574042463985
0.836627819635166
-0.2687382775533976 0.7958853280814362
1.8542773987035783
0.2189352842758449 -0.7985235503841601
0.8029000506644595
-0.5026883644543135 -0.6519374573697708
5.115068667535655
-0.5024103124527992 -0.2768393202624785
0.22455545761762163
---
68000
83
0.7978477481662177 -0.9532218813286513
2.1287795051410465
0.9850584872275447 0.9957875448219398
2.202499288641582
-0.8321527467294757 0.3861115508420627
1.4089494752606413
-0.31173636163744034 0.008259898546398588
4.555439083648814
0.8620288968847071 -0.03046344799265463
5.526688724565544
-0.8735807097000198 -0.8125516643141116
5.365726057238374
0.7985675439715697 0.15842528394978517
0.5581365635248803
-0.4549604019161446 0.28952528787433607
3.2014977113281384
0.18390113697068783 0.5246939396241629
0.2838016449530265
0.0720808930670323 0.7337340324343117
2.9902043565053775
0.39262621649382534 0.42516385355339403
3.089680016041661
---
69000
78
-0.9783378870225596 0.36756586472812053
4.4913150411191936
-0.7132356552781489 0.25695809043342804
5.094520251525968
-0.7493832121651232 0.21995280527391514
2.1947887854660904
-0.39293974976547175 -0.49173130065512194
0.4254402788893875
-0.05320955151260482 0.4153502212757933
5.764701209333919
-0.4735480423098882 -0.4393552304863804
1.4371370567131077
-0.7538642123062755 0.7710682332164347
4.837590959992539
-0.03675875050239591 -0.2891441903842847
6.037585931626971
-0.27552569792813064 0.19386198740360067
5.097348991813396
0.4418565227558787 -0.8394089296291795
1.7705514303522896
-0.5344997539322386 0.8947826460285551
4.457216961958235
---
70000
74
0.038719196065337004 0.2098503436731191
2.124774412876049
0.07520804085269273 0.24288352273853642
4.934459237506001
0.49592350495237164 -0.8722604030339751
3.4429996438993395
-0.5867753428802996 0.7434654762635848
1.7787239501971088
0.5635050603386276 -0.6020623831063872
0.623471749927301
-0.27700457990731214 -0.435942716119105
5.006794788420576
-0.9826301022411892 -0.274456198132383
2.5554782208361466
0.3872925889859342 0.8471121134284698
4.2211148897518225
0.49295361810710125 -0.26967391626722614
5.094106844324589
0.8449412712407691 0.7812497263968765
2.9754398997966156
0.7223737690211465 0.9678267640780447
0.13501294906997074
---
71000
78
0.7327205939193093 -0.327838540205576
2.007374559831767
0.4778218005737767 -0.2776094124975686
1.5989527771837029
0.45979812998066216 -0.41684803213639654
2.5484057056337637
-0.871925915304339 -0.14908107129840528
0.298097290792934
0.8008610425038254 0.2645083961438146
4.367743299070238
-0.23165892092684262 0.8910932820149999
4.001336120375857
-0.44178172652380027 -0.5396012557359817
6.107961265472385
-0.9054751643459484 0.8189171330779436
2.668373050673667
0.32229441358440886 -0.6489000743490472
4.512670484102579
-0.5748905351890836 0.27278872088731326
0.6852389186595884
-0.7226152020830479 -0.8205937652749222
4.85345335041321
---
72000
81
0.13605305789855854 0.478905598952327
1.247424925375848
-0.03306223714705121 0.7214419538099477
4.511159919142202
-0.8960162722743575 -0.7553225478591546
1.2429777163418025
0.3417155157252568 0.6144264364582807
5.544746895265941
0.5857793625756561 0.8403848549206074
3.4040209628496996
0.9826138976342932 0.6581938940224601
5.630532639539322
-0.6675066309239777 -0.8656893761047505
2.972034630918416
-0.5422384794789098 -0.2936612183569201
1.8679316312942849
0.7857759205496206 0.9038584688329145
1.9214395726717592
0.13127787359479515 0.5074443829673748
1.8342434572556305
-0.7283528802892576 0.2456651063828249
3.5406846780754044
---
73000
79
-0.4166444895192413 -0.7703727368169473
3.7314620167437664
0.7360734806742646 -0.6199065866043199
4.650146895552211
-0.8217712598795242 -0.3008012609903994
4.129002997334744
0.07590837686193908 -0.9014401579834729
0.30899079087726555
-0.39433959445592787 -0.7734900219320987
4.048806262661434
-0.08234447506719977 0.8554922540043981
0.9647632965740147
0.10533892005017348 0.43018171221026685
3.3126492772891343
0.9811800393445987 -0.11165119342783797
6.124358974399044
0.7512758625145979 -0.5495438089586745
3.733874554556122
0.11986429069108334 -0.6513625791431777
1.1076200769225732
0.2148902472917027 0.6857500392110822
0.9210701137603254
---
74000
88
-0.7339845949775244 0.7922594925449298
1.6702095686819551
-0.6944363057964839 0.8002722687162839
4.238742199267966
0.12238374905993851 0.2383616982262329
3.2119519355699593
-0.9313637936448589 0.3733055923532558
0.332269598623137
-0.03537330749982325 0.7438399447685449
3.430033222917557
0.4595847363915796 -0.1506196178021678
5.81275713257603
-0.3517928429751196 0.5166200897992281
3.2850842250890224
0.1073223201947582 0.6617842323793198
3.7600941446561382
0.6234184827575693 -0.9279210533359951
4.966888624216426
-0.2434114620111466 -0.911795383507581
0.17118306445364428
0.4405553073598907 0.4688912207350999
4.7819544946393
---
75000
70
0.5708861445442653 -0.09422779986213248
0.5030823474829413
0.3183906000986153 -0.16339692394965563
1.037674858331121
-0.2549516775204722 0.01399665769867528
5.584645507235004
0.11180036789664476 0.6103585254561726
5.9222635754012725
-0.07282513164949875 -0.5736688899427774
1.608094553404106
-0.5381104118581703 0.20731776178603636
4.8169000467855785
-0.5363839196448698 0.09959603114402109
2.317458169457083
-0.7971776849443765 0.34225630721397465
5.013346163261271
-0.2956227263160121 -0.09654086616206778
4.602798854967379
0.002087225970831934 -0.306805831243427
6.115787898518939
-0.7323947074053059 0.2623550360837726
6.035937211536809
---
76000
87
-0.3833023825935765 -0.9199308725661796
3.404702460544103
-0.7533253548945621 -0.42034544716606115
1.5362495849730173
-0.9210926354435084 -0.9223079066898697
0.8795961568837951
-0.9234262831418923 0.1631834520402725
1.6799820857723047
-0.6830259324575454 -0.7752199094620066
5.011086422312621
-0.8309551147032374 -0.17400369262676085
2.4669505997512333
0.3551345142631903 -0.30057298072537475
1.0207006530797607
0.34190977698674 0.8675587560842678
1.5911941335257413
-0.7798945323070563 0.8333101776591711
0.21061422691544163
0.881408746530113 0.32330252079364064
4.424708078720038
0.004908093211107072 0.6814680610344672
4.995923248163482
---
77000
79
-0.5191192103421396 -0.7321973536443276
0.12029540369250276
-0.658594300592848 -0.5040269871971444
5.25461622740237
0.4797091955676952 0.7407976656278052
5.844156556541133
-0.6508877672024431 0.46720358376092286
3.9440688626732507
0.6385638882897893 -0.010546867081051554
2.875745542997099
-0.47552937269887574 -0.7293926485693845
5.8283185384479275
-0.8988906914828249 0.2953071840663247
4.103137467834654
-0.6353088941856285 -0.3458553039446235
0.9044089729734965
0.7153766441615308 -0.10169210299600416
3.7603888628668445
-0.329368729962386 0.2707024435792159
5.411462894629216
-0.22874550637208485 -0.3291546021605689
3.4874264674253777
---
78000
84
0.6728855173405669 -0.12948187456060212
0.8653366366343085
0.7093887077819212 0.29463785042505874
6.205756530721874
-0.5563220027868027 0.11037957078990115
4.462694037281426
-0.5456013937931853 -0.06903555080098685
3.605264180485321
-0.09907707639572144 0.5005573047675117
1.552803298971142
-0.16904144431228807 -0.885993576498323
2.1187157556098573
-0.829023665605729 0.5393756588849798
4.686469517474146
-0.2550520566573173 -0.9004506245135638
4.3469317434248715
0.962080782670924 -0.9215816945445611
5.911851000678138
0.030701506259072916 0.21247409294789354
3.6363197711572406
0.6387091676666578 -0.08106703464319794
4.409408450783076
---
79000
76
-0.9420559981587673 -0.03150276839699529
5.595274094588474
-0.5551990814820161 0.7311647645546057
4.448383443889231
-0.47029280082142766 -0.5560364092950439
1.9911897792375486
0.09534347112489393 0.5556609115735889
0.47442300208814636
-0.9512487482402476 -0.7330370943332319
0.3467583838250894
-0.396831795152301 -0.8292036609046853
5.855183125592726
0.33702481178648447 -0.8690967334996463
1.23033293634803
0.6297422127850456 -0.5723000237240299
0.12313140661305866
-0.13972285485901892 0.6314434781938295
6.029822943329009
0.917163641154542 -0.7828966046217765
4.639054028317982
-0.09641826365515732 -0.2617626456854389
1.6952182167071042
---
80000
86
0.032759994447667765 -0.9615883806786482
3.6359123361263057
-0.11365881704382033 -0.9897132973658185
0.34507496406613747
0.8449351505338855 -0.25395287872111705
4.244429996168668
-0.6825381444148269 0.9536096140710605
4.816287715896109
-0.4157535547659002 0.6434795844064358
3.9453919711598573
-0.8023800121771695 -0.7226711467084836
0.4510809772369191
0.7953204606169229 0.9887124507445872
1.2058527078010544
-0.0759016312776738 -0.24855162369252576
5.804455508322003
-0.7442011878309476 -0.6986974239810253
5.8357219495093355
0.08729099823056849 -0.37267184267132597
4.689895664357297
-0.8682245194275818 -0.6659626592639263
3.2407955065336305
---
81000
77
0.3289062441402104 -0.7954662500900187
3.8591507824168936
0.06924761858686435 -0.660095583795833
2.7556525166676478
0.6007923629933495 -0.15466225914603388
6.1991689048396434
0.277313758988085 0.5993590633086453
1.1462607683873918
0.9357488683817593 -0.19432030472180759
6.271157671401381
-0.5536575452572647 -0.49028262873612294
3.829632588921182
0.9089750944583563 0.7644079240680539
-1.8994307545900515
0.591478680883515 0.7182439237397037
1.5941384067028093
0.19567258111657868 -0.6557383118387232
3.8753555982859895
-0.07856825225769708 0.6953237021158034
5.800275759005373
-0.4477669669184483 -0.6602075317768206
3.560901107673181
---
82000
82
-0.3196695422765949 0.342774240825806
0.9588879314800396
-0.32849779736117574 0.3465182114602423
3.8168848643195705
-0.4171093131044791 0.9922372598727043
3.9036231092378646
0.8387844793761522 -0.8423380323477422
2.7911564852206725
-0.6565956632695985 0.13787210752099613
3.6616224864613818
-0.2449355060782344 -0.23607988915926725
5.385101144129058
-0.22296906277090875 -0.5972410839055808
4.080706684546639
0.8193771030082827 -0.859013401419373
6.192340419452083
-0.43813399770531536 -0.44027935637651266
3.045575288911178
-0.36728460414778535 -0.20194483914281713
2.967838230738879
0.9129713810349179 0.3416210588425884
3.955447386830804
---
83000
86
-0.2749788633020711 0.6847834057341763
4.699243206353719
0.26727030388131423 0.10580940235796547
5.124491309146191
-0.7573414549584497 -0.9783384880032804
0.06645189705816179
-0.6451383217729564 0.9377775183036293
1.8845713450983848
0.7784888434419643 0.5599517295870212
5.4383977064900355
0.30175989879072684 0.03874873692817819
5.657730079159687
0.7127725278929332 0.48117944397149176
2.072344062449682
-0.07170889555800067 0.8098836553533676
0.7992305764332786
0.35898005550500217 -0.15518277022174665
1.9080741805108454
0.1156685862154106 -0.5260838490493271
4.473545745004057
-0.3385589478616433 -0.8190234473564093
2.980052505936106
---
84000
90
-0.6911299916438163 0.8038551366309001
0.516248600445894
0.9946546443959738 -0.713232122616734
1.8117711641280358
-0.038203878574267075 0.12429946081807794
4.539957539146722
0.41079855870773807 -0.3624855492118093
5.499473026703937
-0.36169643979061605 -0.4850300468027039
6.2379969809992275
0.8540492989667846 0.2967427269631583
3.4332525249327386
0.5941797002350846 -0.986237602085724
2.6538834233451176
0.11703562222839242 0.08322047064839426
3.3275892803264506
0.3925695806419433 -0.8506086489387744
0.5460577917880682
0.49820654713429713 -0.4384548468924695
4.485884715215103
0.622988873081013 0.9740539355866746
5.1839159627508975
---
85000
75
0.3315897052511385 -0.77165276600905
4.0207636169501875
0.14165607368003533 -0.3062587013840074
5.076549490231465
0.16578504651267303 0.9782440791470194
2.6125798871839185
-0.08524012990419323 0.43166994431344496
1.0042234176455782
-0.6807026567492667 -0.21668439076387652
6.157087693479068
0.15570843980863544 -0.035934468240493345
3.1916538137000074
0.37852899577795723 0.6292680210210442
0.23445853466012423
-0.06975573054069738 -0.34196425435675526
0.9306936326790032
-0.7472711964711486 -0.4735479410294852
0.8586917338768627
0.8905296634199468 -0.08452359413657054
4.840502284340933
-0.20221549530987498 0.9636113255169536
2.3033909038736002
---
86000
76
-0.5938088313869445 -0.8000987364946254
3.531948469200666
-0.6456962158985702 0.9920436300888109
1.2557056694748168
-0.6482748633414124 -0.582651858593942
2.1765884934239157
-0.8603483780843613 0.4342858894762461
6.039210364363976
0.3682218801070586 -0.3075643024735078
5.924611522545122
-0.11434017082350248 -0.10253026756375044
0.6523438164359066
-0.055806601361722594 -0.7413056011289334
0.15208691674739416
-0.8286066890438302 0.7093571351009407
3.2148225437673688
0.2466168076183643 -0.8255946607205349
0.3297295243997569
-0.3297203015244425 0.8560668378474479
1.8124082286201517
0.7559064983401234 -0.3018071208431914
3.5331335222352296
---
87000
84
0.17456153358231083 -0.86255902190779
3.7430324351791384
0.1482554681574289 -0.6171851987477643
3.584270426255169
0.9078774930566063 -0.5686010546668937
2.81912922301989
0.8473809040495217 -0.6038536265383925
4.116079671294971
-0.8735611143510783 0.8110105311167938
4.920279082142822
0.06244974674303479 0.4044414858631666
1.4833268699087174
-0.8172794336573428 -0.14074524749330364
0.7113945489441011
0.3397033663535696 -0.7016826926452333
1.5951435109684802
-0.5676734425205031 0.06887642653533758
3.3044353674184768
-0.3314918646159896 0.8566771966920791
3.7677389565750685
0.08749485908005797 -0.862058302482309
4.637490589108234
---
88000
89
0.8244056050371797 0.48636318250199057
2.84731241905543
0.5970050157395528 0.5349233095655256
3.3500574653183532
0.7574411591170724 -0.6473695054138827
3.060229713460256
-0.48805448243770105 -0.8955429028256685
5.522812438312354
0.3117583237026862 0.6994930166353491
0.997984372531473
0.8892846212230175 0.4459512113708964
0.834388717812586
-0.9976805950981457 -0.22295916903320423
3.037052646293949
-0.42074834177017495 -0.5749675017654524
5.533037703271427
-0.24490287285381068 0.9488696616208028
3.2449080364369456
0.7341415774648066 0.9831976152126374
0.3818159555901186
-0.35912770417734563 -0.9980287880104391
5.762071528474908
---
89000
72
0.11350657699818692 -0.8685131194318819
5.577548399216746
0.10199716863483721 -0.6749250551761763
5.549967570775951
0.04407489063671004 -0.8619967926394911
0.7262414110724968
-0.2952072235820149 0.8017755210320858
6.263111887653284
0.9961172033509332 0.604578049272769
5.810507125147046
-0.5911898436799833 0.29965276747313035
0.5949892406036312
0.8246591904126302 -0.9413531688026802
3.1364016119215874
-0.009375113141487569 0.4148500422858921
3.7875914422456347
-0.9305142215321047 0.45775585149543196
3.1620717090227948
0.8537189959615805 0.9977662735057543
0.22675936421845844
0.9855983884678747 -0.11031970150920385
3.229495258658826
---
90000
80
-0.7519624987139923 0.30444537935665167
2.189788190968126
-0.9098192645868964 0.8027063748433554
1.4882306673231436
0.793093064770265 0.12161482125272274
5.4024479901323215
-0.587171530757277 0.24684131744626508
1.5910700009671155
-0.09942537171309654 0.6934717036617127
0.278110805746432
-0.38704085116804204 0.9544144093733026
0.11707374380169333
0.6078006572122598 0.3713065736505563
4.342912854171081
-0.5324740094655132 -0.7824488893226684
2.770576558910812
-0.3369481046895452 0.40474528276315724
5.089849828909593
0.7565795598772962 0.07999427050428314
2.7883131989741248
0.0867358472067622 0.08425241555490035
4.975184301305973
---
91000
76
0.38750661635639216 -0.46180403817340393
5.572692703571813
0.3912051530122226 -0.4814153966255835
4.06462541291417
0.14140533830209887 -0.7755576748329146
5.792953924766854
-0.8864249538563214 -0.32065566187783884
3.4586487165505897
0.8925252650746128 -0.10123499089220488
4.584495211236663
-0.16295163791491402 0.5520328160096623
1.3956974458749558
0.8121948045989626 0.6809524280772051
1.9346637502541695
-0.9115224163096638 -0.37659626661997225
4.829610559820921
-0.44784782798758305 -0.8359725873435024
1.4568296159233523
0.6253244457229695 0.7019183376308895
5.808595768400402
0.7981430968970514 -0.9273447123596985
4.201378988277313
---
92000
85
-0.5136534286763841 -0.7716532679305974
2.8609363812503372
-0.4158444783386036 -0.7429067285835735
2.2566224020508043
-0.24580066785334848 0.2724009284349413
4.072768528823616
-0.1550759853963907 -0.6691415961586967
1.4075594443859174
-0.02503395029075397 -0.8204177270335689
3.6419280033790127
0.525910000847258 -0.3314482737647088
5.578111917030938
0.4855321449063192 0.9052825219921036
2.5966350577598725
0.4833305250717521 -0.882202418514653
1.0490358457168876
-0.27504049863407726 0.28429549666564863
4.915047278388214
0.4305877139537704 -0.36821037155834446
1.9690019139050783
0.1223729567882853 -0.4474424071835588
5.113957685832722
---
93000
78
0.3638134898442052 0.5780109627822392
4.8771573944640645
0.5907503454124317 0.5918350551975923
0.7797858451182407
-0.2600929838357492 0.40785728913251174
5.374497127140587
-0.8722540832306861 0.8040228084132075
4.359405870734607
0.8970069656159693 0.020024195081299836
3.443083305453456
-0.6756567483130776 0.2583353427188615
5.6104990167614694
0.6036463603380231 -0.6136925290519508
5.5719512454987035
-0.6409065473214361 -0.3754550746820259
5.701723058765017
0.9235838442906619 -0.2740540081311711
0.8755535152362368
-0.8994268945154327 -0.8526891787838395
1.3417005896001148
0.058078628798820704 0.21431487189140905
4.542355547495679
---
94000
81
-0.07808370022904432 0.7663680824542768
0.9775794648926155
0.013170741182263974 0.08832794443100206
5.833819008867175
0.9262428675744094 -0.795759269709054
4.8444232114948695
-0.4030230462350621 0.7407611115135752
4.456699450796077
-0.06540247124565415 -0.9604532880850172
5.467956027900208
-0.32759373644432827 0.6934299343000747
0.9118109628639939
0.6124911227655992 -0.18133028746762234
1.4735267112471178
-0.4667294299750978 0.4683384293956112
5.642694921605906
-0.32154025146721205 0.4358646259899149
0.8239298834162145
-0.30865984788255846 0.6448146015015664
2.4901359875252913
-0.5219272070514956 -0.489307759567102
2.5021914759151
---
95000
83
-0.19573656572699386 0.9686731487430099
1.3679448502552838
-0.18815183629933474 0.8494901893090654
1.5434367817078494
0.8946016062757474 0.5392478189581218
2.072750827080731
-0.22166904445027175 0.942106088000051
6.251516279188594
-0.37454077155660825 -0.1502322711943245
0.15951729527445035
-0.5187345677865177 0.05842866901728651
0.5017976469326673
-0.5579928378970908 0.21646191129515335
1.036772890066466
-0.17903451673415857 0.9652552202324455
1.9578293767163988
0.20836481217567468 0.5860412496988089
4.273247966055467
-0.6495380945552341 0.9839384058912174
3.2791767068557798
0.8336094425970705 -0.35345748992785203
3.1558880807266663
---
96000
72
-0.7904083468741034 -0.9959668553066954
6.205029781902982
-0.571894472587974 -0.9584349548902383
5.040697500346202
-0.17635230272504956 0.631960303650874
4.548455629667902
-0.6219750359272103 -0.592480858147656
2.9297635173733596
-0.7003348311466614 0.6121839458656075
1.8377010537393375
-0.017278630256717782 0.9606161240031323
2.44702071116871
0.9164861898367787 -0.5034738683783174
4.093383686406717
0.1608610007070093 -0.5241994108251681
5.259146754633423
-0.44941268754852826 -0.09970834559107482
2.315122219484361
0.6738824750986546 -0.4418526233084106
0.039517147155363475
-0.16662905620987978 0.7149294988838267
5.043706391570211
---
97000
74
0.011197358733863563 -0.5047377423549236
2.372781396219445
-0.03903123898201381 -0.2851123361552157
1.317667739307053
0.7631296267270359 0.8124078795853251
2.4964180520560832
-0.1691005809379886 -0.0004460411522904835
0.8044042933494602
-0.1760069132537399 0.5212976672943447
1.4372591322948471
-0.899539597715525 0.36666711999931106
1.1329353703627367
-0.6349069949086793 0.08015488739441894
2.533172509707324
-0.260256155170514 0.2976785115609778
4.893828119953665
-0.714974020508182 0.2444869446026645
5.181256859780364
-0.9863067818540516 -0.9578291246361134
3.7208496453865703
0.04430691826957482 0.4878591263125653
4.413835005406971
---
98000
80
0.2706544143279251 0.6220465316772551
0.8940903637496662
0.35194691614467866 0.616510027379635
6.215726348511794
0.558514635077108 -0.34337547581366207
5.127727243550906
0.2662257734718185 -0.8896475959270292
5.22262744772485
-0.7005240761554912 0.0802373598644937
0.735936279781324
0.4515292428056485 0.6955685781635622
0.26329442767253575
-0.7459655137705609 0.6582470344581016
4.372430499496724
0.9402163449831313 -0.32190462543587056
5.0004253879737695
0.1811368582107454 -0.9656124257450223
6.201013349532971
0.10928239712022236 0.7690934064692958
3.262768517580744
0.007739906950982067 -0.26329500683286344
4.532520047224201
---
99000
78
-0.5591671222956852 0.9185797250989174
3.7681882453849007
-0.6968230040355161 0.6325681748531902
4.064527056109465
-0.12012276566762028 0.047135766115136424
1.6933388301649996
0.16062609997119323 -0.05705629684184731
4.183008376237956
-0.8137820671061481 -0.22887749078330538
3.585480361338533
-0.7484291355747227 0.0803804890560996
4.5114111495194065
-0.38626545134286383 -0.30340315585736344
3.0824524149556494
-0.20302976643265874 0.3410248864430428
5.991246770078981
-0.35618438158569354 -0.2728770680454691
5.643956441392966
-0.7765801292002447 -0.4285138637641248
0.1793539587276589
-0.5656347773806554 -0.6954412449465303
0.6017367047216071
---
