100
{'run_name': '2D_rec_control_10_other_boids', 'annealing': True, 'annealing_start': 0.2, 'annealing_end': 0.002, 'nr_observed_agents': 5, 'nr_of_boids': 10, 'predator_present': False, 'grouped_spawn': False, 'predator_halting': False, 'record_keeping': True, 'record_frequency': 1000, 'boid_speed': 0.0333, 'boid_color': (0.8, 0.8, 0.8, 1), 'boid_turning_speed': 1.5707963267948966, 'predator_speed': 0.0333, 'predator_speed_slow': 0.0333, 'predator_speed_fast': 0.0533, 'predator_lunging': False, 'predator_lunge_speed': 0.013, 'predator_lunge_distance': 0.1, 'predator_turning_speed': 0.7853981633974483, 'predator_color': (0.8, 0.2, 0.2, 1), 'predator_confusion': True, 'predator_confusion_distance': 0.4, 'predator_confusion_threshold': 2, 'predator_chase_time': 20, 'predator_halt_time': 0, 'predator_eating_distance': 0.06666, 'height': 800, 'width': 800, 'graphics': True}
tick
boids eaten
predator position
predator rotation
agent positions (and)
agent rotations (interleaved)
----
0
0
None None
None
0.7131945532490469 0.08474854512995555
4.798833771421602
0.29504544094386104 0.03185533796569692
3.1416788321304603
0.7579214379420869 -0.0035196720965376127
1.4344619292248577
0.6698906931139532 0.2880874933962217
0.1163705513105332
0.18444794291754482 -0.29842852468747055
4.347759364329399
-0.24742026917666227 -0.3561629523602565
5.341462209999844
-0.9391249783070109 0.2099830584325995
0.9403682725876243
0.7766810655441595 0.32445034207226586
0.8395353704462141
-0.8627870194615023 -0.9473918577443412
4.961704283014976
-0.38925370619500876 -0.4278429436286144
3.4674478226362293
-0.6352711824066269 -0.7296335991567767
4.729263925912131
---
1000
0
None None
None
0.7131945532490469 0.08474854512995555
4.798833771421602
0.29504544094386104 0.03185533796569692
3.1416788321304603
0.7579214379420869 -0.0035196720965376127
3.0052582560197543
0.6698906931139532 0.2880874933962217
2.472565041502878
0.18444794291754482 -0.29842852468747055
4.347759364329399
-0.24742026917666227 -0.3561629523602565
0.6290732296151544
-0.9391249783070109 0.2099830584325995
3.2965627627799696
0.7766810655441595 0.32445034207226586
0.05413720704876557
-0.8627870194615023 -0.9473918577443412
1.820111629425183
-0.38925370619500876 -0.4278429436286144
4.252845986033678
-0.6352711824066269 -0.7296335991567767
3.158467599117235
---
2000
0
None None
None
0.7131945532490469 0.08474854512995555
3.2280374446267057
0.29504544094386104 0.03185533796569692
4.712475158925357
0.7579214379420869 -0.0035196720965376127
0.6490637658274094
0.6698906931139532 0.2880874933962217
2.472565041502878
0.18444794291754482 -0.29842852468747055
5.918555691124295
-0.24742026917666227 -0.3561629523602565
2.9852677198074993
-0.9391249783070109 0.2099830584325995
0.1549701091901765
0.7766810655441595 0.32445034207226586
1.6249335338436621
-0.8627870194615023 -0.9473918577443412
2.605509792822631
-0.38925370619500876 -0.4278429436286144
4.252845986033678
-0.6352711824066269 -0.7296335991567767
2.3730694357197866
---
3000
0
None None
None
0.7131945532490469 0.08474854512995555
0.8718429544343609
0.29504544094386104 0.03185533796569692
3.1416788321304603
0.7579214379420869 -0.0035196720965376127
6.146850909609547
0.6698906931139532 0.2880874933962217
3.257963204900326
0.18444794291754482 -0.29842852468747055
1.9915648741370537
-0.24742026917666227 -0.3561629523602565
2.199869556410051
-0.9391249783070109 0.2099830584325995
0.9403682725876248
0.7766810655441595 0.32445034207226586
3.1957298606385587
-0.8627870194615023 -0.9473918577443412
4.176306119617528
-0.38925370619500876 -0.4278429436286144
5.823642312828574
-0.6352711824066269 -0.7296335991567767
4.729263925912131
---
4000
0
None None
None
0.7131945532490469 0.08474854512995555
5.584231934819051
0.29504544094386104 0.03185533796569692
4.712475158925357
0.7579214379420869 -0.0035196720965376127
3.7906564194172025
0.6698906931139532 0.2880874933962217
2.472565041502878
0.18444794291754482 -0.29842852468747055
1.2061667107396055
-0.24742026917666227 -0.3561629523602565
0.6290732296151544
-0.9391249783070109 0.2099830584325995
5.6527572529723145
0.7766810655441595 0.32445034207226586
3.1957298606385587
-0.8627870194615023 -0.9473918577443412
2.605509792822631
-0.38925370619500876 -0.4278429436286144
1.1112533324438845
-0.6352711824066269 -0.7296335991567767
3.943865762514683
---
5000
0
None None
None
0.7131945532490469 0.08474854512995555
5.584231934819051
0.29504544094386104 0.03185533796569692
0.7854843419381154
0.7579214379420869 -0.0035196720965376127
3.7906564194172025
0.6698906931139532 0.2880874933962217
2.472565041502878
0.18444794291754482 -0.29842852468747055
2.776963037534502
-0.24742026917666227 -0.3561629523602565
5.341462209999844
-0.9391249783070109 0.2099830584325995
3.2965627627799696
0.7766810655441595 0.32445034207226586
0.05413720704876557
-0.8627870194615023 -0.9473918577443412
4.176306119617528
-0.38925370619500876 -0.4278429436286144
1.1112533324438845
-0.6352711824066269 -0.7296335991567767
5.51466208930958
---
6000
0
None None
None
0.7131945532490469 0.08474854512995555
0.0864447910369126
0.29504544094386104 0.03185533796569692
0.7854843419381154
0.7579214379420869 -0.0035196720965376127
6.146850909609547
0.6698906931139532 0.2880874933962217
4.0433613682977745
0.18444794291754482 -0.29842852468747055
1.9915648741370537
-0.24742026917666227 -0.3561629523602565
1.4144713930126027
-0.9391249783070109 0.2099830584325995
0.1549701091901765
0.7766810655441595 0.32445034207226586
1.6249335338436621
-0.8627870194615023 -0.9473918577443412
1.0347134660277346
-0.38925370619500876 -0.4278429436286144
0.3258551690464362
-0.6352711824066269 -0.7296335991567767
5.51466208930958
---
7000
0
None None
None
0.7131945532490469 0.08474854512995555
0.8718429544343609
0.29504544094386104 0.03185533796569692
3.9270769955279086
0.7579214379420869 -0.0035196720965376127
5.361452746212099
0.6698906931139532 0.2880874933962217
0.11637055131053309
0.18444794291754482 -0.29842852468747055
3.5623612009319503
-0.24742026917666227 -0.3561629523602565
6.126860373397292
-0.9391249783070109 0.2099830584325995
0.9403682725876248
0.7766810655441595 0.32445034207226586
4.766526187433455
-0.8627870194615023 -0.9473918577443412
1.0347134660277346
-0.38925370619500876 -0.4278429436286144
5.038244149431126
-0.6352711824066269 -0.7296335991567767
0.01687494552744173
---
8000
0
None None
None
0.7131945532490469 0.08474854512995555
0.0864447910369126
0.29504544094386104 0.03185533796569692
0.7854843419381154
0.7579214379420869 -0.0035196720965376127
5.361452746212099
0.6698906931139532 0.2880874933962217
0.9017687147079814
0.18444794291754482 -0.29842852468747055
2.776963037534502
-0.24742026917666227 -0.3561629523602565
2.9852677198074993
-0.9391249783070109 0.2099830584325995
4.867359089574866
0.7766810655441595 0.32445034207226586
3.981128024036007
-0.8627870194615023 -0.9473918577443412
3.3909079562200795
-0.38925370619500876 -0.4278429436286144
2.682049659238781
-0.6352711824066269 -0.7296335991567767
0.80227310892489
---
9000
0
None None
None
0.7131945532490469 0.08474854512995555
4.013435608024154
0.29504544094386104 0.03185533796569692
4.712475158925357
0.7579214379420869 -0.0035196720965376127
3.7906564194172025
0.6698906931139532 0.2880874933962217
0.9017687147079814
0.18444794291754482 -0.29842852468747055
5.133157527726847
-0.24742026917666227 -0.3561629523602565
3.7706658832049476
-0.9391249783070109 0.2099830584325995
4.081960926177418
0.7766810655441595 0.32445034207226586
3.1957298606385587
-0.8627870194615023 -0.9473918577443412
5.747102446412424
-0.38925370619500876 -0.4278429436286144
1.8966514958413327
-0.6352711824066269 -0.7296335991567767
5.51466208930958
---
10000
0
None None
None
-0.5099321488893908 0.862920253939039
0.014446240591929893
-0.380186276895929 -0.5047625351220216
6.144750898624337
-0.20896746890915757 0.22536629144136186
3.0367955074185367
-0.4246523231695376 0.295163384784461
5.090640253617156
-0.01096608221683705 0.07967596268610924
0.7751682145365155
-0.6016595719592184 -0.7388482879361059
2.3181660414103655
0.6920529339853713 -0.22441493878898638
0.2852249301779854
0.6180601638543098 -0.06772954258840211
1.6503314539354879
-0.2569055115520832 0.7464223307780782
4.496291273280804
0.9245943083804491 -0.785997105516124
2.315514036327177
0.39613777924162635 0.1034599570514287
6.158573883435187
---
11000
0
None None
None
-0.5099321488893908 0.862920253939039
3.156038894181723
-0.380186276895929 -0.5047625351220216
0.6469637548421989
-0.20896746890915757 0.22536629144136186
3.036795507418536
-0.4246523231695376 0.295163384784461
1.949047600027363
-0.01096608221683705 0.07967596268610924
2.345964541331412
-0.6016595719592184 -0.7388482879361059
3.888962368205262
0.6920529339853713 -0.22441493878898638
3.426817583767779
0.6180601638543098 -0.06772954258840211
5.577322270922729
-0.2569055115520832 0.7464223307780782
0.5693004562935622
0.9245943083804491 -0.785997105516124
4.671708526519522
0.39613777924162635 0.1034599570514287
1.4461849030504972
---
12000
0
None None
None
-0.5099321488893908 0.862920253939039
3.156038894181723
-0.380186276895929 -0.5047625351220216
6.144750898624337
-0.20896746890915757 0.22536629144136186
0.6806010172261914
-0.4246523231695376 0.295163384784461
4.305242090219708
-0.01096608221683705 0.07967596268610924
0.7751682145365155
-0.6016595719592184 -0.7388482879361059
1.5327678780129173
0.6920529339853713 -0.22441493878898638
4.212215747165227
0.6180601638543098 -0.06772954258840211
0.8649332905380396
-0.2569055115520832 0.7464223307780782
6.0670876000757
0.9245943083804491 -0.785997105516124
6.2425048533144185
0.39613777924162635 0.1034599570514287
6.158573883435187
---
13000
0
None None
None
-0.5099321488893908 0.862920253939039
0.7998444039893782
-0.380186276895929 -0.5047625351220216
3.788556408431992
-0.20896746890915757 0.22536629144136186
6.178388161008329
-0.4246523231695376 0.295163384784461
1.949047600027363
-0.01096608221683705 0.07967596268610924
1.5605663779339638
-0.6016595719592184 -0.7388482879361059
6.245156858397607
0.6920529339853713 -0.22441493878898638
2.6414194203703305
0.6180601638543098 -0.06772954258840211
4.791924107525281
-0.2569055115520832 0.7464223307780782
2.1400967830884587
0.9245943083804491 -0.785997105516124
1.5301158729297288
0.39613777924162635 0.1034599570514287
0.6607867396530489
---
14000
0
None None
None
-0.5099321488893908 0.862920253939039
5.512233384374068
-0.380186276895929 -0.5047625351220216
0.6469637548421989
-0.20896746890915757 0.22536629144136186
3.8221936708159845
-0.4246523231695376 0.295163384784461
2.7344457634248114
-0.01096608221683705 0.07967596268610924
4.702159031523757
-0.6016595719592184 -0.7388482879361059
2.3181660414103655
0.6920529339853713 -0.22441493878898638
2.6414194203703305
0.6180601638543098 -0.06772954258840211
5.577322270922729
-0.2569055115520832 0.7464223307780782
1.3546986196910105
0.9245943083804491 -0.785997105516124
5.45710668991697
0.39613777924162635 0.1034599570514287
0.6607867396530489
---
15000
0
None None
None
-0.5099321488893908 0.862920253939039
3.9414370575791713
-0.380186276895929 -0.5047625351220216
1.4323619182396472
-0.20896746890915757 0.22536629144136186
5.392989997610881
-0.4246523231695376 0.295163384784461
0.37825127323246654
-0.01096608221683705 0.07967596268610924
1.5605663779339638
-0.6016595719592184 -0.7388482879361059
4.67436053160271
0.6920529339853713 -0.22441493878898638
3.426817583767779
0.6180601638543098 -0.06772954258840211
4.791924107525281
-0.2569055115520832 0.7464223307780782
0.5693004562935622
0.9245943083804491 -0.785997105516124
6.2425048533144185
0.39613777924162635 0.1034599570514287
6.158573883435187
---
16000
0
None None
None
-0.5099321488893908 0.862920253939039
3.9414370575791713
-0.380186276895929 -0.5047625351220216
3.0031582450345438
-0.20896746890915757 0.22536629144136186
5.392989997610881
-0.4246523231695376 0.295163384784461
2.7344457634248114
-0.01096608221683705 0.07967596268610924
2.345964541331412
-0.6016595719592184 -0.7388482879361059
0.747369714615469
0.6920529339853713 -0.22441493878898638
5.783012073960124
0.6180601638543098 -0.06772954258840211
2.435729617332936
-0.2569055115520832 0.7464223307780782
2.1400967830884587
0.9245943083804491 -0.785997105516124
3.8863103631220737
0.39613777924162635 0.1034599570514287
3.0169812298453937
---
17000
0
None None
None
-0.5099321488893908 0.862920253939039
3.9414370575791713
-0.380186276895929 -0.5047625351220216
3.0031582450345438
-0.20896746890915757 0.22536629144136186
2.251397344021088
-0.4246523231695376 0.295163384784461
0.37825127323246654
-0.01096608221683705 0.07967596268610924
2.345964541331412
-0.6016595719592184 -0.7388482879361059
3.103564204807814
0.6920529339853713 -0.22441493878898638
2.6414194203703305
0.6180601638543098 -0.06772954258840211
1.6503314539354879
-0.2569055115520832 0.7464223307780782
5.281689436678252
0.9245943083804491 -0.785997105516124
3.8863103631220737
0.39613777924162635 0.1034599570514287
0.6607867396530489
---
18000
0
None None
None
-0.5099321488893908 0.862920253939039
2.3706407307842747
-0.380186276895929 -0.5047625351220216
5.359352735226889
-0.20896746890915757 0.22536629144136186
4.607591834213433
-0.4246523231695376 0.295163384784461
5.090640253617156
-0.01096608221683705 0.07967596268610924
3.9167608681263086
-0.6016595719592184 -0.7388482879361059
0.747369714615469
0.6920529339853713 -0.22441493878898638
0.28522493017798567
0.6180601638543098 -0.06772954258840211
2.435729617332936
-0.2569055115520832 0.7464223307780782
5.281689436678252
0.9245943083804491 -0.785997105516124
6.2425048533144185
0.39613777924162635 0.1034599570514287
0.6607867396530489
---
19000
0
None None
None
-0.5099321488893908 0.862920253939039
0.014446240591929893
-0.380186276895929 -0.5047625351220216
0.6469637548421989
-0.20896746890915757 0.22536629144136186
2.251397344021088
-0.4246523231695376 0.295163384784461
3.5198439268222597
-0.01096608221683705 0.07967596268610924
4.702159031523757
-0.6016595719592184 -0.7388482879361059
5.459758695000159
0.6920529339853713 -0.22441493878898638
0.28522493017798567
0.6180601638543098 -0.06772954258840211
1.6503314539354879
-0.2569055115520832 0.7464223307780782
6.0670876000757
0.9245943083804491 -0.785997105516124
5.45710668991697
0.39613777924162635 0.1034599570514287
2.2315830664479455
---
20000
0
None None
None
0.9540477432051584 -0.3972492977185572
0.1763273912699912
0.44222773067597626 0.5651957496861405
0.0512578597089417
-0.8908941525032209 0.30346233926677746
0.5524010994351387
-0.9477411802930961 0.664558560624876
2.7304251070148498
-0.26038204930897746 0.9842274254082215
0.822533043384393
0.3289734632096689 -0.7444181206486477
1.80874186210043
-0.7699847116828613 0.5569663471623666
2.428980291590272
0.5420452099260825 0.6927768366825456
2.2968608688626446
0.9283222100035697 -0.3722780814943269
1.5763583550106608
0.7799983639147176 0.9082279864635362
5.890700203748618
0.9836370873055671 -0.4314840900415461
5.285370285423314
---
21000
0
None None
None
0.9540477432051584 -0.3972492977185572
1.7471237180648878
0.44222773067597626 0.5651957496861405
3.9782486766961833
-0.8908941525032209 0.30346233926677746
1.3377992628325872
-0.9477411802930961 0.664558560624876
4.301221433809746
-0.26038204930897746 0.9842274254082215
0.03713487998694465
0.3289734632096689 -0.7444181206486477
4.950334515690223
-0.7699847116828613 0.5569663471623666
3.9997766183851686
0.5420452099260825 0.6927768366825456
2.2968608688626446
0.9283222100035697 -0.3722780814943269
2.361756518408109
0.7799983639147176 0.9082279864635362
1.9637093867613764
0.9836370873055671 -0.4314840900415461
1.3583794684360724
---
22000
0
None None
None
0.9540477432051584 -0.3972492977185572
1.7471237180648878
0.44222773067597626 0.5651957496861405
2.4074523499012868
-0.8908941525032209 0.30346233926677746
2.1231974262300355
-0.9477411802930961 0.664558560624876
0.3742306168225049
-0.26038204930897746 0.9842274254082215
0.8225330433843929
0.3289734632096689 -0.7444181206486477
4.1649363522927745
-0.7699847116828613 0.5569663471623666
1.6435821281928238
0.5420452099260825 0.6927768366825456
3.082259032260093
0.9283222100035697 -0.3722780814943269
5.503349171997902
0.7799983639147176 0.9082279864635362
5.890700203748618
0.9836370873055671 -0.4314840900415461
5.285370285423314
---
23000
0
None None
None
0.9540477432051584 -0.3972492977185572
3.3179200448597843
0.44222773067597626 0.5651957496861405
1.6220541865038385
-0.8908941525032209 0.30346233926677746
2.1231974262300355
-0.9477411802930961 0.664558560624876
1.1596287802199532
-0.26038204930897746 0.9842274254082215
3.1787275335767378
0.3289734632096689 -0.7444181206486477
4.950334515690223
-0.7699847116828613 0.5569663471623666
3.2143784549877203
0.5420452099260825 0.6927768366825456
6.223851685849886
0.9283222100035697 -0.3722780814943269
1.5763583550106608
0.7799983639147176 0.9082279864635362
1.9637093867613764
0.9836370873055671 -0.4314840900415461
0.5729813050386241
---
24000
0
None None
None
0.9540477432051584 -0.3972492977185572
0.1763273912699912
0.44222773067597626 0.5651957496861405
0.05125785970894192
-0.8908941525032209 0.30346233926677746
6.050188243217277
-0.9477411802930961 0.664558560624876
5.086619597207195
-0.26038204930897746 0.9842274254082215
3.1787275335767378
0.3289734632096689 -0.7444181206486477
2.594140025497878
-0.7699847116828613 0.5569663471623666
1.6435821281928238
0.5420452099260825 0.6927768366825456
1.5114627054651963
0.9283222100035697 -0.3722780814943269
3.1471546818055574
0.7799983639147176 0.9082279864635362
5.1053020403511695
0.9836370873055671 -0.4314840900415461
3.714573958628417
---
25000
0
None None
None
0.9540477432051584 -0.3972492977185572
3.3179200448597843
0.44222773067597626 0.5651957496861405
0.8366560231063902
-0.8908941525032209 0.30346233926677746
5.264790079819829
-0.9477411802930961 0.664558560624876
0.3742306168225049
-0.26038204930897746 0.9842274254082215
3.964125696974186
0.3289734632096689 -0.7444181206486477
5.735732679087671
-0.7699847116828613 0.5569663471623666
0.07278580139792723
0.5420452099260825 0.6927768366825456
3.082259032260093
0.9283222100035697 -0.3722780814943269
0.0055620282157642364
0.7799983639147176 0.9082279864635362
4.319903876953721
0.9836370873055671 -0.4314840900415461
5.285370285423314
---
26000
0
None None
None
0.9540477432051584 -0.3972492977185572
3.3179200448597843
0.44222773067597626 0.5651957496861405
4.763646840093632
-0.8908941525032209 0.30346233926677746
1.3377992628325872
-0.9477411802930961 0.664558560624876
1.9450269436174015
-0.26038204930897746 0.9842274254082215
0.03713487998694465
0.3289734632096689 -0.7444181206486477
1.8087418621004296
-0.7699847116828613 0.5569663471623666
0.07278580139792723
0.5420452099260825 0.6927768366825456
3.082259032260093
0.9283222100035697 -0.3722780814943269
2.361756518408109
0.7799983639147176 0.9082279864635362
5.1053020403511695
0.9836370873055671 -0.4314840900415461
4.4999721220258655
---
27000
0
None None
None
0.9540477432051584 -0.3972492977185572
2.532521881462336
0.44222773067597626 0.5651957496861405
5.54904500349108
-0.8908941525032209 0.30346233926677746
2.1231974262300355
-0.9477411802930961 0.664558560624876
5.872017760604643
-0.26038204930897746 0.9842274254082215
5.534922023769083
0.3289734632096689 -0.7444181206486477
5.735732679087671
-0.7699847116828613 0.5569663471623666
1.6435821281928238
0.5420452099260825 0.6927768366825456
3.082259032260093
0.9283222100035697 -0.3722780814943269
0.0055620282157642364
0.7799983639147176 0.9082279864635362
5.890700203748618
0.9836370873055671 -0.4314840900415461
3.714573958628417
---
28000
0
None None
None
0.9540477432051584 -0.3972492977185572
1.7471237180648878
0.44222773067597626 0.5651957496861405
0.05125785970894192
-0.8908941525032209 0.30346233926677746
2.1231974262300355
-0.9477411802930961 0.664558560624876
4.301221433809746
-0.26038204930897746 0.9842274254082215
2.3933293701792895
0.3289734632096689 -0.7444181206486477
5.735732679087671
-0.7699847116828613 0.5569663471623666
2.428980291590272
0.5420452099260825 0.6927768366825456
5.438453522452438
0.9283222100035697 -0.3722780814943269
0.0055620282157642364
0.7799983639147176 0.9082279864635362
5.890700203748618
0.9836370873055671 -0.4314840900415461
3.714573958628417
---
29000
0
None None
None
0.9540477432051584 -0.3972492977185572
5.674114535052129
0.44222773067597626 0.5651957496861405
5.54904500349108
-0.8908941525032209 0.30346233926677746
3.693993753024932
-0.9477411802930961 0.664558560624876
5.086619597207195
-0.26038204930897746 0.9842274254082215
2.3933293701792895
0.3289734632096689 -0.7444181206486477
5.735732679087671
-0.7699847116828613 0.5569663471623666
3.9997766183851686
0.5420452099260825 0.6927768366825456
2.2968608688626446
0.9283222100035697 -0.3722780814943269
3.1471546818055574
0.7799983639147176 0.9082279864635362
3.534505713556273
0.9836370873055671 -0.4314840900415461
2.929175795230969
---
30000
0
None None
None
-0.7854097056588819 -0.9119943060758224
2.3037974161827877
0.5733624807529701 0.4124077314291909
3.8583144487983523
-0.8096150232615548 -0.341654935742645
0.5750751264518844
-0.6454620789185321 -0.6923714101160509
0.1587312491733388
-0.7321430695143941 0.6633505459865895
0.4457129655750998
-0.7588068640566913 0.07553944169647021
1.1180610877941946
-0.7319919245180978 -0.5548083287355698
4.11739139161229
-0.2622952565567495 0.26327691465562936
1.291606439932941
0.05709833566344239 -0.932027056137627
6.255565203089528
-0.7376287456325057 0.08026029144237974
5.465305425421584
-0.8777326502197823 0.07666455754474176
3.065965583414199
---
31000
0
None None
None
-0.7854097056588819 -0.9119943060758224
2.303797416182788
0.5733624807529701 0.4124077314291909
1.5021199586060074
-0.8096150232615548 -0.341654935742645
2.145871453246781
-0.6454620789185321 -0.6923714101160509
0.9441294125707866
-0.7321430695143941 0.6633505459865895
2.801907455767445
-0.7588068640566913 0.07553944169647021
3.474255577986539
-0.7319919245180978 -0.5548083287355698
3.3319932282148415
-0.2622952565567495 0.26327691465562936
1.2916064399329414
0.05709833566344239 -0.932027056137627
3.113972549499735
-0.7376287456325057 0.08026029144237974
0.7529164450368944
-0.8777326502197823 0.07666455754474176
0.7097710932218542
---
32000
0
None None
None
-0.7854097056588819 -0.9119943060758224
6.2307882331700295
0.5733624807529701 0.4124077314291909
2.2875181220034557
-0.8096150232615548 -0.341654935742645
4.502065943439126
-0.6454620789185321 -0.6923714101160509
1.729527575968235
-0.7321430695143941 0.6633505459865895
1.2311111289725485
-0.7588068640566913 0.07553944169647021
5.0450519047814355
-0.7319919245180978 -0.5548083287355698
4.902789555009738
-0.2622952565567495 0.26327691465562936
2.0770046033303897
0.05709833566344239 -0.932027056137627
4.684768876294632
-0.7376287456325057 0.08026029144237974
3.109110935229239
-0.8777326502197823 0.07666455754474176
3.8513637468116473
---
33000
0
None None
None
-0.7854097056588819 -0.9119943060758224
1.5183992527853398
0.5733624807529701 0.4124077314291909
3.8583144487983523
-0.8096150232615548 -0.341654935742645
5.287464106836574
-0.6454620789185321 -0.6923714101160509
2.514925739365683
-0.7321430695143941 0.6633505459865895
1.2311111289725485
-0.7588068640566913 0.07553944169647021
5.830450068178884
-0.7319919245180978 -0.5548083287355698
4.11739139161229
-0.2622952565567495 0.26327691465562936
2.862402766727838
0.05709833566344239 -0.932027056137627
3.8993707128971833
-0.7376287456325057 0.08026029144237974
4.679907262024136
-0.8777326502197823 0.07666455754474176
2.2805674200167507
---
34000
0
None None
None
-0.7854097056588819 -0.9119943060758224
5.445390069772581
0.5733624807529701 0.4124077314291909
3.072916285400904
-0.8096150232615548 -0.341654935742645
5.287464106836574
-0.6454620789185321 -0.6923714101160509
5.656518392955476
-0.7321430695143941 0.6633505459865895
5.943500109357238
-0.7588068640566913 0.07553944169647021
5.0450519047814355
-0.7319919245180978 -0.5548083287355698
5.688187718407186
-0.2622952565567495 0.26327691465562936
5.218597256920183
0.05709833566344239 -0.932027056137627
2.3285743861022867
-0.7376287456325057 0.08026029144237974
1.5383146084343426
-0.8777326502197823 0.07666455754474176
6.207558237003992
---
35000
0
None None
None
-0.7854097056588819 -0.9119943060758224
4.659991906375133
0.5733624807529701 0.4124077314291909
0.7167217952085592
-0.8096150232615548 -0.341654935742645
0.5750751264518845
-0.6454620789185321 -0.6923714101160509
4.871120229558028
-0.7321430695143941 0.6633505459865895
2.0165092923699968
-0.7588068640566913 0.07553944169647021
1.118061087794194
-0.7319919245180978 -0.5548083287355698
4.11739139161229
-0.2622952565567495 0.26327691465562936
4.433199093522735
0.05709833566344239 -0.932027056137627
4.684768876294632
-0.7376287456325057 0.08026029144237974
3.109110935229239
-0.8777326502197823 0.07666455754474176
0.7097710932218542
---
36000
0
None None
None
-0.7854097056588819 -0.9119943060758224
6.2307882331700295
0.5733624807529701 0.4124077314291909
6.214508938990697
-0.8096150232615548 -0.341654935742645
2.145871453246781
-0.6454620789185321 -0.6923714101160509
4.08572206616058
-0.7321430695143941 0.6633505459865895
2.0165092923699968
-0.7588068640566913 0.07553944169647021
2.6888574145890907
-0.7319919245180978 -0.5548083287355698
1.761196901419945
-0.2622952565567495 0.26327691465562936
6.003995420317631
0.05709833566344239 -0.932027056137627
2.3285743861022867
-0.7376287456325057 0.08026029144237974
4.679907262024136
-0.8777326502197823 0.07666455754474176
5.422160073606544
---
37000
0
None None
None
-0.7854097056588819 -0.9119943060758224
6.2307882331700295
0.5733624807529701 0.4124077314291909
0.7167217952085592
-0.8096150232615548 -0.341654935742645
5.287464106836574
-0.6454620789185321 -0.6923714101160509
5.656518392955476
-0.7321430695143941 0.6633505459865895
5.943500109357238
-0.7588068640566913 0.07553944169647021
5.830450068178884
-0.7319919245180978 -0.5548083287355698
5.688187718407186
-0.2622952565567495 0.26327691465562936
2.862402766727838
0.05709833566344239 -0.932027056137627
4.684768876294632
-0.7376287456325057 0.08026029144237974
0.7529164450368944
-0.8777326502197823 0.07666455754474176
3.065965583414199
---
38000
0
None None
None
-0.7854097056588819 -0.9119943060758224
4.659991906375133
0.5733624807529701 0.4124077314291909
5.429110775593249
-0.8096150232615548 -0.341654935742645
4.502065943439126
-0.6454620789185321 -0.6923714101160509
0.15873124917333836
-0.7321430695143941 0.6633505459865895
5.943500109357238
-0.7588068640566913 0.07553944169647021
0.33266292439674583
-0.7319919245180978 -0.5548083287355698
5.688187718407186
-0.2622952565567495 0.26327691465562936
5.218597256920183
0.05709833566344239 -0.932027056137627
3.113972549499735
-0.7376287456325057 0.08026029144237974
4.679907262024136
-0.8777326502197823 0.07666455754474176
4.636761910209096
---
39000
0
None None
None
-0.7854097056588819 -0.9119943060758224
3.8745937429776847
0.5733624807529701 0.4124077314291909
3.8583144487983523
-0.8096150232615548 -0.341654935742645
5.287464106836574
-0.6454620789185321 -0.6923714101160509
0.15873124917333836
-0.7321430695143941 0.6633505459865895
4.372703782562342
-0.7588068640566913 0.07553944169647021
1.118061087794194
-0.7319919245180978 -0.5548083287355698
1.761196901419945
-0.2622952565567495 0.26327691465562936
2.862402766727838
0.05709833566344239 -0.932027056137627
6.255565203089528
-0.7376287456325057 0.08026029144237974
5.465305425421584
-0.8777326502197823 0.07666455754474176
0.7097710932218542
---
40000
0
None None
None
-0.5823680662767647 0.424862706562418
1.1481319297807957
0.047215160667791634 -0.020394498570237122
4.448945492901268
-0.587996323661609 -0.9333217737818688
5.192608388220801
0.8717596205180091 0.36926479355222497
4.697344430463286
-0.021430550370691054 0.4424014369215433
1.6927759747245918
0.05387267781155737 0.7647608190850398
3.177599223653602
-0.768771533272979 -0.14240203241077262
4.230502896903097
0.16956206647763777 -0.1282276586535102
2.162715445204369
0.34361332812291984 0.5105745013298028
3.5864118382691723
-0.8218948729337512 0.5852729521039098
5.390860879205418
-0.6675408925237827 -0.12748722646342428
1.4915421559800666
---
41000
0
None None
None
-0.5823680662767647 0.424862706562418
5.075122746768037
0.047215160667791634 -0.020394498570237122
3.66354732950382
-0.587996323661609 -0.9333217737818688
1.2656175712335598
0.8717596205180091 0.36926479355222497
0.7703536134760443
-0.021430550370691054 0.4424014369215433
4.048970464916937
0.05387267781155737 0.7647608190850398
0.8214047334612573
-0.768771533272979 -0.14240203241077262
1.8743084067107523
0.16956206647763777 -0.1282276586535102
2.948113608601817
0.34361332812291984 0.5105745013298028
2.0156155114742758
-0.8218948729337512 0.5852729521039098
0.6784718988207281
-0.6675408925237827 -0.12748722646342428
5.418532972967308
---
42000
0
None None
None
-0.5823680662767647 0.424862706562418
2.7189282565756923
0.047215160667791634 -0.020394498570237122
6.019741819696165
-0.587996323661609 -0.9333217737818688
0.4802194078361115
0.8717596205180091 0.36926479355222497
5.482742593860734
-0.021430550370691054 0.4424014369215433
3.2635723015194884
0.05387267781155737 0.7647608190850398
3.9629973870510504
-0.768771533272979 -0.14240203241077262
5.801299223697994
0.16956206647763777 -0.1282276586535102
6.08970626219161
0.34361332812291984 0.5105745013298028
2.0156155114742758
-0.8218948729337512 0.5852729521039098
6.176259042602866
-0.6675408925237827 -0.12748722646342428
1.491542155980067
---
43000
0
None None
None
-0.5823680662767647 0.424862706562418
3.5043264199731405
0.047215160667791634 -0.020394498570237122
5.234343656298717
-0.587996323661609 -0.9333217737818688
0.4802194078361115
0.8717596205180091 0.36926479355222497
1.5557517768734925
-0.021430550370691054 0.4424014369215433
4.834368628314385
0.05387267781155737 0.7647608190850398
1.6068028968587056
-0.768771533272979 -0.14240203241077262
1.8743084067107523
0.16956206647763777 -0.1282276586535102
2.162715445204369
0.34361332812291984 0.5105745013298028
5.157208165064069
-0.8218948729337512 0.5852729521039098
1.4638700622181764
-0.6675408925237827 -0.12748722646342428
4.63313480956986
---
44000
0
None None
None
-0.5823680662767647 0.424862706562418
3.5043264199731405
0.047215160667791634 -0.020394498570237122
1.3073528393114753
-0.587996323661609 -0.9333217737818688
1.2656175712335598
0.8717596205180091 0.36926479355222497
3.9119462670658374
-0.021430550370691054 0.4424014369215433
1.6927759747245918
0.05387267781155737 0.7647608190850398
4.748395550448499
-0.768771533272979 -0.14240203241077262
3.445104733505649
0.16956206647763777 -0.1282276586535102
4.518909935396714
0.34361332812291984 0.5105745013298028
5.942606328461517
-0.8218948729337512 0.5852729521039098
6.176259042602866
-0.6675408925237827 -0.12748722646342428
5.418532972967308
---
45000
0
None None
None
-0.5823680662767647 0.424862706562418
1.933530093178244
0.047215160667791634 -0.020394498570237122
5.234343656298717
-0.587996323661609 -0.9333217737818688
3.6218120614259046
0.8717596205180091 0.36926479355222497
3.9119462670658374
-0.021430550370691054 0.4424014369215433
0.9073778113271436
0.05387267781155737 0.7647608190850398
2.392201060256154
-0.768771533272979 -0.14240203241077262
4.230502896903097
0.16956206647763777 -0.1282276586535102
4.518909935396714
0.34361332812291984 0.5105745013298028
5.942606328461517
-0.8218948729337512 0.5852729521039098
3.034666389013073
-0.6675408925237827 -0.12748722646342428
2.2769403193775153
---
46000
0
None None
None
-0.5823680662767647 0.424862706562418
0.3627337663833474
0.047215160667791634 -0.020394498570237122
6.019741819696165
-0.587996323661609 -0.9333217737818688
3.6218120614259046
0.8717596205180091 0.36926479355222497
5.482742593860734
-0.021430550370691054 0.4424014369215433
4.048970464916937
0.05387267781155737 0.7647608190850398
5.533793713845947
-0.768771533272979 -0.14240203241077262
4.230502896903097
0.16956206647763777 -0.1282276586535102
2.948113608601817
0.34361332812291984 0.5105745013298028
2.801013674871724
-0.8218948729337512 0.5852729521039098
4.6054627158079695
-0.6675408925237827 -0.12748722646342428
6.203931136364757
---
47000
0
None None
None
-0.5823680662767647 0.424862706562418
3.5043264199731405
0.047215160667791634 -0.020394498570237122
2.878149166106372
-0.587996323661609 -0.9333217737818688
2.8364138980284563
0.8717596205180091 0.36926479355222497
2.341149940270941
-0.021430550370691054 0.4424014369215433
5.619766791711833
0.05387267781155737 0.7647608190850398
0.03600657006380903
-0.768771533272979 -0.14240203241077262
3.445104733505649
0.16956206647763777 -0.1282276586535102
2.162715445204369
0.34361332812291984 0.5105745013298028
4.371810001666621
-0.8218948729337512 0.5852729521039098
3.034666389013073
-0.6675408925237827 -0.12748722646342428
6.203931136364757
---
48000
0
None None
None
-0.5823680662767647 0.424862706562418
0.3627337663833474
0.047215160667791634 -0.020394498570237122
4.448945492901268
-0.587996323661609 -0.9333217737818688
1.2656175712335598
0.8717596205180091 0.36926479355222497
1.5557517768734925
-0.021430550370691054 0.4424014369215433
4.834368628314385
0.05387267781155737 0.7647608190850398
5.533793713845947
-0.768771533272979 -0.14240203241077262
0.3035120799158557
0.16956206647763777 -0.1282276586535102
2.948113608601817
0.34361332812291984 0.5105745013298028
5.942606328461517
-0.8218948729337512 0.5852729521039098
3.034666389013073
-0.6675408925237827 -0.12748722646342428
6.203931136364757
---
49000
0
None None
None
-0.5823680662767647 0.424862706562418
5.075122746768037
0.047215160667791634 -0.020394498570237122
6.019741819696165
-0.587996323661609 -0.9333217737818688
5.9780065516182495
0.8717596205180091 0.36926479355222497
3.126548103668389
-0.021430550370691054 0.4424014369215433
3.2635723015194884
0.05387267781155737 0.7647608190850398
3.9629973870510504
-0.768771533272979 -0.14240203241077262
4.230502896903097
0.16956206647763777 -0.1282276586535102
1.3773172818069206
0.34361332812291984 0.5105745013298028
3.5864118382691723
-0.8218948729337512 0.5852729521039098
4.6054627158079695
-0.6675408925237827 -0.12748722646342428
2.2769403193775153
---
50000
0
None None
None
-0.6066000529003794 0.8810024544070556
2.4318993650924563
-0.5203311307772192 0.20218721167914028
5.493113439663647
-0.09780211275661335 0.377564089157394
3.7587260933897655
-0.6802478582152489 0.06753614387724077
5.3892112421081535
-0.39527955277033816 -0.933428063176896
4.20222083821446
0.6960698962856419 -0.6174929725990426
5.589119137823639
-0.7603246594304065 -0.5728234459322983
5.038181555220246
0.5986646448870919 0.2021366002027847
4.213265823082236
-0.9092211658528747 -0.4554398211458547
4.8916914395220505
-0.33767892804523897 -0.10742752857531576
2.625524508373377
0.9398450206788329 -0.584193773765074
5.883636385419144
---
51000
0
None None
None
-0.6066000529003794 0.8810024544070556
4.788093855284801
-0.5203311307772192 0.20218721167914028
2.351520786073854
-0.09780211275661335 0.377564089157394
4.544124256787214
-0.6802478582152489 0.06753614387724077
5.3892112421081535
-0.39527955277033816 -0.933428063176896
1.060628184624667
0.6960698962856419 -0.6174929725990426
3.232924647631294
-0.7603246594304065 -0.5728234459322983
1.8965889016304525
0.5986646448870919 0.2021366002027847
4.998663986479684
-0.9092211658528747 -0.4554398211458547
0.9647006225348091
-0.33767892804523897 -0.10742752857531576
2.6255245083733767
0.9398450206788329 -0.584193773765074
2.7420437318293507
---
52000
0
None None
None
-0.6066000529003794 0.8810024544070556
1.646501201695008
-0.5203311307772192 0.20218721167914028
3.136918949471302
-0.09780211275661335 0.377564089157394
2.187929766594869
-0.6802478582152489 0.06753614387724077
6.174609405505602
-0.39527955277033816 -0.933428063176896
1.060628184624667
0.6960698962856419 -0.6174929725990426
3.232924647631294
-0.7603246594304065 -0.5728234459322983
1.8965889016304525
0.5986646448870919 0.2021366002027847
4.998663986479684
-0.9092211658528747 -0.4554398211458547
4.8916914395220505
-0.33767892804523897 -0.10742752857531576
5.76711716196317
0.9398450206788329 -0.584193773765074
3.527441895226799
---
53000
0
None None
None
-0.6066000529003794 0.8810024544070556
5.573492018682249
-0.5203311307772192 0.20218721167914028
1.5661226226764056
-0.09780211275661335 0.377564089157394
0.6171334397999724
-0.6802478582152489 0.06753614387724077
6.174609405505602
-0.39527955277033816 -0.933428063176896
0.27523002122721874
0.6960698962856419 -0.6174929725990426
5.589119137823639
-0.7603246594304065 -0.5728234459322983
3.467385228425349
0.5986646448870919 0.2021366002027847
4.998663986479684
-0.9092211658528747 -0.4554398211458547
5.677089602919499
-0.33767892804523897 -0.10742752857531576
3.410922671770825
0.9398450206788329 -0.584193773765074
1.1712474050344541
---
54000
0
None None
None
-0.6066000529003794 0.8810024544070556
4.788093855284801
-0.5203311307772192 0.20218721167914028
1.5661226226764056
-0.09780211275661335 0.377564089157394
4.544124256787214
-0.6802478582152489 0.06753614387724077
6.174609405505602
-0.39527955277033816 -0.933428063176896
3.416822674817012
0.6960698962856419 -0.6174929725990426
2.447526484233846
-0.7603246594304065 -0.5728234459322983
5.038181555220246
0.5986646448870919 0.2021366002027847
4.998663986479684
-0.9092211658528747 -0.4554398211458547
2.5354969493297057
-0.33767892804523897 -0.10742752857531576
0.26933001818103186
0.9398450206788329 -0.584193773765074
4.312840058624247
---
55000
0
None None
None
-0.6066000529003794 0.8810024544070556
1.646501201695008
-0.5203311307772192 0.20218721167914028
1.5661226226764056
-0.09780211275661335 0.377564089157394
6.11492058358211
-0.6802478582152489 0.06753614387724077
2.2476185885183604
-0.39527955277033816 -0.933428063176896
5.773017165009357
0.6960698962856419 -0.6174929725990426
4.018322811028742
-0.7603246594304065 -0.5728234459322983
5.038181555220246
0.5986646448870919 0.2021366002027847
1.8570713328898911
-0.9092211658528747 -0.4554398211458547
4.8916914395220505
-0.33767892804523897 -0.10742752857531576
1.0547281815784801
0.9398450206788329 -0.584193773765074
0.38584924163700585
---
56000
0
None None
None
-0.6066000529003794 0.8810024544070556
5.573492018682249
-0.5203311307772192 0.20218721167914028
5.493113439663647
-0.09780211275661335 0.377564089157394
5.329522420184662
-0.6802478582152489 0.06753614387724077
1.462220425120912
-0.39527955277033816 -0.933428063176896
4.20222083821446
0.6960698962856419 -0.6174929725990426
3.232924647631294
-0.7603246594304065 -0.5728234459322983
5.823579718617694
0.5986646448870919 0.2021366002027847
5.7840621498771325
-0.9092211658528747 -0.4554398211458547
1.7500987859322574
-0.33767892804523897 -0.10742752857531576
1.0547281815784801
0.9398450206788329 -0.584193773765074
1.9566455684319024
---
57000
0
None None
None
-0.6066000529003794 0.8810024544070556
1.646501201695008
-0.5203311307772192 0.20218721167914028
4.707715276266199
-0.09780211275661335 0.377564089157394
3.7587260933897655
-0.6802478582152489 0.06753614387724077
1.462220425120912
-0.39527955277033816 -0.933428063176896
2.6314245114195636
0.6960698962856419 -0.6174929725990426
0.09133199404150094
-0.7603246594304065 -0.5728234459322983
1.8965889016304525
0.5986646448870919 0.2021366002027847
2.6424694962873394
-0.9092211658528747 -0.4554398211458547
5.677089602919499
-0.33767892804523897 -0.10742752857531576
5.76711716196317
0.9398450206788329 -0.584193773765074
4.312840058624247
---
58000
0
None None
None
-0.6066000529003794 0.8810024544070556
4.002695691887353
-0.5203311307772192 0.20218721167914028
6.278511603061095
-0.09780211275661335 0.377564089157394
2.187929766594869
-0.6802478582152489 0.06753614387724077
0.6768222617234638
-0.39527955277033816 -0.933428063176896
1.060628184624667
0.6960698962856419 -0.6174929725990426
0.8767301574389492
-0.7603246594304065 -0.5728234459322983
5.038181555220246
0.5986646448870919 0.2021366002027847
0.28627500609499457
-0.9092211658528747 -0.4554398211458547
2.5354969493297057
-0.33767892804523897 -0.10742752857531576
1.0547281815784801
0.9398450206788329 -0.584193773765074
0.38584924163700585
---
59000
0
None None
None
-0.6066000529003794 0.8810024544070556
4.002695691887353
-0.5203311307772192 0.20218721167914028
6.278511603061095
-0.09780211275661335 0.377564089157394
2.187929766594869
-0.6802478582152489 0.06753614387724077
2.2476185885183604
-0.39527955277033816 -0.933428063176896
4.20222083821446
0.6960698962856419 -0.6174929725990426
1.6621283208363975
-0.7603246594304065 -0.5728234459322983
4.252783391822797
0.5986646448870919 0.2021366002027847
1.8570713328898911
-0.9092211658528747 -0.4554398211458547
4.8916914395220505
-0.33767892804523897 -0.10742752857531576
4.9817189985657215
0.9398450206788329 -0.584193773765074
0.38584924163700585
---
60000
0
None None
None
0.5393181417789177 -0.08609744572748987
3.0599773266393093
-0.5438068627993533 -0.6093067646103184
1.6949578857914929
0.318331752880651 -0.8576404994274545
2.7025022197407385
-0.7602624935832779 -0.14339318478979907
4.163372695081454
-0.6667866971530534 -0.9702682866332313
5.438546550031427
-0.6588057811945172 -0.03737035586230518
4.872545233123239
0.878716142907179 0.6778809519670925
4.438489866448902
-0.99747528997253 0.437869576241848
1.634652483090398
-0.5861532998880159 0.354102046647045
1.956616122955488
-0.979821727097618 0.011839986532549238
6.0674264128082465
-0.18505729154016637 0.18927882241459898
2.817493322412137
---
61000
0
None None
None
0.5393181417789177 -0.08609744572748987
1.4891809998444128
-0.5438068627993533 -0.6093067646103184
4.836550539381286
0.318331752880651 -0.8576404994274545
0.3463077295483936
-0.7602624935832779 -0.14339318478979907
2.592576368286557
-0.6667866971530534 -0.9702682866332313
6.2239447134288755
-0.6588057811945172 -0.03737035586230518
0.9455544161359972
0.878716142907179 0.6778809519670925
1.2968972128591085
-0.99747528997253 0.437869576241848
0.8492543196929496
-0.5861532998880159 0.354102046647045
3.5274124497503845
-0.979821727097618 0.011839986532549238
2.140435595821005
-0.18505729154016637 0.18927882241459898
2.817493322412137
---
62000
0
None None
None
0.5393181417789177 -0.08609744572748987
1.4891809998444128
-0.5438068627993533 -0.6093067646103184
0.12416155899659653
0.318331752880651 -0.8576404994274545
1.131705892945842
-0.7602624935832779 -0.14339318478979907
0.23638187809421218
-0.6667866971530534 -0.9702682866332313
3.8677502232365306
-0.6588057811945172 -0.03737035586230518
0.16015625273854894
0.878716142907179 0.6778809519670925
1.2968972128591085
-0.99747528997253 0.437869576241848
2.420050646487846
-0.5861532998880159 0.354102046647045
4.312810613147833
-0.979821727097618 0.011839986532549238
0.5696392690261085
-0.18505729154016637 0.18927882241459898
1.2466969956172402
---
63000
0
None None
None
0.5393181417789177 -0.08609744572748987
3.0599773266393093
-0.5438068627993533 -0.6093067646103184
0.12416155899659653
0.318331752880651 -0.8576404994274545
0.3463077295483936
-0.7602624935832779 -0.14339318478979907
1.8071782048891087
-0.6667866971530534 -0.9702682866332313
6.2239447134288755
-0.6588057811945172 -0.03737035586230518
0.9455544161359972
0.878716142907179 0.6778809519670925
1.2968972128591085
-0.99747528997253 0.437869576241848
0.06385615629550134
-0.5861532998880159 0.354102046647045
1.956616122955488
-0.979821727097618 0.011839986532549238
3.7112319226159016
-0.18505729154016637 0.18927882241459898
1.2466969956172402
---
64000
0
None None
None
0.5393181417789177 -0.08609744572748987
2.274579163241861
-0.5438068627993533 -0.6093067646103184
0.12416155899659653
0.318331752880651 -0.8576404994274545
1.9171040563432902
-0.7602624935832779 -0.14339318478979907
1.0217800414916605
-0.6667866971530534 -0.9702682866332313
3.0823520598390823
-0.6588057811945172 -0.03737035586230518
1.7309525795334455
0.878716142907179 0.6778809519670925
6.009286193243798
-0.99747528997253 0.437869576241848
5.561643300077639
-0.5861532998880159 0.354102046647045
1.956616122955488
-0.979821727097618 0.011839986532549238
4.49663008601335
-0.18505729154016637 0.18927882241459898
3.602891485809585
---
65000
0
None None
None
0.5393181417789177 -0.08609744572748987
3.8453754900367576
-0.5438068627993533 -0.6093067646103184
0.12416155899659653
0.318331752880651 -0.8576404994274545
1.9171040563432902
-0.7602624935832779 -0.14339318478979907
4.163372695081454
-0.6667866971530534 -0.9702682866332313
4.653148386633979
-0.6588057811945172 -0.03737035586230518
5.657943396520687
0.878716142907179 0.6778809519670925
1.2968972128591085
-0.99747528997253 0.437869576241848
3.9908469732827427
-0.5861532998880159 0.354102046647045
0.38581979616059137
-0.979821727097618 0.011839986532549238
2.140435595821005
-0.18505729154016637 0.18927882241459898
2.0320951590146885
---
66000
0
None None
None
0.5393181417789177 -0.08609744572748987
4.630773653434206
-0.5438068627993533 -0.6093067646103184
3.2657542125863896
0.318331752880651 -0.8576404994274545
4.273298546535635
-0.7602624935832779 -0.14339318478979907
0.23638187809421218
-0.6667866971530534 -0.9702682866332313
2.296953896441634
-0.6588057811945172 -0.03737035586230518
2.516350742930894
0.878716142907179 0.6778809519670925
2.082295376256557
-0.99747528997253 0.437869576241848
5.561643300077639
-0.5861532998880159 0.354102046647045
1.1712179595580396
-0.979821727097618 0.011839986532549238
5.282028249410798
-0.18505729154016637 0.18927882241459898
2.0320951590146885
---
67000
0
None None
None
0.5393181417789177 -0.08609744572748987
1.4891809998444128
-0.5438068627993533 -0.6093067646103184
0.9095597223940448
0.318331752880651 -0.8576404994274545
0.3463077295483936
-0.7602624935832779 -0.14339318478979907
1.0217800414916605
-0.6667866971530534 -0.9702682866332313
1.5115557330441858
-0.6588057811945172 -0.03737035586230518
4.08714706972579
0.878716142907179 0.6778809519670925
0.5114990494616602
-0.99747528997253 0.437869576241848
5.561643300077639
-0.5861532998880159 0.354102046647045
1.956616122955488
-0.979821727097618 0.011839986532549238
2.9258337592184533
-0.18505729154016637 0.18927882241459898
3.602891485809585
---
68000
0
None None
None
0.5393181417789177 -0.08609744572748987
0.7037828364469645
-0.5438068627993533 -0.6093067646103184
5.6219487027787345
0.318331752880651 -0.8576404994274545
5.058696709933083
-0.7602624935832779 -0.14339318478979907
1.0217800414916605
-0.6667866971530534 -0.9702682866332313
1.5115557330441858
-0.6588057811945172 -0.03737035586230518
5.657943396520687
0.878716142907179 0.6778809519670925
6.009286193243798
-0.99747528997253 0.437869576241848
0.06385615629550134
-0.5861532998880159 0.354102046647045
1.1712179595580396
-0.979821727097618 0.011839986532549238
4.49663008601335
-0.18505729154016637 0.18927882241459898
2.0320951590146885
---
69000
0
None None
None
0.5393181417789177 -0.08609744572748987
3.8453754900367576
-0.5438068627993533 -0.6093067646103184
0.12416155899659653
0.318331752880651 -0.8576404994274545
3.4879003831381867
-0.7602624935832779 -0.14339318478979907
4.948770858478902
-0.6667866971530534 -0.9702682866332313
2.296953896441634
-0.6588057811945172 -0.03737035586230518
2.516350742930894
0.878716142907179 0.6778809519670925
1.2968972128591085
-0.99747528997253 0.437869576241848
4.776245136680191
-0.5861532998880159 0.354102046647045
3.5274124497503845
-0.979821727097618 0.011839986532549238
0.5696392690261085
-0.18505729154016637 0.18927882241459898
0.46129883221979195
---
70000
0
None None
None
0.32409817449215167 -0.04256382649436886
4.113696130781069
0.16619834914573944 0.3632885070688682
3.6429828897331253
-0.41116226236748515 0.6838266580862374
5.929390924268115
0.6028883085972425 -0.6171849091301613
1.03469490399833
-0.45854825345811195 0.7252310790509054
0.08452853067538864
-0.1061634793759383 -0.1938570345585625
2.3631355217892844
0.06720543725803198 0.22009939143611934
4.337293117990631
0.9329081347170037 0.23963967032618821
3.6048035249154973
0.14919265963931877 -0.5582447661111017
1.8354226131587006
0.2566061531152735 -0.8236615586907752
6.260264925427223
-0.8874291441223779 0.5156534469879148
1.7263904375699597
---
71000
0
None None
None
0.32409817449215167 -0.04256382649436886
0.9721034771912755
0.16619834914573944 0.3632885070688682
2.857584726335677
-0.41116226236748515 0.6838266580862374
5.143992760870667
0.6028883085972425 -0.6171849091301613
5.74708388438302
-0.45854825345811195 0.7252310790509054
0.08452853067538868
-0.1061634793759383 -0.1938570345585625
4.719330011981629
0.06720543725803198 0.22009939143611934
1.9810986277982865
0.9329081347170037 0.23963967032618821
4.3902016883129455
0.14919265963931877 -0.5582447661111017
4.191617103351046
0.2566061531152735 -0.8236615586907752
5.474866762029775
-0.8874291441223779 0.5156534469879148
4.867983091159753
---
72000
0
None None
None
0.32409817449215167 -0.04256382649436886
0.18670531379382727
0.16619834914573944 0.3632885070688682
5.213779216528022
-0.41116226236748515 0.6838266580862374
3.5731964340757703
0.6028883085972425 -0.6171849091301613
4.1762875575881235
-0.45854825345811195 0.7252310790509054
4.796917511060078
-0.1061634793759383 -0.1938570345585625
2.3631355217892844
0.06720543725803198 0.22009939143611934
3.551894954593183
0.9329081347170037 0.23963967032618821
3.6048035249154973
0.14919265963931877 -0.5582447661111017
0.2646262863638045
0.2566061531152735 -0.8236615586907752
3.9040704352348783
-0.8874291441223779 0.5156534469879148
2.5117886009674084
---
73000
0
None None
None
0.32409817449215167 -0.04256382649436886
4.899094294178517
0.16619834914573944 0.3632885070688682
2.857584726335677
-0.41116226236748515 0.6838266580862374
5.143992760870667
0.6028883085972425 -0.6171849091301613
4.961685720985572
-0.45854825345811195 0.7252310790509054
4.01151934766263
-0.1061634793759383 -0.1938570345585625
3.933931848584181
0.06720543725803198 0.22009939143611934
2.7664967911957348
0.9329081347170037 0.23963967032618821
2.0340071981206007
0.14919265963931877 -0.5582447661111017
1.835422613158701
0.2566061531152735 -0.8236615586907752
3.9040704352348783
-0.8874291441223779 0.5156534469879148
3.2971867643648567
---
74000
0
None None
None
0.32409817449215167 -0.04256382649436886
4.113696130781069
0.16619834914573944 0.3632885070688682
1.2867883995407805
-0.41116226236748515 0.6838266580862374
5.929390924268115
0.6028883085972425 -0.6171849091301613
5.74708388438302
-0.45854825345811195 0.7252310790509054
3.226121184265182
-0.1061634793759383 -0.1938570345585625
2.3631355217892844
0.06720543725803198 0.22009939143611934
1.1957004644008382
0.9329081347170037 0.23963967032618821
1.2486090347231524
0.14919265963931877 -0.5582447661111017
0.2646262863638045
0.2566061531152735 -0.8236615586907752
1.5478759450425335
-0.8874291441223779 0.5156534469879148
5.6533812545572015
---
75000
0
None None
None
0.32409817449215167 -0.04256382649436886
0.18670531379382727
0.16619834914573944 0.3632885070688682
2.857584726335677
-0.41116226236748515 0.6838266580862374
5.929390924268115
0.6028883085972425 -0.6171849091301613
1.0346949039983304
-0.45854825345811195 0.7252310790509054
2.4407230208677335
-0.1061634793759383 -0.1938570345585625
5.5047281753790775
0.06720543725803198 0.22009939143611934
4.337293117990631
0.9329081347170037 0.23963967032618821
0.46321087132570415
0.14919265963931877 -0.5582447661111017
2.6208207765561493
0.2566061531152735 -0.8236615586907752
2.3332741084399817
-0.8874291441223779 0.5156534469879148
5.6533812545572015
---
76000
0
None None
None
0.32409817449215167 -0.04256382649436886
4.899094294178517
0.16619834914573944 0.3632885070688682
5.213779216528022
-0.41116226236748515 0.6838266580862374
3.5731964340757703
0.6028883085972425 -0.6171849091301613
4.1762875575881235
-0.45854825345811195 0.7252310790509054
5.582315674457527
-0.1061634793759383 -0.1938570345585625
5.5047281753790775
0.06720543725803198 0.22009939143611934
2.7664967911957348
0.9329081347170037 0.23963967032618821
2.819405361518049
0.14919265963931877 -0.5582447661111017
1.835422613158701
0.2566061531152735 -0.8236615586907752
2.3332741084399817
-0.8874291441223779 0.5156534469879148
0.15559411077506358
---
77000
0
None None
None
0.32409817449215167 -0.04256382649436886
4.113696130781069
0.16619834914573944 0.3632885070688682
5.213779216528022
-0.41116226236748515 0.6838266580862374
4.3585945974732185
0.6028883085972425 -0.6171849091301613
0.24929674060088214
-0.45854825345811195 0.7252310790509054
4.01151934766263
-0.1061634793759383 -0.1938570345585625
0.006941031596939595
0.06720543725803198 0.22009939143611934
5.908089444785528
0.9329081347170037 0.23963967032618821
2.0340071981206007
0.14919265963931877 -0.5582447661111017
0.2646262863638045
0.2566061531152735 -0.8236615586907752
3.11867227183743
-0.8874291441223779 0.5156534469879148
3.2971867643648567
---
78000
0
None None
None
0.32409817449215167 -0.04256382649436886
3.3282979673836204
0.16619834914573944 0.3632885070688682
2.857584726335677
-0.41116226236748515 0.6838266580862374
2.0024001072808737
0.6028883085972425 -0.6171849091301613
5.74708388438302
-0.45854825345811195 0.7252310790509054
5.582315674457527
-0.1061634793759383 -0.1938570345585625
2.3631355217892844
0.06720543725803198 0.22009939143611934
1.1957004644008382
0.9329081347170037 0.23963967032618821
2.0340071981206007
0.14919265963931877 -0.5582447661111017
2.6208207765561493
0.2566061531152735 -0.8236615586907752
1.5478759450425335
-0.8874291441223779 0.5156534469879148
3.2971867643648567
---
79000
0
None None
None
0.32409817449215167 -0.04256382649436886
1.7575016405887238
0.16619834914573944 0.3632885070688682
1.2867883995407805
-0.41116226236748515 0.6838266580862374
2.787798270678322
0.6028883085972425 -0.6171849091301613
3.3908893941906753
-0.45854825345811195 0.7252310790509054
3.226121184265182
-0.1061634793759383 -0.1938570345585625
2.3631355217892844
0.06720543725803198 0.22009939143611934
1.1957004644008382
0.9329081347170037 0.23963967032618821
5.960998015107842
0.14919265963931877 -0.5582447661111017
3.4062189399535976
0.2566061531152735 -0.8236615586907752
0.7624777816450852
-0.8874291441223779 0.5156534469879148
0.9409922741725119
---
80000
0
None None
None
0.09649980102000505 0.92472440312478
0.43549383059355673
0.556205657358701 0.6288178580279405
3.7730319142038447
0.7106382707541624 -0.7693974425317294
2.4911120480126194
0.783422023476735 -0.4943857517553719
1.1741010015263234
-0.4086017351823843 0.4740262048982391
4.364282828770481
-0.8187640265004441 0.06177440024667164
3.0147362456637428
0.5256318182137192 0.6744726206550115
0.9026546264755989
0.9181375829673373 -0.07337439793235252
2.996422136662796
-0.8852095991071114 0.004483175039674247
4.914937299508535
-0.4003328459956047 0.41081186978838535
4.632086269200744
-0.05443520953918134 -0.38123157866091983
1.0766875367216355
---
81000
0
None None
None
0.09649980102000505 0.92472440312478
5.147882810978246
0.556205657358701 0.6288178580279405
2.202235587408948
0.7106382707541624 -0.7693974425317294
5.632704701602412
0.783422023476735 -0.4943857517553719
0.38870283812887507
-0.4086017351823843 0.4740262048982391
0.4372920117832395
-0.8187640265004441 0.06177440024667164
2.2293380822662945
0.5256318182137192 0.6744726206550115
3.2588491166679443
0.9181375829673373 -0.07337439793235252
6.138014790252589
-0.8852095991071114 0.004483175039674247
2.5587428093161906
-0.4003328459956047 0.41081186978838535
0.7050954522135022
-0.05443520953918134 -0.38123157866091983
2.6474838635165323
---
82000
0
None None
None
0.09649980102000505 0.92472440312478
2.7916883207859016
0.556205657358701 0.6288178580279405
2.202235587408948
0.7106382707541624 -0.7693974425317294
2.491112048012619
0.783422023476735 -0.4943857517553719
4.3156936551161165
-0.4086017351823843 0.4740262048982391
5.9350791555653775
-0.8187640265004441 0.06177440024667164
2.2293380822662945
0.5256318182137192 0.6744726206550115
0.11725646307815119
0.9181375829673373 -0.07337439793235252
2.2110239732653474
-0.8852095991071114 0.004483175039674247
0.20254831912384574
-0.4003328459956047 0.41081186978838535
5.417484432598192
-0.05443520953918134 -0.38123157866091983
4.218280190311429
---
83000
0
None None
None
0.09649980102000505 0.92472440312478
3.57708648418335
0.556205657358701 0.6288178580279405
3.7730319142038447
0.7106382707541624 -0.7693974425317294
0.9203157212177224
0.783422023476735 -0.4943857517553719
3.530295491718668
-0.4086017351823843 0.4740262048982391
5.149680992167929
-0.8187640265004441 0.06177440024667164
1.4439399188688462
0.5256318182137192 0.6744726206550115
4.829645443462841
0.9181375829673373 -0.07337439793235252
5.3526166268551405
-0.8852095991071114 0.004483175039674247
5.700335462905984
-0.4003328459956047 0.41081186978838535
1.4904936156109505
-0.05443520953918134 -0.38123157866091983
3.4328820269139806
---
84000
0
None None
None
0.09649980102000505 0.92472440312478
3.57708648418335
0.556205657358701 0.6288178580279405
2.202235587408948
0.7106382707541624 -0.7693974425317294
3.2765102114100673
0.783422023476735 -0.4943857517553719
1.9594991649237716
-0.4086017351823843 0.4740262048982391
1.2226901751806878
-0.8187640265004441 0.06177440024667164
6.156328899253536
0.5256318182137192 0.6744726206550115
4.829645443462841
0.9181375829673373 -0.07337439793235252
4.567218463457692
-0.8852095991071114 0.004483175039674247
1.7733446459187423
-0.4003328459956047 0.41081186978838535
0.7050954522135022
-0.05443520953918134 -0.38123157866091983
1.862085700119084
---
85000
0
None None
None
0.09649980102000505 0.92472440312478
4.362484647580798
0.556205657358701 0.6288178580279405
5.343828240998741
0.7106382707541624 -0.7693974425317294
0.13491755782027415
0.783422023476735 -0.4943857517553719
1.9594991649237716
-0.4086017351823843 0.4740262048982391
4.364282828770481
-0.8187640265004441 0.06177440024667164
2.2293380822662945
0.5256318182137192 0.6744726206550115
4.044247280065393
0.9181375829673373 -0.07337439793235252
4.567218463457692
-0.8852095991071114 0.004483175039674247
1.7733446459187423
-0.4003328459956047 0.41081186978838535
0.7050954522135022
-0.05443520953918134 -0.38123157866091983
1.0766875367216358
---
86000
0
None None
None
0.09649980102000505 0.92472440312478
4.362484647580798
0.556205657358701 0.6288178580279405
1.4168374240114998
0.7106382707541624 -0.7693974425317294
1.7057138846151707
0.783422023476735 -0.4943857517553719
5.101091818513565
-0.4086017351823843 0.4740262048982391
4.364282828770481
-0.8187640265004441 0.06177440024667164
1.4439399188688462
0.5256318182137192 0.6744726206550115
0.11725646307815119
0.9181375829673373 -0.07337439793235252
0.6402276464704508
-0.8852095991071114 0.004483175039674247
0.20254831912384574
-0.4003328459956047 0.41081186978838535
5.417484432598192
-0.05443520953918134 -0.38123157866091983
5.003678353708877
---
87000
0
None None
None
0.09649980102000505 0.92472440312478
4.362484647580798
0.556205657358701 0.6288178580279405
2.202235587408948
0.7106382707541624 -0.7693974425317294
0.13491755782027415
0.783422023476735 -0.4943857517553719
1.1741010015263234
-0.4086017351823843 0.4740262048982391
3.5788846653730326
-0.8187640265004441 0.06177440024667164
3.800134409061191
0.5256318182137192 0.6744726206550115
2.473450953270496
0.9181375829673373 -0.07337439793235252
1.425625809867899
-0.8852095991071114 0.004483175039674247
1.7733446459187423
-0.4003328459956047 0.41081186978838535
0.7050954522135022
-0.05443520953918134 -0.38123157866091983
3.4328820269139806
---
88000
0
None None
None
0.09649980102000505 0.92472440312478
4.362484647580798
0.556205657358701 0.6288178580279405
6.1292264043961895
0.7106382707541624 -0.7693974425317294
3.2765102114100673
0.783422023476735 -0.4943857517553719
5.886489981911013
-0.4086017351823843 0.4740262048982391
0.4372920117832395
-0.8187640265004441 0.06177440024667164
6.156328899253536
0.5256318182137192 0.6744726206550115
2.473450953270496
0.9181375829673373 -0.07337439793235252
2.9964221366627957
-0.8852095991071114 0.004483175039674247
0.20254831912384574
-0.4003328459956047 0.41081186978838535
1.4904936156109505
-0.05443520953918134 -0.38123157866091983
5.789076517106325
---
89000
0
None None
None
0.09649980102000505 0.92472440312478
2.7916883207859016
0.556205657358701 0.6288178580279405
2.9876337508063964
0.7106382707541624 -0.7693974425317294
4.847306538204964
0.783422023476735 -0.4943857517553719
5.886489981911013
-0.4086017351823843 0.4740262048982391
3.5788846653730326
-0.8187640265004441 0.06177440024667164
2.2293380822662945
0.5256318182137192 0.6744726206550115
5.615043606860289
0.9181375829673373 -0.07337439793235252
3.781820300060244
-0.8852095991071114 0.004483175039674247
0.20254831912384574
-0.4003328459956047 0.41081186978838535
1.4904936156109505
-0.05443520953918134 -0.38123157866091983
5.789076517106325
---
90000
0
None None
None
-0.833823986529199 -0.06935993727272736
3.656634297254546
0.15962795589702092 0.9885918699827336
0.5949274540915712
0.00618588540650189 0.22790863595098906
5.256827967632946
0.6819658961405662 0.8598140665379012
2.3576278144625737
-0.5241512629212769 -0.7030278319480092
5.651992084188894
-0.3924657795609465 -0.8786075305998479
4.324979552002499
0.9742191251617198 -0.8773095208424451
2.657489341570893
0.016925495449292328 0.3351747435362015
4.521089695307527
0.6358797019199366 -0.3068541522644648
5.7570597588784365
-0.22856312469030968 0.43850179036447073
5.926393873628632
-0.8047398737802436 0.20273002205332502
6.101672282552486
---
91000
0
None None
None
-0.833823986529199 -0.06935993727272736
2.8712361338570975
0.15962795589702092 0.9885918699827336
3.736520107681364
0.00618588540650189 0.22790863595098906
3.686031640838049
0.6819658961405662 0.8598140665379012
2.3576278144625737
-0.5241512629212769 -0.7030278319480092
4.081195757393997
-0.3924657795609465 -0.8786075305998479
5.110377715399947
0.9742191251617198 -0.8773095208424451
2.6574893415708933
0.016925495449292328 0.3351747435362015
2.164895205115182
0.6358797019199366 -0.3068541522644648
3.4008652686860916
-0.22856312469030968 0.43850179036447073
2.7848012200388386
-0.8047398737802436 0.20273002205332502
1.3892833021677964
---
92000
0
None None
None
-0.833823986529199 -0.06935993727272736
4.442032460651994
0.15962795589702092 0.9885918699827336
0.5949274540915708
0.00618588540650189 0.22790863595098906
4.471429804235497
0.6819658961405662 0.8598140665379012
0.0014333242702289084
-0.5241512629212769 -0.7030278319480092
1.7250012672016526
-0.3924657795609465 -0.8786075305998479
1.1833868984127056
0.9742191251617198 -0.8773095208424451
1.0866930147759968
0.016925495449292328 0.3351747435362015
5.306487858704975
0.6358797019199366 -0.3068541522644648
0.2592726150962985
-0.22856312469030968 0.43850179036447073
5.926393873628632
-0.8047398737802436 0.20273002205332502
5.316274119155038
---
93000
0
None None
None
-0.833823986529199 -0.06935993727272736
2.0858379704596492
0.15962795589702092 0.9885918699827336
2.9511219442839156
0.00618588540650189 0.22790863595098906
5.256827967632946
0.6819658961405662 0.8598140665379012
2.3576278144625737
-0.5241512629212769 -0.7030278319480092
2.510399430599101
-0.3924657795609465 -0.8786075305998479
1.968785061810154
0.9742191251617198 -0.8773095208424451
3.4428875049683416
0.016925495449292328 0.3351747435362015
5.306487858704975
0.6358797019199366 -0.3068541522644648
0.2592726150962985
-0.22856312469030968 0.43850179036447073
5.140995710231183
-0.8047398737802436 0.20273002205332502
2.1746814655652447
---
94000
0
None None
None
-0.833823986529199 -0.06935993727272736
1.300439807062201
0.15962795589702092 0.9885918699827336
6.092714597873709
0.00618588540650189 0.22790863595098906
2.900633477440601
0.6819658961405662 0.8598140665379012
1.5722296510651255
-0.5241512629212769 -0.7030278319480092
5.651992084188894
-0.3924657795609465 -0.8786075305998479
1.968785061810154
0.9742191251617198 -0.8773095208424451
3.4428875049683416
0.016925495449292328 0.3351747435362015
0.5940988783202856
0.6358797019199366 -0.3068541522644648
5.7570597588784365
-0.22856312469030968 0.43850179036447073
5.140995710231183
-0.8047398737802436 0.20273002205332502
3.7454777923601412
---
95000
0
None None
None
-0.833823986529199 -0.06935993727272736
3.656634297254546
0.15962795589702092 0.9885918699827336
1.380325617489019
0.00618588540650189 0.22790863595098906
5.256827967632946
0.6819658961405662 0.8598140665379012
0.0014333242702289084
-0.5241512629212769 -0.7030278319480092
2.510399430599101
-0.3924657795609465 -0.8786075305998479
5.110377715399947
0.9742191251617198 -0.8773095208424451
3.4428875049683416
0.016925495449292328 0.3351747435362015
6.091886022102424
0.6358797019199366 -0.3068541522644648
1.830068941891195
-0.22856312469030968 0.43850179036447073
1.9994030566413903
-0.8047398737802436 0.20273002205332502
6.101672282552486
---
96000
0
None None
None
-0.833823986529199 -0.06935993727272736
6.012828787446891
0.15962795589702092 0.9885918699827336
2.9511219442839156
0.00618588540650189 0.22790863595098906
6.042226131030394
0.6819658961405662 0.8598140665379012
0.7868314876676772
-0.5241512629212769 -0.7030278319480092
1.7250012672016526
-0.3924657795609465 -0.8786075305998479
5.110377715399947
0.9742191251617198 -0.8773095208424451
5.7990819951606865
0.016925495449292328 0.3351747435362015
6.091886022102424
0.6358797019199366 -0.3068541522644648
4.971661595480988
-0.22856312469030968 0.43850179036447073
1.9994030566413903
-0.8047398737802436 0.20273002205332502
0.6038851387703481
---
97000
0
None None
None
-0.833823986529199 -0.06935993727272736
2.0858379704596492
0.15962795589702092 0.9885918699827336
3.736520107681364
0.00618588540650189 0.22790863595098906
6.042226131030394
0.6819658961405662 0.8598140665379012
5.499220468052367
-0.5241512629212769 -0.7030278319480092
0.15420494040675603
-0.3924657795609465 -0.8786075305998479
4.324979552002499
0.9742191251617198 -0.8773095208424451
1.0866930147759968
0.016925495449292328 0.3351747435362015
2.9502933685126305
0.6358797019199366 -0.3068541522644648
4.971661595480988
-0.22856312469030968 0.43850179036447073
4.355597546833735
-0.8047398737802436 0.20273002205332502
2.960079628962693
---
98000
0
None None
None
-0.833823986529199 -0.06935993727272736
4.442032460651994
0.15962795589702092 0.9885918699827336
4.521918271078812
0.00618588540650189 0.22790863595098906
2.1152353140431526
0.6819658961405662 0.8598140665379012
3.9284241412574703
-0.5241512629212769 -0.7030278319480092
0.9396031038042043
-0.3924657795609465 -0.8786075305998479
5.895775878797395
0.9742191251617198 -0.8773095208424451
5.7990819951606865
0.016925495449292328 0.3351747435362015
6.091886022102424
0.6358797019199366 -0.3068541522644648
1.0446707784937468
-0.22856312469030968 0.43850179036447073
1.214004893243942
-0.8047398737802436 0.20273002205332502
2.960079628962693
---
99000
0
None None
None
-0.833823986529199 -0.06935993727272736
2.0858379704596492
0.15962795589702092 0.9885918699827336
2.9511219442839156
0.00618588540650189 0.22790863595098906
4.471429804235497
0.6819658961405662 0.8598140665379012
2.3576278144625737
-0.5241512629212769 -0.7030278319480092
2.510399430599101
-0.3924657795609465 -0.8786075305998479
3.5395813886050504
0.9742191251617198 -0.8773095208424451
4.22828566836579
0.016925495449292328 0.3351747435362015
0.5940988783202856
0.6358797019199366 -0.3068541522644648
4.971661595480988
-0.22856312469030968 0.43850179036447073
4.355597546833735
-0.8047398737802436 0.20273002205332502
3.7454777923601412
---
