100
{'run_name': '2D_rec_10_total_boids_slower', 'annealing': True, 'annealing_start': 0.2, 'annealing_end': 0.002, 'nr_observed_agents': 5, 'nr_of_boids': 9, 'predator_present': True, 'grouped_spawn': False, 'predator_halting': False, 'record_keeping': True, 'record_frequency': 1000, 'exp_folder_name': 'big network 5 observed', 'boid_speed': 0.0333, 'boid_color': (0.8, 0.8, 0.8, 1), 'boid_turning_speed': 1.5707963267948966, 'predator_speed': 0.0333, 'predator_speed_slow': 0.0333, 'predator_speed_fast': 0.0533, 'predator_lunging': False, 'predator_lunge_speed': 0.013, 'predator_lunge_distance': 0.1, 'predator_turning_speed': 0.7853981633974483, 'predator_color': (0.8, 0.2, 0.2, 1), 'predator_confusion': True, 'predator_confusion_distance': 0.4, 'predator_confusion_threshold': 2, 'predator_chase_time': 20, 'predator_halt_time': 0, 'predator_eating_distance': 0.06666, 'height': 800, 'width': 800, 'graphics': True}
tick
boids eaten
predator position
predator rotation
agent positions (and)
agent rotations (interleaved)
----
0
86
-0.9201676520369175 0.4062725246834221
2.762806247474259
-0.9356932299569553 0.4166075931266106
1.1216381226993846
0.2319773728633002 0.6461261788428098
3.864874455506229
0.893552485056962 -0.24030972314559426
5.598589659062502
-0.9395905309640817 -0.5197124040287583
2.3929245100188004
0.3201136738840692 0.2854816876926106
4.676573682374184
-0.9467337498068937 0.597261051986237
4.571581953689307
-0.48536926271389125 0.2247350852089347
0.888865894252358
-0.20874666657103572 0.28098155933855645
2.010186352992778
0.25923591725441997 0.17546656876629785
5.12019330575071
-0.5484690587996504 -0.23685276279614761
5.546311395778558
---
1000
80
0.8325579190464784 -0.4958240427415655
1.2735838913100206
0.6961689916872744 -0.4389238117919442
5.447799043950319
-0.5473850589572845 -0.4910544043980459
3.095412719077891
-0.1787421176541194 0.23166059813556292
5.520521898424111
0.9267350210177232 -0.5278549635764496
4.375670974977895
-0.5904381398188251 0.5312854210174032
3.7529415402931985
-0.6704727634892258 -0.47049520254257043
5.519382218608375
-0.13110401068619706 -0.36725165736543636
0.800593144224822
0.1673970671745148 -0.12645575890721675
5.019908344104296
0.496123233971959 -0.7170311373918622
2.5407797598372452
-0.2130153437744757 -0.1629250813458421
1.2511828206571156
---
2000
89
0.5972030281601562 -0.6204492050249308
3.245757618734053
0.09206441904988402 -0.7990827862856019
1.806511275299517
0.48809161672634627 0.590596642771649
3.836689144818986
0.6367781928216996 -0.5141676566938164
1.7811410897083304
-0.8972929741463603 -0.6645454295074634
5.559246275546998
0.18001081271212632 -0.019195221977008237
4.828847540067822
0.7453873702432771 -0.6387405087247713
1.1555148671444728
-0.8032252360723792 0.8534209050973377
0.117668493742344
0.6614064342423414 0.15372337524822816
1.8626469764396534
0.7338314530626764 -0.700441050779173
5.481766835264256
-0.6839663114782324 -0.5563342638610358
1.3931781085381925
---
3000
86
-0.8780533524027688 -0.24986257277860477
2.1717207719030913
0.6863078356117717 -0.3467088890950324
5.683659848065031
0.629235153430233 0.2663049829706799
2.231012130728069
0.055368051720472544 0.7799687383847423
0.9510172338131078
-0.40870833073721197 -0.7004105978587258
5.028095870054419
0.40257330153263876 -0.4853067955382677
0.879458340115205
-0.6652691971261901 -0.4793284282759315
1.6610613434113555
-0.8685956759078393 0.22169928480892728
3.9222897622804807
-0.12724711283704324 -0.6897283914700565
5.945031554714162
0.03798047504930469 -0.24051513442944678
4.580866080620402
-0.07005399223763392 -0.4624677980723725
4.737484182971031
---
4000
84
-0.6369375591570786 0.6222462715635082
1.7351465885034694
-0.625934612074318 0.5824200305787713
1.202713159481629
0.8646877513532165 0.552612821259112
4.963694865042331
0.319442065345604 0.30787455438685274
5.8345177553299
0.43422219537524087 0.6916781313527113
1.717945485359082
-0.028578504559927644 -0.46747681114002154
5.308959142883441
0.7255033386683367 0.652170365475334
0.7311698373240239
0.01848938341668734 0.17536685940063032
2.2715292434611127
-0.049483045079209254 0.6790104442471798
3.8114929240322857
0.5236580699259102 0.38220051216224993
1.5035199946352709
-0.18288410037834338 0.828288752891471
1.0433058938626019
---
5000
92
0.5393093365064039 -0.338538677388692
4.932347897430975
0.4498230771239302 -0.5107066615115496
0.604423896275553
-0.009858058037077688 -0.19316238102049668
1.4352649840023726
-0.228755652967563 0.2592566823488993
3.7277486724938376
0.5249893029338931 0.3724507945996075
2.7592978116079827
-0.3454957313441289 0.39654229726062057
1.829037577180844
0.23713824046771045 0.03478241187100105
0.7853467597333426
-0.7799839478353006 0.2577379784050946
2.094527488277385
-0.8113423590531164 -0.16695288348744824
2.7128372462852735
0.37865920550174553 0.4526596661523775
3.6934735552069213
0.4357443301263644 -0.6750810175862595
3.0525128687690657
---
6000
90
-0.26691429310294307 0.9647021785152656
2.8260910495193103
-0.3594028469715138 0.7977431439547553
1.6069221520435493
0.2182212065904854 0.3533885209299676
1.3889267133437118
0.010116809024363169 0.4051948454802289
2.825762289490595
0.05903676195725643 0.5730156015964032
4.486960044913742
0.9761993095543517 -0.24229129535309082
4.00885559593933
-0.05275822051334598 0.6744165292090083
2.1617444052899657
-0.16599034732642404 0.4163113449989965
4.2274370767816185
0.23192748783611095 -0.5110649527436613
1.4377690748437875
0.20155341839290186 0.9415403814761985
6.142272581043421
0.11301106883075826 0.07058499716247467
6.201341321757012
---
7000
81
0.5315764757776422 -0.7379094722844207
5.9242870202084665
0.41726278381850507 -0.67613850786244
2.6767165506473223
0.10296686801173817 -0.7757180383178953
5.346124538848373
-0.4783778561517437 0.020711972783462776
4.652911964305007
0.21444366142670968 0.5458290974508578
1.727010642349815
-0.7860115645812128 0.8053808000969902
5.391029339475019
0.8310753724979258 -0.596398913347702
6.031056656783933
0.9761366609207901 -0.11117521145450081
5.182225047738093
-0.47874453161939257 -0.1810984175578778
0.7424461626150247
-0.9697763965774086 -0.5862934891431701
5.448007903828208
0.36847212820504494 0.4585833396112513
1.8064041859013207
---
8000
84
0.44716796141997256 0.18757183777004857
0.5634104028520874
0.3198272895588002 0.03179560395998296
0.8731939788950616
0.8654443031442487 0.8124358641265326
2.0480381353649806
0.7757677396817625 -0.565509525006211
3.2455417462818508
0.6912031546841131 0.9840188451532336
2.351350199065183
-0.20688251671682173 -0.8498225910898957
2.450059757039564
0.28072565779536407 -0.46051846090581217
4.58790919746736
-0.6163779764031988 -0.8336413321878743
1.147813958983031
-0.8145987273998738 -0.972881863901317
1.386834075553998
0.6831964607174686 -0.035198668418136014
2.1188611425151302
-0.5100456050229775 -0.13864954183669936
2.034327393469934
---
9000
87
-0.1779386702826181 -0.9133491303160377
0.2801777906214979
-0.6174553259040098 -0.6473945910641573
0.7010128474769806
-0.8836059985995143 -0.6109329706553942
0.9978252679044433
-0.9056284253522786 0.6688807856207977
4.6396638313045395
0.6516475464161922 0.6139918915008027
2.712708006955781
-0.010770292138496555 -0.6986841589616767
0.5715317938130049
-0.45536224348748666 -0.8122054875061492
5.248770092710993
0.7146846180742105 0.32115199517445236
4.513486429547887
0.6646426439758786 -0.6943414942872509
3.867929959628496
-0.25653761140208464 0.6976749309914091
2.6403626064265104
-0.8308538813958476 0.5417071427211166
4.667719366576013
---
10000
79
0.7423918025859282 0.18305835142520221
1.7438123164835002
-0.6103196910962279 0.42030526141877256
5.527476573716414
-0.38303588281138756 0.9604900381172923
4.492847457683882
0.9603196401970318 -0.7053170491711429
2.1130391460489966
-0.2986979638610745 -0.7541048107541787
0.19667227458657877
0.3784427237944994 0.06784284330605139
1.431513108725495
0.345766502910729 0.24944005621615117
5.199880384315249
0.851694883292104 -0.8422968035554739
1.3764596719296072
0.15093600611140384 0.8854765465220283
3.0471283042211086
-0.42732866224893645 0.9807448782252306
5.230543540208017
0.33841757810213324 -0.7033836118470456
1.005932189645998
---
11000
87
-0.8315958006748451 0.08925938445477735
3.647103290877196
-0.8526196927591444 0.07255197419183032
0.20243181548932654
-0.3159503778669299 -0.8364706257967195
3.0324136323330437
-0.17360495049680486 0.09548475163227976
3.791841896060566
-0.38241030057848974 0.5095785473474903
1.2035912385337948
-0.8019246111544125 -0.8654893542224567
2.5371938307287394
-0.5979840878552566 -0.8114672509663594
3.733615281937549
0.15090304324585246 -0.7985518951604113
0.2012763592264566
-0.7987118294334358 0.6566732163161589
5.897596344628864
0.44411685738620704 -0.8185076903261057
2.4874598968753947
-0.4325538466191834 -0.6758838356230809
3.8577200149411883
---
12000
69
-0.9847239314818059 0.8544913334207145
5.293235814507184
0.9670985812167094 0.8705898321135447
5.079381889052815
0.1654066505296035 -0.45312948525840874
5.061112061605205
-0.15770049868699007 -0.5452356066425339
5.977728721634024
-0.6913703365664667 0.7048923028755356
2.538348725792929
0.9701621827523901 -0.8903073897352429
1.593914503674891
0.13576731020172414 -0.17234464543994887
4.945332223744905
0.8814677363554353 -0.9454543650500311
5.97706926772434
0.04908807799740435 0.0880952717019022
2.0865597467954435
0.7685948658984821 0.3749468472207029
1.6657902332808598
-0.8332379986864871 -0.9646933014258441
0.7108350033050312
---
13000
89
0.3473775173316729 -0.18002136653324433
3.1073967604628097
0.4536801520550118 -0.08099645808256485
4.614027370057401
-0.5314168755194009 0.5126522639789063
1.1976837051692337
-0.5715114353854012 -0.9887674578888583
4.952650346438577
0.6207907858013951 0.33778083628697875
1.397193146608064
-0.1534674574495403 0.6442855937625697
0.2885124665081964
-0.3849129141121729 -0.23701192825804784
2.6509608409056176
-0.2531712460022284 -0.7953175579594609
2.112405737482282
0.4349309106110509 0.3257641990593952
3.946998503640249
-0.45522691789876407 -0.30401939888455165
4.664486614744431
-0.729645441168591 -0.9418634877376711
3.4920285519055065
---
14000
78
-0.22520603524797622 -0.5145878249896575
6.008305179142743
0.12798542372535693 -0.7213055329562397
4.2497296056657685
-0.20877020310015582 -0.7516991536287676
1.190703882724863
0.03232752451627434 -0.2976447332645746
4.09077826539881
-0.9962643407632097 0.3485401196338569
3.5598534112242994
0.6315673570913545 -0.31982205173715345
3.613186911977736
-0.24581573900635617 0.7232903916308999
1.206531108185823
0.9414199178922444 0.438363588140913
6.2224306025523095
0.30741981624859516 0.7063868311173078
1.5181003754237894
0.6163785249690668 -0.10001221106792596
0.2391573934348621
-0.28259258857512576 0.06238885283942074
3.8605786694812227
---
15000
85
0.2781622429379114 0.3919517671537834
3.3884716624975053
0.6097086810426753 0.2290555536936895
3.8261890359935116
0.4299688705896519 0.5557541592179142
4.000196608547349
0.060391846076321636 0.3859023790933802
5.8510727116943295
-0.22725058525907596 -0.37988183175189627
5.356379472860334
0.19860363615003532 0.5092575732474054
3.358941429913677
-0.9494060606254935 0.10921500816644658
6.08545124297088
-0.2737606972859695 0.535325606889868
2.5194127377326474
0.049201919201870656 -0.5593401136502777
5.087069228774609
0.027174649817470274 -0.11121195415637744
1.6504565510220601
0.4816140623280789 -0.9493344556450489
5.687997568365163
---
16000
82
-0.07526506390982429 0.3527762447394667
3.972256677520972
-0.35172202541760744 0.6460888763439215
5.6819913386953305
0.7692008617980162 0.4842064628410712
3.901645028032422
0.843197035313084 -0.47328732251948996
2.789662462354304
-0.8205925425287792 0.587376976943758
4.668614092424505
0.0048499127337623335 -0.12989012065574435
4.08927126581748
0.8403181631874453 0.46406959376766554
2.2394955181525282
-0.9001762439817318 0.2670933655595633
5.893120743259799
0.5582283580322994 0.45852390249825403
4.247675190748381
0.95993741896483 0.5051764632839851
2.6694184642272267
0.3222866382769534 -0.9582662914048783
4.937541711141397
---
17000
76
0.062472127096088716 -0.4462594996514317
4.073165676302706
-0.0457567574476076 -0.49862183169870544
0.8709485427226591
-0.21377095387336542 -0.44325317624608385
3.2313516461658454
0.14764786296107968 -0.9654647953834219
0.40116011336332136
-0.3520138355513131 0.9766030761895257
1.5586736291172585
-0.43876412027774647 0.6252590480456314
1.4041897660378417
-0.9909750948230365 0.9828912637488152
5.680725669402364
0.18190005689515032 -0.2710970250582485
4.893202015460311
-0.6924264117562129 0.6212286422506731
4.243702350941629
-0.7231166733288048 -0.2469076929945328
0.737741984228065
-0.28714519409257555 -0.9303535084422959
5.9707110557251255
---
18000
85
0.5099142659349385 0.8175388491505478
4.957929816304959
0.47768425684251276 0.8742862364020701
0.6414726672405617
0.3412034632644561 -0.6545127654471828
3.389780472723573
-0.5054592093361859 0.9335801034787464
4.926983846142713
-0.2440635308230594 -0.47869817652646107
4.1092750355692385
0.9581150683695929 0.8528658071969215
3.4336144606694345
-0.0599519312201586 0.22923320929767182
4.75905431265404
-0.6861415519928606 0.895046840903788
6.005548787211664
0.9989126193236422 -0.1926457418950643
1.0487680123965877
0.2134957674301951 0.05143709294482508
3.6264037930965687
-0.6345740154182593 -0.519425868212855
4.189361773994273
---
19000
90
0.6706275005465449 0.5676287444230524
2.346088737796305
0.708299030036999 0.5102474593001558
4.813153368773361
0.1436206305281459 -0.38498591074322863
5.995162808051087
-0.6023456717662526 -0.22804217278918107
4.902314687402936
0.7812997223616813 0.0160322350024592
1.0291304979293159
0.597925333832246 -0.6579200964790194
2.4674296176851165
0.09737337291650325 -0.058300464241000924
4.85247934116237
-0.919860400397206 0.9205366075196693
1.8330357957764338
0.3601389894464464 0.2515368656766458
4.2385495441638525
0.07117681147990204 0.7171523109994218
4.8348287198656985
-0.6150034916084317 0.32441785039435894
4.250173201842273
---
20000
87
-0.5623542517412041 0.40139173858406824
5.256985646203976
-0.5220062546183615 0.5465477321982877
4.7001103965653614
-0.5335846884407044 0.5443471732475064
3.105498213732564
0.7897822338956534 -0.9030433649525043
5.456772517591739
-0.7141418675162229 0.2574016964911022
5.58954482232739
-0.1950165014574796 -0.16881734843926544
6.0632513675164805
-0.7399655596261621 -0.4017118684597837
5.261283811414905
-0.12163266971843979 0.4783123593723506
1.121581494260389
-0.02346715321112227 -0.035662987685503064
4.159758090559266
0.2312953601800645 -0.43447085826810733
4.896520492879526
-0.3378996433918108 0.5868640708369152
1.2279102815136174
---
21000
83
-0.5680029698614041 -0.6079763472456775
2.1051130165209937
-0.5271336469547895 -0.5524635908346006
5.992144221489406
0.11269067408986852 0.4954626953537406
3.7101515222023504
-0.7358699184307353 -0.7786632967056202
0.3303368424012181
-0.8049440037839785 -0.14226552632938178
1.3877363219884709
0.7441192950543898 0.29039321767008636
4.535975157042746
0.26516370473923695 -0.41818164151769854
4.722870799203267
-0.38303559939680587 -0.09537411616791108
5.970331315481356
0.7496769448938435 0.6492595902262203
0.9490043231365162
0.1077399870017768 -0.22648928617189953
2.494106852110442
0.4435542243592431 -0.08531287119142072
5.771424830513109
---
22000
84
-0.1132984624464971 0.3274068245912158
0.20879168923455727
0.20197047052328088 0.40048104519480476
3.002349406960283
-0.7960690385313199 0.22427170870332702
3.742041145364132
0.8424511850478387 0.9555328656826445
0.9302104819750943
0.8389459369317983 -0.16953144241978854
4.9147762342929555
-0.6349852250875195 -0.38028523059448316
4.704812989977689
0.10210931131392309 0.09299896890493671
4.005088638417819
0.8384735990755859 -0.15169982066779233
4.1786288007581724
-0.3944640740193718 -0.5646436181238725
6.2677235127162705
0.13272375907307818 -0.08927589696928126
5.285898514958241
-0.9582306206725765 -0.6957721695392161
2.32374581305295
---
23000
79
0.33764982451715303 0.21429299299105628
1.4764207289129678
0.838196830858448 0.05327255417579435
1.4948450657279277
-0.7138483940896224 0.15083519614895435
0.4001833247855888
0.3390437369486874 -0.7518186370991584
1.5360042268815652
0.7307141065364416 -0.40966578562067074
0.5503713995327164
0.19657816593075367 -0.49106904563684484
3.7272322285965584
0.7359546102296266 -0.5346166592872651
5.761611499539157
0.1477249532033416 0.45727265341545337
0.5125031356429997
-0.623892160343039 0.4828306470818396
2.694869864270377
0.31363882433967016 0.36306443094863977
0.15510139032601522
0.9034830836558622 0.23865807338089
3.770645504582821
---
24000
86
0.10493557846219029 0.7176137010788003
2.3285948694388745
0.01602138149263705 0.7883577937739544
5.812339240606345
0.1539534040289377 -0.9794446456892182
3.4241709525528794
0.16100468560775014 -0.6891176849011121
3.151462174305683
0.7775722627736796 -0.07546176636692722
4.135368832896026
0.2616650658008833 -0.6077691478725474
3.645235280329823
0.3078970170434729 -0.07783970612514712
3.1365988306768227
0.4295305380960708 -0.7981884561988161
5.234578020103254
0.35836067435404817 -0.7506378430041093
1.1189812962955283
-0.8431193131608075 0.4714780491382267
6.164306650163441
-0.6006280590011477 0.2917365431655281
2.7544486689005847
---
25000
70
-0.6499243744418549 -0.9395715425299099
1.1287818571046595
-0.028734789531438543 0.7169005694316612
3.1651987665195787
0.10388018534371993 -0.07698420398313215
1.4125633601173924
0.6303637090687205 0.022402334526328758
6.130311291102148
-0.5513763691986766 -0.1544606441645359
1.6486198950365258
0.18902743260312244 -0.11559931638999316
3.7526604553317027
0.7364048317326326 -0.4449670692335552
4.5149349509400745
0.48064268555783124 0.8478757162554896
2.5477191257960268
-0.9032318423024658 0.648158765421048
2.360924371331782
0.8591138784608723 0.697241614222087
0.7231048666951727
0.195833680531641 0.06170468687417875
1.2517641929118568
---
26000
71
-0.6195929710589471 -0.8830168147624557
5.818285332677997
-0.7781174027561663 0.7602146126071005
0.9310989966402277
-0.9244095678466382 -0.847545552666757
1.098015611247904
0.35931576457513675 0.5759413413582507
0.9964811531875934
0.34206575092689206 -0.9185566951642656
5.334005570268292
0.5416006574177691 0.13614566624829072
5.230838923440925
0.6159925816969601 0.18002145900960517
3.2776020756212327
0.975353214333613 -0.9764458046198343
3.8310619671119364
-0.49375791327655644 0.08747885650259624
0.17905458646073935
-0.651619375197255 -0.19963636428726828
2.1303561829348183
0.1895183765367577 0.08910467163448071
0.6453104464989243
---
27000
74
0.29199325950142363 -0.6985130686333494
1.5684423579722941
0.936088274075251 -0.637894490669126
1.853235778816377
0.536916256990521 0.11863810556126567
5.021940641817313
0.4337436835059204 -0.07535140895397482
1.4784155960060126
0.4058566151878329 0.4339044134610081
5.455294066923104
-0.8307886175926006 0.7267364824603813
4.927875307162295
-0.3042206724777092 -0.2220922810467611
3.5193176544513856
-0.17898033343898043 -0.8279477726607543
0.6064010925358397
0.34356551982081984 0.9365379723206726
3.9322588269853327
0.2999143699425366 0.617882072617304
5.0397153519374704
0.47307469303494976 -0.5011100970107109
4.330070706055619
---
28000
76
0.1495870294226147 0.3559122050210035
1.4462028231799402
0.004492292333698789 0.2961745487378037
1.4617625240231167
0.8419328558798215 -0.11567591021576504
4.745624427570162
0.6757716235151814 -0.7506247510943052
3.1679180488964107
-0.6838358697962342 -0.33805107818600916
6.098829280300848
0.1790011273752051 -0.42698292463673043
3.9810792094890726
-0.6842522538363778 -0.15827627986578913
1.9188529518353814
0.5051664837312736 -0.6727299579784035
2.4058374281751407
0.8350394156833897 0.723884775364026
4.391752550741298
-0.551815333704707 -0.21804081823514584
3.635457965621094
0.21431315161490458 -0.5072777743528856
3.6319670446136287
---
29000
73
0.6878700855306793 -0.3248877184066946
0.8950963942092341
0.12030221051582461 -0.7804542940272635
6.062799834696225
0.4856440517111087 -0.9927264201370102
3.128721964826929
-0.9152395658107638 0.5768235638237232
5.395202235674907
-0.35047285002128764 -0.34935299779192047
4.857618953210507
-0.4278561953139597 -0.19489755704892192
1.9310326072914252
0.7439349854375249 -0.7960588444948832
1.4666036601406347
-0.23523472321904493 0.8212424476633173
2.948464320345055
-0.7228201244559865 0.15958397060420662
2.8013161463702607
-0.9566465668091403 0.5012456886270091
1.3240388434827386
-0.3137936810898026 -0.6071550263852796
0.15210521007490652
---
30000
73
0.017668429613117265 -0.10207970473893632
3.4726646262843213
-0.39701327674823833 -0.5230147311654085
1.2341764053696869
-0.07854012335131073 -0.032256483886840395
2.966870756854604
-0.8220570978944457 -0.16419210562468564
4.094035565415885
0.9669433912285677 -0.6401392843390663
2.0388345931651246
0.9525398545191893 -0.6685724087875761
3.754077690636315
0.4811734416972571 -0.34155015636808495
1.503787919918481
0.28177346107057605 0.007657411325475021
1.2246826535110333
0.36119529351523916 0.8971723501576051
3.2501971914135055
0.710162479529383 -0.7066493141849697
1.8197464901290061
-0.5590887126143786 0.4730186583299376
2.2477804070282073
---
31000
81
0.24362284173301746 -0.7012476656338329
2.1114405341200655
0.003944557095708363 -0.49831109348674024
4.733035928978926
-0.8544039589311894 0.7569204291048237
5.91325355552638
0.5507128480468282 -0.3468987617133876
0.8000014698717761
-0.6630396079281495 -0.2756067227459867
2.7429131189677927
-0.0011816132037481915 -0.12379891351054453
1.5777445316572303
-0.9922801625379988 -0.3951639230638709
2.5456624733916575
-0.6948838153905218 -0.8270291688957435
5.1119123172623215
-0.24356907709426234 0.9806262946411065
0.9462939601624543
0.8620777818383774 0.7559102616197324
2.3601384488948156
-0.8268661470371946 -0.7795039496392282
4.849250667756149
---
32000
87
0.912923482747747 0.24002625168490216
2.1791726531533295
0.7379392904649473 0.17013988923074752
1.147833211079563
0.5971013791348355 0.059151546421088004
4.228403930500593
0.3013235311613194 -0.42592651018520333
0.0005590615583761505
0.4736452236600923 0.6836544920921493
2.0568876010649744
-0.022043821662487348 0.3881728236359123
3.5180763634925265
0.9308327121793312 0.26023417748881256
0.5790367467697708
0.418645774573285 0.5689699872251062
4.415381552734995
-0.5250430216615265 0.467968391309983
1.0841188613024997
0.5039774040279402 0.5899600761259893
5.152403564505047
0.2314780981350273 0.9851851316097178
4.475795705660965
---
33000
80
0.45664782260405806 0.5266034820745298
5.304123005748587
0.801588975593216 0.7456880648079418
3.4682855607140404
0.3904745649909371 -0.6062935032983284
0.200725712513532
0.7321056176267436 -0.7248549381767634
3.0675519658719743
-0.700761974451125 -0.16505161580657082
3.518881769895117
-0.5775183630087727 -0.7174980128249593
4.056446513148515
-0.8770499626747457 -0.20689080717736383
0.27098492954540987
-0.042803141322829835 -0.7043272831245424
3.9491117111237912
0.11415996004175363 0.11920288903092438
2.287288930372937
0.9799628227636454 0.28865542204366185
2.3244429732154925
0.2687797984608439 0.7923280868577864
2.5101118155171154
---
34000
70
0.3609363483018659 -0.30385819727096236
1.4040743088630916
0.1050401688136749 0.19938960734188288
5.3066687641418495
0.25930363782612004 -0.663041401960968
2.338542974786245
0.16464802710382523 0.46775478438165
5.833779408630049
0.48888905209090217 -0.9144244462688947
2.986141695424429
-0.1541779188234017 -0.4310589968818034
0.8446594592848164
0.604030778863431 0.7166849665106769
4.0669682464707435
-0.2749048536585751 0.026073475260202292
3.5054336522300273
-0.980258911734333 -0.6989498223265683
1.2410412803606938
-0.878611487740571 -0.329647227086564
1.5312621935141006
-0.7158410234380413 0.30055449700650133
3.7533069714935703
---
35000
81
-0.2566935696603365 0.2215024956285239
0.21171723953300367
-0.4468322458663855 0.044948779010409196
0.9186982011198026
0.3734020342423029 -0.9281208076989405
4.638192982037784
0.8902372197271676 -0.04949880090783826
5.545273087577171
-0.3030216170487788 -0.7448545453690867
5.951195772675455
0.3495436156021873 0.6383060662600877
2.945132358412393
-0.8986947303273 0.17728031238808978
6.181105397696405
-0.43878494749704294 -0.2669335787072294
0.33403759759792706
-0.6830117364717652 0.30059603775781707
5.8937987749833765
-0.2881777249267716 -0.4530151881515572
0.6545298629360339
-0.972964872425671 0.0297818686597269
3.201923599850831
---
36000
77
0.6280293339674433 0.35263487921870523
0.33642938127500355
0.7204499054256162 0.0802870694305208
4.275797712299076
0.6058707374384659 0.04364690363419836
2.7116738539433136
-0.10643481842122438 0.07109387954753944
2.764120947980496
0.7505724785112399 -0.28743792457809747
4.582228823287803
0.27546850460062144 -0.16145405045129368
4.319539656043665
-0.265343179733102 0.8676840388380309
0.7753849868126421
-0.7497985945555643 -0.5911725811392203
4.887816864028919
0.6312511684112573 -0.7602909199241157
0.4337663279325783
0.45648679383493385 0.041468747051409086
3.349495063575856
0.28224047264784463 0.9901727588684868
4.720702558096971
---
37000
81
-0.8369142516221891 0.8089916014498468
5.417571242881012
0.9936872738313615 0.5345080267464591
4.668743208580079
-0.8450416909157425 0.4617279202323667
2.66784517121319
0.9527100419085219 -0.4360662037042796
1.8277297995158817
0.9986807982012174 -0.7420638415137194
3.458641104504167
-0.19624301877814823 0.9450832466587056
5.110718890107306
0.7450414401365516 -0.9952664676506173
1.5958754580070522
-0.29263394124243597 -0.16464867609648212
2.0210383452553184
-0.8449277069534742 -0.698102363166161
2.0226863984148276
-0.1202237899062236 0.18653724635588775
4.090187236665741
0.01922899650664621 0.8506940346087549
0.8391218423873079
---
38000
81
0.006506565672558296 -0.439100298742611
0.25741616504767356
0.19100925847206 -0.775792026350825
3.36374800990244
-0.907266568134695 -0.5943528305209993
2.6512969883075677
-0.7166833199514204 0.8757199145958519
1.2906051306071404
-0.6643548256775911 0.6468955720686311
4.900626916017412
-0.5979062138532332 0.18448164585723562
0.8289840629549019
-0.9206267637410515 0.07641573972315825
2.4826305189799056
-0.24199492186294794 0.685420385261392
0.8325942891535565
0.2472684853086229 0.6397070044024094
0.4069962627764374
0.813269141505218 0.06054017121174917
0.09179363426795017
0.5134344217016158 -0.0973617911904889
5.401647874432657
---
39000
72
-0.22121793442625956 -0.358298648354318
0.6826430864825888
0.05086589940132531 0.7301349590101331
2.1675012125033115
0.38883664842986265 0.4664201007796343
3.1347197264570177
-0.3416262903625248 0.0279155051946631
2.8754073668123254
0.635457435479127 0.9708604556939109
2.401442621792107
-0.9569028041620579 0.14138956366717556
4.828170824824333
-0.4541657930667445 0.9237378951619188
0.5864836839304113
-0.4386392706489268 -0.08429402497513636
4.085210381290388
0.12834411963998027 0.47483548836740763
2.0823571483379997
-0.2860830399004397 -0.9127338630938582
3.4463354920574076
-0.3703289760793776 0.099220723880842
3.8521694409726224
---
40000
70
0.03225979132847398 0.7671849807754085
5.329820383937691
0.23399803887980647 -0.986156346346767
5.017678305265016
0.9822629695218836 0.8038846339126491
2.990142313072666
0.8533739894844636 0.719220260420597
0.16787088566252262
0.3883279907959158 -0.6885206475211488
3.837920597337967
0.7532758876508304 0.22694206434900543
1.5556768923762583
0.22585626831499034 -0.08206661584244648
3.9922495160971794
-0.6728028015574028 -0.05339315686842701
0.8397629220839251
0.9638272048838056 -0.6720142574578731
6.005430969942074
0.32909881173063815 -0.8143039297528314
5.290572822775444
-0.010652226485344536 0.4337557410993139
2.7691680833675756
---
41000
74
-0.3782734049672112 -0.3191350728932128
1.8101807419953286
-0.4723960474786096 -0.1091929668478877
3.470146424713655
0.2524848889493889 0.7349252407083189
1.7730374322877651
0.5704592114911542 0.8946358706148271
0.5668905013581167
-0.8223416090539686 0.004568736087603574
3.90315119506728
-0.1325636733843043 -0.27882380319178146
4.912611614547192
-0.8397583415327559 0.09003597267593465
0.6966218849068033
-0.25581562964116716 -0.5807859938489609
3.7938672912401232
-0.14012704101160856 -0.5100519985490662
2.0619839020375723
-0.1397377597448106 -0.266481812958353
2.3004084032253935
0.6994758654096065 -0.22726868066900588
3.3097730178187312
---
42000
82
-0.2411558032775819 0.6193796695530657
4.715274400129004
-0.21509742192846093 0.6234238742816045
3.8231285859424444
0.22050383656794298 0.42794004729945706
1.19610707601651
0.39289324962271366 -0.08454186516846807
1.336550414446507
0.6918018287484813 -0.5808853334927633
0.10005476019901849
-0.6499801240063101 0.4094368851108068
0.7289379200663895
0.13837912675070754 0.11222902438394594
4.3802359257120935
0.7888533449015296 0.8439704532926395
1.872854883415597
-0.6825708408050722 -0.22568450421029068
1.4157647634402801
-0.7733713991431999 -0.4949048877695876
2.531479235138846
0.30356870654534973 0.08792383326582237
6.281465195778176
---
43000
73
-0.3282824471041348 -0.3275116448559945
2.1426982597322466
-0.4425245023544824 -0.20925541834328865
0.9217415496278907
-0.35918786136846825 -0.07417974276935646
4.561329860910627
0.3656358742012478 0.9770575014722113
2.044026386581127
-0.24378482975010862 0.28370205838918333
6.144219622482841
-0.26867937643161527 0.7851754335603112
5.714225573923001
-0.4790567179814796 0.4273370509171015
0.464729550105889
-0.9277602819057299 0.5626890123109128
2.7463348159939676
0.4242640149196474 -0.5199907516324377
5.499591359481132
-0.31834426887996903 -0.653092577557437
2.485375708312695
-0.26341936615373873 -0.8407748964049211
3.95757400788618
---
44000
71
0.5098591235075469 -0.314759423712872
1.2513496817824998
0.9378219922559543 0.07857004482715971
3.5413865361640173
-0.6401042489834091 -0.8142644535257729
1.6217282875859405
-0.7465500816381977 -0.8494473794475697
4.301475669672723
0.10419254753319887 0.061616290554252336
2.8207441161976456
0.36451086356152623 0.31575355557527407
4.857811134713293
-0.29900965933144874 -0.569292715434665
2.1110856742583346
0.8358687776449335 0.4828904502124264
1.2733307726095502
-0.42520685112897194 0.4244929445453311
1.0880268093635952
0.380743407213196 0.8394114057602984
4.803717485315719
-0.8359979367429621 -0.35523692063844875
3.1481950919813846
---
45000
74
-0.950777819787573 -0.3948186360821313
4.07482320290125
-0.9662657483606547 -0.42156590077850753
4.821614003588773
0.5404663011604596 0.7632373750061536
5.0796000912976345
0.9817977072940932 -0.43140849118912944
5.460143527623219
-0.6576382072402513 0.9666169638129849
3.032353293981336
-0.5446428078702362 0.7032279320866022
1.3444545076490932
0.7279022183474928 0.4147943307189394
6.2805096234160835
-0.2522883761200282 -0.8387251815820403
5.7357463004220035
-0.9017130972270392 -0.30534763378985985
2.600750461648435
0.8753416129622585 -0.1833014784560458
5.423613378947036
-0.25955643198787215 0.02330692192736354
5.421389461771013
---
46000
81
0.21547760158092813 0.624092091211941
6.269111251496458
0.7944985426254099 0.5056616539530938
3.4375375092042555
-0.8476180997292149 -0.6497687897079383
1.0627739876629958
-0.09870481453991735 -0.09017415948978041
5.776751202056717
0.6063127155303177 0.2038584463264997
0.03757408371257753
0.27083931868469613 0.7046658557267881
0.6467425795375608
0.11320041218585847 0.0027126181812887444
3.6966621385413987
-0.9798237201898037 0.6658246799655582
0.4153794010009886
0.6772647206555656 -0.6267269477012661
0.05494792436828533
0.07286170328021938 -0.4811806503127215
1.5111453701519197
-0.022895049968407376 -0.5407729957040512
2.0148997060094933
---
47000
71
0.8063934236175536 0.3649085400626183
4.624464562226035
0.1935927086708223 0.590675556086889
2.9140004586796158
-0.8107314006059547 0.5181593504373047
6.045061427915856
0.6379009765661469 -0.4621158594914337
5.574706220623687
-0.2795711203020428 -0.2807870365356348
3.4745986531943087
-0.5841302803472329 0.454685839472314
1.1692703167712253
-0.33794763206930617 -0.6248828325610354
3.2303653968927133
0.4736405858764901 0.6748286911318836
1.275685213761343
-0.09544086615230118 -0.7086159681887347
1.0115691836637124
0.9394577975420431 0.7230721710463279
0.7114038082212613
0.041633621474095175 0.32847369852477554
3.3217407641187053
---
48000
75
-0.4242491892301565 -0.6913011745201252
2.665751148127996
0.8147870009607731 -0.7521707994765576
5.794952589730665
-0.370538021396654 0.7282937770269611
3.827916041020119
-0.40857944251964434 -0.8263923140680148
5.680991758251469
-0.09673408185825366 -0.7395290139439156
4.393665599349733
0.4109579265506334 -0.2491202942147901
4.786297466509519
0.2050773563695806 -0.19451956936735249
6.107368890440755
0.49773645883691986 0.4653066917158731
5.089965962804049
0.6999153652814475 0.17265490577996587
2.6506854243202973
0.010753261066538046 0.681443044799501
5.159075281120811
0.8814875202159445 0.7748984040563519
2.8882789846918913
---
49000
77
0.5322311174107317 0.23565658407663123
2.4085052905105955
0.439291282060255 0.18965843662729348
1.5819772170920103
0.20713078032824372 -0.018110404816458283
4.823335645658901
-0.8750030593927617 -0.20594082116107704
4.29930034133744
-0.08036590382979103 0.7332152945084832
5.65672507722719
0.9025691103953899 0.20829135104603716
5.547336283029485
0.453902636817719 0.8617123100092259
0.21478496519344148
-0.27890197463752703 0.5561036421327967
3.6665805312767725
-0.0038018650048933095 0.15029947981509412
1.0241971782733348
0.12648405613317115 0.8602432919490082
6.016554960870587
0.16295114566475744 0.5044493096959579
5.071277599166159
---
50000
74
-0.6197946461605057 0.32299847779509827
3.731285480176325
-0.7249201253276986 0.9346825420997105
4.026932306515158
0.2635163053097223 0.17378363419835435
1.4479742721183007
0.577116273191949 -0.616423511205572
2.420620037634782
-0.5146054968735829 0.16439347003519786
3.4637368783618685
0.7655079544441489 -0.6421783077965906
5.479112418429339
-0.01690984107524819 -0.8736313451610648
2.757860231963449
0.17630501342000696 0.08881800610825204
0.6769100133844344
0.6329747832682591 -0.912098525816053
2.5269021361739012
0.8571037072844918 -0.39603582165826906
3.5218220250285324
0.4443936803495112 -0.38437385321700257
1.7817356843501486
---
51000
80
-0.3588674385859797 0.503595836207389
1.6946789208812103
0.12572197374227864 0.3539694651103841
1.9327002008391565
0.2650110600620059 0.12226686243451956
4.937630721555182
0.8777415360951316 -0.36279855688293705
0.3364781375221635
-0.3391480934777136 -0.007179826864643621
1.9365680609448583
-0.6274957801797604 0.8884047606628612
4.504849462700197
0.4584990291726865 -0.4180238494767733
3.5896692599094298
0.5142213971635313 0.2659403850941122
2.898751748834293
0.8527898833544318 -0.6105167520775487
5.392526884241931
-0.4232908504394919 -0.2172701393553102
0.6128250051011364
0.2467271930348652 -0.19097122291515714
2.526170782356207
---
52000
66
0.006795966432045653 -0.7378277953059451
0.26694482815383314
0.7881455814481825 -0.7263868505647703
4.0229308717850785
-0.8109904855126002 0.9247570226067648
1.6396772150265537
-0.046222767530367546 0.863917407530236
0.43463159908576987
-0.3676567752137004 -0.004658654391932204
5.132501376333007
-0.8261218302472669 0.12225388195152004
3.2498598680522734
0.5313375321730909 0.4143705604032083
0.32321626068257725
0.5373044218793345 0.46969413513122504
1.874987060818726
0.6712350873914047 -0.8787807160611711
0.21808974798079195
-0.4164814513026537 0.6289147942645171
2.465974445722183
0.7822207372663056 -0.805340659107242
1.186305292799025
---
53000
71
-0.11737632649612409 -0.6487330032880028
0.8415338382739233
0.31819424086517895 -0.5213053131010615
4.448758337155545
-0.07154615282579653 -0.028457322780173856
2.9180012034485605
0.4552836136724352 0.48354201726165547
2.4151636462646784
0.3320584121034582 -0.33484284787229673
6.28236693063047
0.792932763112944 -0.12960277777716123
3.9824698591702266
0.09655231873776515 0.42726029178998015
4.949596086061279
-0.605193224795991 0.5559929271281132
1.3494574590643413
0.019618268055845593 -0.4168032094116718
5.8089534171090635
-0.7200286679580432 -0.06229441914047139
1.4596081315322165
0.38064601267165843 0.3687684467580232
0.5783212121379293
---
54000
78
-0.6319111167001151 -0.37697312296707575
4.631122389570111
-0.5991444708049394 -0.35689049191450956
5.465904921261254
-0.14294471815594442 -0.7153313995483799
5.898873628307207
-0.6327271912116932 -0.2099932148142521
2.7654552957770644
0.7231074897979779 0.6816350782063824
2.4880068475768065
-0.7346946887940553 0.21321788790135265
4.69623236619826
-0.5350159995725265 -0.6629797477059617
0.8098643202700346
0.7017807997115727 0.5390945100985347
3.0452447432484533
-0.556035092465019 0.17612343168746125
1.6288021134983435
0.4024626759290362 0.10900834950116406
4.543352522485705
-0.8558207100865174 -0.789317853084444
1.2957039459843545
---
55000
58
0.6965992658536149 0.05972018970278004
4.803861182260744
0.42296603457875387 -0.4079743806708896
5.7851236294861215
0.1590180893458559 -0.6965188330958128
4.738927610857214
0.8562458965087448 0.7246345270369732
3.984445512838561
0.30376955680071527 -0.7732294644989706
1.8340554233792012
-0.5179362402345735 0.36169637403774835
6.0511151127042755
0.5749199270372203 0.057333929659060756
5.7377119328378186
0.9293656444822507 -0.238349556087587
2.7143626041045215
0.12846282092738243 -0.036728168253320634
2.7755693846029272
0.4725429904180648 -0.47523266490317145
1.9858994342276688
-0.231848916028065 -0.6482371162744455
5.160883447337106
---
56000
84
-0.28505906660591684 -0.3286057457756782
1.3626197768553474
-0.1147534927959001 -0.7457589549389191
1.8507752627099956
0.035740626840696677 -0.25093038111020494
0.2289683102600657
-0.6857149506987489 -0.8334070829633409
0.8166840179008501
-0.8709390060009174 0.30130162915208125
4.436562022936921
-0.7368916322997979 -0.6950261853247778
2.1891814758957233
-0.030860948916218326 0.957540578351587
0.9660482475748342
0.6228619289012658 -0.8494398807469505
3.4700843313107947
-0.8860243278449242 0.34372316018635607
6.132713921712498
0.3555897557633824 -0.3928414676358857
0.47467160747261344
0.5474045198477788 0.8839179219997452
4.989528070082997
---
57000
80
-0.7826598505777858 -0.49831192862253687
1.5541437976727082
-0.05514950141682712 0.36331005894843904
3.6491622493588913
0.8914343444250199 0.029606843741833856
0.20992310049285656
0.42422732693241133 -0.14096438479826712
4.8514898365542845
-0.2578079049678027 0.8675681883640276
4.293226215417181
0.7051036065882771 -0.6776206287831634
5.88948058594486
-0.16959009066753383 0.15828501789589175
4.688222081144852
-0.4848621740725153 0.5658478276291392
1.8143659848963374
0.7750011297565569 0.12383664597340789
3.9080347567586022
-0.3907870557225578 0.3570784215885841
0.2012352303610605
-0.8105054942282572 0.6477984841669235
4.279106593192223
---
58000
72
0.7028739594008998 -0.46348021686951935
1.6250549634995102
0.755971972804577 -0.5897849094499724
0.36008929478783536
0.0741966861044294 0.41427436593826694
0.5522934326939231
0.44750295882303465 0.6078530279444597
1.9939796716741558
-0.669270689418155 -0.16064594686049877
5.856298718352853
0.9350541204759565 0.6983434921014465
6.20681450371607
-0.8419012543576232 -0.27307227052708255
5.570231651411305
0.4029491051993467 0.807088974712501
4.632504111623248
0.7315674002367599 -0.45552027068241124
0.9185385932521797
0.01648117746856862 -0.738756936704524
2.460534308585653
0.4488644648419805 -0.12708214790377415
2.668542232285195
---
59000
85
0.5998432257617816 0.9315998212038468
5.6663295642466505
-0.39352971070004045 0.6218852871040571
2.359240807827548
-0.566645683135223 0.42813782153501334
1.8083188625279263
0.3079592639228909 0.2631543267683224
1.5404819294543244
-0.44814928780158453 0.9096103001101178
1.8472420595303407
-0.080099877609007 -0.46736255691440326
4.1970451866625496
-0.522696347233988 0.9019666346683853
5.076226859424342
0.374037013141817 -0.44015845353265765
2.1459380628109295
0.8087374169830378 0.18718816463492402
4.049008852551612
0.3951649887688487 -0.6637226594351038
1.3989967901023355
-0.5586062280283037 0.40247354087816467
1.1746216638283224
---
60000
79
0.35146018246679994 -0.5984232533723329
1.335790195019344
-0.13155740556290305 -0.2851317654133607
2.081906185999813
0.5408402165817477 -0.28771782809216656
4.054495681033119
-0.44978948684767966 -0.5858875975366362
3.7813930626663055
-0.7442670901978787 0.9964644664640948
1.67502361206616
0.9895897029543971 -0.49409581017029236
0.7866734582845876
-0.7194782311109321 -0.9046662477059618
5.306097846627293
-0.32665054269299626 0.7688750006569712
2.937815948673606
0.03510249825930597 0.39410457893370743
0.258714518459775
-0.4796668492286235 0.5375617639670857
2.287914780564889
-0.24817535914496786 -0.31553028019109386
1.3606318457342157
---
61000
77
-0.7862359807238735 0.9003326568088607
0.28389356809809385
-0.922119554668534 0.9371273184353123
0.788670933643072
-0.3128354230960757 0.8621586460047087
4.18399980005127
-0.34311815276747154 -0.9539915358879363
5.014172404823311
0.35448111509225344 -0.20998022678645245
1.1534122285277872
-0.6761174032137971 0.35818088137451615
5.265822773608799
0.38600520864423443 0.023249788676096686
-0.604962344728713
-0.6555543865619745 0.3285546457287813
5.043246668087092
-0.2236873555760402 0.9551663578953693
2.126947732497044
-0.6472515066681038 0.12253352780474534
3.863520837029988
0.0439621746902437 0.39925498800776116
0.005902982549174318
---
62000
89
-0.9253357667814179 -0.11053576303663429
0.1160054505575649
-0.8983685197444576 0.024305929049994318
0.22975930075864515
0.5917599158936382 -0.39316642972840693
4.176571091370075
-0.8669567263609577 -0.3648525816689502
5.085553128876875
-0.3403078793450313 0.0029300850242332914
3.658035542564516
0.13344079466556272 -0.6623752233287133
5.041810923185799
0.7955244422227763 -0.08832235310676978
2.486889846069263
-0.28397027046430945 -0.2068472828051071
3.8225779049510002
-0.8860919456391285 -0.3150752128481842
4.7003944962595385
-0.42869856986423094 -0.6566020398006654
3.9620649999272963
-0.03456275130266376 -0.4702778888694903
1.5362612456388218
---
63000
83
-0.448418304366797 -0.46801481446733095
4.476611798066163
-0.5218815824212844 -0.21060713334526016
0.7952269360485618
-0.6188775802193167 0.8136318256373727
4.883306772909903
-0.649239887557145 -0.3761083288174335
2.330776767228844
0.4217359459874501 0.7971355910244534
4.080021864855769
-0.4848002358267879 -0.05056543481036449
1.5113548102845957
-0.9770844565847345 0.14328638805555052
2.194791918619563
0.07024834180805223 -0.027102677204603184
4.033874476978186
-0.11124814387566535 -0.7069901594737649
1.10411218926623
-0.9717168678622579 0.4307519836205256
5.5563010677486275
-0.6710179669698694 0.055629204049014946
5.298395409624431
---
64000
78
0.328135668071465 0.20704429937654167
3.0330641660724016
0.30022807533142987 0.22432365132195986
2.027982246882692
-0.23889593501055006 -0.85979649050443
3.2035696899809896
0.3596242198927125 -0.2046759723795361
4.20869312822861
0.2833796533518683 0.899713722137616
1.0905935268455895
0.023733808805068063 0.2509202369405425
4.2915895112593265
-0.9832003247671108 0.2798528530112146
5.542557457153814
0.10626308633594202 -0.08464486541077296
2.5812378361663697
0.7724313052228224 0.9491520073643991
4.056812904534253
-0.2146611506599218 0.5323856290201724
3.8496096261306363
-0.9568801717570719 0.4456830108811526
0.76215865169487
---
65000
80
-0.8154597553558138 0.052940449271273504
4.536350260554099
-0.8247500335891108 0.07814655912579657
1.1617994505270435
0.10888001641834308 0.2621101748529417
6.156746101444266
-0.520390710584716 -0.432668730851054
1.0118577867234952
-0.012776310965462018 -0.0659936349177144
4.1107299079460065
0.03398841064528564 -0.4538365930200706
2.7250100746402177
0.44626754474426467 -0.4467287889773512
4.521559521223291
-0.20208311351771624 -0.3669958871853245
6.191383080233813
0.6903630535377767 0.10256152466699654
4.6122817633215005
-0.4420386361427431 0.1033927933142457
0.0824275890966879
-0.9064345242748328 -0.5739129221723636
1.4154636960841946
---
66000
82
0.13208506559588945 0.15214577648245398
3.0963025948239196
-0.5602246017516876 -0.1931828176915027
3.9200692925715037
-0.9191094841123074 -0.9940931007265098
3.956758137336962
0.9654329400231824 0.7253918233942211
5.537615477932379
-0.45820205797940894 -0.4017356036936061
0.19829948619760795
-0.6756345496064122 0.8173642062768276
0.9589037232988407
-0.12409680154347816 -0.15264880715732496
3.795018390886294
0.8993462364613445 -0.03018786430903229
6.261303475569071
0.9965585685546983 0.7921787633519477
0.9351950608382591
-0.3575833922079664 -0.8530115730969556
2.5797730728993518
-0.2750937452462406 0.12480193550462176
1.1142145039482525
---
67000
63
0.4023570644352862 -0.21300086120847744
2.2804169179627665
-0.014919625690590466 0.8817251564901332
6.046946071991868
-0.8207253562073529 0.06360493950801635
3.4230169839280746
-0.9997021122128213 -0.5376678335542604
3.043874589613145
0.9483932215502575 0.9638411020903623
0.050989164497266426
0.8313820721537758 -0.23794909703486933
6.071840592880987
-0.4208504240009393 0.8275123173726072
3.476580282380489
-0.9883172973722244 -0.8833747951968229
4.867037096244814
0.6367538310321286 -0.14955315413169512
1.4176710855131684
0.9852777588823849 0.4776279065206507
2.169560374933961
0.5129733310936283 0.26197933081158487
4.957675647558423
---
68000
69
0.4210617461687283 -0.23090131289724256
5.660062075862998
0.7121602041341758 -0.35601804368467393
4.306976901004984
0.3919706598870351 -0.5167270357015376
5.742182110530381
-0.17927120093731935 0.5232342498179539
2.843417198473018
-0.8326943455334557 -0.7695039674153097
3.439786757809615
-0.219122187397988 -0.897463745517995
3.827007449958713
-0.38640564333670635 0.9949288981616285
1.2080795757732528
0.09201274714122222 0.3164812177022428
4.399726415034314
0.5931681743350311 -0.9381467726948572
2.9577631504135375
-0.4278419202850733 0.06883874540359344
4.766401806454598
-0.2483659109592388 -0.6475368346249558
2.2811108173850743
---
69000
79
0.3168582589514386 -0.5724037851963982
0.6860373001304801
0.8275227807839716 -0.4396739271052949
5.000599621263629
-0.020691941215890092 -0.4536550881323287
4.697542264269327
0.5404639988694083 0.291903123792079
1.8376152415637481
-0.6083481908576279 -0.9157278469853576
5.164023171580014
0.7818955168279861 -0.08747235864662758
1.777450747491109
0.2591740354598985 -0.6789219978136061
1.5332989931084073
0.10127199997318931 -0.2885840544638065
2.605538191858778
0.8409017575715377 0.7180143384181753
4.510584105505984
-0.612953261321441 0.3518131763548831
1.2065780464318134
-0.4712814678491316 0.11244428357576694
0.4363035926776888
---
70000
78
0.9412933267472209 0.5353008031419919
5.292158033409727
0.87995521375848 0.4050358918032305
1.8273502508551225
0.2775023148591984 0.8269278131127173
3.556795908629603
0.2730897031728259 -0.9270821782495001
5.944191730577939
0.7057558338263709 0.08268716323936078
0.7801230569057349
-0.40866958122181957 -0.43689891701544636
5.893282708636257
-0.9487395139849752 -0.22705413377397704
2.726764374166482
-0.686263243019966 -0.6546282656545399
0.3782230451442219
0.10181911390205622 0.19349978533275872
2.9888884319492135
0.5006099463166637 -0.44853746015456175
1.9874916351585563
0.3180956272681211 0.7472131372823451
0.5364312055171538
---
71000
69
-0.5369923134212304 -0.28362973522217816
5.762462582236766
0.1598148483336414 -0.08515767888025781
3.8750996675100735
0.46960832754595694 -0.11579279212484364
1.221478248861021
0.5562788928546649 -0.9371972693797952
1.3656041368029426
-0.6910253439501216 0.7948161853902317
2.399009686721101
0.7735039563977272 0.15851447876255373
2.617720678577511
0.04194052369180475 -0.35838146395006465
6.235690834827931
0.6193023014775059 -0.6700837441074754
2.459300716080116
-0.9944051100061355 -0.964399111619771
5.682386766420072
0.28297489411546306 -0.41441872660916945
2.6160341441444883
0.0177658588974956 0.4847787214242988
0.009887888271367551
---
72000
65
-0.2528866688469668 -0.5841323006761009
0.6428970191627595
-0.6598522339369739 0.5502937683875176
4.09322515959833
-0.7361120138535701 0.8637527789947824
3.5815936600925395
-0.29999693251305454 0.7666509615654595
1.58044591486314
0.34581812834821807 0.34540386949591145
2.074785301625494
0.5242693403306775 -0.1941461740716105
1.9438662043113428
0.8802790505030598 0.9157284853631116
0.07706730595446132
0.8187019005315788 -0.6006131138275491
0.4661785510316818
-0.4989923012252419 0.38545195476035465
5.632342283271353
0.5578625240763918 -0.8229705765648144
0.4322330756547652
0.6915818053972507 0.4963076722759625
1.155522037989165
---
73000
76
0.5885078114924553 -0.012921846123936327
5.587699563604755
0.8543918209620478 -0.47368622564520135
6.136926871521305
-0.3080538868108825 -0.34368209711487246
4.198627706679512
0.39575257041713463 0.13569587954633816
1.5154965441978394
0.10823119207258419 -0.8749081926101657
2.378972339431887
-0.5455449717708147 0.3481144739847295
5.800203451531334
0.8272108669836629 0.41883420951132505
0.9887882827577705
0.5363088764276852 0.6404534698405879
5.872941213934026
0.9124581362859375 0.02835145376028011
2.0156482252548313
0.5678556455887336 -0.24052707509788582
1.8903253485992844
-0.5386305930501977 0.06949264870979677
3.1638533571140304
---
74000
83
-0.4996268605604253 0.7999077010067037
3.348094208210131
0.08566175060580218 0.5374405418031328
3.884493467353918
0.4115213163254602 0.874993437139345
0.6708170915616112
0.14612549661881644 -0.16373390935896198
3.4116950280857052
0.013268437080962599 0.9946740862756892
0.6614697102778164
-0.549203853934052 0.4876313660339072
5.968983867090901
-0.23301131642991682 -0.18763167878505885
0.24270744130467836
0.7352298832561184 0.19822977450814389
2.583122644460037
-0.37920514058739546 -0.2581331144175053
4.793055527806851
-0.23294195568018616 -0.2846768749738456
6.166453752065634
0.8110885842772159 0.29873931864843106
2.814412424994872
---
75000
88
-0.02864114205864227 -0.5105767272481475
4.96953206242539
-0.08751007687615142 -0.4176729381745208
1.1393606841438766
0.35113177696063275 0.6836841828455167
1.8803843304603012
-0.7818565618999799 0.5125682859828778
6.276144631725393
-0.038940536125488256 -0.590012993857762
5.431199346609228
0.2701970668837247 0.188159343383066
4.783389780922641
-0.5565717061819373 -0.5121371707315893
5.26245924750092
-0.28357799756717655 -0.5876285329556706
4.28473125930012
-0.7625915673255887 0.7409223202878783
2.598620639435027
-0.008812085279193468 -0.6943146516732053
1.3971950751825055
0.5600173360307403 0.5113846725554363
4.591926346129037
---
76000
62
-0.20364528246197608 -0.26935232364797773
4.228873590506665
-0.23090748251745302 -0.3471723371288583
4.235844346487255
-0.5376184361333536 0.13208417141535103
3.1694762335081874
-0.2031947850954676 0.10928829264163842
0.07109930870043613
-0.1920470034170936 -0.3263450638603344
5.065959636597192
-0.54257133099662 -0.4784028612014101
4.758954307668501
-0.42390840964215154 -0.4207812183016674
1.4839172009611667
-0.6102452946672909 0.06282304105745887
2.92959940806624
0.1961760641973125 0.255103328757217
1.6445112520993526
0.3336178776828854 0.6823078122332399
0.1380309179289796
-0.30356177731658357 0.1400899896978306
0.06548804731993188
---
77000
72
0.2037039022613556 0.21430735267888643
1.0505294995973586
0.17409475705111221 0.8125169069772469
4.745193930160122
-0.1291962137357956 -0.37053134556571476
3.9523300001143307
0.1358207238940914 -0.2825586125429953
3.419786645948018
-0.44083284888744556 -0.2982592073045623
0.24270529658990458
0.06873526820082156 0.4617590355208895
1.33309521197293
0.838463213699237 -0.08276103197329533
4.047268698268975
-0.8717863670689314 -0.6824271793349745
5.642141358033318
-0.80605886531261 0.4885653969549342
4.005397918549507
0.10621654424072464 -0.26660610422723147
0.5632982264182838
0.5566521144907879 0.047198480645898044
2.7028407283342677
---
78000
64
0.6794068253868474 -0.38416641528661993
5.943346333110396
0.8204453670703058 -0.29047577716727835
4.843879932805394
-0.6432220767928138 0.4628469341973823
2.9241551895998064
0.3441054065879114 0.6414450214916911
0.8627445789899397
0.38766705303737736 0.39174839728490696
4.626152336220054
-0.7532937189990694 -0.00069684580493172
3.833083682910611
-0.778605764548919 0.051766117664192784
1.14495965754704
0.6627694929500731 0.19333275181899148
2.8949281813993757
0.1268812654652366 0.25741809474216903
0.8528372096745507
-0.8451242033778432 -0.45373147280267007
5.59364970277878
0.16508757820292555 -0.08920772639648128
5.1280113281042965
---
79000
78
0.7739892729289436 -0.37747953551466873
5.404261758501693
-0.9906508859251679 -0.8236115645097658
1.1183046525889697
0.6386622960389973 -0.13995124710560136
2.9989992194716937
0.9786608554529148 -0.1978213083935341
0.3737885784281998
-0.4520460131753203 0.2044052221488296
3.6474548162224325
-0.2850672250194819 -0.11381412720418327
0.7087679269057462
-0.22407728500001797 0.15544004385631602
4.482672684590891
0.8394820928500707 -0.9279641842640458
1.1380527483168201
-0.8960828204845626 -0.40689459254746857
2.434883866818824
0.18736383003565565 0.5582445569887489
5.202366986971447
0.5173728407360274 -0.6877767849481138
3.866914773015978
---
80000
65
-0.7533678495464521 0.01036029744217666
0.1385423702103573
0.5416062555307674 -0.8626073369075858
0.17690643156321162
0.5544274363423176 0.7933802380592623
0.42792680671046224
-0.9704600623646512 0.8582209179716656
0.807647108991925
-0.2771294044133865 -0.051103327615565006
5.5452496679571315
-0.9400152211690482 0.7890378390294455
0.3254023685305043
-0.6712402089926306 -0.3507298229122672
1.0258729549207173
-0.4211053909581546 -0.8141343896497991
2.9517346545752554
0.14843067873357216 -0.8979262658405462
0.25019256626471176
0.5582689305203475 0.6068053585061751
2.5832764187577286
-0.90895204053831 0.0661378273807602
4.181493129886975
---
81000
51
0.16853691722933373 -0.03140416319432726
4.874539464973739
0.2540828038488971 0.1678904911822543
3.990732072763823
0.5837541002319209 0.1002058722030551
5.79299668848899
0.8605317622037433 -0.3512031035361664
1.6280507521729808
-0.8214550130985963 0.2180967181588156
1.4883316710092238
0.8199072032032851 0.30069009723341233
1.5916984109104364
-0.8581272045927164 -0.08776525135275717
0.07362498567642461
-0.9268957208305515 0.38984688167449316
2.081753541727714
0.14272414500068625 -0.29691226036023854
2.1420081023234756
0.186127761350528 -0.3540404897316625
5.355293578857688
0.19948061851115736 0.9396619333414412
4.79495424708938
---
82000
69
-0.4340858164864076 0.9762514853721983
0.9980077391505513
0.2794702902285715 -0.5805582261639815
1.5851701781085596
0.8411878757427509 0.926823878042351
2.8255229505780433
0.7754414879907628 -0.48157552853192
5.751935048478358
-0.5029632701876501 0.7182009186079925
1.9551783253677781
-0.37706944827433236 -0.4368233191311658
0.6493574462880245
0.8606275130852274 0.6406955593629622
1.2357624465734052
0.5484359079028754 0.6193400267587953
2.3320212517792136
0.6228955284939307 0.9479581123387072
5.335657002860044
0.46802737804994304 0.7430246853000256
0.8104261921296754
0.44164847350429126 0.593512786767891
4.911489054972354
---
83000
57
-0.38795199152303306 -0.8192392215742008
3.236810889737443
0.07132971203752995 -0.766934381772162
1.784498054186895
0.3587332201718216 0.765785256609105
0.3621756458956966
-0.06835664654741702 -0.6347041915170921
3.2086732123669552
0.27046824809287484 -0.18996240645118023
5.877513713280969
0.07666448915174925 0.6155151728760412
1.662512685710949
-0.2931769258114137 -0.06770917308087045
3.2581544481465183
0.4337466577676103 -0.5430133082064218
0.72372027899715
0.830299060641491 -0.3028623525212939
2.4960915776719066
-0.1817821718572422 0.29775519024462754
1.593593970290227
-0.742897898681412 -0.5495515075178175
1.6017059211021678
---
84000
69
-0.4502993158380597 0.8805689110290529
5.61331165702045
0.321952339579902 0.8684291325797668
0.9747872747245596
-0.9379871287510388 0.054611342904647794
0.8845924090857709
-0.4024675624755305 0.07389081892662294
0.06400779499334863
0.7023228033006621 -0.9706914726090069
0.029576447309085374
0.9544751874519553 0.651242752190301
0.4773105587557378
-0.7414517239115189 0.44830351429879944
3.173708430680178
-0.8745484110697598 -0.9314544080528114
3.581436732164042
0.2639109456629558 0.21895429636156877
3.377127743502057
0.8299725442517355 0.2935894749075983
4.660486188018551
0.36472714671051765 -0.373982629780766
0.9155515636812606
---
85000
77
-0.8052437644003031 -0.1862333027648926
1.8104821655105174
-0.7832455142947686 -0.2194689157930914
1.398347149941694
-0.6922884514797948 -0.22365538662013085
5.9645966759507285
0.08222455734414663 0.4487258096046829
2.918863240963052
-0.7244660395892263 -0.5467635182000402
2.0805610262547507
0.8530089875245328 -0.8759032584985104
3.533743159000151
-0.26003990011972283 -0.5675771903429468
1.583938919615707
-0.913132857256322 0.8336503985300903
1.1533213673280702
-0.6107833950135158 0.9229809218333072
-2.9465739369497133
0.43769701419197815 0.789431050347523
1.5110019962279688
0.12213593315835185 0.43804182432200706
6.201120810095077
---
86000
76
-0.42350665576346774 -0.17260763339674867
6.107823913261129
-0.9170048629762357 -0.2716793188926312
3.095880476326877
-0.046694423479811495 0.749269936981777
3.188100173187718
0.43898834794845437 0.9878354812861394
1.0455294424798773
-0.5579504440013742 -0.4030622586557659
3.790618779875076
-0.3558491140537921 -0.670204818689136
5.946882129002221
-0.663948534294459 -0.19986849960349834
2.004072124777502
-0.06510364064043377 -0.856192941232838
2.004837391918822
-0.3885738268527593 0.8585958265040072
3.2194916577488106
0.9441979907411386 -0.4155325402582264
5.202247776783333
-0.7934109830670418 0.40376299555620565
1.00418980458545
---
87000
62
-0.5457626044828032 0.6161462544108842
1.8425494359673549
-0.8283899862300552 0.5475638062376789
1.9302738348637734
0.20625638223754264 -0.8133182629780674
5.841576728353286
0.31017324768558613 0.6687547248011729
0.06008542143054996
0.3873822346162269 0.7997647047991431
5.195667950147322
0.6525365374007484 0.12010493315801712
5.308897665020473
0.5783227548034102 0.49985121859971515
1.5200012500158193
0.5547682791319366 0.7833803706920464
2.9142517238527628
0.6163201895250399 0.022280009058888474
2.4852538492174734
-0.864005706586762 0.280513330550904
1.8462032971599989
0.5365311214324718 0.7090096380425808
1.5840455158041404
---
88000
60
0.3525813855226833 0.7672104386274502
4.6357055522945405
0.7736138094794066 0.830318959074291
1.8262671984360805
0.8505088737428379 -0.08256998860976819
3.437577314662059
-0.44303880786505306 -0.969205013595341
1.1921031533948714
0.8683743052654153 0.4344388705935207
0.8011078205207163
0.06573962359272192 0.4556499413473891
4.4853157782689745
0.7004020889055692 -0.23551913416156328
5.557198898248956
0.21226433497690658 -0.6205523145790011
1.0280885463217864
0.002344401461768203 0.035722769734818374
5.127023867192014
-0.7827941084074501 -0.7961151506987902
5.179679830248802
0.3083107356719026 -0.22538731413253926
3.4461683548928246
---
89000
73
-0.8803123289370853 0.4161318322069134
1.923706775740397
0.2267516273552257 -0.17977140967492458
0.5852461726941032
-0.7496853064174025 -0.9712751667538359
0.5200487020744595
0.14161751172401704 -0.13524387614364197
3.371801163475584
0.9581066965363098 0.9711906894862004
5.9700165349365255
0.31677089098563943 -0.1210326295928855
4.250346587026691
0.2564663056625777 -0.7483096464356039
5.69407633598751
0.24174259935979725 -0.03504842854367021
4.631017738744503
0.13900763079572198 0.7134721863717228
2.2048971132316453
-0.28367096814575604 0.23146476725847018
2.766430482888924
-0.8645039776396741 0.3574591521639942
1.670683704309877
---
90000
72
0.21007223282382878 -0.42519542927088866
1.9763413672530774
-0.6390387793039829 -0.34874600309836545
1.6615851557740084
0.7534354426363591 -0.43392773664413076
4.7525624091107534
-0.7722547644957057 -0.45161487968807396
2.2593940956684078
-0.8536964960435164 0.9765695874890076
0.013588086197165339
-0.9721022616136321 0.19273294990747117
2.1926891782691698
0.845187062435531 -0.6413541624038412
1.144525705738845
-0.6347238701789315 0.01074363028906894
3.246301418479354
0.3452150327298388 -0.9975554814815799
6.0018973494922125
0.018979794371883407 0.40327657888816426
3.935385309541883
0.2513410023051952 0.9970818080314577
1.2543034027668698
---
91000
64
0.40209951435779323 -0.8805886727608623
5.226518631546995
-0.5998688673457574 -0.9103190815980743
4.767870660706437
-0.19946030539635695 -0.03857951299303557
4.555881079109903
0.899192906221183 0.7806803121814765
5.9063206399087385
0.7133015745671984 0.1704339378530655
2.235152319591182
-0.8931508518152463 0.7255441977797612
0.5086675276500454
-0.6370417133003765 -0.49178726317081706
5.39039043381614
-0.5114120927588539 -0.28496999252550703
4.246253203059512
0.022552343663395286 -0.06382559870090039
0.9440311228168881
0.2461679901558526 -0.8919097652093126
0.3380145754768247
0.0694155974374378 -0.8171690061824175
3.652417996203491
---
92000
70
-0.37531039655618376 0.7241247874430982
0.34793555774738827
-0.3309804926429409 0.9378181607212029
0.07578547967136195
0.7269545574695574 -0.746352460223752
5.994454803027322
-0.8487491521184661 0.7779114237933271
0.996503917703417
-0.9152371128781213 0.7937172575326644
2.8406056961434754
0.4112174802307419 0.48913447598154003
4.225953914228759
-0.7449895301238221 -0.22580077983571
5.307179159781231
0.7544250033346295 0.6446096437708853
3.8671051541716697
0.7809121697801018 0.3990755395786944
2.7094868076945247
0.5876626764389382 -0.18584143729970598
0.22062170568357153
-0.8763192450650228 0.4974113091877205
5.914254233711427
---
93000
80
-0.9766648306203043 0.7302356486172229
4.657483059601189
0.6422062686433626 0.8483468404977971
1.8071166436473467
-0.4042332891976238 -0.8641286571616336
1.5896757158950985
-0.8641327421092444 0.41508943174961366
5.298154749987381
-0.05805086181999752 0.9163127256362555
2.651882453018594
0.0030449199508408645 -0.9657668608433798
4.145641694191371
0.9437106059622364 -0.9584439190799063
0.5563663868392785
0.10961086695714245 -0.2438790441729834
3.783221774576363
0.7124786643651032 0.2533683641256604
2.273649100203079
-0.932078699895468 -0.6190516967433982
5.521530120865027
-0.8591806115400704 -0.7092258305105102
0.6014126541347258
---
94000
82
-0.8849081891189029 0.6518375058113871
1.7496646199890595
-0.4633767643129252 -0.36694372336520814
4.201490809046836
0.637907992568861 -0.15290941861005813
1.5177426845566053
0.29319224551325407 -0.20975845646842464
0.01933436261990007
0.5951697128399016 -0.36047283232491556
0.5891769058485945
-0.7134107680536772 -0.07139501816079125
2.313706724917557
0.15382879567754376 -0.9644547999271034
4.32325478832847
0.5003319426164115 -0.34763693813330365
3.159426952787621
0.4979046921832267 -0.29516764613073865
2.9620488991369918
0.669679177826692 -0.49770908919335477
5.208247755182693
0.43172642627415714 -0.9803794105327339
6.219644823414272
---
95000
64
0.8331733499701671 0.6911204293996254
1.8292693744503579
0.4173231783268827 0.08115380122260371
0.7872727955291392
0.6740309863952878 -0.7127381369152344
2.530836515545074
0.9803801616051453 0.8248508030334573
5.534814580855901
0.04528377967670029 -0.9964899998523544
2.7371357518348134
-0.5154223180974619 0.4700726829144265
5.739345385750597
0.6812851584698463 0.65840512302266
1.6196621372145472
-0.018732913626998297 -0.9120897615058264
3.810966357934392
-0.4561179517227546 -0.615542444045004
4.257207141125049
-0.6538353505564403 0.18476655621510096
3.172310940099205
-0.47594978543346833 0.42434626517966006
5.60977192781731
---
96000
70
0.9030815650601516 -0.602870065230692
5.308761591642156
0.2239516504608112 0.1521006805579441
2.963944877918
-0.9826646586101928 0.7628207230134716
4.509642223289492
-0.4180193469902094 -0.6168801100950352
4.969199034695255
0.9737480118871058 0.6592480193666347
3.2463454330738157
-0.9376472174965542 0.29093654338803954
6.00640471621608
0.6280569814374442 -0.23024242021907437
2.336880171575599
-0.22281792344126505 0.5629081767458088
3.676947299367855
-0.5244279048822366 -0.48803691879909783
5.983166555701474
-0.8525235160148708 0.2947999657905061
3.283003171475267
-0.5562803202511158 0.8651190355346273
0.39129003645816685
---
97000
75
0.6375175457171922 0.8094580597191858
3.777236817304353
0.6054491055145107 0.787844966018302
2.946924195670321
0.1601807292955769 -0.7288547751835549
3.344197923678572
0.6740083982650849 0.13520289412050254
5.535677019439092
0.5740476857536523 -0.2525393585545941
1.3021434408497523
-0.405691194767017 0.4802899141308582
3.13322385540424
-0.5692443374514796 0.7663855441752465
5.496970890169693
-0.12912467773855962 -0.17674885248854688
1.9849662979474507
-0.7739079735489736 0.6776537809513318
3.432109788029865
-0.045020447596662516 0.2948662976954482
5.3416997402465105
0.9173099400249701 -0.05341538865309306
0.3555917046991448
---
98000
85
-0.48281350452929644 0.17086957963688215
3.5413874375442105
-0.35001272162925234 0.12682585756278197
1.1065697112565394
-0.3911567234425853 -0.34545693786175713
3.718235224887267
-0.5767508230390592 -0.24087162003309115
1.2857688405862646
-0.05375858515322217 -0.6043012238647536
2.3847468258313587
-0.5958265499783466 -0.29312439678947594
1.3997734407448297
0.09791504198624648 0.19252617126106034
0.4257323060565392
0.8061767690784701 -0.14448493832074377
5.122064123850397
-0.532578343281975 0.061998520577238106
2.6664860338341443
0.2566819786991681 -0.20223169227087143
4.6352875290147315
-0.7590508011414041 0.7774144849396076
3.7428067697631313
---
99000
78
-0.49280624710277743 -0.6862671449111725
4.941794749864719
-0.6181541668645669 -0.6874887148175196
0.28441557031253595
-0.8427305751779118 -0.8789597621300935
4.0533470249283425
-0.15350315042366647 -0.8225755883334334
0.14092178202509498
0.18784383766211343 -0.43091210700522004
5.755276854215337
0.26644334780615897 -0.7487883206846985
0.39023812322411544
-0.4885947951353118 0.14249769687821828
3.581658380821013
-0.8338050841960817 0.4534597305738768
4.312638202027588
-0.712640568546641 -0.7670614732585361
1.602969442378118
-0.6576913124777719 0.5274151127471379
0.5097750466109563
-0.08943631485396553 0.109528222033479
2.2560501310720653
---
