100
{'run_name': '2D_rec_10_total_boids_slower', 'annealing': True, 'annealing_start': 0.2, 'annealing_end': 0.002, 'nr_observed_agents': 5, 'nr_of_boids': 9, 'predator_present': True, 'grouped_spawn': False, 'predator_halting': False, 'record_keeping': True, 'record_frequency': 1000, 'exp_folder_name': 'big network 5 observed', 'boid_speed': 0.0333, 'boid_color': (0.8, 0.8, 0.8, 1), 'boid_turning_speed': 1.5707963267948966, 'predator_speed': 0.0333, 'predator_speed_slow': 0.0333, 'predator_speed_fast': 0.0533, 'predator_lunging': False, 'predator_lunge_speed': 0.013, 'predator_lunge_distance': 0.1, 'predator_turning_speed': 0.7853981633974483, 'predator_color': (0.8, 0.2, 0.2, 1), 'predator_confusion': True, 'predator_confusion_distance': 0.4, 'predator_confusion_threshold': 2, 'predator_chase_time': 20, 'predator_halt_time': 0, 'predator_eating_distance': 0.06666, 'height': 800, 'width': 800, 'graphics': True}
tick
boids eaten
predator position
predator rotation
agent positions (and)
agent rotations (interleaved)
----
0
87
-0.9951085970631028 -0.47568450053522504
2.28669973960225
-0.9159254891132091 -0.46149384508942504
5.349653841704874
-0.2246950281507863 -0.03405116465419496
1.2498071176340724
-0.36772312266322693 -0.9444994750430153
3.8512173826736493
-0.6332096886099335 -0.363824668476322
4.257441372772577
-0.777768102891862 -0.23624151487842524
2.751114008093925
0.6661604781818539 0.916998454792333
2.4668191618238438
0.7992609638319714 0.4501450855737656
2.3282643299969417
-0.9473368908084296 0.9271816674782658
0.48651237386758295
0.6880559281699481 -0.3244330545662766
0.9211344311048126
-0.8125960569816185 0.5161523701520475
6.053170479686861
---
1000
95
-0.3691025671934935 0.12028179795368693
0.9823200600674782
-0.4539461350187765 0.2034500226752523
1.647688159787112
0.8417055148779073 0.580017035248947
2.7142819130238633
-0.7280423757607477 0.43145292283275694
2.978721616065915
-0.9136734497382338 0.028087288041356236
2.6230379461379307
-0.6600802178090222 0.37927013693304723
4.675068021475447
0.019653970845266974 -0.2920074865325664
3.693495263591929
-0.6132842633739307 0.7012478759993966
2.823923007365784
-0.6971932311742152 0.3796822713357119
1.0923742466826596
0.37104433516371377 0.2554742232530907
0.43065834605135134
-0.12299088298936037 -0.10493294604652122
5.459811505903489
---
2000
56
0.6358414997243452 -0.44694559289320324
5.833352125102252
0.6555597170543194 -0.6846659745644891
0.6175468214897935
0.5347865381734769 0.07382222953334619
0.02594714203282944
0.2921231481626 0.4124833839857811
4.869801339558875
0.5490654109248319 0.7078043597205479
0.6753846443958125
0.31850458277195703 -0.21212173426297143
5.037477693702482
-0.9239836062554392 -0.7474545314098031
0.1488277275913541
0.1388988811193902 0.43532413094318045
4.475284286099955
0.5190943033299386 0.11452753646034425
0.6620796180819113
-0.11705641459847849 -0.02633411854680058
3.983266290405866
-0.5668606674735436 0.12111194377936696
3.7103630202986633
---
3000
68
-0.2246012971490228 0.539231206002369
4.386974527077601
-0.48613346183664063 0.12361131700248967
5.199071965649401
-0.4340443830039956 -0.4756064931370928
3.2606055726135126
-0.9447779231926686 -0.3922048312502963
1.9786010056024788
-0.9809406284666627 -0.060544398103725174
4.119169741201266
-0.4668716135060421 -0.8981553288068068
1.2908696454939976
0.44429192200341283 0.10653005004475317
3.110916205984995
-0.382448405254933 0.1932582767974433
0.5989115630572002
0.5977398368390362 0.10624388102030369
0.5442157797222966
-0.7896850231997411 0.3048310360279893
1.8487945435802606
-0.7886663461127299 0.5721019127560021
2.112621382093166
---
4000
91
-0.38348453021279233 0.4033905110813204
2.275822732597958
-0.6856522383780189 0.18142680951958348
0.46008757747723017
0.9228438204261018 0.096162883237479
4.309534209592149
-0.5533355537927067 0.6215151646407003
1.5772690705010843
0.16300748686832955 -0.8907413317519497
1.3557376139103052
0.6092187849309397 0.4709370056429695
4.98997311916527
0.32287148273798244 0.22762859573441024
1.366950525703059
-0.9831328798528118 0.9095366516278288
2.3213376317103576
0.39287079389314644 0.9119817169118869
4.578049272237378
0.9472823528302419 0.9111818091546547
0.3817852406567708
-0.6374241375192256 -0.8521517592839272
1.3985019063737107
---
5000
58
-0.9122013466705428 0.3377917358038494
2.622655677957888
-0.8250354561083827 0.9566080857899008
3.9248387453373237
-0.8000676274826565 0.7730877390738031
4.103283445353273
0.9168178060411191 -0.9950549958909736
1.0421597077422433
-0.03439918686991606 0.005073532807707913
4.1571587567003565
0.9283154299333192 -0.3831379374182747
1.1163129016702449
-0.1466789333394891 0.9015149828192017
2.0661614144241147
-0.5725985976569701 -0.3697369815165742
1.8826071550753916
0.05091516498150621 0.6043087305532653
3.7063273343502443
0.5994297824279146 -0.9071378637266588
4.9102870427987115
-0.5297612705695685 0.19460971039979297
4.537582241636807
---
6000
74
0.32968451180139563 0.5323604227330695
0.7662583558812934
0.13305240132655025 0.013210939681083481
0.4193988866471159
0.9131541857012668 -0.7373785981093509
1.5488799478552524
-0.13857281970608792 0.004021881900804415
5.81744309530426
-0.14619866973367138 0.7555028102166513
1.0267222383438268
0.2116627582808583 -0.4869350339301697
5.3281249786573035
0.6420478323193982 0.30669356363660016
4.296816429974619
-0.30386805337855427 0.1446351387271006
6.023039381994155
-0.7802466332407153 0.4848147362038716
5.498697425591259
-0.9045880629389411 -0.28369911926436
3.6667237178459704
-0.22063091746154012 0.23360039040199035
0.5044648639691793
---
7000
63
0.34733413305882627 0.237971366822802
1.7716766090328306
0.35421903141435984 0.8630313419156437
4.237439344744945
-0.5191314523619162 0.9874005250494422
5.431124873444092
-0.9853110449212723 -0.7761304300889645
5.165600236215937
0.5713309736728706 0.8962799368847498
3.29552590702054
-0.05051714281004752 -0.6650196678758318
5.117961084053552
-0.23248445564545564 0.16588407269928557
5.999542037386942
0.7312922548768593 -0.11326683258031336
4.568520722457514
0.9863079594630368 -0.6893393337254874
1.1017860249684173
-0.8358279712637968 -0.5019441643060168
5.978403420775834
0.09034164376572738 0.705809629828375
6.152225258588556
---
8000
57
-0.038117191291880875 0.13460661135324659
5.662479804848055
-0.21742168362868924 0.40758489231973505
5.331005205973031
-0.0070271196138254055 0.3535617685614596
0.2858921235211582
0.35444071503250085 -0.2949198037567158
4.876343381759167
0.19796807527953797 -0.3134972426244994
4.318999118954371
0.37931117918313817 0.2075214835526777
5.311832783625188
0.22407396141936203 -0.13214465208164755
2.0068412602910417
0.05054439792702352 0.02456772725871548
3.546524668199833
0.6046537360526617 0.30327798463903594
2.885976873954311
0.2507050342858317 -0.5125427243243075
0.21086799207385987
0.1989081961105876 0.7059023216596068
5.181957085473344
---
9000
75
0.5796770881912151 -0.209925524223054
3.8469143104468717
0.5020480801331494 0.2534043717648109
3.850713446992862
0.16472329294116622 0.6455152363668912
3.993534012684628
-0.6167295600003493 -0.055045846973668024
1.811771317831278
0.4058825583983534 0.4305197594675108
5.331110214734497
-0.2793787860742241 0.9677632393116338
4.9409296482020375
0.44444967242103445 0.16359166118050023
0.5802447986402717
-0.9123721270987499 0.982874997452045
4.199800040680232
-0.885053104132858 -0.4644949620939226
3.0851309469768937
0.23871303626651505 -0.15816635349914274
3.526501949505275
-0.5649897735793167 -0.2595701925082048
1.5706186574116847
---
10000
59
0.23773343004829225 -0.2652227682708408
2.832405402950444
-0.3300871521431124 0.5820206945687947
1.2840368450207889
-0.2807158360198107 0.5136430275555897
2.4739540011883614
0.08486200458209331 -0.9323820600571704
1.3245743718701055
-0.8626829397396781 -0.8677256907715707
3.2878750272307036
-0.9967445277132596 0.7185238891240886
3.149219237349204
0.2754734144627953 -0.9095079430672687
0.4773732980332275
0.6034682430460032 0.24425963791791172
3.202921209361299
-0.7505653068673229 0.7228901292613337
3.804895796000962
0.44314079236562287 0.3796151696272202
4.464587219267433
-0.6201748652402167 -0.6621274760773354
1.0057557019603056
---
11000
67
0.5967590212157594 0.5914490897384512
0.9837944667340679
-0.46051810936190224 -0.8973932822728944
4.901831711075483
0.13405690524039052 -0.7262044132187848
3.7237837572150205
0.03344406687519908 -0.44045896629098
2.6714805143025133
0.3992722377741622 0.5464161264180315
5.590762470987764
0.4206533871560871 0.673158057114674
2.3437887384589686
0.8915466625414905 -0.6932975164200512
4.291592396822394
-0.1812281920451076 0.7660448223666547
1.735816383644397
0.27282069000774767 0.1945949125781168
0.6573534814709987
-0.45877885511864014 -0.6459567177072911
1.4628865407326241
0.5776069983075947 0.6821907127040784
3.5062558098584695
---
12000
65
-0.5343968649536703 -0.27940814504457345
6.188295998714466
-0.46888769139868913 0.01930250015471515
1.7533041147990485
0.9858809536301743 0.8537649286837411
5.766790103881837
-0.38553541929749136 -0.18373994338691282
5.886995286395344
-0.7310034374800004 0.772559542203741
0.29691663201501495
-0.2920398292784938 0.24211194024301486
0.4801476573133261
0.03415679805221358 0.7622221536730887
4.031785628201147
-0.5518466483940536 0.18156181241046113
3.9283179306239653
-0.4431248850370297 0.13679436872631603
3.9124992028246357
0.9169070367365771 -0.0025095323629880373
1.6550267523660231
0.6548871821165605 0.48910860530480993
4.350929467985417
---
13000
73
0.560206469628709 0.1360451242246224
1.6388757980896722
0.7436702951012206 0.18405439334686874
0.8179416271205326
-0.713265572487006 0.9581101582489421
2.2357811546427593
-0.40099528649264116 0.8491583809912859
0.21781248413918508
0.9050454323992595 -0.27960204853662074
4.651982377350007
0.7056287471334143 0.4666427003343158
3.2771822051071364
0.663551465906714 -0.2604873174272492
5.42434765173426
0.3927400334731538 -0.2487720359550491
1.2551044564874045
0.9668014127358204 0.5036399278084014
3.9694355684177633
0.49226866320707374 0.1736605163444196
5.459887994784848
0.6489767764751936 0.05677371056243255
1.6008564493933797
---
14000
78
-0.9646370348774405 0.552718876094472
1.4494216178893784
0.8053533724276113 0.6884007169851887
5.646363252348956
-0.3789305278453127 -0.14144836476400113
4.631908415325831
0.5298851225564849 0.5154841338206679
0.41007229634392495
-0.4242329066757211 0.9559613405597074
1.5300616518405423
0.6570314383558282 -0.19171221543497344
4.886376382383919
0.9794797160215863 0.7022401565689869
0.581547013545709
0.0721820041202948 -0.535761564440656
3.773484022594741
0.2147146680824836 -0.7247745461696493
1.269482379916429
0.48291038724483154 0.5154874779695744
3.454480202326871
-0.2520352862658657 0.9226791105768551
3.6049806087518332
---
15000
75
-0.757095565604887 -0.8230617737657938
0.8099900773288413
-0.8208767811781695 -0.7277458452518569
1.240064301965381
0.41346262468229533 -0.7157620360590327
4.980945517440044
-0.421662827132282 -0.5112649157607669
4.754074712605813
0.3703955105091978 -0.6133482429534628
5.143060867044819
0.2549949105464035 0.2595874484439051
2.5552515717608193
0.07014089484949865 -0.140255789166143
1.3503071503269952
-0.5583580179690978 -0.3005350817951829
0.036160924700447516
-0.11996829634330888 0.8028176131829741
4.450955806029218
0.6983604014842543 -0.5773418812915319
1.101940261956865
-0.07285180724666991 0.8467412196957121
3.837173616942711
---
16000
78
0.4663405018375771 0.32555605222814754
2.019939143402381
0.017745013303133883 -0.9621722599354761
3.033245621130857
-0.45019920899378857 0.9003444823433819
4.67587300250341
0.509800761324497 -0.10801502937908589
1.7897358219316075
0.2146999334802588 -0.8112745701790507
5.239048895238198
-0.8706151383408743 0.14060950903191488
2.4091267715483555
-0.6518694252258678 0.9782788065431014
2.9442775600182944
-0.9920654448701833 -0.9371381369948905
1.5569234372983392
-0.6266704592576329 0.6582843395605746
1.038799543082877
-0.32271301617672377 0.515748457029881
3.6697109126040086
-0.9794669530738775 -0.9193574554151656
4.6255910018658035
---
17000
79
-0.43486902809821354 -0.9318321441258577
2.21838303255841
-0.49709643744101634 -0.8570602772017344
5.680305971142416
0.425832647077845 -0.22781184823638886
3.5504056176389334
-0.6452367850832403 0.42901523578886397
2.6121250996503687
-0.14446814039324046 0.08563570364901729
0.9023523427981708
0.5608391268522549 0.14151716471705644
4.560606655591792
-0.576995769679217 0.30499319349783055
5.363146992653984
0.6776387774434585 -0.8999584327229428
0.6870213057338344
-0.41921175079952466 -0.561827562868569
4.03043083291179
0.859242901392386 0.22601977663273964
6.166732700189371
0.5360965539921736 -0.382276609327334
0.4581710764229703
---
18000
71
-0.8493949944177352 -0.8905127086589837
5.24272478914955
-0.2363824074498103 0.8917302861872204
3.9651768171754
-0.9511961965412414 0.8664957442516457
1.3691617584398479
-0.015491869726083456 0.3337582122574877
5.529390582071018
0.9087187247847228 0.18367886698585753
0.41911724483774204
-0.05703921576868353 0.45312790919003854
6.1616879038301775
-0.15483083680231358 0.8683403273736032
5.194881008178787
0.008521809373942826 0.8059257080198967
5.980095632855603
0.7911827720638754 0.850053439981788
6.194559634449983
0.8818529735302094 0.7521958165581581
2.9051909258650417
0.013748404169656392 0.7909999952690301
2.6942176091884082
---
19000
63
-0.3332493395044586 0.4353356231581791
5.455408508191466
-0.997414609499097 0.6730546484381472
4.808725762539605
-0.6718966669617297 -0.20993795489948658
0.9452838039364542
-0.4465453763427749 0.5435310092219761
5.0468965906084
0.6691363949998729 -0.9150202022436308
5.583968295983511
0.636139328718708 0.3780273387873752
3.444797099005947
-0.7332679554253276 -0.5239988292478696
6.227675020044831
-0.6238543466246378 0.2623996536081414
4.785701689115805
0.6806358582114816 -0.04279608966627837
1.4558359194482273
-0.855292500745841 -0.6922370411810446
4.747350106624662
0.1971905287887761 -0.2087070560779643
4.436309360360469
---
20000
76
0.20136241239190372 0.5420970937332374
4.495101565476344
0.5697994076750681 0.5450226819140648
2.8310603007734736
0.4112787371672427 0.7687556412344991
1.372414446908067
0.017725913510546944 0.7389679440072436
0.7972949849903346
-0.5014161903176176 -0.8419411417646706
5.209606649526721
-0.9087648364801706 -0.589945444956347
4.789591478707316
0.7186760568619404 0.4507284703690337
0.8388035749196012
-0.7111895907194103 -0.1127578399389993
1.5897066708208696
-0.14566789422456938 0.8023514158657211
6.122598390443933
-0.3736903298432486 0.7738041761929917
2.9048979126220136
-0.7250340397354008 -0.8999408667414258
3.8335424297563234
---
21000
76
-0.11667369505755662 -0.45672870366576823
3.1555296997698523
-0.2183413604396356 -0.21647003917595714
0.618917982389303
-0.5775443721915339 -0.6843341999230057
1.273001932107234
0.08282400418201312 -0.6526507936938217
1.711551016045378
0.21136605612827236 -0.5065841990655356
4.123058597739079
0.7030706225947473 -0.5842482107487195
0.8954400306771273
0.7814219821791237 0.661640545753555
2.354382696056708
0.9743326992881345 -0.9212318306408206
4.61194683698976
-0.37951053304852017 0.26773188461333763
3.89344091230471
0.7557470894337001 0.057767033692241364
6.09608073522346
-0.466490618910103 -0.8274344377334145
4.792639941687129
---
22000
75
-0.7064814918543845 0.035779605920008846
5.462514736475468
-0.40281313404670327 0.27076107055825444
3.053779622735755
0.4377418501285944 0.19682764780628872
4.519035042717022
-0.6497475863687108 0.8980293088484309
2.306958287365587
0.8207997258778678 -0.4477848357919207
3.1731708474290548
0.7857790724285126 -0.9237964728944177
1.9831489656626458
0.4954960776008635 0.6189350572032383
1.031953609645929
0.4569183292999268 -0.24844251510911428
4.522294319387401
-0.07860296510796189 0.9957464496435067
6.237660940351592
0.06919533912857923 0.8613945874393347
0.3034478380248746
0.42854142781959587 0.13381883747504603
0.897669625137941
---
23000
72
-0.3354805391505519 -0.5021935938826602
5.236480852553324
-0.39160014282782357 0.006536923818627506
5.7018364878117325
-0.7204751493252644 -0.792462136531665
1.545411327194894
0.015694767521315253 -0.3181479881168741
5.424603519870113
-0.19334486860779426 -0.00787701965013251
5.813229057384582
-0.8026825626306625 -0.10839733126009982
1.84555003246441
-0.5846516078299794 -0.6443283183520979
1.4220783847778948
-0.8526189578514352 0.2631283483877723
1.5918152233170604
-0.5482610224555898 0.8600969337964876
5.771356320726356
-0.4668797278950192 0.8051983188963787
1.6006604776864197
0.8011367647583387 -0.29379298954098837
3.3940099697755306
---
24000
72
-0.6072196037700369 0.09073556929845102
0.007364371612931363
0.2646465420351153 -0.7760611002462915
3.2465185652379134
0.191060110435961 -0.7976783992051526
5.868848256172315
0.08179657685112243 -0.5261435326948884
4.567691764279878
0.37413385676935357 -0.2660910333370987
0.31848840903015585
-0.9804016579432766 -0.7508856757671829
3.2533755955784542
-0.024646006403301154 -0.6829061637290612
6.1822085652136645
0.8282104274797737 -0.8862624526953686
2.6971757132500604
0.9215564946586162 -0.8525721504622336
0.500792212398828
0.176411679769528 0.8740320472994956
4.362331350651028
-0.3115422700837134 -0.2532575883276357
2.6520440533729284
---
25000
72
0.6001973183874251 -0.7039371318913462
1.8480544257900542
0.9801745217636237 0.9403466745116805
1.5039365589681584
-0.5563202416985267 0.24181869325920877
4.479056632325738
-0.07364225548406957 -0.31454373686580317
3.082198760373001
-0.4424844043343158 0.39203704627497493
0.5300871205161011
-0.4048774108277049 -0.30476788731759
0.3909648301961912
0.4301627790075531 -0.7790255907958734
4.253765309623756
-0.9203642316545049 -0.20785454417846091
5.332442525396648
-0.704511389764518 0.1351892142743163
0.8133434507448598
0.02188621432082949 0.4734097878373892
1.3605618270682522
-0.6636859233544008 -0.501450084126485
3.0892242609394893
---
26000
80
-0.4630410427235631 -0.6901050653869895
4.843582068824932
-0.9553118935284289 0.6781433492289674
1.7634097446573067
-0.5002587741397162 0.45540207886785755
4.561535251828579
-0.9096622510938981 0.6037287555472182
5.2317065465743315
-0.019163496104675153 0.6142881173066452
3.729882260323918
-0.3618304658290817 -0.8344005927777841
4.770730534631038
0.2989394837804335 0.6198988478028837
4.814745346658509
0.9941876836329491 0.01697542515112748
1.1062165754685678
-0.13312365501010667 -0.4443022887928383
3.8126782333392386
0.19483360246562642 0.9994962130268397
3.8620735317497568
-0.34841047341323717 0.9345806715505361
0.6051238685288371
---
27000
85
-0.6376633531430304 -0.6815172315761308
6.040221314422294
-0.32059137820197847 0.13219912834220032
2.576479063753008
-0.6001779425571967 -0.5689623853817385
1.330829122106402
-0.006985208926451977 -0.5895620054392647
5.503870513495662
0.4107983529004268 0.11139316668043824
4.1176914425563504
-0.3883884121051811 -0.48157921794305086
5.432689980847789
-0.10291386510341159 -0.07218684410378666
2.503441674964715
0.24910666732444803 0.8678456487615733
1.184272779009497
0.4735000369948033 -0.9679468387546895
5.536271398357504
-0.1054599986459786 -0.8905629247517995
0.596881499780082
0.941584104000586 -0.9257506629540271
3.0475842978111194
---
28000
76
0.7328952078321239 0.3797090572729224
2.4815872590855714
0.722423732886516 0.41521802111682443
1.854337222773581
0.5202128395408221 0.08671894825512247
6.106114880260647
0.4702136350238984 -0.7093743140735154
5.712551404404401
-0.7258740728216578 -0.7291292150583146
3.2254245847596303
0.2565994225279683 0.839508519950081
5.5693173003335
0.6416714823524916 -0.9208787344994324
3.3969345104296327
0.3737806682697041 0.2959366139984103
1.644016764969672
0.36696518772391684 -0.980070393597356
4.11257697549479
0.3098381064399944 -0.987020760182427
0.9357363689489944
0.44066778866810025 0.3075175606613482
1.8966282021718595
---
29000
75
0.1091558413629182 0.9238064225584016
3.2321149559172477
0.15330925959862418 0.7178680864563874
1.888787259593923
-0.44792765635098114 -0.24860058581075334
3.9237473736730486
-0.37088860840685794 0.19886039652187934
1.4856968307694016
-0.28267553154754593 0.3854855819587028
5.042296235363642
-0.3755927214389474 0.3086423594531737
0.09115725157673538
-0.7936359410031947 0.0017880139309629575
0.5600457152201468
0.06780472895838585 0.6109358215048487
0.26208554419344443
0.16766009326988196 0.961945579019384
2.515669221412135
-0.7912905824143083 0.09400478234938953
1.0755874461866375
0.31832660974881766 -0.8345077511443529
4.208069275103279
---
30000
84
-0.9000100244790634 0.6983242633957207
2.546281814034672
-0.8418477992882166 0.6508708427101555
5.763579213058823
0.9000124177561216 0.9227412051900648
0.41666775666966505
-0.05880620760163623 0.3196574453632393
2.6160834138805296
-0.7191248020381804 -0.6198540899437206
2.021292377597825
-0.35392347823534914 -0.15792443751401233
2.656846182606335
0.3802077542470003 0.854373386075691
0.8979625797708444
0.636739263903859 0.7356142940108744
3.916047663628457
0.0372424158344173 0.3380352229587194
0.21618055729788388
-0.14297790115531833 0.752553992326079
3.048871243863614
-0.5106190380458252 0.8798888541527513
1.3363729526941723
---
31000
77
0.2938395146804707 -0.9078337863655396
5.219824078083943
0.2501186595972805 -0.681258387889434
0.8286631491606808
-0.8061893394265315 0.8614414955937094
2.7833100487531572
0.9526678112098238 0.28920864364070753
1.2843977475498667
0.21486960233451252 0.9695999207961656
3.304739751073833
-0.6179680287354852 -0.8245789181616179
4.4359492248983665
0.41865405899314784 0.7039805155201138
2.555341500042677
0.2775444620941426 0.7733696071009154
4.860808863088685
-0.8641395026535138 0.4818626072672813
0.5993703080616362
-0.6598870660368922 -0.13797021948931082
3.121318775370643
-0.6245926140881697 -0.02673103159012921
0.6246972111631388
---
32000
80
-0.9448332006867306 -0.7082857705348488
2.595836706523392
0.5880051813926126 0.957915218510967
0.5481129088316576
-0.3816797022331219 -0.0680530837659407
1.3459726335389348
0.8021807936418632 0.22404300149487577
1.012506446172722
-0.796699924907587 0.25493751588312474
6.066497992060417
0.4615288151279434 0.5510540424755785
0.10528408415655743
0.14484825880948388 -0.6205929081012883
4.001191624209783
0.5011567275010336 -0.0142370598031241
2.898054824229215
0.9660133300176732 0.9476742031310608
6.168212584716992
0.32103484340080907 0.2169550978781034
3.8843978720306866
0.521259393210794 0.7678077917715735
3.4936030910285893
---
33000
88
-0.2582336431824827 0.6052193219220294
5.938305263038792
0.5269872540823378 -0.7101260674683657
5.207910122003678
-0.8580422668300358 0.12407989979921474
4.118362598217612
-0.2979625089637181 0.8482172449241225
2.725062417291117
-0.29123352801766056 0.26420162449061935
4.5580180436843305
-0.37386749590274543 0.9770605788069704
5.821452095093825
0.10548874118330462 -0.31491789381180063
5.463570778159707
-0.4225859571534675 -0.49631379754771077
0.39143898688070866
0.1683432325192472 0.44098791943266685
6.119224535076843
-0.5559946376752738 -0.2855634195767605
5.020622285754826
-0.6935090402339205 -0.6567503381946164
3.385306916630282
---
34000
77
0.15778369643204604 -0.4503188069016839
0.09265628166783912
0.1798194544555613 -0.4586842097080719
0.7903842968942856
-0.05041931585268973 -0.6266492810334799
3.6207316852987725
0.5814160653298704 -0.18490666714975051
4.254813063653829
0.4686236493874148 0.6399752672048598
1.9121325309205508
-0.5464224016376419 -0.8895047399866709
5.409306213462073
0.1226352560467493 0.10008968645940067
4.535562281737656
-0.6479532099231717 0.6470376021331716
0.3903600636648177
0.6386707331490735 0.8716141259883152
3.0628416176912063
-0.6548672366294486 0.618721477772325
3.1406693911221337
0.5150080550693669 -0.37980284784292884
0.9806818519799432
---
35000
73
0.3484754049751337 0.36824216739795745
2.818118008286758
0.07247758675177333 -0.4367044469702156
0.6660192022046356
-0.8790573376861734 -0.6195473790847597
3.004809471581069
0.0981843652354158 0.6421196701806342
2.393988059006878
-0.8674246355922672 -0.573412665712888
5.287546577696043
-0.46731937738019214 -0.6815529954801705
2.997421976020272
0.7946575588080669 -0.8684017258722778
4.092661638309375
-0.9099707171202424 -0.9494235020510925
2.0036255146750985
0.3806711707584361 0.9294780733578738
3.7547894730949523
0.7055077751165805 0.13776847628699426
0.9803904776188288
0.9955394731792804 0.8529328970908227
5.937495285086672
---
36000
82
0.44774925858440817 -0.5483486815887412
0.13895327177946376
-0.9444852398098788 0.9220981387823106
0.271870117141809
0.5926438058203366 -0.9543364274950146
3.6087566451299935
-0.8551915535186897 0.7481706777074295
1.346058886263469
0.9837100995871628 -0.685632131018238
5.07850104977279
-0.7151741204185842 -0.8622038163560826
6.180529059367286
0.5847571572356122 -0.4545023244815654
3.4138696983838868
0.7297249476413616 -0.15198271332213864
5.3445540249161585
-0.6832623246665561 0.08191766692942146
2.938985953457604
0.5251287584652167 -0.897029051914505
2.9741579598629215
0.18033061779910906 0.33659255242883324
5.130530248025363
---
37000
89
-0.38500755593067254 -0.8401524202224814
0.5771032072953367
-0.16883504071304234 -0.5905191040367888
3.4341100795776596
-0.5527217214677271 -0.3448990814446471
1.8727689999485193
0.09187392208661532 -0.8086167369029149
1.5305481867980832
-0.8379058281125265 0.08430715708383546
1.6290661252464433
-0.9317993619670516 0.12999632046730838
2.776941679101623
-0.9149047359923468 -0.6840656796625983
1.4726808761804566
0.9869679351556708 -0.47515696770820337
2.4689000911948042
0.7153151428963376 0.5513391369574381
3.930852311283741
0.8997225503185786 0.5038678041206189
2.4904940245802587
0.19659519689039517 0.6883629340188612
4.170537858846904
---
38000
76
0.27704058789505587 0.33907343083437225
4.60545288535655
-0.5303680284180008 -0.929941867872814
6.2447834938722195
-0.9877681783099385 -0.6579384267371637
2.580829356352277
0.6692188985761954 0.7941218740059677
4.86219119296209
-0.21284546911005847 0.7859719737804763
5.7055024354463235
0.6073589689047911 0.8413886595263147
1.5718577945496799
0.6784998440764457 -0.5834572196405751
2.499057753060449
-0.7970391923506936 0.9823506408978069
1.5319495907625154
0.09724196185944814 0.11010229856670799
4.802928983607036
-0.13586610850182146 -0.36569615878447054
2.865072178435134
-0.4891777994410373 -0.2420311542279187
3.8212211880394555
---
39000
76
0.2539931208597794 -0.572022021042481
3.202526501168437
0.33573604407301033 -0.6778073210808859
4.671091392707049
0.3367946629903896 0.040390096726740383
3.568637982536411
-0.7034166408614555 0.891554037344241
2.850105982283166
0.49643002695361305 0.3536237018329691
5.136113616108946
-0.37783809931447904 0.34821801120577567
3.1466833873611773
0.6049147956188485 -0.8073041685041802
0.5846470303033025
0.6632267834474869 -0.5065120186619261
4.906391713582563
-0.7530069041344842 -0.5863698451602012
3.832335193091841
0.06063137382859637 0.5247506998325868
4.510692511143517
0.6336441612392197 0.014179944310178653
6.238911430863078
---
40000
78
0.04777939105137094 0.15756161550281012
3.8043977342280164
0.04169426244461321 0.22479942999681699
1.1476066010528712
0.2538292781937345 -0.4114358738389674
1.1483144223476023
0.40531898856280796 -0.9624338638165556
2.258262254486537
-0.9745988793714033 0.23141708901296726
3.937594744314925
0.85813785026988 -0.8327597100046884
2.9343979888483593
0.16242991692007347 0.4043143260197503
2.293408497831275
0.37458812093087207 0.3342114716869425
0.3762327247490278
-0.5128925504187626 -0.5087768773075916
1.8163503163917616
0.9725563673492689 -0.2584483308384564
5.758092063641225
0.5191865481867507 -0.5311435106080059
2.15142003585021
---
41000
82
-0.20243300832421962 -0.8805418301192298
1.8898851391966816
0.5820262000540146 -0.6224421185077967
0.7465330806097228
-0.2574881997638586 -0.25628266374492437
0.35444103381549485
0.1758232318387805 0.09327619494237674
1.8204659629300899
0.6208554724622708 0.09096160712198942
1.8855255367195562
-0.11309443191521829 -0.13637672921518298
2.7981137684943684
-0.21988087723988264 -0.8319389144201235
5.290867155099269
0.3692552761732448 -0.7921965501149344
0.48392366367892325
0.2183339376320652 -0.5405980196943752
2.0871682261377087
-0.6929953765348768 -0.4056373173382827
1.79695811157971
-0.04672452928294912 0.2020104708744625
2.2664513707391034
---
42000
79
0.9883596620461166 0.49746953962228435
3.1940856254566077
-0.8688681410163777 0.9672711095591578
3.6662064328761526
-0.8408804106401881 0.6209274185382097
4.411287089808473
-0.9638943313718091 0.35071911601043393
5.5702496759596745
0.9866666003806144 0.34181135010187924
2.233699560297217
0.31790080666116455 -0.3519340946862607
5.823403634004624
-0.3440788994507341 0.3601978755351775
3.689600193482968
0.23684335171370513 -0.3953295189008047
0.7255505193557159
-0.5018500190206527 -0.04457641956286265
0.34564382306466346
0.849374237890068 -0.27943211902278403
1.6581633464710395
-0.8353817873019918 0.0053003346828356945
1.1652892770193386
---
43000
84
0.7107399309871983 0.9540320413488201
4.954177919976338
0.2725126192179862 0.46195087119525435
6.155350734917242
-0.855770074793395 0.819289800181454
5.388665386451689
0.09197989865130152 0.29075149209290513
2.3514358906004436
0.5077016754923197 -0.9494392320522427
2.8037524060019017
0.8603846270238802 -0.9986747022675511
0.20236576965313802
0.4965474494831493 -0.6903804410791994
2.4264861819992305
0.23373730188273178 0.7851319768395323
1.925190292260809
-0.4091173822256043 -0.13041433143438264
4.69662889207895
0.6634406994762733 0.11921899165047264
0.7238365532994715
-0.346417967334387 0.05093394995383728
3.4787834133369655
---
44000
92
-0.3045615652708024 -0.596508973838005
2.769695242318029
-0.9904248027585314 0.9001490410591941
3.233568142581526
-0.2379545493786048 -0.7490470365347122
3.416342963036495
-0.12043030867566215 -0.10084464080918358
5.972013221313644
-0.42538597691689223 -0.671631028558214
5.889113639571105
0.8090524074547132 0.8578665092944003
0.42686995606932676
-0.31471649254437756 -0.7382594740263023
3.5434429225220994
-0.9064521764898538 0.6675665549693254
1.1154235621209994
-0.847538448592292 -0.24897372040436858
1.4979211569519277
0.6177201474223561 -0.88976592962222
4.921034599791098
-0.9005502636105207 0.5349691252738862
2.451061888430197
---
45000
79
-0.7705183873327771 -0.7123405613897302
4.209254943499291
-0.5040205050260884 0.9204857941305495
1.7234607085572309
-0.20382555139941994 -0.5506033435782978
0.25519226950190355
0.2878504601633273 -0.31372518201179583
4.379177859381054
-0.2947253017339406 -0.9201587713569335
2.479190285210648
-0.03892120690958174 0.04643543628237683
4.9782599851773
0.08703632109207837 0.22176860690775776
4.3486906197122375
0.5657192718176824 0.6950671772852739
3.3005759971777104
0.8603438138627173 -0.6951325462141805
4.5818997768914285
0.671149137720611 0.9696645821335963
5.841201792910253
0.9337405013916464 -0.9494604768489123
3.7095874747306077
---
46000
75
0.27800834070060004 0.15801437528753917
0.07741478862758483
0.32504594573836815 0.13357696884331252
0.1730928545249304
-0.8920579892794647 -0.5985890193646123
4.319478263459071
-0.8661393627881181 -0.2872947576866399
4.052616112177802
-0.6394054546387301 -0.42356304391942345
4.890446583814107
-0.1811444174035492 0.5404209713579768
1.2898810537416834
-0.21715364144054067 -0.7242503554200673
1.096016782408788
0.6069745988320738 -0.5439964944639546
1.1942776992928232
-0.46253797915553896 -0.6804241938323097
6.104675390562957
-0.8658313340927766 -0.7575532350036422
3.6941346443976766
0.47967373973252425 -0.4129593140612998
4.004758731336001
---
47000
80
-0.8363021477573849 0.2242371002182691
4.266669710115848
-0.7132582446373494 -0.8474662342035385
2.1279673668071846
0.8183250809845448 -0.6768691737130602
3.5402674302050112
-0.9385894691075772 -0.548198186000783
4.569374362168389
0.5642090403328451 0.6498670741739844
0.3053674597106584
0.6737889851636696 0.9282963024817712
4.5645667590063
0.04008351251612398 -0.9932493693593714
2.4789115702118645
-0.46719359925318743 0.6489201870601151
3.981262685065749
0.8698713806410612 -0.6846394906237697
0.016412144938222184
0.8390952008400984 -0.7244711826294705
3.665091452809481
-0.6419933913903908 -0.35415856487021885
4.334667804896849
---
48000
92
-0.10420789018722965 0.5250056857924077
3.0702862609975328
-0.17839119880070015 -0.9468479653772333
6.229731203525396
0.053615370176996 -0.9147086046589892
4.028900429432466
0.19799076304153773 -0.9540155807314797
1.4197500114078823
0.33598472367805693 0.5504545040706733
3.5684612602692543
0.06783150515513615 0.5982433319610329
0.11218992859908905
-0.172702931193502 -0.8297161926640378
6.066685997252432
-0.07482771070766248 -0.8835010288147422
2.6960103572715077
-0.4756131921965179 0.839046403291867
0.04691967858319135
0.26955083345484987 -0.7908565975043262
0.3380760450641098
0.461235614719585 0.25093616749272846
1.1613153104877272
---
49000
76
-0.6643317553519198 -0.9754559510542502
4.600821227223959
-0.743195663716847 0.8436345175412068
5.312106307430178
0.07602145990976955 -0.14919285483124622
4.075575647293099
-0.7821941002484858 -0.8056675423802758
5.651039205849609
0.04235609205314561 0.006196908073528334
5.285191164225002
0.38265634822197847 0.9099008799175904
0.6097565064059802
-0.7104806069297014 0.7988148882827598
4.201817841975792
-0.39327661274803977 -0.47434479099693355
1.472926765568582
0.2815666575544092 -0.5998385582345936
6.188793028812468
-0.9364924637820673 -0.7918270511387406
0.5334611993893521
0.8974042479996429 -0.5960091208466344
2.9819381540803556
---
50000
78
-0.600177454975244 0.05254926769556133
0.013549205920003977
-0.8710101007224492 0.99133533261044
0.6897546639004558
-0.37003730438357724 0.12495105280548546
0.816820684981642
-0.9820525754754423 0.5271961483811151
5.737964643234549
0.15441891834242674 0.27467823590479
5.893872974657418
0.7751110148570167 0.09810354097616167
4.070865636673248
-0.6460820177152322 0.3553672719568532
4.593760295077156
0.5528973121375976 -0.9342916149162269
1.027544815784247
-0.8045665060802547 -0.4439053568705598
5.0973565284917015
-0.40708075789101267 0.11120936326980711
0.7759852273420895
-0.7164807052350401 0.16628072090229123
4.524095530426282
---
51000
82
-0.21408856057525277 -0.8324564322965248
0.9700169636523112
0.48134897977159 -0.5408949242661223
0.2971406666060208
-0.5930859369094502 0.8401559166271105
2.92294419808285
0.670358617161706 0.6761251369846685
5.818061710516847
0.1050693053046745 -0.20852129953927942
5.0355467785239405
-0.16397313851388015 -0.15030628983224403
4.929699599240873
-0.6238711668168501 0.8578163309676216
2.5188650019642935
-0.11293458129393623 0.4211016782436938
3.2594002438452163
-0.29463531169122736 0.10899430992299577
2.1635344742104596
0.26140839760089846 -0.20650700327249058
0.12111646847606838
0.9755165878248387 0.8604956988540922
3.925164947740713
---
52000
76
-0.5357426108970686 -0.2358073363617882
2.9917851887312454
-0.3357724922713941 0.31948380583522196
3.07020806870121
0.4460863356551368 0.7592357366035184
3.0833309065411427
0.36803463041408596 0.8959950236648789
1.5874688642401127
0.19170177142343559 -0.038672118086670065
4.188517593476717
0.5188945367942839 0.8253732588990784
2.302880454387216
-0.7659257385475744 0.11230554341168683
0.44460003281340477
0.13923271224091974 0.3939210382064702
4.89301506389952
0.34770869464625576 -0.6855190111526069
0.8551354351482612
-0.9648505528077859 -0.3287854403105851
4.692378061390255
0.252056772464911 0.1358978959779385
0.9854906199833211
---
53000
74
-0.37546743240975716 -0.14050190566704196
2.988545935410605
-0.29405079480815427 -0.12408496039866272
0.49459893725740844
0.6981907503034133 0.31753155356870877
3.263117947265071
0.7024908884529621 0.6152042387237969
3.4751119483212545
0.23422489121377565 -0.06708327811179951
5.127501233363826
0.7058715177758441 0.3131819779484735
5.82253143073458
-0.686961838372041 -0.2999562918483857
2.4011003607340236
-0.905392667381084 -0.16425697602248257
4.4379939844354634
-0.9324494532693435 0.8280694209606123
6.160038432453878
0.23065779135555803 0.8429161588910219
2.6335329621405643
0.24939131884949298 0.5082890944595652
1.8771891224886748
---
54000
78
0.606439076684024 -0.7313307985684896
3.6670845293242813
0.5086649791228672 -0.24075418632864876
5.661485844636847
-0.6235444212082678 -0.6307568545568216
2.3810487514669836
0.09558403152371997 0.5284130025711422
1.934407513797197
0.3133751110965903 0.19199965667756907
1.7437660836614306
-0.5876655223880198 0.0929518660376893
5.7463795675057145
0.20924217903461795 -0.6544228792311095
1.7053563095957758
-0.6259576207156681 0.013774164671943548
4.123839456098759
-0.21330337143843536 0.4849507897924874
3.2879907065189684
0.1378144177461876 -0.5629411624044278
5.01613092110256
-0.1603372659635468 0.7882736349966057
2.9121484546018728
---
55000
84
0.2941924968919395 0.7748588903874335
2.872395046507287
0.3012572669021534 0.7135241697175821
6.252100623866661
0.1826648658453161 -0.8367069185012148
2.69107813790618
0.16520976374483984 0.45450204029306873
3.9148898415058238
0.2838200242159436 0.1622473112725341
4.941795835757287
-0.541127197830061 0.1770744937194542
4.549772957989171
0.7919117054754986 -0.3163348546619537
3.6338867996414583
0.5603086861659837 0.5233941264631004
1.1740398759804442
0.23371017138213712 -0.7334303728423386
5.091341695227549
0.26183682152764337 0.6099761849103964
2.916255869180196
0.5236559707168367 0.6305732900270652
4.712309783872673
---
56000
81
0.2878611253531246 -0.6192752087303905
3.0398103563847263
0.25372658161297146 -0.6391653064213012
2.887922415057945
-0.11899560528640844 -0.4319612458098424
0.5434522952050664
-0.07961471645248633 0.8506813231092
5.16257070079661
-0.1620839747283027 0.7861096669054021
3.022044129951655
0.08642434211392462 0.5820293403757633
3.926374143808034
0.906233821624388 0.2431172981738359
0.5780406255994945
0.1633152282360546 -0.5870715371934725
3.8073527342967246
-0.48016396266746986 0.3369440467100777
2.3324149831390617
0.339007893904093 -0.8567563354172096
5.426219031754613
0.17022002701444094 -0.7520372134218745
5.847946628181118
---
57000
87
-0.891307088341078 0.873323928958431
0.7447777218122035
-0.959638344918139 0.7307652515036895
0.4302046701498119
-0.4064708142900614 0.3788388069993111
2.7242898128802118
0.23989204925857469 -0.5756684443374501
5.5826503006601955
-0.9699271024204712 0.7716982966480193
3.282514825238003
0.11220252274202974 0.5172486325924701
2.227390538748806
-0.033441799664807544 0.2163412524610828
4.985587060591883
0.6971810041069716 -0.05351282205434249
1.4691612827975469
0.773684067731196 0.42028659751463776
6.126029437058
-0.5032728356216096 0.36535290247751995
1.4041292149423352
0.3365939416305714 -0.1767817852519563
2.973114041810435
---
58000
78
0.19964712359597475 -0.9840247553608605
1.7609594131664839
-0.983544304100779 0.29047194136142596
0.20188860673900333
-0.9559698830369671 0.8434078642482329
1.7623077492759265
-0.7093878257168253 -0.26744869830733964
1.0478690239481292
0.21262162868990037 0.8982789044199734
1.791418706207021
0.671204073916802 0.2644849052169167
3.637686819435271
0.04114319406683564 -0.23688111379534693
0.9746393195720948
0.18034502384922244 0.38138172148819116
4.90888389670233
0.9601782900942564 -0.6906357812784594
4.7350100654872005
-0.20676181520295991 0.30811583793297254
5.5786180971670145
-0.990061186113806 0.6328821055625413
5.730094711991982
---
59000
81
-0.5986461795203187 0.14698645643496494
4.381042362184974
-0.5441592401793783 0.11089798147176758
5.968139034305867
-0.003810498576593019 0.1273845839090673
2.1950507351767685
0.32459975909199934 -0.888803781639171
5.9152927415672
0.0967586208209345 -0.9848932258730226
5.086173494080514
-0.38780686417358984 -0.7928096545228777
5.8206475798397035
-0.7303952544974027 0.5523479378825886
2.7080266970846134
0.9367757197397645 0.9342044416161436
5.911888662865415
-0.6196345249004228 0.31776925922293375
4.705132618809561
-0.489855906545243 -0.31559469795954387
0.8283005899648526
0.2565081610556995 -0.3326306488539278
2.0085695953544027
---
60000
78
0.8004369628563104 0.20517521222135932
0.9431721419138535
0.6245891975975884 0.014598185160878022
2.290179896575326
0.13045293238548883 0.8601856947155693
3.3151389335401165
0.7281999192679738 -0.020332352491926525
0.5044930286355687
0.4223313528559905 -0.8296323955355894
2.6035154298978256
0.9023990230800951 -0.24071719453217277
5.046340997683797
-0.8778958825881576 0.9445856988244534
1.071172016836364
0.0790365875537111 -0.08677912090879913
3.5545683544070936
0.695433814372898 0.6384203245539468
5.679535910020955
-0.5680787913099102 -0.5461306230582982
0.9199079435234658
-0.9658816035579365 0.4915283756329283
0.6162770171807646
---
61000
81
0.021839449696844253 -0.32310270764615506
1.4671271045883296
-0.7992854436070649 -0.19908008454506154
5.802344099137244
-0.776637604448566 0.3448592783181447
1.5362819526228222
0.44196448210041017 0.789532013362135
2.091300025576337
0.6150393959501785 0.040340575629554704
3.7534918180305885
-0.3329540046626422 -0.6831423037547031
0.7059718885977233
0.029768295292009563 -0.08045122289173919
5.893109814937565
-0.6421835668050297 -0.2227769201385244
0.4226193535700089
0.5405081789380103 -0.3263568021729997
1.0884283984750862
0.7575826857010346 -0.2678038179040396
2.601391189476427
0.07464553257043226 0.46563798546273416
4.482987423606954
---
62000
86
0.8511557591926762 0.882603986059438
4.720232238825244
0.41798719376817295 -0.9498702032900331
0.4057453501380648
0.24960118675769472 0.767267066035764
1.187768274879673
0.5128991178319515 -0.8481327890354261
5.764060327197068
-0.6992063604287752 0.34940378745016143
0.10511579393350523
0.5180154046373266 -0.6600256605520001
1.0416729791625574
0.08321958206960775 0.944836383868471
5.581532368576805
-0.9193340404427964 0.3556155553690145
1.7651915469663022
0.40569620756695746 -0.26162793603342527
4.423340601355841
0.5060325802796963 0.8339926611659803
0.4903101681323472
-0.49641094822726584 0.7284922484897076
1.8419374834009303
---
63000
82
-0.14824177563080987 0.14857568939776084
1.5264067866041144
0.6129342351582685 -0.38180508811517555
4.393181085959871
-0.487999491206621 0.9162811102413797
5.96953681901572
-0.34256463933279413 0.9855232128408596
5.956213335609368
-0.939883959639086 0.8832608835438336
0.3174787084807438
-0.6247890191340235 -0.7296836481491442
1.2069270534161216
-0.6807179353482871 -0.7525533333733879
2.12693699823945
0.6486959853515861 -0.6035512958883804
5.476501597529348
-0.996879143464787 -0.6429482596563935
5.952864587324458
-0.13602906448209373 0.8293808726475836
3.4653988228607187
-0.8048107974011411 -0.3731362596502403
0.1952698772098822
---
64000
86
0.876891257323117 -0.06664760541199018
1.8356761537909818
0.8256844728989853 -0.10475842620923462
4.74532782336646
-0.14360906681046837 -0.347572399953799
4.252789777742079
0.5132076381199233 0.5431986867063007
3.90810155400745
0.05609117420892721 -0.041387671901820564
1.5883758061464022
0.47187605058460647 -0.2190399673939954
1.9074478994850814
0.2570328833119546 -0.032282262940947125
3.2848962494678844
-0.021714512156231387 -0.1749248729081632
2.165488595007445
-0.20009520198313277 -0.5546228932647063
4.494083160148909
-0.9241168840801857 0.7747221939750427
1.4604993584283719
0.00410904980239438 -0.09025095020585486
4.396327639182863
---
65000
81
0.5137418152673677 -0.42783529034560835
4.647899589774788
0.2272724006602601 0.6544560809921628
3.390941545549066
0.9474454173968927 0.6453673714049423
1.736798774583053
0.7173710540465933 0.7743585639332758
5.613255904767678
-0.37156907344113915 0.7653630850221003
6.176611805160822
0.31132774361509474 -0.9905596020346884
3.779459103378448
0.6577509047342908 0.7739611420354856
5.422518488769911
-0.3273077610572194 0.46604601534182377
5.625446050547783
0.8110509878019109 0.1752489864884102
4.99490888723645
-0.918714429940936 0.2888924999141277
4.523314415413122
-0.983384928479078 0.25860180251411824
3.496888887605566
---
66000
84
-0.6095655423402372 -0.8776648000301073
4.661344347324024
-0.6918553014673795 -0.9285446446702138
3.109630687370613
0.19199600979552756 -0.18746573514404852
1.4751795893052866
-0.3859176141930835 0.6352982311203557
2.1732271002042705
-0.23287222314534126 -0.10274957337192049
4.275924154589892
0.5367533682356169 -0.7039642065120304
1.646201741224214
-0.4433732106137821 -0.15499044038643964
2.330350695620253
-0.5892009739736702 0.6731280216645495
3.7146931798958223
-0.8326941704911641 -0.5640268439525147
5.59803608160023
0.8087246317967625 -0.718761594876804
4.865022653488866
0.2739806856813662 -0.7370168712394125
6.278869454856505
---
67000
84
0.9681200343200765 0.13436680762493997
2.9878844203788644
-0.6442405569822733 -0.5667733523857948
5.687909033114429
0.09323123485219867 0.8152259204264002
1.1366053497268513
0.07382854527117594 0.2814333872852124
4.017967752743029
-0.5330330621567466 -0.22815087177081445
3.4298078313284783
-0.5539803064831227 -0.22573735303714118
2.2310389371106876
-0.8820819513650874 0.7668007041880859
6.040387363746716
0.27355965612461114 -0.5250714345417472
5.407485157694784
0.9842129004136475 0.3832248474338685
3.817218234543499
-0.5042690225309943 0.08592532369175347
3.3810428793972935
0.6748886052214241 0.4986051911200642
4.099270513724222
---
68000
80
-0.5209706768809723 -0.8695503486625069
3.5612633654587422
0.07828166880058655 -0.11435655547088941
4.537709187484876
0.1488579125339639 -0.11735755181931207
2.398257010869817
-0.6571667751400947 -0.03573755017973871
3.9803487091604604
0.6051016625309429 0.9599772543248601
3.993985294837559
-0.1359997909726154 -0.3064384117942411
2.9620150095239595
-0.3163457624724548 -0.5504772338864007
5.028526440164604
-0.24160041560827683 0.7182698915258954
4.8490087070993555
0.31242236727260847 -0.04287542023839911
1.7488586233932573
0.3868189409830957 0.8766708145241426
0.38081853463581794
0.759426500287048 -0.17115122229123286
1.3332014064808568
---
69000
75
0.46838743226370955 -0.6175301468616784
0.6398074399159708
0.43772060934278906 -0.5775754876963245
1.2864345188974804
-0.485068650882047 0.9651897793471479
3.865305928297235
0.67541635188153 -0.640716345429555
2.2986365956510566
-0.46269033871772924 0.9907196731523746
5.43767135924938
-0.9768384884916841 0.7541465159982867
5.168158750631874
-0.23765147385086643 0.14798110160791197
3.1518839462739843
0.24686821464600106 0.9335588622477443
5.894224494568047
-0.648662161061737 0.8210009514252735
3.238868288701908
-0.4183801601458759 -0.8492720770442679
4.0713750768154995
-0.4976574408245296 -0.6426185562372501
3.221038842653323
---
70000
89
-0.7724924177886586 0.15281342450172813
0.7601884831821175
-0.4101945418809083 -0.07676051773687295
1.7682322450989307
0.7439590020255128 0.7143509973670841
6.230618989069688
0.8417679423579147 0.41520393240051684
1.9391309238036554
-0.8119272764519563 0.3204078655061364
6.150340710574423
-0.8556562175578152 -0.863600112289169
2.476897841482166
0.03683290091783832 0.46408406420668313
1.2526480526251236
-0.5378361609247132 -0.43936836556447656
1.1967872750406716
-0.41393605853558657 0.9381457844857767
0.8146078301049604
0.027786064818184273 0.045926945048674644
1.8832330181279016
-0.5716511684569842 0.18491567404867415
0.7384955484133737
---
71000
88
-0.6760185701796947 -0.26270199683824835
0.15232488724161453
-0.3419674344336725 -0.25750699357843415
2.951469694995412
0.39282226703102685 0.4717629765475579
-1.134060855471254
-0.0844323500316137 0.17946520284293282
3.399425979486935
-0.22433078035049409 -0.2517617152825345
5.154070163857582
-0.3597844992693829 0.9455092777837223
2.525805770608372
-0.28275509442136726 0.7742275707864861
0.7804837754753757
-0.8979313357937277 0.12748293195067295
1.9194206577287591
-0.1415546564484682 -0.590069381572068
3.1042400131856143
0.2612998267128996 -0.5797581617369678
0.5447327533529851
0.05608649623688455 0.02314858053779134
5.141024374229659
---
72000
78
-0.2327055271082779 -0.9270362742810486
5.205771416436743
-0.18409495298770212 0.8268379802792053
5.511739752466383
0.04549471636230816 -0.13991607796330685
3.613710218627239
-0.6173775581765353 0.9059259660867844
5.591996005542902
-0.25165229525378113 -0.31573248898029377
0.3290744252335749
0.11917632541221243 0.5807573958376417
2.473661012718946
-0.7868074454061367 0.5690537180708775
2.6926680334066218
-0.13554681794327988 -0.30799316171513347
2.782132821244363
0.6984170085475903 0.07014989070650492
0.4157995940762751
0.11467647892524062 -0.5050971982051413
1.499835842140394
0.14543636825649162 -0.8094363365872665
0.5540203927492362
---
73000
97
-0.8228311525808591 0.9410587408891554
6.085280277296591
-0.7086337312176795 -0.8972565281806272
5.45767368069642
0.7835274904510411 -0.6399423617938409
0.9917390006173079
-0.13636180140714943 -0.3356832577848951
4.187471499427566
0.045385571155159184 -0.6928690053374077
4.986676828123289
-0.7450660060463352 0.4954124619255561
2.0316295234474655
0.609750602488507 -0.8120783085219456
4.614636530954655
0.3567993503126561 0.7890744857305025
4.161541879059991
-0.7222040497598422 -0.1388551747393676
3.280694481436778
-0.5155207138804615 -0.13373053385005076
0.15880286911071106
0.42408177927544816 -0.6474140872357187
3.4254481542925896
---
74000
87
0.2882774652840141 0.15760475495839799
3.304595617031146
0.3017640973963207 0.3905415879527876
6.2656053446731885
0.3503700779372869 -0.6656590246517385
6.2055909099309625
0.7583681529580931 -0.6211355475101943
5.0737912596792105
0.9301065504119712 0.6157430929508857
0.7443673641049156
0.11306372858717563 -0.704593881372361
3.875728898060431
-0.5707103132289222 0.4420964109949091
4.881717619433004
-0.8555489307878872 0.7133444843683774
0.26892962477223925
-0.5679496603012543 0.334834520659061
4.005612762500472
0.21544631417476617 -0.22947504688996742
3.469459357603104
0.8899456935430058 0.5807981964395724
6.218156659368325
---
75000
84
0.21010312451835444 -0.16014438433705278
5.066043972174165
0.06900060900198297 -0.2067647481635307
4.4144989170643605
0.12740850071104115 0.3908816736324047
1.5432245329845014
0.20366871442417472 0.3556072443049372
2.126773908480211
-0.5913161097800637 0.10645647181971388
4.804467269317306
0.6936454232931254 -0.4529820989101064
1.5730485191400199
0.21084340988024738 0.9620551497169704
4.4910073218937026
-0.09780926860693562 -0.888580374264096
5.940271346894536
-0.12808577174392072 -0.2869085436338538
5.549727518217977
-0.4104379920750325 0.5966491172375444
5.5917929588252955
0.5204479122350396 0.2539082911235493
2.401978032012056
---
76000
87
-0.40660671812242694 -0.6891595858452698
5.970969028816574
-0.7334523740756138 -0.6101121870497614
0.45859876551089584
-0.29692819193387915 -0.7092055217052289
2.0617852928121185
-0.23498152759130517 -0.4088769671141175
1.9782720177504958
0.2766562078928396 -0.4327817020587896
6.1861894925670695
0.6799338515963861 0.3491354720041434
1.2096605091818997
0.6838578229023764 -0.4875657178988575
1.7638876752680508
-0.8304037449729855 0.5433122306610179
5.6016309931753065
-0.19509924460212563 0.10915143631732582
5.268595234976303
0.3413143891015826 -0.06444924379361602
4.116887436201734
-0.902065646322743 -0.42406840011198976
5.580602109751426
---
77000
76
0.21194734157668088 0.9188537419114324
3.360552524294238
0.188126152431128 0.88019005121858
3.0036016008727744
0.537245037771961 -0.22030376738752014
2.2119094900969722
0.36149244550251763 0.05545268086421031
4.4333859886183085
0.5608918725299029 0.45783664186855283
3.9924054823246404
-0.36583515527959626 -0.9390326172065637
6.150672946550868
0.6493564480409164 0.18088439012511606
0.9243304979363209
-0.6084887970423584 -0.8620113930005882
4.780841455783338
-0.44633498483585077 -0.7988705213876885
0.2245437520566389
-0.09055354961887883 0.3927667448391686
4.670675929747122
0.18123024998320542 0.3012348235444491
4.1969429113568575
---
78000
81
-0.24391433349591143 -0.052880327248963195
1.46890448815783
-0.6869374114672335 -0.7993069854147252
5.531478693325535
-0.7482381884520215 0.8070231686794195
5.240762365576642
0.7205601388901695 0.8965333321347373
1.608899323681248
0.25874554925088794 -0.29778047398752766
3.280649423991873
-0.25940895081376164 0.7014908713792171
2.327828114648425
-0.16916479319687802 -0.48405481303995523
6.085365087992195
0.9075332568309699 0.02931675547391503
3.6066398179924817
-0.09094139567699608 -0.7335704126971843
1.758806462013066
-0.14164762413833848 -0.07882948673206541
2.615361231741982
-0.7156640508793334 0.2469490523512241
0.8882844302710167
---
79000
85
0.8930574430817283 -0.1057864295629843
3.0837741491728585
-0.9429509363983971 -0.21065182763416704
2.183992935715854
-0.35351577173072335 -0.1541630390180308
1.956298129899178
0.31857431637757466 -0.052643517318182786
5.995276385400109
-0.9031647662449315 0.023343822343138802
5.232618099620749
-0.3949220179800514 0.6278240705753795
3.944587300579574
0.26451569767418837 -0.5549935271006616
5.8888028938049315
0.22187818188690017 -0.5273550783532548
0.24252498623188323
0.961966480310668 0.34195678156726456
4.261744051709163
-0.461789233674761 -0.535865244418884
1.8485010616493236
0.9845484988372383 0.369560935169672
4.859263147479184
---
80000
91
0.3317333830103416 0.9301330131022293
5.084235514544353
-0.43595619304638333 0.17180987972539005
1.310425657882738
0.010133337379126 -0.008998014084623609
0.9087703885415923
-0.4346003668993835 0.11460490268595538
5.608690285075251
0.9668907080394386 0.5978789737924669
1.8948701709058948
-0.9183302680039838 -0.4223942164124822
5.918924297046308
-0.19672416535004647 0.5803106625569822
4.85649055366401
0.016101283513664726 -0.4054773068331734
5.5088406593183255
0.06376714170896225 -0.9011811216133503
2.3771439586646315
-0.9647915967814128 0.7719885045093763
2.049055829272949
-0.9805070484748373 -0.05172536529923061
5.2894909405236294
---
81000
84
0.2891179394371641 -0.9881792014625757
0.48181980637941385
0.3081263985520043 0.9471604660681693
1.8779276314450293
-0.771570604988844 0.8125412815920077
5.206676163886333
0.9723142878577095 -0.8145388974054335
0.13000455107041908
0.9013046128514036 -0.6136369702900312
5.190345662241273
0.6638790469345676 0.4115795815491844
4.903773822112859
0.20994954791642845 0.41697185771272677
4.8558515368790705
0.590843323436473 0.11289796200057206
4.4563101135551655
0.915800983554152 -0.051426025907389185
6.229267433885813
-0.5901158652334815 0.6983119889245275
3.0429751596117445
0.05694719052844485 0.848674160448617
5.843251721661157
---
82000
74
-0.3884245001477917 -0.013228179372760161
5.493821261659828
-0.7214280650734929 0.11067324987423648
6.180442576231261
0.8901799973804154 -0.521030721206671
5.27666534933892
0.4954279364124947 0.1593701858675603
5.533136083121972
-0.7395396948096588 0.7592956095258511
3.483313444623141
0.776352398448861 -0.07098186609977002
6.21318174042569
0.5169292052293191 -0.4085090587491673
3.4920840688098203
0.5708785164130381 -0.9646357151086753
4.621524811312014
0.92442131007401 0.832192365184093
1.0650864325713023
0.5176675425993701 -0.33284398906718166
0.0369670147678276
-0.6608756529490815 0.41102745722049505
0.6935026056753415
---
83000
80
0.7326087101621165 -0.4460164711324449
0.29527414579344086
0.8669685844415431 -0.9120890895143301
1.5434775436039567
0.4297152783745707 -0.0830329601789275
2.162826313320034
0.18762154336966053 -0.8371500049178582
2.3488118592818266
-0.1811006479802265 -0.7344384366883391
4.1867185363894475
-0.8219523977220276 0.4700830431795403
2.1247069338293687
-0.7743377596972991 -0.40532357374235867
6.237420297517437
0.767756918280037 0.5787227574241085
1.1804974581389622
0.9505661626241202 0.9113671963752596
3.5615337832557046
-0.7701633265352492 0.644625419142579
4.888997066481452
-0.7420825743717121 -0.6996284710566567
4.99181080937299
---
84000
89
0.48537018405924337 -0.3609203316054348
1.1481579957933628
-0.5987183029305221 -0.8336929737825616
3.822273865785781
0.36338897270324666 0.40960088798469296
3.296329463908429
0.7587106185744049 -0.7829686138562214
3.5743764318822366
-0.8760458290129522 -0.7438733286581862
2.37075666418823
0.5500789849714081 -0.38503975859964834
5.1114146941545195
0.2770286327440521 0.350910068074209
0.7020513533392281
-0.26468449471674155 -0.014934052225836915
3.9258570813880436
-0.7765707638432116 -0.7872063522351982
3.3454329953839563
-0.8530525231182708 0.35764448542131727
1.3769332988634435
0.4119019930227749 -0.5156374571860767
1.1516243254349412
---
85000
94
0.7908438651550892 -0.3744027308089687
3.1828589290371814
-0.8854130475325342 -0.6024718105097292
2.794668459841322
0.9608832976815034 -0.89757714197581
0.14390996915551302
0.6180339740300621 0.8090478996060739
1.0693517111991984
-0.1832357705235277 -0.48110479169143056
0.09843601340898722
-0.19776087625632738 -0.007686662382559172
5.7427244559457
-0.5575403078889362 0.9829787010751228
1.4087992764445936
-0.20468113109292094 0.06831955834432388
4.06978717530586
0.7926242411565615 0.049828684460374854
6.151185619676108
-0.2940360540900166 0.42037087199417356
3.2681082716154215
0.4240564568926044 0.7929940175478841
4.09095254561537
---
86000
80
0.8249876890911088 0.7808655354640707
4.102384243617628
0.6956504905740613 0.8554643094188488
6.254117600326307
-0.300503236680151 -0.7874064961918212
0.24347506172048128
-0.11323439235670503 -0.28660093371690953
0.1037819095863517
-0.7660959983692709 -0.4308573333534109
5.879612152456872
-0.03835456921459599 0.0860460382130306
2.099980725201095
0.6734718234615011 0.9540400254918155
4.315794963516064
0.3541935696162477 -0.9602850065919721
3.6158155061313613
0.9907028830755922 0.3425225447453055
3.722834511532247
-0.31359897750416876 0.1809396220685631
1.1254994961429343
-0.4456650585617297 -0.7954737194883378
1.813195731073435
---
87000
91
0.9914648820136219 -0.6746342055877511
6.010637876380232
0.9761948684167119 -0.681729191723167
2.941909809115373
0.8837738088407281 0.019645139986873957
0.2854324276359259
0.8169496130211642 0.5677668844840786
5.968391433000745
-0.9079912185068796 0.539071401784594
2.673058118132306
-0.7358115770525365 -0.18712862709220693
1.5194752305574948
0.4747841172106855 -0.7910739520755943
1.3620539277330703
-0.9178401727381739 -0.1471845291105245
5.975093200989881
-0.5342450555432195 0.29339331810219205
1.9193449753605378
-0.9655985118904103 0.9720221240110571
5.715659620604779
-0.9730755150669492 0.9415644022112195
0.6815580962865706
---
88000
78
-0.547715110999195 -0.8770797558573322
2.8592314198659325
0.08792851712673445 0.9114195158882009
4.506477847780191
0.381246709702897 -0.38169691895837826
5.06507167841449
0.43186453418625487 -0.14381733106594785
2.409212918759599
0.6043602078617792 0.7202326084894106
4.050154162942781
0.627930008753913 0.5248291345879186
3.083920064192175
-0.30730375792173503 0.7116599731276902
2.2046726396191554
0.770481729958743 0.8400619062904272
3.088325640918703
0.17332114381412353 0.7071818493472144
4.872883738488223
0.9021993193419612 -0.22892714058025548
5.782644174437071
-0.908923866540269 -0.8571530526172608
2.8466026235395825
---
89000
93
0.7577829096964317 0.7581046089389496
3.943498567952533
0.7154796432765049 0.6840809031062494
5.786853528958589
0.4931728237149272 -0.7013130268080191
5.185781696364
-0.7713855202030848 0.3300912985351133
1.8687789857722654
-0.6734345106518231 0.2878498138771888
6.022385499173117
-0.4973560253066697 0.8922142871686997
3.7707201273529467
-0.7898613833975369 0.29331321690387097
5.408152103901293
0.3069246233556449 -0.7852690762442196
1.0129822423712298
0.15974637776748382 -0.39473751374838656
4.6077249570174725
0.5399342302760707 0.3892166762977955
5.421011949955729
0.3456069856520367 -0.7054530226667246
5.605050820662904
---
90000
76
0.7489756873410189 -0.47632366208349924
1.8626792669865433
0.8116311473825117 -0.5096753337774982
2.1406059563888737
0.8662143530333323 0.3021576251239126
1.8441501232436943
0.7792308442844492 -0.4711773900674797
6.055915440824431
-0.7111177632714809 -0.346667977109663
6.1335563482018065
0.8057334680535934 -0.9560396195878677
5.5678354151571625
-0.9448631621669259 0.8285094441021499
2.96674545309725
0.6860655963829814 0.6815948847901412
2.0009151688424742
-0.28390119349353315 -0.23750308904910766
4.824741295431024
0.7580801562664001 -0.006866655774450352
2.8340583161868755
0.5366028679810333 0.392356818410564
3.661664037466781
---
91000
84
-0.006064769785210148 -0.06876293786907846
2.490891305176117
-0.0019396730847578772 -0.05554404017650166
2.110512764171104
0.8102782373452209 -0.20734973577759822
2.0152571126453775
0.2571375563126083 -0.3506084497559121
2.2475140875378274
-0.7559934465099689 -0.4688787420422551
1.202570725896063
0.2359290034296894 0.7694693823075537
1.3492467457398503
-0.4030268686640872 -0.7236048530194471
0.8492171333701055
-0.2648463630922173 0.7608918072234153
6.268279373166914
0.5106453986681287 0.6759766095634702
3.0183106741635584
0.5586254094185732 -0.07254499171508241
3.210888856517734
0.8140868710618747 0.5273353061335966
4.775056407676416
---
92000
82
0.8661367579652999 -0.9683147969186388
1.6685551231197653
0.7735544086329981 0.6144900805824174
2.957904894536745
-0.25924138857628737 0.777273660999303
2.5919027467049727
-0.39869837971543476 -0.3817048563134138
5.880883982915428
0.15423343400250367 -0.9404426239396437
3.576066208145919
0.8490129280591613 0.37823668478039635
1.3355224219144395
-0.5815416762816645 0.7860769905785036
1.4172033638196408
0.051852329656556645 -0.5956765663664653
5.9355270729751775
0.8567688762082191 0.7291949709067105
3.9502423190492477
-0.7963538179838973 0.816656286610994
2.8638899030160587
-0.9175067604853288 -0.7753830172730612
0.8432329111971848
---
93000
84
-0.8859761334349453 0.7869533374909935
4.468472314604999
0.8356690963799556 0.9086708173562202
5.567077608318125
-0.39260536992538486 0.5877078320644533
1.8337558267912604
-0.8317128240204664 0.45380907583716656
5.9905867193223905
-0.7373582532789695 0.45648008373764704
3.0454385748624135
0.4010686478586303 0.465320256851377
3.3202881095564205
0.9920876655670401 0.6981953741932763
2.42265107714008
0.12536940246431078 0.344975262797944
0.85422106311963
-0.8804370881296097 -0.7713813205170444
0.11346116436744769
0.3091714423893695 0.9191988702504934
4.1170671788041995
-0.9224553705311431 0.7147093001685012
2.0036023446937756
---
94000
86
0.7002213718684742 0.9485587841166128
5.561685988665428
0.7685417304644558 0.9278649236015112
1.4515976961999195
-0.3374589022637511 -0.3117343505646089
3.570571844109253
0.5745963210808658 -0.2622362184534395
5.247548833746402
0.50595314738071 -0.7698012714433526
1.4444970118205394
-0.6423927835876153 -0.5257389478310612
0.5718609367086431
-0.6495310385656707 -0.15563684252564078
5.836689439292963
0.5158508360936311 0.43604394940670127
5.653456162604875
0.43907075974755455 0.3713936722369682
1.7505943900088372
-0.7414422811397956 0.17307892942380382
5.659400534196958
0.7574932916028535 0.4182135416371957
2.8039557434350124
---
95000
95
-0.8496709826531554 -0.9228915326725032
3.6545938718831708
-0.7828550984755351 -0.911574977099865
0.6626980413155454
-0.017606852796431684 -0.9756414359546322
5.863130709607522
-0.46487816669304677 -0.7261809569414563
5.507421187374863
-0.11481862841035105 -0.30971393562149985
4.261555460356719
-0.4554298461866422 0.5001911143448426
1.5428217340547157
-0.23823808854284237 0.5863255877245732
6.204125713990013
0.7081568698610481 0.7205713496553132
3.3533702950527724
0.9255355556803997 0.22340699119227386
2.2914418433803947
-0.6688728526594692 -0.17120783640025955
0.6145641574734979
-0.7537776660267981 0.7331184420795775
4.80708951996447
---
96000
92
0.3053227585807765 -0.3020782148034893
2.710754404585619
0.5687720786494164 -0.5007671501965644
4.368892036950847
0.833532863057748 -0.27074194704313154
0.8486922916752597
0.7133237072451252 -0.3351569638270911
5.277709019873908
0.8781362799450241 -0.9546551911323397
1.2686887321274316
0.49662951921004994 -0.2932390696783023
2.247914616078945
0.5753407081134178 -0.3097923388299838
4.637514375422078
0.6332293727566025 0.7242253438295342
6.2371780355464645
0.4630386619951629 0.3002032649715461
0.4822265830477894
-0.8897065211000638 0.15017694726199632
5.552816886876265
0.8640497385561515 0.007496778865127153
4.00092809607865
---
97000
86
-0.5720859318855748 -0.4907641792023764
1.3361183373690997
0.8218154130027447 -0.3841236642251384
0.5658093417348828
0.9788859860713803 0.018720026046756114
2.0096778939574094
-0.6345162157661046 0.8730930770988172
0.6971767614331856
0.5423419480209999 -0.7394860080020593
0.8801170432381351
-0.10022542403429335 -0.9803706731821666
5.582345555368315
0.38357267879215295 -0.31678029586110157
3.4754630862369655
-0.01469589863147644 -0.41226216766474405
3.114828338219377
0.22436507822213583 -0.6722118171511978
3.783196007103541
-0.5694863760076606 -0.6665775857210547
1.1360385558624913
-0.8348636431077229 -0.9469125009015419
3.300621064792601
---
98000
74
-0.6439598512674252 0.5663423232175019
2.085679782423317
-0.5777499435029095 0.5443938297361453
2.461353540110899
0.7886258615702458 0.5226665416835511
5.072491992240647
-0.1119025940197543 -0.577601094459557
1.844858523746359
0.8562922192357852 0.7343963569125125
3.3646978765522393
-0.9797969102890787 -0.6678982312537924
2.528276258056029
-0.3226312764244888 0.46620710626979606
1.815111109857515
-0.9129147038371235 -0.044958003014519105
1.9699229053492502
-0.5964411322378185 -0.8641485501195812
4.752534346097218
0.7676028670748788 -0.7841466604460735
0.1404635626448938
-0.8450922492381043 0.5603752374728364
4.534734386532548
---
99000
77
-0.5943552815937914 0.6916062802818731
4.782882076980896
-0.7428881732019736 0.6175584212058143
3.8637509263142062
-0.20318797528519095 0.048609191945751584
4.237535142930083
0.4292193847277693 0.9779613954740528
0.3618150386413328
0.6214790617786417 0.1395708774635373
4.022043162639582
-0.30771243752248756 0.8938146851703325
6.13582410550957
-0.2819863406108163 -0.9674391115031785
3.528555282710487
-0.7666150399610487 -0.191651831633868
1.6660570135399242
0.9771353208940685 0.07057197907772345
2.4203726031753376
-0.8554249235609873 -0.1533052528250993
0.5875095571336173
-0.5761933558545551 -0.2702596485910857
3.979423996408025
---
