200
{'run_name': '2_other_boids', 'nr_observed_agents': 2, 'nr_of_boids': 2, 'predator_present': True, 'grouped_spawn': False, 'predator_halting': False, 'record_keeping': True, 'record_frequency': 1000, 'boid_speed': 0.0333, 'boid_color': (0.8, 0.8, 0.8, 1), 'boid_turning_speed': 1.5707963267948966, 'predator_speed': 0.0333, 'predator_speed_slow': 0.0333, 'predator_speed_fast': 0.0533, 'predator_lunging': False, 'predator_lunge_speed': 0.013, 'predator_lunge_distance': 0.1, 'predator_turning_speed': 0.7853981633974483, 'predator_color': (0.8, 0.2, 0.2, 1), 'predator_confusion': True, 'predator_confusion_distance': 0.4, 'predator_confusion_threshold': 2, 'predator_chase_time': 20, 'predator_halt_time': 0, 'predator_eating_distance': 0.06666, 'height': 800, 'width': 800, 'graphics': True}
tick
boids eaten
predator position
predator rotation
agent positions (and)
agent rotations (interleaved)
----
0
47
0.7807107500257835 -0.9959213130543392
5.1955180204844815
0.8075786579369525 0.98485134651686
5.179019380077997
-0.2591090387473068 0.4946860518390011
-1.7228784288665604
-0.8153060749143918 -0.4045412305975018
-0.8661652005281445
---
1000
52
-0.8959390018153043 0.6718290447185644
1.3831138886409582
-0.9011253929393684 0.6874557429271303
5.63749501818268
0.6114662012078068 -0.10058580090029405
1.1975728776656656
0.04594659520300091 0.9063540328054047
2.4804581234136496
---
2000
50
-0.7067186514768943 -0.4993565381425161
2.386519891500386
-0.7066615653396856 -0.49787932574523264
1.2207748183498746
-0.7050029420353403 -0.37642090851470533
5.980059641436582
0.1707851234306118 -0.33733104328307145
4.951151418568546
---
3000
42
-0.14080086041143053 -0.7201817053582695
3.699231262021529
-0.13135183953464036 -0.7237641507472482
0.9477963936896199
-0.16693555046453057 0.039077442531627066
2.7042372380725084
-0.608307697219787 -0.249315990836633
2.9244177739813404
---
4000
41
-0.21468817545466892 0.8612171404280633
1.8549994152443499
-0.2411686619039509 0.8092409037316136
4.9492637574244025
-0.525158177535418 -0.396716182402453
4.009954080096161
-0.10543710344033966 0.9264444989893473
5.850896542581025
---
5000
43
-0.4872039500990892 0.1598059175505825
1.8295799677795574
-0.488243623499806 0.16140184411615704
5.954783033395298
0.7121380713801253 -0.033804653162711806
2.6985834056636726
-0.9935363901339461 0.7593940081276351
5.499880176354829
---
6000
51
-0.7249634090633552 0.5690642905408987
5.551397887915734
-0.714774228008319 0.5449937604287811
3.027134521631159
0.8902376716149133 0.6656882209476779
2.688274488928986
0.006586451473300833 0.8500680049461921
4.600408839187901
---
7000
47
0.23661101292834724 -0.18534844480240067
2.445946896728627
0.24174174180148425 -0.2008743525571438
0.7026801680255232
-0.9846770181779138 -0.9935978375550937
4.952205971454246
-0.4904624448273231 0.3000119999464374
1.5866596096545107
---
8000
43
0.3963905880209093 -0.5578584656201386
5.5795161585229645
0.3835587692377741 -0.5298718042096208
0.757695811989838
0.08838440219404228 -0.0355186568087634
1.712356161949681
-0.6825206142492127 -0.0690817983617805
5.533470591758108
---
9000
52
0.8947986784686742 -0.5263961237498989
3.8523190062229613
0.8984944632125305 -0.5384123727353346
5.418276762817473
-0.8743940944477042 -0.9431406852550162
3.8683845844232527
-0.17279586185488868 -0.5133508726154415
4.39478431783874
---
10000
43
0.9495223181097242 -0.1274072546847349
2.581724954345018
0.9476732309645775 -0.12191080148630244
2.9753285199552097
0.42711128446917124 0.9109269127547954
0.6546249326898392
0.6747552011186105 -0.39883576321732983
5.347925812909616
---
11000
49
0.44647455005967474 -0.302892774822264
0.35741373453908554
0.46749110398537796 -0.30245521591480995
2.4525175356076314
-0.5678981819056022 -0.5414996410133004
4.331867241142353
-0.922421765782726 0.3383380489372817
4.869079884290471
---
12000
50
0.7708326645868596 -0.018456845621168158
4.697675844092559
0.7935186036881694 -0.04814558053399931
3.143063490545348
0.8553418145090752 0.31109875924899616
2.543510356845557
0.026730489918481263 0.33863306555884515
0.5169046211692159
---
13000
46
0.7625004969026006 0.1503685838180508
5.964658506746872
0.7572837814272366 0.10752786301332926
5.816958297732252
-0.8223051944681156 -0.48055354468411915
2.9972300639067506
-0.14316089172563104 0.11598356332151147
1.8589833788700476
---
14000
48
-0.8721767450282143 -0.0031211320446401167
5.53955037907096
-0.875711896157707 -0.00010036908975967485
2.2348159417461675
0.5174986743930831 0.7991962660800641
3.6256927643746604
0.33667041939000736 -0.5922518858782366
1.1505942761598416
---
15000
51
0.042094089033345904 0.4500519778395836
0.2880094674317366
0.03787849847810942 0.4461397849726266
2.4184278054546002
0.46607908603362935 0.26425906515885006
5.027555419504929
-0.7635469950941234 0.696258228330452
4.444526977302425
---
16000
45
-0.4231151967601882 0.6567655415199453
3.726891800976801
-0.3993879984165787 0.6801868791057541
1.891766473091102
0.10113546255466727 -0.13980689247580483
4.046692840159271
-0.5880583386261462 -0.5908870073479013
2.9681834313738387
---
17000
51
-0.09057331430636081 0.299387588027959
4.18313997552032
-0.08717290901832747 0.2958248324355267
6.002608400732274
0.13432286790474507 0.1769834891637556
2.1904809687149713
0.9622745468891646 -0.9673392315729652
4.823995898750422
---
18000
50
-0.357836990043661 0.41296420812935136
2.9117606762144237
-0.34574585481261233 0.4163422629878864
3.4789434562871318
-0.9614941410702722 -0.5792426230857505
1.6981986674935738
0.21811398880572755 0.24259231385976968
4.214577806064224
---
19000
44
-0.4580666965981022 0.7803101718631883
0.35555494037092267
0.8883045032579324 0.8108331242135408
-1.32751710573847
0.5479085684996431 -0.8656378914497382
2.8171331539448943
-0.43078773003664184 0.2231990635156576
0.5272974766717518
---
20000
49
-0.9950001165858893 -0.2454982426403008
4.851804150261375
-0.9825767397872526 -0.2647485983851849
4.626621678304481
0.988671930704061 -0.04473821206047743
6.031509325016849
-0.6385734947891827 0.7913536149107581
5.060714272848268
---
21000
51
0.9342594566099003 0.7254740071369858
5.687954564364748
0.911755265981433 0.7355992470264973
4.281746920342854
0.7511324070151024 0.29960412509241424
5.255673259759575
0.48740325502136483 0.9002388755487336
2.1154042779354283
---
22000
48
-0.46921979918683415 -0.9853988395449282
5.433227452635472
-0.491274404378746 0.973817190492899
3.1453758434561765
0.5030765602942333 -0.1391313369864601
5.410802520742953
0.7007441834949582 0.2442891489727862
5.869540075123783
---
23000
50
0.9441918937639623 -0.4644247697182744
3.6617642109055226
0.9747724141795805 -0.46617515283876704
2.888512597364831
0.6017742312657806 0.39451057997379907
1.5454644945091456
0.8327163339685605 0.38117973337136707
0.6100901268615049
---
24000
49
-0.26165076659459247 0.7419939641672111
6.279709549589296
-0.24240283060581963 0.7272833833462411
4.169894642740519
0.119246381635459 0.7932759607111357
4.3974608405689715
-0.9822441124962416 0.3239800001442128
4.560688596995001
---
25000
43
0.3055981424515273 -0.5998551537405461
0.9084467475796194
0.31115782046445284 -0.591197756097379
2.053995866407244
-0.6000333162656802 0.8668063593495348
4.453298716276609
0.9113009042015281 -0.6848481393358888
1.2509795937248454
---
26000
48
-0.10528878320745956 0.4960250391682723
1.4034148069740473
-0.09893147776762484 0.49557650162002986
1.7447197135752326
0.9270791659949408 -0.2637424791618428
2.993487839306117
0.10740593992514917 0.35432434650823713
0.3323085852667358
---
27000
53
0.27012901050244054 -0.35519599589447987
0.42409115121475804
0.2818228772632012 -0.36218297991582077
2.9155902532117217
-0.6524059900553849 0.04901821221550786
2.748351040568523
0.07674338446233124 -0.17244308611545733
4.015232588100268
---
28000
52
0.7516142737633583 -0.15931897582627036
3.0086717031962866
0.7665820563110564 -0.1685728852178497
5.199624715172041
-0.814438956812729 -0.8273778384145125
2.774571831992742
-0.4272551229601324 -0.8452634870003028
2.4512607871295122
---
29000
49
-0.22795094465585358 -0.7118424340355669
3.251499441668485
-0.24717545324138726 -0.7368784883374273
6.157597033882833
0.5937380963071126 -0.7990645622331458
5.469244490380228
-0.5022300263339889 0.27606809705652197
1.8990741116656573
---
30000
49
-0.3796688547152048 0.9053034321247162
4.796501092094954
-0.36350081732199274 0.8976265154106545
1.8611577608226684
0.8328213760202072 -0.6292835572858748
3.6491079864257037
-0.8211478923938625 -0.26438714275657266
6.173516811376259
---
31000
49
0.7290989251633524 -0.4694183056120089
5.769762654000223
0.711220261800722 -0.44732028041712535
4.388576808851111
0.6125370360290457 0.6407804712318226
5.651069803767854
-0.8831393163764374 0.5188075183768515
1.7016638102063402
---
32000
51
-0.6633982325990458 -0.613058990813862
6.147680775091213
-0.6666324426110528 -0.6374862525901948
1.3665406669263716
-0.6299729970626039 -0.9822986319743836
4.598036577908226
0.8537508974505579 0.782119533603438
4.471638025076058
---
33000
49
0.944061198937159 0.49922548587875604
3.4781882603665193
0.9531341413448724 0.4889244019918439
2.446044737311202
0.5856289489526489 -0.5060725140490546
3.256423882053771
0.061363064403744234 -0.7030260800373617
6.173175809349634
---
34000
46
0.6845093963710273 0.05181535102340333
0.2785849372738206
0.684730877516032 0.049971687937816166
1.2092152082174517
-0.8519330411212568 -0.11030134649514961
5.242531363172949
-0.4112302930915465 0.00526017000729217
3.1139020926751666
---
35000
47
-0.36305939277391963 -0.7884645014865711
0.8274304715848695
-0.33233532672210897 -0.7937136733708309
1.7306967230401034
-0.0844008990611472 -0.9871385656027909
2.1454668980920015
-0.08599397251767255 -0.8053825312937746
0.8991220175818357
---
36000
54
-0.052317669453668836 0.931552883862301
0.2553941387177723
-0.01579625676477831 0.9253220071211902
3.375902223340926
-0.23799353623999506 -0.5753386372576086
4.104592944712226
-0.3454493215349304 0.21444368371232564
5.169619071536995
---
37000
42
-0.682265490222538 0.3770961539629414
2.2065184371754025
-0.6732039337655313 0.36878149908912794
1.4719327813988636
-0.2509035515330641 -0.7522386783003614
6.121606513807982
-0.894383986031435 -0.5133654382552462
5.245884599909245
---
38000
52
0.7995757118134871 0.19767778318678894
0.7569309914419983
0.791284840832147 0.2253653743961955
0.1636071018305545
-0.8153289590208698 -0.4525469325867355
3.235873164401002
0.1372289901694398 0.0019959074397942755
0.2600333413314564
---
39000
46
0.15840124665916366 -0.38308996929940514
1.1855788385939339
0.159080266279342 -0.36912911103773904
4.278958913803789
0.11918425241265415 0.12425875640502038
5.757081593610922
-0.204207912095353 0.29546570465255045
4.014476857282528
---
40000
48
-0.5382537456448274 0.8200722502724082
1.9973489185482427
-0.5469137694953541 0.8486108275180092
3.8290456803481936
-0.11335021875204851 -0.7360093681315161
3.6145615925927066
0.6647428351106636 -0.26948315889083124
1.0282678443747368
---
41000
45
0.04786374440167382 0.5786982484869045
1.1564093313139163
0.04871618915553445 0.6079636333288155
0.18626050913454684
0.5971228859140836 -0.8955076221157521
0.6928194420465772
0.8826651498297107 0.5715789545523325
3.7104961163046344
---
42000
52
0.18959214520423606 -0.2970438205728278
5.738169776470379
0.19180922509240733 -0.29562094753641477
5.860835713134122
0.4100066442273341 -0.17379705649650143
6.1292276019305945
-0.13727909819473905 -0.975843688548899
1.067708815388153
---
43000
50
0.29425471080739773 -0.16201886848808503
5.462451979768901
0.29165394442573395 -0.152957535051662
5.198745017505516
-0.7533931446325731 0.9980415515767647
5.751353795118272
0.3343202099756401 0.550440488008671
2.3834792316505973
---
44000
46
-0.12505724717214858 -0.04746712544829171
1.894483133744698
-0.1255117289414722 -0.04384598673083233
1.3177353846700344
0.4922167305983308 0.43932097543958093
0.7956365573284545
-0.0033282078499337997 0.8682189747829572
0.8258126948582714
---
45000
49
-0.8877144103681814 0.6299872177799387
3.002913781997914
-0.8879455418610263 0.6382405124390257
4.236695489143944
0.6704419716813514 -0.647662889352607
1.5279157459857249
0.05365158319261107 0.355092313633691
-1.6240122840114082
---
46000
49
-0.19881162481905196 -0.09970023128642351
5.511239467049722
-0.20587854847396314 -0.10469669932383854
1.144961575494298
0.6041663770878054 0.8040430693868587
2.7182611584395975
0.22161695503382706 0.9433564109451041
3.4970415161541357
---
47000
54
-0.8097505296304711 0.21064424751187846
2.44644775713911
-0.8194410253105257 0.19807236088794117
3.420809631361932
-0.3863814842074063 0.698878000888356
6.014899961274224
-0.736576729592963 0.6708303316112529
4.8155382483766696
---
48000
54
0.4040413670035777 0.2736329941136211
4.891567240348614
0.39179367859930936 0.2618977729821042
5.386135523849744
-0.5394093852333878 -0.7802937355985406
6.144240114129629
0.28883054153930116 0.8587454683645164
2.718918300626979
---
49000
50
-0.5217571379522363 -0.15275901603619058
1.9590659841314952
-0.5219381442638702 -0.1536497028330337
1.115137488813617
0.10170358527248394 -0.9656118980507743
4.08817877448502
-0.4821347411433617 -0.8394222819544179
3.410903119968536
---
50000
47
0.4226832496011302 0.32374543207446177
5.557561746477508
0.43302357314810747 0.32353073411446603
3.0927965835585773
-0.026602817110274676 -0.34721653165375804
3.9996115910323917
-0.03976121208627262 -0.4187164386993742
4.527737215519665
---
51000
52
-0.5294034798450463 0.02674905217892988
0.7992836119956297
-0.5477323973834363 0.02061911170994765
1.9784233019722732
0.7044417021758145 -0.5432468640325766
4.49693082887193
-0.5892906233168338 -0.02647794824470936
2.3892803789069696
---
52000
51
-0.7166054647273719 -0.39128220366850075
5.795480889854033
-0.7118972127311549 -0.3937911346113787
0.5700419187258712
0.40637359599632467 0.7186262419793157
0.2673004206797982
-0.11431182150411026 -0.44354413126025716
2.646429604456169
---
53000
44
-0.46659460168932826 0.03642655782789543
0.992463822488753
-0.46438684752738757 0.004086583585033367
6.003793240670325
0.6521781361569559 -0.8719320989910521
1.1158316820714482
0.35816119875738234 0.9502221564297547
5.355103745117509
---
54000
48
-0.8872571414844144 0.2030727592373432
0.5478398006285103
-0.8872524809659081 0.20294766910661144
5.46796451521026
-0.2268900813914709 0.6736623293092481
6.2360993340771955
0.49972744201299424 0.39716322631709233
5.96542213829898
---
55000
53
-0.24324637798535328 -0.33812235882494907
1.402822167442043
-0.21314761165447849 -0.3399858637690498
5.775048165533354
-0.5126683869636157 -0.7463427400829485
0.8412901066245804
0.17639678759428817 -0.8563681672787593
1.7689643634225698
---
56000
51
-0.12095337921859925 -0.40819510153544086
4.958195480934959
-0.12310539351130627 -0.4145109198683992
2.1335025872331057
0.50232582198771 0.17162056837270345
1.111279376496329
0.7527512277858766 0.11932255952584754
0.41666289969792913
---
57000
52
-0.687087654802593 0.7614816522946002
1.5545445041161665
-0.7002836114758151 0.7779108739408243
5.549682129568531
0.8243934295794325 0.9294370288222216
1.584481438936816
-0.41713014177238983 0.706781393831243
3.4578417364480565
---
58000
50
0.6099774784651248 -0.12048905551929813
4.646768675820045
0.607849734883251 -0.11675802964477543
2.0987817867757848
-0.8590983231024232 -0.016785369824540344
4.142403533388139
0.47803681638670725 -0.37045088731755993
4.849957841220013
---
59000
47
-0.7056853314069038 0.6534554684909805
4.685657012883772
-0.7257077757730721 0.6480748013777212
3.0713714819839186
-0.030255077711228904 0.14918676494381425
3.490915879536777
0.3243649876376216 0.883183798458648
6.094162784947317
---
60000
45
-0.9986584843086959 0.46279119368457033
0.5674544267238076
-0.9980100469549795 0.48615699391316425
0.17820619830149553
-0.7424999348720196 0.6760973202753697
6.108543580957369
-0.7898865601000057 -0.5804337357511088
2.9073767231648837
---
61000
47
0.6313475480406525 -0.014757769221533455
4.15135239400518
0.6489225401016077 0.005307978859666752
6.253661350469106
0.24069381607197252 0.39196738094813804
4.2224830239043385
-0.9140585454972839 -0.32350773805477834
2.8075581421534332
---
62000
50
0.054736023737160806 -0.1142892414810827
5.517701881200325
0.08650894458517037 -0.10929204504256103
3.1220167845853943
-0.2696078003548283 -0.4498739460042659
0.40640865585583885
-0.21711266334229867 0.9060635075936826
2.4310161284971272
---
63000
48
0.7153286966748915 0.6152348672490975
0.017998259127962157
0.7168112215453653 0.6115924301458466
0.49968219124904323
-0.8498346356383453 -0.8733838602205845
1.1240041415109134
0.05287929348567706 0.03826410078926795
2.7561450341174956
---
64000
55
0.002426338726991155 0.37554436547057135
2.4335684057537774
0.005624163794507777 0.39898673234427506
0.3900570805492558
-0.22951789317419305 0.6597037099280436
0.7276216414429397
0.13806125317765677 -0.20089982861386493
1.717472178090687
---
65000
50
-0.813857725122081 -0.35492987350487426
1.8362000752913965
-0.8386104906195504 -0.33758921198870184
1.183392137775705
-0.8387935313576849 -0.11715592224792229
5.691714981707733
0.8244160884389947 -0.47361216821030905
4.238877425756106
---
66000
47
0.5768249596644287 0.043646863987630125
2.9313668397542423
0.96984641901279 0.8342732256165072
-2.2041388374693223
0.5710069873019832 -0.05981905773405101
2.35497229755961
0.12397140437997516 -0.8425226215352376
4.5581549251162095
---
67000
47
-0.22284115145496422 0.6150333287796458
2.0027617241990074
-0.20353201278011768 0.6277033061800232
1.1017865665143134
0.2125364800949974 0.9627216107853918
3.030089653482417
0.7410413779707156 0.9618169346775343
1.7701268512466228
---
68000
48
0.7725500854267395 0.32586592677552245
0.009606626911589977
0.7699677016186669 0.3238359950418221
0.1375966540828193
-0.23533482300999065 -0.34581806558400074
5.084293097612556
0.9810393886059005 0.3062525396092372
5.628314418955261
---
69000
50
0.2918789543182212 -0.6637456991927803
5.009446696585829
0.27587830613411424 -0.6741783123218178
2.809440576405943
0.024649864358689128 0.2757128092521776
4.471646624913715
-0.8263348142649263 0.7832893252091819
0.760884990744997
---
70000
53
-0.9653675848978553 0.8930426224810644
6.236246726027974
-0.9491617647093625 0.8768534216832509
0.7035312027909253
-0.17111846202924433 0.31944333591865
6.188944363247468
-0.24156964194226738 -0.14676288670611987
3.476559825341921
---
71000
50
-0.4915241757444671 -0.564796773775911
5.234215023888436
-0.47349402866707274 -0.5614976432307245
5.474468302137707
-0.03516201431712393 -0.5919035168132358
3.231300382524414
-0.27849919597508543 0.540756606789152
2.074620837703929
---
72000
54
0.9279725081950742 -0.6682041314405305
2.8029864194740752
0.9320165990522858 -0.67109274539732
1.2192320191235426
0.455956171324804 0.508820852806602
4.76900525812936
0.770416509053051 0.4076583413276232
4.495733972258463
---
73000
47
-0.7374385546757298 -0.7884933536043964
1.7664357608885048
-0.7454469529136453 -0.7769587622878469
5.16490629632294
0.059423315459061286 -0.45379515871872417
0.4854660399816142
-0.2578162976880304 -0.40497004989009483
5.827540695473413
---
74000
53
-0.9219418729929866 -0.22918121215569487
2.1744708807544235
-0.9218627319147609 -0.2285948372099272
0.015085742099194555
-0.8040163260148951 -0.9061966321376814
0.9096646103861872
-0.6110748696485727 -0.9824546815523552
1.652074043600554
---
75000
46
0.03411040422871717 -0.30283262737092687
0.7320444946978295
0.03414512024138162 -0.30329932308122276
0.931324696369872
-0.2229893535863516 -0.19932795347650853
0.028955652512918206
-0.6313838909369192 -0.8480110459867964
2.479273397633255
---
76000
49
-0.5886566118234042 0.8849141727363004
2.788240602057125
-0.5942833406363774 0.8792231536714322
2.2476976318907855
0.848077473595432 -0.5486680711177163
6.0286220140190805
-0.30354479288669606 -0.14953935965462162
2.075064589947808
---
77000
52
0.9604789649381131 0.69045974979058
5.907366735456991
0.9555036691338215 0.6869041225389478
1.4742799249519303
0.02134980113702457 -0.8412510680076016
5.198859615778023
0.7721923936616509 -0.699248318839296
0.8110581218912145
---
78000
50
-0.6489425880246715 -0.8695072635162985
3.8292253821905895
-0.6355369394349326 -0.8541366388544174
5.497615634316521
0.4053973077438838 0.8339957860431767
4.189578356234813
-0.07649205072627037 -0.8446946185532145
2.8625388741568765
---
79000
51
0.5070516318001062 0.060180790229562
0.4587602916056393
0.5608608769427251 0.04455171440739217
2.7932738588725305
0.4705838562241792 0.13206125205810348
4.526971503454078
0.3418893756316142 0.37250139227970414
4.750955393398939
---
80000
52
-0.6152352029316228 -0.9830077345417155
5.071109164412141
-0.586318715519057 -0.9700579759411365
1.7384808769458635
0.3277831552828525 0.16980680215842148
4.834785835543829
0.7993935118503959 0.6282697557565636
3.807322806670027
---
81000
52
0.6169205104695819 0.7019790526906005
4.228026471758659
0.597605298807295 0.6764948000022556
3.3445604636437025
0.2961224898572313 -0.03308981462294729
2.3000469767794067
0.7089999513889775 -0.9452012567175511
1.4425241318590238
---
82000
49
0.5568582401756821 -0.8275285811982903
4.621385277848866
0.5607911800414 -0.8115547284439801
3.3161703493613413
0.37401341477862515 -0.35618696711943204
3.4653456109549063
-0.19408187899652182 -0.7743792101103179
1.330224075577238
---
83000
46
-0.6941113211514381 -0.581795563819592
3.178273215838726
-0.6952830462862196 -0.5653666083397579
4.863781658051111
0.6414726880095188 0.607272657618266
1.1362807085922313
0.49303424157440473 0.2769665580408698
0.7732788810172417
---
84000
49
0.28995597905443493 0.8231576880403726
3.1105603089638416
0.30539183545457416 0.8377764282862664
0.8702399732268775
0.8232997899189969 0.4758869467922346
4.430755353570408
0.6642341805028681 0.121422313256171
3.2320923092983618
---
85000
51
-0.4075602606547023 0.2285153237991463
3.1345793473315404
-0.3901581408636093 0.2461709985114992
6.16478825616412
-0.5395853611142177 0.057770411682865515
4.67513081174982
-0.25675310580351 0.6450139625982817
1.4252497542708351
---
86000
51
-0.47114545717999984 0.42182451999414977
6.10446492368116
-0.4604803653163655 0.3986250597565525
1.4053880005811408
-0.08177487357758613 -0.14943911718730837
4.493596325090538
-0.24549225405469288 -0.44724591327339724
4.494634012367222
---
87000
50
-0.007281549684595297 -0.4595535487431729
0.5804640286317989
-0.014045073091419818 -0.4366618024856297
1.6419683903498612
0.5837850682197676 0.33256578372218654
0.7918798608211106
-0.31615069804133566 -0.22387236196958457
4.792885534104009
---
88000
53
-0.38777575594491615 -0.8342999048527086
2.144491654086963
-0.3813262127731453 -0.8393788848641882
2.238537963441007
0.18601028169492878 -0.7663656609264303
0.9909635259710736
-0.5033810038738253 0.7994469770566466
1.4184310521070067
---
89000
51
-0.0810785348736798 -0.18990738798212975
3.5893693887036755
-0.10024857065256164 -0.1968192641030481
4.0797271154817105
-0.5668933813599946 0.7376622075588236
3.4919202354134447
-0.24268277895988877 -0.025857433862933443
3.1998426337366324
---
90000
50
0.9683145643870992 -0.7066509306320283
5.961581714084621
0.9664472544726495 -0.6982330658269018
3.7375564251328726
-0.36276135376786667 0.1657821770002173
3.804187433325027
0.11095526268192364 0.3413127921092308
0.43048732808026946
---
91000
50
-0.24546584593418616 0.3655021947073945
4.449111373922997
-0.24757976374283525 0.3761637325452796
3.6623272576012242
0.10620180493031883 -0.934755425163476
3.0083702489604214
0.5272512571226042 0.0904342610374351
0.11843177366405122
---
92000
50
-0.05124091924775179 -0.40333840737056936
5.629314382182066
-0.03808393113558634 -0.42090914634294446
1.8571851461309592
-0.5280038961884436 -0.4900190772924648
2.606874539603867
-0.7524112947096088 -0.6218630487615711
4.298961364825283
---
93000
52
0.4698866898909008 -0.4021095192332413
1.3749236973892989
0.4963355381995536 -0.3730138254194686
3.637193848957187
-0.09397010838480715 0.09341099145382359
3.039319499029686
-0.6694215922666003 -0.07852883391992935
5.631810628173787
---
94000
48
0.9747937670954274 0.621036284022204
5.789503510056027
0.9803590250490687 0.6220542175262056
1.7590081446204398
0.7214644077058023 0.23960023992615895
2.9077127064173522
0.9285561827175581 -0.5112216602124178
1.391202407425606
---
95000
41
0.8633562038153068 -0.31258480878348477
2.6272422772573925
0.8420630894529659 -0.311614801354928
0.08859897814143824
-0.12994794795263923 -0.10099367177690818
4.449926552558331
-0.9089391236436585 -0.9972684376628372
0.20374689281869784
---
96000
49
0.9972337923704638 -0.09405412176540223
1.970774632206659
-0.9876628933406144 -0.10212372593347005
5.907777402097974
0.31136257089267866 0.504225464359926
5.995970763594695
0.45420899398471287 -0.5349734817041321
0.3131341886282293
---
97000
51
0.2297298577264142 -0.10584134106507365
0.9457447881023229
0.22933680513574048 -0.09311722555359837
5.418229290401888
0.9499368579128252 -0.49357282369435324
5.164273057980249
0.7329009942090865 -0.6858654828440638
5.357040422240662
---
98000
44
-0.38487952642593093 -0.6978087319685683
3.9643185634533498
-0.3873931057058652 -0.6984350286569091
1.355978986682258
0.4929302668096357 0.3322587851110675
4.022063387093852
-0.5573610610280693 0.26437874933477623
1.7384982022617574
---
99000
50
0.6545242128838977 0.5613495608042062
2.6962086058031822
0.659131512505197 0.5788118232011388
4.444234510729139
-0.9922383578372354 -0.6466060419350415
2.050460278056596
-0.39915401950608004 0.37698700238000854
5.101177398813723
---
100000
51
0.3212194406622342 -0.5830784782441757
3.770517935292432
0.30446923610807636 -0.5821336250736087
5.187294543354952
-0.5772700522678148 0.4194025177744606
-0.4698375924609213
0.11131662340813828 -0.11371053362411422
2.7381621060045385
---
101000
45
-0.6494788798364987 -0.5939733606219963
2.857527539117526
-0.620134893461161 -0.6037824119144141
3.5198007490402388
0.03385560441121353 0.5017831923921561
4.296081265391792
0.06969384070263698 0.584520538132802
1.3874118486871445
---
102000
51
-0.8115111133344501 -0.9244094503608732
5.883428385815884
-0.8220095326020825 -0.9195144743907765
5.385366482621244
0.5161271264352011 0.7793142524874386
2.422051253233552
0.7744697900782564 -0.47507753006466147
4.233118617966331
---
103000
49
-0.07465269531267531 0.7744857509034393
2.0967964029576427
-0.08198515981692359 0.7840354965336971
4.4451967165681125
0.955558155628586 0.6732045644321113
0.309468626773465
-0.4623208514954094 0.19938164012895157
1.0681487291171692
---
104000
47
0.2063276722319 -0.18302455846016358
4.094062863550688
0.23380373013917644 -0.18799418893264697
5.125056582678248
0.6337055849266707 0.703746005163273
3.2584317617719387
0.9790142347956714 -0.5059844403161748
1.7566885789934972
---
105000
52
-0.11387279702059765 0.8300385668570475
0.5162944082355865
-0.10875052092252233 0.8529729606536337
0.9724704446348262
-0.3323785662062412 -0.6200146810046714
2.0716977966790715
0.6149645919658437 -0.19338453772428926
5.7576143310907
---
106000
48
-0.28680858455679886 -0.9473785480315747
2.057550155862571
-0.2721999956506769 -0.9602098744590369
2.6833002141646185
-0.24933582329009643 0.8829379840188282
1.648394373057065
-0.0776497753318761 0.49549112129487866
3.4642510264514605
---
107000
52
-0.8047648336918802 -0.14524103039735664
5.000181711482183
-0.7831998290899915 -0.1645995421868277
0.08695491593042881
0.6527839850141576 0.6072581071475031
1.0326255682964787
0.2711152908915624 -0.46455679115664034
2.3726845832433483
---
108000
46
-0.47124254359980405 0.8911531074435557
5.667092185287595
-0.4534874348614454 0.9248818438338373
5.341774480031367
-0.3286842906742826 -0.6792166877427974
1.6985440308801962
0.2681937442154368 0.6956937460344849
1.2011057854872842
---
109000
46
-0.5747017409250365 0.13304856289131417
0.7483426155282943
-0.5709983707367275 0.07994589891495187
0.6973855744840041
0.9303412514849837 -0.7990072809347675
1.1025991274471725
-0.8080715908520102 -0.5919394762480572
3.4004340600311416
---
110000
51
0.9265643549028624 -0.735655810820637
3.702690097649904
0.9295225126731167 -0.7341512957499091
0.7824434085613321
-0.17396324263696472 0.5792704084126414
1.6568053078367946
-0.36927071558365104 0.6440773749619797
4.808185926677538
---
111000
49
-0.4588263719817566 0.1242922175408401
0.039689784079074385
-0.45435440394922993 0.11559189619693237
4.851413097225674
0.4902482744168529 -0.3750396231634926
4.1064053340653075
0.05325095427298763 -0.15428141837386855
2.1101620641596215
---
112000
49
0.9616621139557651 0.6803510387309807
0.5192370304770907
0.9515099729484857 0.6761769296146243
2.2980614388532246
0.5242268802037161 -0.8301431790886077
1.5572384271756263
0.9523570872564681 0.9012876500053498
6.258122003394626
---
113000
51
-0.43652402162764486 -0.7522460122402114
1.1140336044087524
-0.45795787618724826 -0.7745054026815492
1.2718093665397232
0.5067825320888131 0.27118472663167525
0.20279180024300647
0.18817988463674612 -0.5879412798686595
5.605642187659054
---
114000
48
0.6769289379098645 -0.3849324917842037
0.08134197435081528
0.6632087766153381 -0.3605345288362594
3.0900224281126194
-0.626433226697467 -0.7245197496332882
1.2898602920223512
-0.24733607821196144 -0.1424749143405971
2.20652757482487
---
115000
50
0.6804689579273034 0.17611373896065843
2.715503479905175
0.6806354334352567 0.1856692722930393
5.64418762671302
-0.8070578408318039 -0.7909529562967823
4.312274347351184
-0.7109820238349198 -0.2818800013006256
2.523146779910258
---
116000
48
0.729942742961559 -0.1586346539540539
6.168249928818374
0.7490987127673545 -0.13874390461252536
0.8145126110220122
-0.6882049525857514 0.024749918791206
4.32096517002477
-0.41339220229716833 0.899583778626581
2.0926010875880428
---
117000
55
-0.11819349332790995 0.4090845782756672
0.306296393964464
-0.11967730981429388 0.4120258723394741
2.0075611630060104
0.3055943026579977 -0.9581672663335399
4.988574002550706
-0.9750693254844173 0.8961829861066598
2.7039678199983603
---
118000
47
0.051871318834177914 -0.30730312338457205
6.177848218718343
0.0474271221607888 -0.31964499531750645
2.8487738380089125
0.23226462179807084 0.06220277818496985
4.7100621305073345
0.39606842773364964 -0.8987223670723132
1.2556364318028281
---
119000
48
-0.7824682816603102 -0.06284434035649111
5.766346614992455
-0.8069196138557271 -0.06412465208220443
3.025418012908551
-0.5730590495649804 0.09044454171242491
0.8742919498288897
0.44557353716804615 -0.351659014021469
5.2017599502638365
---
120000
49
-0.6645227654642352 -0.6161518120366256
2.058032192555353
-0.6673203428865365 -0.5884439905410527
3.890991706355517
0.1611998527407715 -0.39700203866633527
1.2017039182614644
0.16479522410264869 -0.3659811201563359
5.542559062487411
---
121000
46
-0.2133840906322386 -0.1252956250193302
4.636541143807029
-0.21082855457330493 -0.1483433663243291
4.958834323868872
-0.39270559433273466 0.7910244836148868
4.640610562872839
-0.5999734442633269 -0.7105640503558157
4.348751706188067
---
122000
48
0.7362041746723748 0.896210770161983
2.241458801711723
0.7195706521824731 0.8886033425565323
4.058417604666449
0.5853310592647399 -0.7575032984029556
0.5794274564813948
-0.2707211476707288 -0.3506942095761253
2.2014412715430227
---
123000
47
-0.6968205827250994 -0.15865530446386106
1.992455803795508
-0.7074153547402077 -0.16721724422845366
5.0552608687841385
0.7293609275328029 -0.48510911293667747
3.227549491654168
0.8005177670262709 -0.034288262902793215
3.7015741383180867
---
124000
54
0.24120750423759782 0.421523144851283
4.01434294929785
0.19254598625732217 0.4286308361343793
0.4031559163480649
0.15764913377360276 0.5622247062711472
2.546935612893046
-0.27158852145130197 -0.6179573778362157
5.051137551254325
---
125000
46
-0.8119778781022787 0.9809768440245912
5.021914341081181
-0.8378971177554698 0.997281226722381
6.124368325350712
0.2276238889916211 -0.8728818164783625
2.473740221116903
0.5307945779368373 0.9100234636431292
1.4445860356512732
---
126000
51
0.2760699014257303 -0.8109901923616573
0.9673349294905891
0.28431611968562365 -0.8254250103041337
5.729364874029672
-0.999423732467703 0.7622167452316755
2.9077995893089437
0.05873686904286684 -0.11967338072766923
3.522271569471135
---
127000
50
0.39220392389660214 0.7264983134283778
2.7610617877725665
0.390930867619258 0.7128386218427951
0.8369974838173642
0.6792557832917403 -0.24912419074238226
4.45475121763886
-0.083645979602613 0.013125603617244679
4.385447540747745
---
128000
56
-0.8463872771235219 0.8308052204080851
2.1386131499475267
-0.8348676376839411 0.8201947678282931
2.608820766257967
-0.8637702793701426 -0.2809948388025033
0.5545137645967477
0.27376213832821833 -0.03909421536380736
5.453421667607403
---
129000
49
-0.09961544773215027 -0.7136519409200192
3.562188138819868
-0.08623825566232318 -0.6954747731430669
5.644237735019214
0.6272402282252219 0.15722419845328006
3.6892423977222393
0.8778238746908626 0.5006808291110355
1.8913271704882622
---
130000
49
0.04684379032905713 -0.26198634460886705
0.8066335447345823
0.05092980300798345 -0.2560788303114854
3.653011163206526
-0.6890613717031778 -0.8372774366266958
4.069861444604103
-0.4569273274346753 0.38211218925395257
1.677360093302263
---
131000
50
0.8066745000078867 -0.7718576434728824
2.1484618441940952
0.8017619706372834 -0.772294160662477
0.3690262551570562
-0.9019890858543068 0.8909238071202634
3.7540017528929965
0.218076012258784 0.24746822429549759
3.251423258275187
---
132000
49
-0.6545119341069264 0.35434555312426286
0.7052486776087391
-0.6376555628409394 0.36523410205717916
0.7853475179709299
0.6581573588673518 -0.6972338109652044
4.496181130265449
-0.6900193988441482 0.5970803764022727
2.476862029880465
---
133000
50
-0.7578882441918415 -0.12363296668308517
3.633706176208024
-0.7776136385275912 -0.09741769275716931
1.4961687135551847
0.48330567392903284 0.40565212861557126
1.8066588100732766
0.2263068789706027 -0.5870919275993738
1.7715772677602635
---
134000
45
-0.9240653708922311 -0.8685782763638198
1.1558152348689272
-0.924719786819403 -0.8644813063790276
5.172667284825599
-0.31455053137894257 0.38814354502840437
4.07053561287301
-0.8046947986961315 -0.454825949332345
0.5913461435242331
---
135000
54
0.8427611085836181 -0.1782301360287449
1.1914690929582297
0.8751322916245303 -0.16868894318287952
1.5568426923547323
0.5641664307302455 -0.3793521517730667
1.4959057739928943
-0.11111227837769044 -0.6766943855337295
0.5422800905623362
---
136000
48
-0.512560985082555 0.7169925241872604
6.007376757979848
-0.5036116518898298 0.6894094537671751
0.03926476476324137
0.33765129320929327 0.38207415595300315
4.795742673822236
0.5327719036006775 0.15396290518883204
0.5224919813577076
---
137000
47
0.2324534121860375 -0.8698956639488408
5.610640319497119
0.22377902632345298 -0.8633890838132479
3.214829671557043
-0.5906555726515782 -0.6908767058581378
2.1942292615283554
-0.961392931278034 -0.03700665170583184
2.049846406180925
---
138000
50
0.01816877715951406 0.6120430544754863
4.929769935265236
0.007426595223153289 0.6139346856613311
5.153374507889895
-0.8892575402910277 0.3087807559137992
4.206547268859073
0.4245230147315929 0.9147879613448607
5.170521603878878
---
139000
51
-0.33752461824040936 -0.188792339634387
2.749601403176298
-0.3373426237231896 -0.1605228710618536
1.2295725776099546
-0.9077170451757339 -0.6248564984488083
5.927995640808418
0.0753286932902676 0.6902806886449822
5.813746935863408
---
140000
54
-0.931654124821855 0.7727818850708614
1.7297512488945452
-0.9598041797243306 0.7614511307774843
2.3593534317031732
-0.6753405605463627 0.39339977807706333
0.22783776608291006
0.9895002604815398 0.5609910263599602
1.7734621983490166
---
141000
49
0.5430398891247499 0.9203279359132958
0.11319664931635964
0.5397964633355047 0.9431076314000618
3.945001604803637
0.018640381269045277 -0.03087362583784862
1.299227113405891
0.4418323145803946 -0.34151413593804414
-1.3993704739565942
---
142000
49
0.37521793381232615 -0.929049848182518
3.8342481603072174
0.34910009232970596 -0.9289764124348003
2.4802923811392112
0.11173609069058107 0.13796788974216248
4.464032612760835
-0.9512040669760166 0.6633877930217942
3.1759197366725425
---
143000
44
0.2602398458985395 -0.20651726480966703
6.108585795256898
0.2821755359922806 -0.19524379041585416
6.204255174123199
-0.8745827855033196 -0.40886298217724304
4.173247746619639
-0.9020066661383497 0.8514738999740281
6.021127394165848
---
144000
50
0.3089229285179127 -0.31962350575700693
5.973444956892131
0.293190851939106 -0.3264021739881122
6.119104827522438
0.9194445256571112 0.9788076838998379
4.209557554461972
-0.3536219118273484 -0.7556138519835839
4.737800893260353
---
145000
45
0.716884073910745 0.18991608337893995
6.113489782363
0.7185498908724335 0.20429245152555045
5.0251897729028645
-0.15321827033330418 0.8980957579193021
5.916133152314211
0.8577828689500488 0.6698351115175318
4.667530634538566
---
146000
53
-0.7415506564290143 -0.8105967956118685
2.376719553344129
-0.7120113645004935 -0.8195394754703055
0.550681035898636
-0.0062818720667779 -0.23414957613760568
5.967262170754607
-0.6876705841830331 -0.24038024072528474
4.983724580351041
---
147000
49
-0.38380538936724073 -0.44577209805334483
0.2785236560757598
-0.37008131728106813 -0.4411758801475795
4.5837708799850105
0.31011092695586073 -0.9100401837182424
5.804731159061783
-0.1424635474915131 -0.15835724614207808
3.1243835962296833
---
148000
50
0.3230021802375725 0.7117635453046359
1.0362260228757876
0.31816859566641353 0.7230031806377879
2.7769903296376475
-0.3276292338382105 0.23125050340249842
4.732168357054118
0.7186768835470034 0.10145001534812259
3.1587246961524613
---
149000
53
-0.35374828686878795 0.7545390407757042
2.4702685947140193
-0.35618103432617715 0.7583726288076783
4.395871763706104
0.016099144623538647 0.40449061933003166
0.37957489672888034
0.610500895846422 0.3824784595450178
5.786094268789439
---
150000
48
-0.6176629248961982 0.03414061871461162
2.70726427567471
-0.620605121384556 0.045360571913705294
2.2149971129888435
-0.9548025334556669 0.7635954869140963
1.9000677389466505
-0.2566739460040435 -0.9971806489949433
0.6683671566028391
---
151000
51
0.07268372563991721 0.5532128378295414
3.83796776660721
0.028705923578103885 0.5388621489181704
0.10531807833336071
-0.8996965456082652 0.8651086227129617
2.7874111528419574
0.23332648613750442 -0.9620726950763145
2.183738530432514
---
152000
49
0.46830644784190184 0.676779132623281
4.595721285793775
0.46469018579533883 0.6977915432976065
0.5616741712414415
-0.9550212493559899 0.9821766442364671
5.782237064305436
0.8040212029681768 -0.7107412281637735
1.9128115209817675
---
153000
45
0.1725714947829098 -0.6479221187016924
1.3188834711386836
0.1745940541266987 -0.6394030230329636
2.989201849209641
0.6790511190207761 0.732041461741496
5.328564747103542
0.9328766381499631 -0.7036973176182388
1.669773106176606
---
154000
52
0.9953094406793485 0.36924625437619624
0.8544456696374583
-0.9835008586322328 0.3533866164092982
4.285102592799187
-0.9796359026804996 0.537682576743368
2.5144048821858798
0.3780021593206579 0.5426935292096824
1.6707316935973244
---
155000
52
-0.030144380890691286 0.2600530374777758
3.2175549220973823
-0.017065483597496118 0.27164620954221763
3.57401040333135
-0.3551630071514036 0.4667104704286765
4.930077811116137
-0.2007793310396647 0.3081920822728652
6.16489423994122
---
156000
49
-0.41361988518683535 0.18532399257083793
1.7032166234028674
-0.39285969491010425 0.1851559605574401
0.6579013058881698
0.3077464807784857 0.5821001250685122
0.6893748614058897
-0.49142436012246726 0.4274630448316052
2.838790067061968
---
157000
45
-0.907990951492016 0.3716625217416894
3.686824449955098
-0.9024550529744216 0.37777093263243455
1.3349297712325114
0.14958354584868827 -0.4533187924147193
6.180310994165371
-0.39613008179703635 0.6383594901846598
2.545630026201297
---
158000
51
0.7717976812064599 0.5663144654970946
1.6448932914333287
0.7939565676333887 0.5885593203463139
3.5371215469636796
0.5651276266288249 -0.734713509463333
5.614426781900989
-0.053182391341722035 0.6518428807069069
0.18551847955062506
---
159000
53
-0.5385902271765917 0.18640941077872905
5.405580931436793
-0.539688956425735 0.16413826845075064
4.36272039243401
0.13160748303389772 -0.8116390611616584
2.0765539340094357
0.7488996405381447 -0.18012492192839744
5.521102935720376
---
160000
55
-0.4530439368040579 -0.9757731693834752
2.913060407841616
-0.4659120590928927 -0.9647677891763193
4.484978777872826
-0.15407557299453303 -0.5152584052838628
3.128294395335737
-0.20931593158785156 0.033367498954595044
-2.258331616939009
---
161000
52
0.2366153398229991 0.3794605735960916
5.205838590145296
0.24040047989394212 0.3324541482569634
6.017734235644736
-0.3446037465059071 0.11227055396631061
2.0939110051588976
-0.41510449720465226 0.6807107795823407
3.633348536835424
---
162000
44
-0.8332751404671525 -0.7866132682571834
0.6179232867569513
-0.8533382682343464 -0.7738840577406025
2.4517774800786682
0.364955938133925 0.4969300137795144
1.815321504580898
0.30940575715790586 -0.05091329663993566
4.810673974828594
---
163000
51
-0.12180938460930121 -0.6580295112839002
4.404117119232942
-0.11233247714047782 -0.6573858851381578
1.5317115219334596
-0.8511270444698926 0.3402811462627119
2.8050291301688928
0.27380404833129823 -0.14689352941670789
0.6494630876629559
---
164000
50
0.0011873474565042685 0.15867972819522785
4.56086451307506
0.021088747361887587 0.18963203249691676
4.438894663086511
-0.3870711019928108 0.29246419276107033
3.630768233336558
-0.5998431271654391 0.23640853925342742
1.5900039464970268
---
165000
50
0.958064500759737 -0.11666290689856251
0.8909467927694924
0.9340098665687657 -0.12471844316505551
0.9490674560484855
-0.7142107276252738 0.7550205907847566
5.239474374370551
0.926627349884412 -0.3520425809119172
5.045855515910788
---
166000
52
-0.2088534706284806 0.5772976420655268
4.963765775325637
-0.19713818736410033 0.5739074835040403
1.6554241871624162
-0.7097781885818728 -0.22490311889712497
3.457078682207446
-0.9410909294348296 0.41745710375746986
1.7717174074198256
---
167000
52
0.7898293244369304 0.1431799462799626
4.558071011720011
0.8063746915824287 0.11592327963667323
5.9684390188541
-0.635270497059914 -0.4264131014849141
2.120824069270725
-0.8144709515596223 -0.010124383423080568
3.8919122075982937
---
168000
47
-0.61507379260615 -0.9437801073042363
2.2210369745399405
-0.6243625187614121 -0.9397708152982753
0.23538809635502123
0.4046003959222265 -0.33320971591296067
4.156047236887106
-0.3712347877425407 0.195434689245908
3.805445749281513
---
169000
48
-0.6987793176679455 -0.33627925277159076
3.526991979968808
-0.714089514532414 -0.3493921829409442
3.5847901129992747
-0.4583997724377243 0.6469464343408289
4.637327576484255
-0.7113810933235878 -0.6701931192201899
5.9429873117712635
---
170000
48
0.4419569483901947 0.10318301139041727
0.3268045959136408
0.41449528652909906 0.09232183902113784
6.101601817333386
-0.14357156175926808 0.9916203270407643
5.006756081597562
0.5749497306607211 0.04497903968009215
5.710335989464707
---
171000
54
0.3403324892369546 0.8429238424587331
0.8327052173534601
0.34309050738572977 0.8394261507833827
0.20840590067586984
-0.4558590621734639 -0.9304396698700553
1.6914677837537786
0.7135406313790777 0.10678565026982813
0.6581807558148496
---
172000
47
-0.3447607585391681 -0.1417401758221674
3.8621261883553695
-0.3373160304613344 -0.14773979330954104
5.9395863951016725
0.033678433835078396 0.24869834227518633
5.130763166311701
0.29380061680825165 -0.9197761134296917
4.037077110083881
---
173000
50
-0.41281448179168223 -0.30153771214572034
4.4949306675057645
-0.4207321891148774 -0.31286086733202606
5.278348857448329
-0.8940604547093086 -0.22658002160607474
0.41886693081322957
-0.7138379787925516 -0.20583769446371544
3.3734848731779197
---
174000
52
0.010277093283653504 -0.942739597295416
5.3821959401507335
0.01744413778788499 -0.9436364931319958
2.6228825289085087
-0.08058230446207325 -0.5941074084257646
1.6609873589942552
0.7696478033855726 -0.052987077434952054
1.2998946840515089
---
175000
47
0.6811523466063157 -0.5239674763938278
5.80954301392386
0.6915002238563603 -0.5030514743471828
4.104849362570444
0.023650029899160038 0.5867376524736783
2.0868980196537974
0.9149438920328119 -0.5049643835735284
1.0973731064967192
---
176000
52
-0.33446092848040476 -0.39409741393456776
3.3363345976050636
-0.32275707205266047 -0.3945220158432778
0.4847327311334455
-0.31602259513651754 -0.7597815583896501
0.5114723772520673
-0.81026216159545 0.7340095627900679
2.41732108511048
---
177000
48
0.4772498610122638 -0.5210095750580113
5.239062128187297
0.4754326316222497 -0.5136020732486716
0.5541459876281625
-0.45771574927868897 0.2576645263686054
3.6335670831030864
0.20395790082626675 -0.7073596015714547
1.982468773335981
---
178000
49
0.43409576187137555 0.36003082187528457
2.332201284396961
0.4221223177044055 0.37528362214799277
3.800059013914029
0.3886701361531915 -0.07326152962517424
4.389199202936977
-0.15546463226130472 0.37770541360536525
5.913870569441153
---
179000
51
-0.7228988303999888 -0.8033161317281434
5.318965397906121
-0.7045029857775558 -0.8046786724064801
4.866493439735338
0.8284346601436995 0.13448041039737318
3.239648335216933
-0.666300830417169 -0.7680030570569455
2.6773079024800657
---
180000
51
-0.6294146023771722 -0.6425990670012608
5.988360262510819
-0.605000006568399 -0.6419369989617808
1.8971692829325617
-0.6815812126492964 0.7873412527205208
2.864162575660277
0.4525383266899897 0.6705331061645804
4.951506101830054
---
181000
50
0.9430281817840044 -0.19776066805457196
2.1588470972638985
0.9506277910254285 -0.1881569891200734
4.302387055544396
0.16127358378405307 -0.29053065007454504
0.6340804778514686
-0.058044034297623795 -0.43990290302514384
0.3871588245687585
---
182000
47
0.21683147692891247 -0.5345252290074174
3.7946807823899316
0.216875586813213 -0.5317154207400542
2.1977304782692455
0.12933763501903295 -0.5572035707355697
0.17512448472215691
-0.05384756802999771 -0.9602906251945522
2.1856615503116883
---
183000
48
0.7415249492938708 0.5566995309055001
4.913076011515034
0.7247248546633929 0.5331188774066162
2.5873617533740054
0.23641884469060678 0.22654570097683285
0.8478771296346368
-0.45886717930367243 0.8048952022352479
2.0642915622882008
---
184000
51
-0.04895357005115833 0.030032977541314218
0.40714835391479043
-0.09909786544257726 0.009150876614175232
4.3024620204817206
-0.7415539747339988 -0.7525105238271194
2.0752717054348997
0.2102435936640423 0.177097778363395
4.8968166898925185
---
185000
45
-0.6301763468205375 -0.44335960315729117
2.319876139275652
-0.645075486832841 -0.43768668116467785
4.7311168975635365
-0.9932789866417032 -0.21725152422692545
1.6977490788671927
-0.08989621672032526 -0.1960242965589235
-0.48260820432070367
---
186000
48
0.32440793979666077 -0.48595641177278814
3.0601110049398867
0.3340266304565896 -0.4626515128014394
4.3469448304413465
0.04736645421827006 -0.5828871996772151
2.1170991400042496
-0.9608665813727094 -0.5596317237770243
4.668001740854821
---
187000
53
0.022568841768321538 0.4403739324413728
5.0429098171946505
0.03883453287856989 0.42902331887767936
4.392621724096543
0.4388035757398926 -0.15037720648133712
3.7086118153754732
-0.030569997986706995 0.15206410735391346
4.044437619738339
---
188000
53
-0.014344696046449501 0.05203352678985584
4.417257114452374
-0.017955409973624582 0.01959905682474414
3.9583881384218573
0.1346700494380393 0.6361917223562386
0.4731186735298891
0.9413367851102106 -0.21446908173239318
4.237628509747772
---
189000
48
-0.3288205949101127 0.16475635427539898
2.2952511618601528
-0.3093291564259653 0.1685493754011838
4.97192340954867
0.6783924598494528 0.015070069289257013
3.0197355860217323
-0.0544310592131856 0.6453672720277844
0.021473257100751653
---
190000
52
0.22975000613558147 -0.3449515055534195
5.2409232983440885
0.2461891211204562 -0.3656080787394401
4.982170711199179
-0.24464390657436735 -0.11774042739775198
0.7800089505192327
0.3223814997724532 -0.9123378131152547
5.41152185016305
---
191000
52
0.5551608553952274 -0.12950980772447734
4.432315505073263
0.5418898718385122 -0.15827463762796112
5.550280526720331
0.9672807178821063 -0.513702696666813
5.121100913802709
-0.43070559972508043 -0.5666991432685906
3.9336132438869074
---
192000
53
0.0808411506770964 -0.8540732496015079
4.943146335488414
0.06117448342295338 -0.880360907109266
5.406614668815613
-0.39922462530175695 0.6849905696015817
4.625285381246923
0.4154512413437851 0.046304736635422915
4.452422979784827
---
193000
45
0.8707543618223097 -0.055825513754559145
3.5420640568898087
0.8653769402625393 -0.02650410531988604
0.28794641774444685
-0.47944758967686735 -0.5187591892706065
6.2125475177088285
0.2621402254675037 0.9479042210675626
4.592196784012362
---
194000
50
0.3175255545042921 -0.32855567012564674
2.875712673232928
0.3120600468077384 -0.3296886364403584
5.201474066666041
0.3087139232729538 0.20977949875985497
4.419051390068396
-0.6563596527458884 0.9348876662016417
4.976787278434861
---
195000
54
-0.047702286342106576 -0.5670398942044372
4.6159757510820025
-0.03070682601237698 -0.5642587073472284
1.7154735201129583
0.9885315392640319 -0.6424442858764399
2.636151415997529
-0.6320488549148309 0.2535773580114669
2.539984418573903
---
196000
50
0.6563186443740792 -0.8218363210631789
2.363389000641276
0.631037497853703 -0.8393518598835326
0.4748714182369609
0.3309544446730477 0.11881837376178703
3.4409431674502473
0.752428778960948 0.8896110033521065
1.3771493627317444
---
197000
48
-0.04973845496889003 -0.7990222862470397
0.29146888515757824
-0.04371808232738151 -0.7923140587789602
6.027585327488349
0.34654886111937455 -0.9807469994879527
1.568462260687717
-0.5607949216159056 -0.8103587368809558
0.5067809215938102
---
198000
51
0.6771023936846877 -0.4536601967765372
2.6660033320363024
0.6801909286644516 -0.4587628291054061
1.6634614501070368
0.8275066463779946 -0.43226440471619104
2.1408403083366983
0.8949162730333798 0.7134679826776037
2.5217723584504608
---
199000
50
-0.7383698452471943 -0.9435662706779018
3.7627390291278364
-0.7457457767171168 -0.9505883250828161
3.368865751126463
-0.5551981144567827 0.72157318950588
3.0065817155868473
0.2810772564135302 0.2675747160102375
0.0015705504041667595
---
