100
{'run_name': '2D_rec_10_total_boids', 'annealing': True, 'annealing_start': 0.2, 'annealing_end': 0.002, 'nr_observed_agents': 1, 'nr_of_boids': 9, 'predator_present': True, 'grouped_spawn': False, 'predator_halting': False, 'record_keeping': True, 'record_frequency': 1000, 'exp_folder_name': 'big network 5 observed', 'boid_speed': 0.0333, 'boid_color': (0.8, 0.8, 0.8, 1), 'boid_turning_speed': 1.5707963267948966, 'predator_speed': 0.0333, 'predator_speed_slow': 0.0333, 'predator_speed_fast': 0.0533, 'predator_lunging': False, 'predator_lunge_speed': 0.013, 'predator_lunge_distance': 0.1, 'predator_turning_speed': 0.7853981633974483, 'predator_color': (0.8, 0.2, 0.2, 1), 'predator_confusion': True, 'predator_confusion_distance': 0.4, 'predator_confusion_threshold': 2, 'predator_chase_time': 20, 'predator_halt_time': 0, 'predator_eating_distance': 0.06666, 'height': 800, 'width': 800, 'graphics': True}
tick
boids eaten
predator position
predator rotation
agent positions (and)
agent rotations (interleaved)
----
0
77
-0.9182280778681484 0.6508632304988692
6.064081446941293
0.7308054181380021 0.8589034653553683
0.13003083185007558
-0.7060702873663042 -0.7981608172437973
4.3956131575270865
-0.4406008476493905 -0.00638553898908549
4.900436327345615
0.9786784349423476 0.5449094204830257
2.960775778080203
-0.5470289490023434 0.7457863341830736
2.1131356415228293
-0.4720927268312878 -0.791163244063602
2.7560987683099265
0.7984607641196687 0.8422233055644257
6.117108522240285
-0.7415960907978043 -0.9436456347246588
2.324214416687814
-0.378183586846097 -0.13077629601444224
4.965591407219668
0.8188980148669716 0.19583558030684273
4.43492126367293
---
1000
85
0.6087255823396079 -0.38940189470754455
5.964293947296675
0.581663170449978 0.4558168849147892
0.16684583372866513
0.3337914216379499 -0.7302596578035693
5.6436272100290745
0.09863045636597628 0.8837111962453628
0.2935995838162526
-0.15663577136228696 0.3256064379089055
1.7367604558335366
-0.7381326113212718 -0.9867168755020908
6.170077943790453
0.13923859318333442 -0.1648392885728387
1.3413108656701391
0.9856213649740135 0.16010857024185116
6.062388403268131
-0.5275258341172643 0.7817927436619628
4.797799504107677
-0.9337627229339397 -0.37749273867936123
6.049645277984872
0.5421160894038374 -0.950938655557026
0.04028638545439822
---
2000
92
0.11207514265130691 0.6228055673437026
1.7320936654039558
0.08699769565048199 0.5669991678684158
5.9408743521312735
0.4516862366195647 0.44036624329807833
2.1791461201947575
0.26089216019910594 0.496251442586683
5.759446533680018
0.08613231914731179 0.6707446145034509
5.989944328905803
0.16187184528632137 0.48257045882174887
2.7097178979469523
-0.047323506207644805 0.6180404444045234
0.7039898705636176
-0.32764310556803655 -0.6370093599066712
2.0700335609044984
0.784940237167594 0.42742781440754474
0.856180353823345
0.9299875635829811 0.04013765528212275
3.2596204489726377
0.24101371730496446 0.3786175540687911
0.1676522460767691
---
3000
80
-0.7063780161777322 0.5601046942698701
5.264625988491631
0.4019592157041143 0.14881885530787883
2.2779477641149377
-0.7665756920398393 -0.051332438109705975
5.781587572937071
-0.9005836628520448 0.2498551516457072
4.765982226408033
0.7545251236082698 -0.501513695236506
5.153450116328307
-0.507563835336662 0.6366662300390722
1.2560067505860832
-0.6890220006369687 0.008311682577140888
0.6082172065214309
0.5409989409695948 -0.39811382679830787
5.119327037734173
0.4340901333340547 -0.09369459062210186
1.3851813084295337
-0.3069680255904581 -0.6474034129439866
4.180524430508019
0.42844443786265335 0.07903681365922072
1.3432052190310335
---
4000
80
-0.5684434786664567 0.9601029792636665
5.984713800494574
-0.541728523328837 0.9869959848418339
5.798094139068887
0.9408571165667131 0.11065076566218845
1.7655175708728121
-0.31894783102756663 -0.41457807611967334
0.3807928564196601
-0.29725281208061954 0.9576164544292436
4.778132633569925
-0.03481007789837534 -0.20581637169218614
0.4282192758877921
-0.4558065716384396 0.7467553615855695
0.024349867871825026
-0.757311119095205 0.727814135546152
0.8864152403479943
-0.3143265891745902 -0.4931272153510503
5.256795892749723
-0.5083102021979652 -0.6345085527207536
0.46140568625056844
-0.24419455237290688 -0.6458423830279996
5.302974942756061
---
5000
76
-0.6934527855492282 -0.1916443264951908
0.07000178444994824
0.8560138314701273 0.35152790697095565
5.558274009592065
-0.8032808133806605 -0.681852696863873
5.2762599972788475
-0.3803450672195425 -0.5664509548579115
5.129661570887776
0.6434335010509571 0.03766961730807125
5.328897284587329
-0.5707115186767574 0.22965158995835006
4.066670072700413
0.10709832303739326 -0.05496871289400754
1.3988840559403455
0.5168198431593618 0.366571989558574
2.7314592491148133
-0.48549661314456444 -0.7361856941410049
1.2338410207626866
0.0873777551311058 -0.7351096370191099
0.8170333381524868
-0.9809620828959182 -0.9786808886952892
4.372124495358333
---
6000
77
-0.38321009853910415 0.2289645172595203
2.860097032895544
-0.472640237360099 0.24272673837804984
4.414689549660789
0.9621145594891354 0.9454820279941631
3.056547770653564
0.09329339813717648 0.6361011811435293
6.083520099649318
0.9281088681030858 0.32198255630764844
1.4451682073275407
-0.632969513203745 0.8499781743414264
2.756233107540874
0.1962442461842845 -0.551479809656152
0.28669459815826137
0.2457529291141385 -0.8919902623599885
4.814915285349036
-0.7179849021646234 0.691978415488676
2.1129145787082786
-0.8810406361248558 0.7677099336530643
4.833996226196707
0.7874065110318501 -0.2238014512518798
2.773873306030552
---
7000
75
0.5617383189455121 0.48175131191827353
0.8261099950547078
0.5612404148134874 -0.428594130927783
1.2322908790690201
-0.2119289467969059 -0.3738564326471907
5.960227359898644
-0.9018451262110404 -0.9908620162509265
6.024357291791562
-0.5644933088299862 0.6271219677798299
0.04327917130719694
0.031508567426326926 -0.8388984198636831
1.1693125770005626
-0.608509229900806 0.785205037265276
4.435965144974469
-0.042844333777258437 0.2341970924869997
1.026921669803892
0.3172544389825996 0.6641734706245328
5.587788125124872
-0.44527996814930537 -0.20230012155257618
3.5077129354369525
0.3893181790305136 -0.03592051173063633
5.664655205427956
---
8000
87
-0.6952017394272954 0.2329138383923713
4.53198344344797
-0.5918205994892667 -0.9463872739811253
0.15246090414690272
-0.6935062091263815 0.05500648996502409
5.462149772419964
0.36600651171114645 0.47878581988195845
3.6316893556690317
0.01743572910276506 0.6056977634015327
5.894189327212983
-0.24385027525645306 0.6575454135015304
5.988651102777896
0.9613925179174416 -0.5004572073519008
5.867758221990426
0.5851263546699448 0.6944525985671661
1.321805460075483
0.4428659049189834 -0.8460239111890971
1.8001920757679766
-0.5209852045458672 -0.5973549053463146
6.099468299783779
-0.05177816970232938 0.35390901926227375
4.126569667939399
---
9000
84
0.0008063402090962915 0.3888366974003968
3.11491492589759
-0.9947960198911809 -0.40210557679384695
2.63837635703063
0.603435877037893 -0.9536046208972575
2.734754733865194
-0.978750815415883 -0.8395294149326958
5.939613786947343
0.34990498466646636 -0.7247738349594155
6.0652901458618285
0.31666990445441956 -0.5990694837339895
1.2025249281038954
-0.9030623582556072 0.9932550246979164
4.166236103743937
-0.5448375171862221 -0.5156123513955972
5.262949932311506
0.5026960178167066 -0.7346764714963248
2.1704553178433637
0.027668965102008454 0.7953972210894357
5.823151352258058
0.576772871388682 0.471263400032784
4.5614989550661456
---
10000
85
-0.7300285370744155 0.20909356926702827
0.8140365542258802
0.8565503839042924 0.3492631793969652
5.316687377319659
0.8182347348227099 0.8252752306903666
2.1120006552288126
-0.25468446312012955 -0.9155697320716945
5.6218669080046775
-0.9268087101071955 0.6312985506231279
0.5154913973821849
0.9134089182944094 0.33930638118445056
0.34212069665862455
0.28597357477911767 0.802949006545151
4.810688109645774
-0.7959468266790497 -0.35746212433548236
2.446769379109192
0.3916088176104747 0.001020601557080416
2.306085950696062
0.2655635558643077 -0.5394472566876954
0.6214645162950072
0.29101937665782773 0.5850664474598457
0.4231966167400607
---
11000
95
-0.34607847935676633 -0.42874015008062316
3.9479504662918194
0.5036522824114298 -0.5460641396389097
3.1054699068836635
-0.07063961129128582 -0.10806636227000171
0.7390100474724237
-0.3321523624368175 -0.3450072448371973
5.71269265599373
0.9886290576428671 0.48793361288337
1.834242039008883
0.4203392995602983 0.5758598201790192
5.78163945869237
0.5915868321167935 0.06418766817387066
2.8831340314422516
0.17039246116825346 0.24133583138219775
2.517803244836691
0.19942579227841056 -0.5919100765211107
4.888025143700946
-0.004618205643231142 0.22993895620625732
6.159300673679535
-0.8282924497215391 0.5099775570148348
1.2914882780844774
---
12000
84
-0.8541520937302277 0.8187415492297773
0.09926153834110389
-0.5744154710901573 -0.421492737966257
2.8683919177843373
-0.3194930951378543 0.681091674402044
0.12424052440066813
0.8203365380521853 -0.8068753510190515
3.4947323171863465
-0.5518909497971776 -0.8084530109287665
3.8685106635927946
-0.44454527260021903 -0.8943747573756428
3.700630572397941
-0.8719282554001131 0.8350784224661617
2.4230784208002056
-0.8998542546644238 -0.7167773698348205
2.4029384705826047
0.6682166526360267 0.10903620497757524
5.040266457159281
-0.3350820489876666 0.6080217560695621
0.2702434508123721
0.12813346354860614 -0.27879310320335804
2.7108839160919036
---
13000
91
0.012944987244107857 0.5254435072311981
2.718706190571527
-0.0018923222615037302 0.6022333466426366
2.48263542091387
-0.08953886085518366 0.8696342167347123
5.404615399764472
-0.536428449675918 -0.07503500829840318
3.6427378711917644
0.05816430231880428 -0.10509785941422516
0.5916000432674018
-0.1984015375925642 0.014304859866009694
5.648730862634009
-0.13910585578254736 0.2592184967763353
5.476458173072833
-0.07927655739299311 -0.758474094719172
5.703253220067774
-0.15298595273144255 0.14765349190699228
0.7235326489407088
-0.37362057858807185 0.8415654388986182
3.2453314712985826
-0.4635147541775473 -0.46669149060842413
0.009653268936443915
---
14000
102
-0.27235704914451253 0.33767279213548534
3.3622186460325043
-0.7625651028602581 0.25452722258447635
4.842931496757563
0.11323931093622017 0.07187634787162273
3.846017200351178
-0.18422073670220732 0.5130214512122357
2.5086592261745952
-0.8595567604147388 -0.2732359888199268
4.345948236066693
-0.2917427821280248 0.10634301440344407
6.1728663975929265
-0.5695722883024545 0.8543858119089381
1.938372745093326
0.2799306909650564 0.16896429173283273
4.827990862758393
0.5275064077841551 -0.8427990519728298
3.5431183649438065
0.8435487671168744 -0.4151561822104047
1.0397393584981156
0.3556298781743483 -0.6092335891715415
3.963809179135768
---
15000
95
-0.4989023403339522 0.4646528557728902
1.3356719027036752
0.6954859749373951 0.7537725797761843
4.392507596442085
-0.9234058195447705 0.20811549784458955
5.475739695314686
-0.12259953492014097 -0.7019439127718964
3.799099464942847
-0.6116326881548795 0.6049566362195646
3.4571726810911247
-0.32046877800023743 0.5279606898227425
3.0276171601072495
0.3391111949362766 0.4000975069495745
1.8772576022021328
-0.9704999413829599 0.09722306450805368
2.7431659318755894
-0.782578845853701 -0.8458643690504144
4.81731812848916
0.03052707271540897 0.09534288284417113
3.0455846460329363
0.7891049570664098 -0.1826186599165246
1.7687300399617962
---
16000
95
-0.0941111502821628 -0.7273473402696103
0.2789627757459926
-0.5300474947433852 -0.14642837622196767
5.3927833528674
0.26547460424864333 -0.440344371269098
1.9814826337174338
0.4565753571481488 0.01392932525337758
2.581110670147546
-0.9813159383654346 -0.009770940252583241
5.474738563989296
-0.5227518199442679 -0.3102347050887631
5.967537053733453
-0.9881776484752499 -0.7726734427804396
4.245268771369477
0.2313507972744448 -0.6005766686870467
2.829713676904328
0.9787626355326079 -0.9219760847606977
5.775192222792208
0.8182410329108549 0.05391035055987291
3.2665542713030282
0.5726650157442819 -0.4076181691307389
0.04011405641193999
---
17000
86
0.7943533596447864 0.6549985841922337
5.195201927079544
0.9604385651824277 0.9452619326858697
1.2111930479671145
0.5109720751110085 0.4848164802574577
4.607215236416145
-0.9808510698051228 -0.8350074552781369
3.7960574294690055
-0.30888480571574173 -0.26221468020033256
3.073874798354196
0.6706702994770382 0.5076123436852357
1.9820893874321754
-0.6749083920069134 0.47257541797025865
0.005034515631176184
-0.17215279098567535 -0.294276533946525
1.9849257370090614
0.32682396566801164 0.5592337525489426
6.0256285560364615
0.6473052104937526 0.6164151653390372
2.0371730644063284
0.2930097911546402 0.055776496694390734
1.6735876164353236
---
18000
95
-0.7699199199088403 0.23997694416009988
2.880950097333765
-0.4101651686998069 0.5697610010551357
2.450728139216819
0.4003324841047493 -0.2502394944358459
5.958422076049079
0.36253833316832745 0.5130591032592928
3.278069472870528
0.14654384992239589 -0.22709314065883016
0.6622517191825716
-0.24200440796759234 0.641755174361246
2.801222306788758
0.5829907896109023 -0.00030828321401456943
2.1641789118703896
0.7208189380143589 0.8021692978796862
1.5596440736931712
0.8429597802979238 -0.9600962224454778
5.1191083328978975
-0.15298019192225548 0.6631955922352005
0.15786086732725124
-0.829149496963668 0.1507024113364163
2.0055374644991444
---
19000
92
0.8794023260863892 0.7013821539673588
2.2904211730134194
0.7152302506483592 0.6362117358233644
3.8876583465183066
0.13629355333605267 -0.27299873060110275
0.700770405129318
-0.012080367193352301 -0.9382460117396655
6.017278155090588
-0.7189375765426271 -0.5252963418407625
0.4792376173914148
-0.7685234304472591 -0.3787787752032308
1.767632150966266
0.5110426161286962 -0.9083139863754908
3.818634278715023
-0.10644558323888768 0.80203730610005
4.419263815468795
-0.8797483204273837 0.9855291681708533
2.2728729434510315
0.350112018350606 -0.9195400653428928
5.815197807091538
-0.9048517146996153 -0.602049973080593
1.5404484440680157
---
20000
85
0.10892000284033296 -0.8017865753604206
2.8877958615340953
-0.24442181640527863 0.8830581671758885
4.170688843896042
0.8286101595842675 0.3918187058690596
2.0021665250882625
0.8386948222676109 -0.1968727473264342
0.558767218249498
0.29941167434887433 -0.3243825586489918
2.952147254334429
0.514419194448554 0.3106265615261715
2.8472135763119457
0.4015371025209094 -0.9160723717440024
5.043110090362469
0.41384650471259526 0.4268976639311324
5.3956609406206475
0.18572230563189204 -0.8631277572566369
4.27173569402277
-0.48499513938854877 0.3320247182764924
1.1442733622937498
-0.8976048803244504 -0.720024906500324
4.165573912699918
---
21000
91
-0.2691443338269071 0.5765247656620444
3.853051523162277
-0.21038624207105402 -0.8140956745915094
1.3569567388262778
-0.9777281004701653 -0.8390381187044073
3.7452949864370604
-0.28864525430106486 0.12517035276442648
3.3168344641233976
-0.7205200819061164 -0.7265717650081284
4.278100996968501
0.5051964273658605 -0.3020620472235339
3.411139698570571
0.43516894294911024 0.9163550616302906
5.983461371308778
0.5397007363728169 0.532272740018052
5.9403817457260955
0.8517330646530129 -0.5115713079093874
2.684068042091731
0.7969635092662718 -0.6366285004124224
1.1088147404130835
0.5387981075440503 0.5599695145046848
2.337438385852443
---
22000
90
-0.5598815199975892 0.5632921246098042
2.6943462408558143
-0.7265590448922369 0.6397852333301177
6.045029235507677
-0.7120470411207891 0.4819193703106511
4.6206828152845105
-0.42213370045988585 0.6444818482581789
1.0664656493705253
0.19953309216609183 -0.607330759211496
5.767967602694746
-0.44034530619566825 0.007488630353472334
0.9345979671759761
0.6670585138844075 0.3244945048476313
2.791863875610818
-0.41527804921305195 -0.56233632550025
1.3822606290000046
-0.9989778545718491 -0.396940565671987
2.165681232964766
-0.6229577065832949 0.5276373107062351
3.817312040368191
-0.012224018891354781 -0.6338942429543715
0.8637184254712649
---
23000
85
0.610890033999636 0.44528070773103884
3.2013135817631393
-0.6012063574001527 -0.733363349136428
5.8157871854310494
0.3721712045276564 -0.4900438665522165
4.357092223570867
0.4682992150309136 0.2739555379109383
2.6042238775389634
-0.6469980437035171 -0.9341286032845976
4.572220962491688
0.31695837740478683 -0.4673457026837504
4.619212014795503
0.05888512959094142 -0.2732007831537478
3.172990806896488
0.520597606036776 0.5599220361980385
2.560076599244505
0.0025943473470373644 -0.493785169984962
0.6968984149821038
0.5023806421258932 -0.20314799889616414
1.9455673513615697
0.7594493733905721 0.06318635929409876
3.0688517029354463
---
24000
88
0.9325930658599577 0.44824967016818285
3.3719522993604216
0.6014061043034574 0.5370630380285466
5.591437281389215
-0.5178048757064548 0.2507983235979103
2.4635490897883203
0.5756901054172993 0.6901428099102237
5.874669606717269
-0.24164076773449722 0.46449866375615134
5.049306297456207
0.9986985222757029 -0.05551798408618051
1.6024646131221578
0.9273052984175658 0.9720920478754441
2.550456859765582
-0.7293528108520091 0.2692939951991367
2.537742127064263
0.2185152759960296 -0.9555615760285802
4.792195655609307
0.10750914440828109 0.22638035200991752
3.9005328849441137
0.8237192082343668 -0.8913649922821462
3.8219438020466354
---
25000
84
0.7695586487893713 -0.4835081867718323
3.9617632053349205
0.7197762152942734 -0.3733932915340733
5.983943623945973
0.05262919308231083 -0.022465098742641514
4.4502839543485235
0.9693901937305734 -0.9501701437432417
0.7676056768426056
0.3526055968217753 0.7507938941396624
3.370537471551658
-0.23907038092319932 -0.2559639831641237
2.9574112793216916
0.25494353601685904 0.47514851604436603
4.512092295366838
-0.28137937851818406 0.5679842494559424
2.170866869966705
-0.28502957870535073 -0.785481291258851
5.510834247278723
0.025418753149832607 0.08165665509948387
6.166770636736681
0.936191666578641 -0.6209101244828934
2.0346491369044255
---
26000
98
0.37880835575547994 0.8000803929258856
4.383524919200441
-0.07877910186983585 0.8328001095346459
3.9903378974156327
-0.09663684750730057 0.766678205912644
1.563102619505182
0.3353671096539371 -0.6566945629690254
3.9938531883520243
0.6001656345959906 -0.4011417742640506
1.063181972662834
-0.14160376454719975 -0.6165008848403822
1.3040518172598663
0.27262709538157814 0.6030786234731488
2.934809380286147
-0.39955602330653966 -0.4617814003610119
2.248575460597385
0.09135893135113646 -0.09010205285393513
5.78985343564174
-0.24885297863986966 0.09244409229761816
4.815294126492134
-0.5560960231097414 0.9345806005133804
5.174898507222002
---
27000
90
-0.8120207954695493 0.7582286382881547
4.795598115314325
-0.9418729939830002 0.949593024050815
4.988632441383274
-0.33266150105459835 0.09235244487232996
3.4512176214186994
0.8140424166245258 0.755247805468529
2.785647084777196
0.08121072098501723 0.19887568549846996
5.35333206013732
0.38810374916070356 0.9540464990361932
4.057858282219937
0.8892527681101612 0.5315617969875494
1.0944462628795764
-0.5970732839454542 -0.47100796140794937
5.396923917097981
-0.11962348742857573 -0.024706051303617495
3.1457496964195837
-0.5420645491184921 -0.213633981074149
4.272603002925246
0.6357855423240028 0.36365843136802867
3.5795987098787068
---
28000
96
-0.5700633817217275 0.7443861190570602
1.808721022361876
-0.38271259900980487 0.8862484178460458
4.878757214793719
0.9715069939860248 0.9427495040697782
5.593130879295415
0.02768426909828845 -0.028505187626030104
4.783115558031571
-0.4046503645467504 0.8994485901281581
3.712472806271224
0.0597830351796812 0.33302333083300517
5.435185630242293
-0.2522315551940479 -0.7532034674711885
1.8722725549398147
-0.9351571290010893 -0.3294512662538903
1.71652323573596
0.7582910394851721 -0.8703018046622919
0.7740218719091043
0.3007825647130906 -0.9433230640113447
0.9752639724192145
-0.2558246677159821 -0.9017323121859248
4.879518142305023
---
29000
84
0.12814767829970702 -0.2904778868956269
6.179743353487923
-0.0183155703284506 0.11209528016056769
1.141860084263688
0.07544886305775515 0.07698370778104048
3.3443279805404416
0.3724547832718224 -0.05133381668975728
0.6002278685044571
0.695448015997854 0.9793299631781962
5.342835091964492
0.33430316369124224 -0.7581835680884849
0.49594545562001
-0.15476978471209987 0.07649550959782142
1.816118038723526
-0.5499302330659348 0.8289895464943844
0.4961975351339536
0.7758863092995147 -0.20799717867508288
4.569987974760903
0.0649233973424633 -0.9580960047758771
2.978983582134089
0.7823329974535564 0.15144143082675787
4.0107927805127215
---
30000
83
0.4046118604645427 -0.5447834684615779
3.035494444350972
-0.6092073792587254 -0.6762247778662518
3.7311435524359515
0.8147075450494362 -0.46966389160282285
0.7729802605293452
0.1875867626422099 -0.10409006338711374
2.301955864407523
0.8506523976928551 -0.9984567012598147
2.2665311570340956
0.9915509266551032 0.4835315110281663
2.439954207426268
-0.9022007298852857 -0.0239745877172557
5.353894851736099
-0.772457124264584 0.02078341870608898
5.246639559711264
0.03905208129782925 -0.17568563561011374
1.3033178821767928
0.8145639104836394 -0.5862989272976876
2.4162318521653914
0.8648324031025788 -0.02360260496806721
4.14592771421805
---
31000
85
0.21964177170185828 -0.18773317150848753
0.22032144763005324
-0.5746829970514266 0.14651267217555825
4.743002544470525
-0.29463399207206054 0.18879778527161525
4.920592675878675
-0.2449819920767447 0.3368036923333063
3.396776820646375
-0.4956691490606546 -0.14433084475237856
3.608670674001572
0.5392635975835194 0.8406020225065668
3.4640737510746957
-0.33008015706587035 0.6482626873438447
3.648174886022626
-0.48633729779747736 0.7814077849989808
5.37857635462007
0.6977841651321878 -0.3547118957134043
0.36978076590319775
0.4422401130500242 0.3697551589774109
4.356544106443336
0.9628902861876509 -0.5686683274834448
4.46035983262784
---
32000
84
-0.24538065732681713 -0.5558761725048443
3.9919608931993262
0.015168255015389445 -0.6628973551610253
5.0506170765113305
-0.8294194042581523 0.244942136988633
1.4059991532533722
-0.04794820059305123 -0.6751317790593845
5.779785233106379
-0.43147956092269285 -0.32841313771267383
4.95790014141621
-0.7581881272180342 -0.00977599369111326
3.447610178008846
0.8888105854044096 0.8653100406374874
6.247823214520528
-0.8609892179275417 0.38010798128760676
1.4682976425046217
0.26138400132988565 -0.32841585837537274
2.748801663324252
0.03996264827575302 0.02588059477251687
4.970913300163127
-0.8729587562921071 -0.8829580760535514
5.400133444404753
---
33000
86
0.6646921310205973 0.5890147444510758
0.2643431872842939
0.6374326100205971 0.8585119139452251
3.2792735547624696
0.8720889889091755 0.24190673831378884
5.046787815444666
-0.8582152120575895 -0.5612873647803476
4.709872322469352
-0.7776288973135662 0.6356516476196935
2.6154630630039275
-0.286973507326831 0.7770938625499557
5.916197804906464
0.02239087731712401 -0.9131742830880724
0.6077875888622053
-0.6319772277172993 0.5461800904707552
0.5250603286628559
0.8712082961331687 0.10077840956880538
3.9560236658308794
0.7259645168043299 0.9312279787485883
5.312209562777437
0.2335779092083095 -0.23492630675144444
3.614383533897871
---
34000
90
0.4581430074950632 -0.7354177941851494
3.0387515957282285
0.43186328676975416 -0.8253426449531774
5.285993887612421
-0.6745317619586501 0.9852716761376287
0.7795098138905612
0.16948116549978856 0.6667010474296359
1.8555753371103094
-0.3573847097688304 0.1473751485282734
4.7945160806305545
-0.07425478400578242 0.919585359553863
5.591350074732677
-0.41125354785860085 0.4396078941244346
4.823981688927988
0.8025233459583272 -0.537055071403048
1.3128315609474575
0.3039187591522364 -0.09334877402885489
1.9785995142176311
-0.007131368104234315 0.43958727992327107
5.942681193708256
-0.5101148323365677 -0.6298322485341392
4.437353732751026
---
35000
84
0.9445057212386045 -0.9804242791133201
3.49764369068119
0.3276176313208079 -0.7866264786307556
1.940800374830198
0.1633997245750728 -0.9447300081251994
5.667232298674546
-0.8533842619009637 -0.3003696068599284
5.000070732460802
0.7863547312725725 0.5497468710248161
4.507161191522336
-0.15952213736496043 0.16480812450919163
5.1351747568331465
-0.4657475637437198 0.1983705885972491
1.802336306362439
-0.5288075371680327 -0.1094263741733424
5.576160463842866
0.6930634746580603 -0.2913871191009285
3.840167048536528
-0.6153749294887723 -0.08694032216280989
4.3631614619942765
0.6105929205759985 -0.7275307355119092
5.924702937260651
---
36000
77
-0.50477323182841 -0.9504953261008801
4.470691255327055
-0.45394868267777533 -0.8863808084775625
5.143612349869719
0.3553118418426599 0.540386821543577
6.278100265062828
-0.5605884759416876 -0.7952353187697776
5.095823576463495
-0.9419477907936574 0.3163396587848766
5.173023728916791
-0.18093218147842777 -0.8131006595599447
0.5949826619599818
0.13322651738278807 -0.18010522046290328
3.068839612659888
0.06398092049970529 0.9732349593115905
1.692954619899032
0.5500342006929821 -0.9275993234896368
0.01946363631805692
-0.9838051758135431 0.5735579092736312
5.098943155782421
0.8461810349626292 0.3026111856531327
4.616439903458851
---
37000
73
0.6740306340898042 -0.2030250933421827
4.206651827687263
0.3957949587078311 -0.28744303920711156
3.8130539504142416
-0.2784523676829687 0.5226289953332232
3.5305867390789345
0.12816685827670274 -0.4103411567799776
3.2446498875815966
0.9557585569144135 0.6980340363804103
2.93425057678334
0.5186140039888959 -0.7847374356764543
1.0267093855178215
0.6066708377173007 0.5016173291361636
2.444391366567663
-0.36105135950453815 -0.5344095677097793
0.31131348440110995
-0.8991113250010548 0.6053613503944016
5.68298762475768
0.13358400099801926 -0.8339114796320654
0.5045074888917851
0.10799665583488449 0.4086768039552866
1.7719480551572078
---
38000
75
0.8720667968135837 -0.002830283700116735
4.089311902775822
0.9376668364106294 -0.04864291924225824
2.5962801552392634
-0.2479782688529567 -0.9886599354492571
2.045188641744441
-0.28651780051196973 -0.9934745759424621
3.1086906633746905
0.5492976651620259 0.6690187224503651
1.1268577988568707
0.9353881873735581 0.6950008900771265
1.277585201035805
0.899546996372428 -0.26241911819774083
4.33091748018805
0.26946601679353227 -0.4996427066331692
4.451239634973087
-0.8901153131123621 -0.3833343880382967
4.840392142722784
0.22170820982063966 0.33924538868688603
0.5823674870326787
0.3445946186760847 -0.02558874885121598
3.435217362980249
---
39000
80
-0.07758491326568334 0.060371776848094146
4.420175204148306
0.10196112209224742 0.7969307758414651
1.5942905871640285
-0.4158922452517353 -0.040047221260894224
1.6256464029195588
-0.8105415213182472 -0.9579316968697754
6.246974175533196
-0.9466685461184243 0.3423476146275868
3.0360533237947536
-0.20074294813506682 -0.7861473638882253
3.820910236343761
0.04812768436662064 0.6482415115636926
5.682873332089116
-0.6372889590054914 0.24481457201913587
4.31799154316967
-0.8184164984123249 0.5632574543373456
4.888357840947774
0.4245749700615475 -0.06676080456218508
1.6208370674788144
-0.16745650725912753 -0.898132649316183
0.2006449436235922
---
40000
70
-0.44622644750560797 0.3021851651590705
4.3359527286313035
-0.5905258273697924 0.23617480935680762
2.0116825694924527
0.28731145475273023 -0.9340982619581166
0.9459982356245513
-0.9703393468945375 -0.6349455792921898
3.172587740023385
0.5563568249791511 -0.5367573354332671
5.960394550745784
0.9225469237477321 0.5065062438644439
1.4019145380656894
-0.027675696700312866 -0.3150348792898533
3.4939574959768507
0.9421096342522997 0.8995981263748738
0.8122421082643827
0.98398581721837 -0.6774646399161188
0.23236847428743967
0.9252669680599529 0.3985118394896317
1.045049512354269
-0.09024990557685476 0.3096602407629095
3.2015165832607435
---
41000
82
-0.07380852958770719 -0.2296503342434503
4.746904119019893
-0.6563258314637404 -0.2765322161718226
4.172189188602377
0.07809502872245584 -0.25985623704315663
0.18317352335421422
-0.9505097371371358 -0.2324490081604384
4.149984903909194
0.5932915830779418 0.9673975253542272
0.20478975136184374
-0.4579551406534744 -0.7586046309238241
3.497810899002401
-0.7657420036846248 0.6859224309705434
5.974395901485929
0.3949045136170286 -0.3849162356716013
1.7811816367266395
0.5860754131612431 0.11483643007658186
5.790939258662649
0.059198826116621014 -0.5834070565839632
4.286710391148137
0.3090045584416475 -0.9615737779234755
5.109413357964749
---
42000
92
0.30461634557330514 -0.2375322271639017
2.03686620222142
0.29437896352660264 -0.2134114801821928
5.137652421178033
0.7005780875146999 -0.04998343487373638
1.094615856328022
0.42619672368185557 0.7688168219331235
0.6938250087475311
-0.829170346479001 -0.975336389502841
5.990343504573001
-0.056421734933055155 -0.43299203589059193
4.933858580942354
0.9687819513229836 0.19139445867074303
4.242371864343745
-0.9149483804552554 -0.09832165727037911
0.44215332176157407
0.2782826757847671 0.7513189226600002
5.621680091279593
0.03660638123350392 -0.7266593167643366
0.44466682633030885
-0.6744512450457428 -0.3123802846393329
4.165149285299483
---
43000
79
0.5015242396319017 -0.8559600342556368
2.1220242397517235
0.6119648262778831 0.3397501714126887
4.562823604398935
0.17451489431870784 -0.5228220893372796
0.4406483685619147
0.1517118159563481 -0.22721221993955387
1.0229153506878168
0.25960943102464085 0.5914370872855783
4.7923040188167825
0.7500033170715144 -0.29135241055127414
2.6359451971300487
-0.6244945206131449 -0.4891560978910908
0.6993620549208668
-0.017191937050126317 -0.23459846588425548
6.204467950767328
0.8557990299008317 0.9883663080286851
6.160429945343655
-0.12383968132104248 -0.5121791287992474
4.103727661382128
-0.6057386774518785 0.9983491801153916
4.195035827755819
---
44000
82
-0.9186125644805717 -0.5073517402243575
3.502544823421618
-0.9770491849917814 -0.50811743095825
2.9855210710424362
0.29886162181905657 -0.6456639172437845
1.149154250987955
-0.4247038601968901 -0.5650228432106897
2.5199292530884643
0.24796645954997446 -0.3590452215170151
1.5452243870442235
-0.9869519513585865 0.0249711642550914
2.869795591649118
-0.47000735322001186 -0.6380180978491333
2.322387343348977
-0.9426280672537012 -0.6759870093535827
5.122129458517584
0.17734417835631158 -0.2404542379651479
3.61938574928275
0.22269847363828169 -0.23894472504302774
3.831721539569318
-0.0061523192887569245 -0.545297675701957
5.785303376414216
---
45000
72
0.9282449421537007 0.5535190056237108
5.815200085130773
0.9476150205515924 0.637817623840604
1.3674766877418998
-0.011984066180728739 -0.3738563763868638
6.074221363767728
-0.538756829834763 0.5635867320832669
2.5936320944890774
-0.5229189820951123 0.2063251690193744
2.320638660011036
-0.18816736729982506 -0.3636433161580741
4.565789851943779
0.1050395400162498 -0.5590877588079917
4.579995816209418
-0.14142401169306876 0.5513842567235828
-1.5371122653527558
-0.5045134775985595 0.9868184989888829
4.01338628397155
-0.3268068104150767 0.4533295450305699
0.22839261035707725
-0.6386871044009459 -0.051474923736249956
2.5058613865499133
---
46000
79
0.85402904487155 -0.7262386828463298
3.6977697209696996
0.38629377647258234 -0.8477523356341576
4.505929447185645
-0.7280723091035939 -0.7253872322988081
5.209696509183335
0.8678362006678324 0.8726384459840237
4.86454692111038
0.5997354217772052 -0.7894414666607541
5.179218900574521
0.7173563286961271 -0.2496432281430505
1.8284721369720156
-0.6367594130051878 -0.46584204319777256
2.908521830917418
-0.5404780195945407 0.06283849643869598
4.54969741502529
0.5708496784429569 0.4408667350852862
5.387117087526361
0.889241153153359 0.17206250492249334
5.397257283982039
-0.0903231307795075 -0.5163351132327296
4.523662477144024
---
47000
83
-0.20571916730150197 -0.5768130524118904
0.3823182687815318
-0.7890561942674554 -0.9205414685152495
3.084222639925774
0.15917864972714474 0.2303143168292536
1.5310607234005138
-0.7628030643372349 -0.2864224821046396
5.9857513985842
0.779774115740592 0.4919233280910751
5.458687629825898
0.764579800867748 -0.06313851896616032
1.2959643471771587
-0.020079192810103577 0.33680968241043396
1.5770081460786178
-0.06683867879445116 0.3788745862935443
0.29994274247935504
0.09237989837857627 -0.5169580468846631
5.7594590637499445
0.5554888208670719 0.6795707332335954
2.851718649199608
0.7173558084438045 0.19183829670436942
0.6300986740679315
---
48000
73
-0.970253977795893 0.08164037833455018
5.192243830872755
-0.9945030363579184 -0.020397654849697945
4.5647231002769155
-0.803415567405879 -0.5231776537727388
3.0467185516898354
0.9535313945168576 -0.5858477198844547
0.9013370682126451
-0.4386452454451422 0.2735440888419786
1.8007621810539574
0.31186353048902477 -0.7086501282213776
0.5705374924169968
0.1761119057307658 -0.24226421100105827
0.0856203426501434
0.967755692298848 -0.8473930016607619
4.262607796155063
-0.8643057322297014 -0.015738445665750618
6.184549005552656
0.9303541547525843 0.7549934735685787
4.306243999023664
0.1386734628067953 -0.3251444046860773
0.7233190404502547
---
49000
88
0.2463789033321582 0.7225616867181168
0.8550053785813078
0.30151222195047866 0.6906391575727435
4.348758827663855
-0.807520320766663 -0.14564737546165632
3.5440664151759185
0.4705759289622405 0.7559814665490114
1.3089084731932106
-0.6324290022081782 0.49607256988847265
5.426780454082004
-0.1370727434672316 0.906170502766458
5.30293123239239
0.010139172059246054 -0.26843400147637186
5.518486466316266
0.09673164412139576 0.04923907343929282
5.730852939003421
-0.6108314919280876 0.7065520218977092
1.9140920430253159
0.11870497231769783 0.3905772073866691
5.497280894861027
-0.26746293714768804 -0.325148528642106
0.9799850918700432
---
50000
68
-0.5484998994399897 -0.4182598277671113
5.906942887709359
-0.5402558498002169 -0.3996545134181484
4.869297431822712
-0.5127934756619018 0.7310598633342438
0.9718679298280772
0.40920710047526593 -0.996681418721546
0.6383841684798073
0.4293369597839201 0.7470832908088583
3.529875640064806
0.13512864463139762 0.9964980798451946
0.36116425434690047
-0.03309048220361238 0.8565723813433964
4.538251642975975
0.19147726993301342 0.744381559784685
1.0449201125522638
-0.7454111989978203 0.42580666679268
0.2962718599965912
-0.5029455256010679 -0.03748471699220652
5.166730428793579
0.1467839046525164 -0.9408008221910089
3.1190581847615544
---
51000
92
0.237893057147219 0.03823197139260634
2.6097597217707604
0.3255199285897995 0.030601779453640697
2.365823525740905
0.4156246832253504 -0.08518763734500803
1.865841537539759
-0.05269844459964343 -0.5567546175665866
2.875818022818624
0.6305456626050088 0.6312853861505897
1.375885536048954
0.9692595787645433 0.013802301052163036
2.8309678228243422
0.010303120515718616 0.5201089137628818
2.079442752455212
0.40754116716889366 0.6608009672655373
4.601660790732443
-0.050361614077503454 -0.7978767028353224
4.813723606436653
0.10343743337116938 0.3726802182119823
3.55307467709042
-0.17552060347368104 0.12109857730042688
1.3976924810218438
---
52000
91
0.4590704711699259 0.06483445413770675
4.533068411511393
-0.2512894016993895 0.029116843522260162
5.021270869011345
0.5262337469388646 -0.023783924071150507
2.7443638103056722
0.5357046219877664 -0.060307689464761255
4.7051476276135835
-0.8468208359246001 0.11222168950427869
5.6623632505963695
0.4438716726737128 -0.10816550086568744
3.9986176000792515
-0.7918159449465135 0.9103891877319131
6.02262642898155
-0.7993859297516158 0.45773516804657716
1.2715626732825327
0.6732725540443848 0.279382740191467
2.8395978052825233
0.45450926090020766 -0.2929533174135258
2.6911272573252907
-0.8538039043878966 0.1332492954919178
0.030154693382023368
---
53000
83
-0.21415325465353702 0.38432216458690127
2.439173891378717
-0.2822158284628319 0.4127852282779931
2.8304319018012256
0.6191047409015508 -0.003491062190235445
5.385520259736662
-0.07963742343006196 0.3400349553316185
5.4627269165026435
0.6852208823488688 0.18566605983905815
4.706111733610662
0.5482634561262311 -0.2704408088835917
3.323922005041614
-0.10788617232440731 -0.05381902625747343
4.7080224877775585
-0.7886978399187365 -0.6476879967234237
5.553069375992091
-0.6824590145099098 0.2753900408526168
5.17709977489147
-0.27957495384473363 -0.31857449956930173
0.19817114834818472
-0.8207464143783054 -0.375060519730059
2.423072291198774
---
54000
77
-0.4805806383168674 0.7911487400965967
0.9504032398924801
0.8953542611223144 -0.9410575038794977
2.2961702748944957
0.8155525891234755 0.7916643124019139
6.181490105001596
0.5325436669755348 -0.7470386678720022
0.47273330266961455
-0.12520825711920494 0.9045662430921176
0.6876676737687264
0.6965962178043186 -0.550275850467403
1.280451078788694
-0.17939886344634595 0.1678725286276987
5.36548256143036
-0.974304690929886 -0.3304620118987779
2.2947333999251676
-0.5620407273590192 -0.17609481111495645
6.242835408871232
0.9464299638400152 0.6269770505568159
4.333194384166993
-0.9720997268751228 -0.3383259257015025
1.5292963188335866
---
55000
81
0.6355733139318673 -0.539955205166669
5.7753797578810975
0.43946245718154453 -0.6876187170465352
5.164800756869548
-0.7865318077469439 -0.18946803904469503
4.22165835850093
0.9689225498606078 0.08378893103382166
4.422678465619928
-0.862593516573522 0.7835884011445492
4.896366647499016
0.25938910033242846 0.6290868943291574
5.234820623352059
0.9317643684386185 0.011879719974028594
1.4044142230264445
0.77959953168429 -0.07744799323108963
2.1592505230973122
-0.7624087665285243 0.46890460325898786
0.17574418864780395
-0.7804000066706811 -0.7475096452650921
2.881065674238526
0.5712921517672035 0.9578324557512823
3.458968593453619
---
56000
77
-0.7271382637346994 -0.5761579754938171
1.463225369768025
-0.6420975821284541 -0.3514280582727225
1.9368209721313068
-0.6485416996037738 -0.40844244293274257
4.692392526793296
-0.9247343736096962 -0.6509820354756776
0.9926297187592472
0.036677086774823654 -0.18280938024288493
1.759655559138762
-0.6445547133659968 0.033172397724923405
2.1576812228973954
-0.5565729288946857 0.3053398476375747
1.7765848858211868
-0.7301446810094014 0.6181391529853529
2.770070540551774
0.2552689827993183 0.23266206099008482
3.2950465554312873
-0.8653542612581072 0.6705377552272991
2.7338492617407297
0.9892554531328877 -0.025474983071400156
3.2119802334703325
---
57000
84
-0.6024240508546085 -0.07255001928429335
5.920340259820372
0.294007514685732 -0.32327181585367415
-1.4364439879521584
-0.37239181071420246 -0.4345160841408149
0.17391315139564956
0.9197528156860832 0.8823490150680967
4.4086421784445555
-0.16666349072649073 0.17174474692190966
5.887998710783772
-0.47563196133982416 0.41547987205511533
6.246318177871552
-0.9582486635967843 0.6822353119339539
4.492184934787696
-0.09093469784217 -0.18210274740587096
5.263389389424505
-0.7458398076346435 0.4910875221140856
0.8593749540860962
0.8670516913364954 0.5626425875713348
0.8728770263614631
-0.5820138167399638 -0.566574212783425
0.5047244362761942
---
58000
92
-0.4312950564050296 0.4836637432760462
6.168047719181824
-0.6993552530707668 0.6316514485619033
4.506668834354702
0.4666705590776151 0.07515166329882686
6.118441160571538
0.7235229182663527 0.1512598986376682
3.5187390611167135
-0.8581209894036719 -0.03794037287891135
1.710109954966117
0.9000008311966017 -0.08089864616781617
5.112416086085626
0.146775517486451 -0.34922471399654237
0.3656332373893383
-0.5089006309356771 0.7464439719952107
0.6865404921539122
0.5064972526253997 0.6227891153757156
3.8117901694209912
-0.8825533059670772 -0.2819666146516172
1.5786189559159345
0.8191580971290987 -0.792359657784356
5.4221424746816655
---
59000
91
0.23833004142778877 -0.46822148595731494
3.7228253257695076
-0.3189741862758635 0.4833872915879301
1.5331728992857316
-0.8199788024979747 -0.7521032495651615
3.1842618283067923
-0.4203795507774443 -0.2726655159294279
1.6681011550946634
-0.046641333965665194 0.5310112867994355
5.597925378684246
-0.9759659035247601 -0.6310067541588091
2.8238153455578674
-0.9096573431951143 0.3343977532651625
1.5556713491385477
-0.7659215284622009 0.7069002486369097
4.7937921048262675
0.4331116000517994 -0.28996656233311435
2.3146165487949704
-0.37649466179772373 0.05613568587553726
3.6123655490894837
-0.3619676423658062 0.685270391050036
0.601466727117824
---
60000
78
-0.5954607284313299 0.9113965458491994
5.734979101434103
0.9055206019878146 0.3850518895299832
3.5609292347890653
-0.0662104984455888 0.9156472626656323
0.9693940151082714
0.5437710824295092 0.050603342777708955
4.434133039358506
0.3362998787829544 0.7336841038101884
2.809039401722676
-0.3346386945102532 0.38339672005331915
1.689323768334745
0.2027976103550846 0.183172402488317
4.709164637311369
0.1377143612253152 -0.8326369960200792
4.646348248317959
-0.6165646590181301 0.9886693454758337
5.557293259829475
0.4885914717667866 0.5638569001592274
4.309329723518946
0.006524060970784886 -0.6904067872436208
4.936874665172137
---
61000
80
0.7457285558244658 0.9553375167220073
4.153947147253915
-0.0606059311446242 0.8613434072426887
1.3849103955920397
-0.7095923389088786 -0.7649227706471496
5.99331167186163
0.8244904327436493 0.1737564732287744
5.849008852522643
0.44431504615256057 0.018931628809162142
3.3944675254282135
0.6050106480943075 0.4326756185886186
3.1940363607510314
0.4331969924128926 0.6727121782120196
0.38098320460447077
0.40965616465640775 0.7095830184431471
4.155279727979334
0.43361532923938056 0.8238512627236786
4.972425146803411
0.34542929875382333 0.5081251545600742
0.3997048504676579
0.35080948757239455 -0.46505585664637156
5.638102774490842
---
62000
90
-0.30789781836401126 -0.5482304301444573
5.16075859559933
-0.17695300651119944 -0.5768090340381601
0.5731577167169863
-0.6343118080733048 -0.6380633940654654
0.17370687552265274
-0.8017871855242952 -0.4565981255588985
1.5220319959833706
-0.3503913279827221 -0.9906439903077393
0.6034123824748094
-0.5258976430271033 0.1450641917493569
0.7172484154518575
0.600323676665258 0.18835527058992915
1.1791379377193438
0.7190400241843462 -0.018309959467842196
5.780003725479019
-0.11295429969000478 0.8158796704615815
1.8153446834631213
0.4683209881128006 0.9948848083866122
1.1804502394023064
-0.22929228351269898 0.9648932440243685
2.6194086224326156
---
63000
88
0.9193921386486301 -0.37786990605913173
4.369130591913808
0.8900480092281571 -0.5515786297840976
0.7032232360846002
0.3648271161753132 -0.6180284497748106
2.640890293861574
-0.27457114542282135 -0.428981863857464
2.833732576032796
0.26720551424597005 -0.28227429035965956
0.04583806249277966
-0.09916977836220195 -0.13517634906986142
2.6304852609309535
0.1838837401894115 0.941882277438236
2.831609287253814
-0.7742225823314014 -0.2836417877308606
0.9525797594737853
0.5177898371426556 0.8106305652843757
1.2490122363779177
0.4185403379058905 -0.5690514519843547
5.124035678099699
-0.568683982503438 0.980481004146866
2.5574299229577084
---
64000
79
-0.4713377710350877 0.24166894724522017
6.259819988692431
0.03891699775610541 0.04219525147638106
0.6699313055428293
-0.5075940719909083 0.41767592474956183
3.7708225201349768
0.13135003232818934 0.6245421607432249
1.4408281582643685
-0.611397811213878 -0.5766379064701381
3.549142764947037
0.8059086016258854 0.3902370429589268
3.290001676078429
0.6606293232433593 0.17747551763784858
5.45117204521602
-0.22982721187149288 0.7221406221506375
3.7543827627549344
0.8796829221198306 -0.14061763464751723
5.2769527472640325
0.8770191704774749 -0.5267351816614514
4.964405512186799
-0.6311368851195623 -0.7638127718475735
3.5893583883906004
---
65000
72
-0.4220493214294532 0.6557928564521114
3.691865271906673
0.2632914578257455 0.9736939408668313
0.6531541306705915
-0.027702400599014746 -0.507369277788832
3.7569495548226115
-0.09488587982448027 0.5220744011879248
3.3717437204076504
0.232636637570384 -0.7525081977899801
1.3872893053631516
-0.22717362725874587 0.7380822264165319
0.3551842545718271
-0.7156696512984841 0.18025075791428735
4.786649188560215
-0.690822625698823 -0.5103543048426331
0.7266401988242512
-0.48002787344127507 0.7510011667012277
0.3402839500078221
0.23897187592245883 0.4906050286768493
2.8072988904210394
0.9347607040890514 0.9977880499363639
1.229737167677536
---
66000
83
0.08322158736567678 0.36227579156654693
6.132959480441639
-0.19934213388952254 -0.7603376696176798
5.617014885650814
0.482015826005271 0.34637256820096063
2.682379359614644
-0.4051197203547111 -0.4863802308000207
2.1614622323193613
-0.052070249768633364 -0.9856289852249112
1.98143695682697
-0.5067094039980821 0.3622415050233335
1.5107299733563586
0.8274937189866928 0.6466275110392992
1.0729981540983298
-0.32175626468247354 -0.3356228487140278
1.5234103284892804
-0.8719767345957993 -0.30631317528819646
6.183571556724053
0.03162154540232806 -0.285399409670894
4.64353032756813
0.20559038407580493 0.7642706540636506
0.8459866475317304
---
67000
86
-0.798724326193979 -0.6440755412833783
0.6545250542460931
0.061061225841710254 -0.22948116159852186
5.1589560541957
0.021207430801272308 -0.48280497955586243
0.09036444344378491
0.600729006272859 0.7809115048737132
4.4069143865718114
0.013178714498751633 -0.029999310923372796
4.284577064045174
0.39594846630720504 -0.5916505323098759
3.085727992277751
0.7050016753070731 -0.20640191873443378
2.9112116093672897
0.8532593328362942 0.292930628600535
4.275327967184497
-0.7097973344835454 -0.9579270144401385
2.18477234743835
-0.5194912640686699 0.5519919797132158
2.3447236419519006
-0.11951995662998127 -0.020785278826967325
5.232226652534776
---
68000
79
0.292858974273879 -0.6118281311723825
5.531984608239623
0.3306458676508276 -0.6919656815626956
5.015418050763081
0.7093394226557298 -0.37933466821737916
4.577334024405541
-0.6157917630483941 0.911107290870818
4.967029437299549
0.8671493125608026 0.58467599420433
4.530601142977863
0.5414915791712571 0.7053770624558248
3.4106980077922495
-0.2358723044760076 0.4958864829553225
4.831053454135883
-0.22439229679239023 0.02246297599257744
0.7128954090849104
-0.8692682121841668 0.32051064086980807
2.9438121664505026
-0.03299949321412986 0.5420285755889914
5.68303729055088
0.9223342724414911 0.09372789921918448
0.2568352372450575
---
69000
70
-0.9148525372420562 -0.25389038692116134
5.9822930436199115
-0.7866747660513015 0.9861150018110302
1.6965356855795104
0.923100851952896 -0.42171567999353693
4.550190411469631
0.5674746260257367 0.774951330605057
2.228960321500117
-0.5765107128316831 0.1355168519266809
0.4556432738967251
0.7015487935740801 -0.9834632493843095
0.40264703536561
-0.950617057881902 0.3178373370991905
1.6203489237215267
0.6771866181183457 0.8804451304170902
2.1225884192346696
0.5864333227979152 0.5208730781747998
3.6167303304134713
0.586619934140791 0.4614052155665986
4.901670516395027
0.8321766402866394 -0.1705295509714577
5.875534190506665
---
70000
83
-0.15658783077678332 0.4601474619797933
2.7452573508265377
-0.40834857900150734 0.5493013287745178
5.999355673359338
0.6022183594040614 0.6540081902843644
2.6641048582396216
-0.9276773239178594 0.11867095534602365
1.00362401717131
-0.6130453216929647 -0.9664008662011838
5.868079546084208
0.18870319319994866 0.6393678398753807
2.1928175683662587
-0.4191192657496374 0.7891808707670099
0.7195315860650586
0.02148005604565259 -0.8976892577811666
5.685769760082147
-0.9806088564067065 -0.7805482807588515
3.6398609499004317
-0.9936472472858118 -0.3406678603027947
2.6264364470455623
0.7048423307548273 0.4843192051980961
1.4762737481641128
---
71000
83
0.42614780313849765 -0.42920771082598735
3.661236928215186
0.13851600941978956 -0.20755431173482042
5.517388321534894
0.2353971822352475 -0.9189154179042162
6.2101733743102425
0.9471466559655013 0.5399105901238036
5.416970710192396
0.38606526027897037 -0.40996037417935854
5.016151169579007
0.5917614470085423 0.4446769576183514
0.13982417568776206
-0.9803282082614284 0.8391475944205204
0.14144534970378952
0.7552772351808158 -0.3577652973021714
-0.7755712761873824
0.03009583091336168 0.2914208398796419
4.379575135607285
-0.9960507435749648 -0.682025992197557
1.144941203295037
-0.04550117024316821 -0.45035766720523895
3.513939828480539
---
72000
72
0.47835113545893904 0.12082518929710365
4.0702395927220465
0.44674627982577053 0.017963646885371644
4.33509007998356
0.931701197620429 -0.9057529559192751
2.5998498913046797
-0.14697092303918913 0.3975024963062916
2.9115039138699457
-0.6390871593179641 0.2951810619887689
3.5754853121640613
-0.034661355977886055 -0.7243847370745763
0.7117259966334446
0.5761273873709785 -0.865376555119552
2.7648561628499806
0.9850754817913258 -0.20627443342815474
0.062067298509408175
-0.3488229441937584 0.938384059129893
0.8907321675529944
-0.23982007946808886 -0.6993095189179639
3.704594476162425
0.6057033469721362 -0.7718737930505709
5.296195478003651
---
73000
85
0.3816348248450334 0.9513842525401479
4.829091032724372
-0.08168652824995454 -0.15200121036365044
2.001401209219509
-0.059862903503242276 0.9647221341063963
2.822463882368911
0.5746876203963713 0.5346698837050117
5.219746011353466
0.2989254061697203 0.9328245165672501
5.647722400540963
0.06901262863289345 0.19634437116817197
0.9725486629992464
-0.24490016302406778 -0.22319580618989182
2.6636127302375616
-0.6412485961466279 0.9129134535836533
2.968637868040716
0.6550911748753256 -0.5802125099273383
4.209664169720879
0.3322200336552902 0.8025222496894274
4.340927768619227
0.3084223133860239 -0.14604696411449167
5.389348144711101
---
74000
80
0.10856945432946906 0.9720733234514756
2.582024294112756
0.0399850675415755 0.9039546520795011
2.58844400362541
-0.5587932546123294 -0.36226706757857924
5.804647608171987
-0.45625972418920974 0.23537693851789476
1.0204000862272142
-0.582854062781113 -0.33458573515376977
3.1517926519780373
-0.12386049926332526 0.878586734916875
0.22048261678322678
0.710573008687345 -0.2422614545094864
3.4193748744154755
-0.04038558595309887 0.23266715766808826
1.4710117870577246
0.36890907620110885 -0.14858804397143505
5.7652007147512485
-0.12300788760382007 0.5797718077233317
5.445322112216745
-0.03295443422779897 -0.412910981508782
3.35606881580268
---
75000
79
0.6079303415840888 -0.22945066577647633
2.518706196857126
0.3875309527219625 0.061138754897787535
4.775243992253386
-0.03387043515181806 -0.27670807453135565
0.8462020869890248
0.27828289299518466 0.24884303614470485
6.166002258774782
0.13856460007343793 -0.6762208125369538
0.2612379633322961
0.04372857248248481 -0.8114337819386792
5.646144150723346
-0.4864280075646428 0.35480082998748913
5.268332721006254
-0.41030856884125405 0.8018531747866203
4.752259185820769
0.9106168817011822 0.356775422539432
4.424296930340909
-0.4196229366084089 -0.3775040475651587
3.9656395196093888
-0.5527836070041784 0.5312927890574163
5.370199535607624
---
76000
77
0.014453595093589762 -0.8431747270954039
2.0199047399549177
0.2644840257517285 -0.2804372951060928
5.838524653049691
-0.2816927370834503 -0.19027675987327125
3.478862058043367
0.06472164755937279 0.6251205501269567
2.4029044985667047
-0.37441999042405416 0.8633373852804882
1.004768665263117
-0.629854643025546 -0.967717971752489
0.7031232891773351
0.17632895443384994 0.4107437149263161
5.054453123573266
0.14426178485609312 0.7563819859091745
1.6434402971974071
-0.23666371369459588 -0.030375921501607624
1.7861153541220247
-0.01128120156301754 -0.6693195256121209
0.10553321457696363
0.5565259853813684 -0.9388040553588096
5.854449576327698
---
77000
77
-0.11672349051150016 -0.874726127371394
4.833564676751149
0.5833957826374093 0.46675577034097376
0.8799499236845252
-0.40982897335921065 0.7716739645664258
2.733101168701211
0.9391643793756795 0.45635325497785745
1.3044150728192054
-0.0391890284863133 -0.7155638208283269
3.9283009554284987
-0.1299959143489783 0.3779750298066548
5.4288550299736285
0.8915120757501196 0.8332877379445973
0.28205038796040327
-0.5969655949614072 0.2916846162387735
0.6873178267143123
-0.82311300934173 0.8549057536067567
1.3765516595304064
-0.5058298451205591 0.30897864741848585
5.972093572733037
-0.2920269149228756 -0.4894468735060874
3.8893219428551165
---
78000
75
0.8126599263440527 -0.4237885422580281
5.661985066600871
0.8865033394624539 -0.04145119606653285
0.325342640597202
0.16305917000189765 -0.10228419914645578
4.938247514483392
-0.02583946848451371 -0.30157527862884637
0.21138103456274493
0.13278735397335953 -0.31805980496612674
5.106201590350006
-0.6954946107461897 0.42414881095487666
3.329107889203309
0.4571163706356439 -0.2002430161771723
1.40663843179055
-0.9907827402448803 -0.8418349129011548
0.00020310408716639472
-0.5134707010599137 -0.6100720369021491
0.34792102731756724
-0.6078314123031321 -0.8816520054207939
0.6759361187906849
-0.7159631237932073 0.5159485934679416
1.9830467948121742
---
79000
81
0.4015886188391056 -0.48580825338256534
5.385204985419401
0.3460324006395971 0.09704824594824758
0.8470747270909929
-0.04154206550880708 -0.4901410340075751
0.10858143628950323
0.5320292902692813 -0.026040122188203424
1.5786251554456765
0.22816294922866054 0.608731736225371
3.285943007809702
-0.5158308784989892 0.7338449319851799
3.7946830302274606
0.563795256555506 0.9532258046837448
4.8214863139381325
0.1667614460832061 0.570761057616181
2.9618120723260377
0.5767892931950712 -0.65435868400738
3.51264357033126
0.27765437779741237 -0.5691258916764942
5.579358668660845
0.5761731628180721 0.12482205963231009
4.045346557639132
---
80000
78
0.9710756279610109 -0.45290034312766353
2.6701708417883747
0.7320202953127285 -0.20081895481666368
3.6710247440793404
-0.12150196973770717 0.44461269358479993
0.4702615049220906
-0.6418559879298373 0.6860384260519707
5.076399892421263
0.3411528771747981 0.7846227741210005
0.13105288512268487
0.16425621800076165 -0.25000460117988355
5.412702394777978
0.05778508609623872 0.7493411948020104
1.3546698575519036
0.05403322415333407 0.37148079148061164
2.4441626157355523
-0.5922054764863196 -0.7555263402643079
3.2932506081355895
-0.6444681950637279 -0.024770633952053905
2.4445686458524154
-0.03748784570161022 0.2651496546395756
2.1973570378339486
---
81000
82
0.8503293775705068 0.47558235243276636
0.8651508843600921
0.3696665259623334 0.18904954861464823
3.901698583545296
-0.18222524571849655 0.2747874772268947
1.1419479062796851
0.17495708808156682 0.1737136634248992
3.5275840961260956
0.20497043474082888 0.2164645123041682
2.1320325085389946
0.04040796492190135 0.48407898358440954
2.6409568270328823
0.626512885596634 0.23927282667056046
1.0299468564615708
0.32455561461321264 -0.07510010891806632
0.8856654529313541
0.27436564788565787 0.9627385555390248
1.3668450828868073
0.09902955458717702 -0.2865622898053809
3.798329057201795
0.8067223360808807 0.20259655511604124
4.80083141064224
---
82000
73
-0.4826164580389052 0.38591401591464675
3.359864230209168
-0.6032490265611309 0.7890595288370598
2.8270317159735585
-0.7460893564310945 -0.3933937408583774
1.3574043125902469
0.406871142734734 0.8592952101294576
5.917344427887386
-0.6771885107480424 -0.9833779246171785
4.886361251792475
-0.5163637522721173 0.33628685514916007
1.50975738263051
-0.2186962977296826 0.4579614810170296
4.930518005231089
0.884845447639455 0.9371703601924987
4.911472467923763
-0.14598224351145878 0.9241994465190629
0.19537544456512723
-0.3795453958774617 -0.28773849518948313
5.4172416078909285
-0.9378684405885229 0.6182454122154228
5.737815838126746
---
83000
80
-0.8622159091760518 0.21308170363628276
0.15369984871430864
0.49192789527002523 0.23882956278018908
0.552418800278641
0.30220668585188465 0.6624962218802366
2.475525302885748
0.07047987658771265 0.029030635395305662
2.728861313062258
-0.6416102605145542 -0.7861844566777183
3.5640148906403537
-0.5167589329748773 -0.2738804130915894
5.766939616137459
-0.3709047985758443 -0.14205680347249355
6.085273518661375
-0.5563694684125117 -0.901009976348413
0.2779311303940242
0.2500365435443369 0.20819627659823367
0.1885298874086967
-0.06940887004355148 0.6423156215817796
3.5343421973997913
-0.6211950223243753 -0.5521578817771408
5.998781174836482
---
84000
84
0.611536506537308 -0.8806905376242007
1.268792365476165
0.5867902835040452 -0.8936985604919073
5.140745032292074
0.5905710576567775 -0.3790030296948573
5.256999825374135
0.8220051013136073 -0.5784229958875342
3.342045396222539
-0.32079456025117137 -0.346896905028239
1.6901977221853537
0.7020981883194636 -0.5028119697393428
1.0902954350259417
-0.47109303225873156 0.5056418513794684
0.9695812959395695
-0.8893600753075603 -0.5961738238423071
0.9173739614710037
-0.4386807227490875 0.5445597435659069
4.856723466475958
0.7219890048139479 -0.9442197831820491
2.7607944530152873
-0.7304408789385882 -0.171440165778872
2.968901442905291
---
85000
77
0.7046155284327632 0.8919612278422329
2.094323342601984
-0.23941993471180167 -0.8462109168300377
5.957969801429932
0.12082275906983402 -0.06288607198103763
1.8025587830756216
-0.7228028983208536 -0.9486523433163477
0.35627055896792825
-0.5602143835813334 -0.17070535779747442
4.831414596598529
0.19488538318089654 0.16812720570044934
4.544319064013394
-0.48654175696016755 -0.253102072905822
3.085943928676148
0.4972748795838831 -0.14671514536989044
2.8489835305139932
-0.4299946206853502 -0.1929980265037784
0.6904965576273092
-0.7278121050011145 0.9658951658760875
3.1128541139296235
-0.01918727386121827 0.10244737878691419
2.5788458718174825
---
86000
78
-0.018097173327121303 -0.7231728029358523
0.27356431136841763
-0.4002498945529427 -0.7574269469921072
3.2203642200220495
0.15852779035244863 -0.22511575721576002
2.758578909727004
0.5440201894839035 -0.279904137479553
2.634657385343008
0.6163809836316855 0.037082703742958543
6.1281088179003
-0.6848086151132766 -0.48084515718204696
5.362183896960107
-0.498936601539506 -0.826335152819809
1.3156743573939318
0.973790064758315 -0.28520822721197214
1.4186229441294618
0.12197991332695882 0.157835558869419
5.352643311190476
-0.4903061644776495 0.9961440791045977
3.8589174036751066
-0.642396222919473 -0.7429439683833758
4.932194822662683
---
87000
82
0.3599182792939175 -0.7935867887728892
3.866705127694097
0.22776957963952418 0.8064312133811984
4.561881885761332
-0.01356516829498288 -0.3494020774711224
0.4156532835025635
0.8933006950245547 -0.31385706468506713
3.6446761602793796
0.4903421103600768 -0.6501463967953368
2.435635524037476
0.8585537733391562 0.14773325992773728
3.56128918962234
-0.4767711405224999 0.027579752443541383
0.6379017292330875
-0.5205935640260898 -0.34887933542823046
3.90417098903207
-0.24472796160976457 0.5419938476461763
0.4465513332319997
0.9028167778703542 -0.7231770558766198
2.8034956316759736
0.6110248226237966 0.04562219572639561
4.68241063401471
---
88000
73
-0.021062395233030128 -0.8318916304788114
0.3705161950859441
-0.19607445480297714 0.9932216415111725
5.797274680357085
-0.6006145271895287 -0.8148953898910216
3.057607328517822
0.38878213420016106 -0.8335107165902217
3.4100879943081557
-0.1719748820408948 -0.5730299014019212
1.8080869369751404
0.7873050272362728 0.5244946353426685
3.401347021652823
-0.22321036699270744 -0.7688281982361397
5.059240800892303
-0.9266283995610579 -0.4163684404298942
4.425380493774451
0.35941216592470276 -0.016877952851160064
3.075559869781948
-0.08468196838514566 -0.5612002174609965
0.48413270920911256
-0.5301878207958368 0.8828408974053087
4.878172415152544
---
89000
79
-0.15335431222900225 -0.15517813512480505
1.2468966522300953
-0.15534288857922976 -0.14939920305658488
3.5828785591691936
-0.7746804839601577 -0.9047034164918659
5.068147338763581
0.5605030497168967 -0.6730801153437809
0.7869547675123831
-0.32962007809966504 -0.9291379032291754
2.8689762214221304
-0.30865414706372096 0.6748784061211421
0.27466632572739336
-0.4429041503713711 -0.19112083881013375
0.7980241903409526
-0.1256709996688781 0.9508315484771808
4.1016999552791855
-0.06301069741809634 0.9853940420441436
0.6511506024790767
-0.4384610073123616 0.13396216818355752
3.3243400273366053
-0.38321397867848006 0.8822714218270983
0.5757783234584322
---
90000
79
-0.322959775645132 0.3478132077141172
6.209447486119963
-0.7548272704488506 0.04886054869612766
4.431266471877057
0.8586204862316357 0.7337508014127377
4.891115356796948
0.7796406663517466 -0.5331454628887171
3.5827696654533474
0.16509784082213963 0.9745777119386883
4.732324864717219
0.06157714899886289 -0.38555415406454835
3.613466667504648
0.7615986396549246 -0.14714717806069655
4.501723076149555
0.8183881685744415 -0.21051495493545455
0.6692198499496511
0.14869507014668415 -0.8565548021397341
5.014760675426885
-0.9018955286096844 0.3457135590833548
2.145039038933348
-0.595287768440795 -0.44910043629404084
4.0537611218473275
---
91000
79
-0.8530839993323637 -0.33508581891675104
6.072135951654183
-0.3875198554185624 -0.9199992400142524
-2.428138965831208
0.17592817857852364 -0.19228036303209706
5.416096579624301
-0.9303801433829149 -0.9422433451957308
2.3294774631989386
-0.10556742687764333 0.9148150355906461
1.8862709343298025
-0.02981951566329793 -0.20768293869950474
2.3198268898424095
0.17743648693655797 -0.6427063556473915
1.292424681731866
0.10250985673646607 0.3567564672457288
1.0920416629234566
-0.26562622331216784 0.13880841706153674
3.0439291103030195
0.8680462859786856 0.050495430804810455
1.8924903140261087
0.2272842988433285 -0.2965101173564977
4.626310162746764
---
92000
73
0.864181271763924 0.7497362032518716
1.2110332932570222
0.8422976270855944 -0.991952050073837
2.273244413364554
0.12795385419705982 -0.4010072461200562
0.4191198924025734
0.14163568792306602 -0.47603167038841515
3.265397162194703
0.632205307990418 0.5400601062973922
1.0775896813993384
-0.2792853310094322 -0.883741341152466
4.159872773505406
-0.13798175122590475 -0.8777920410200418
2.3020005681269717
0.43353309572331233 -0.8366533349964389
3.0909690113572834
-0.567174363789077 0.5239474883125097
2.0654458075931483
0.6403549144813581 -0.10797303164300692
3.5330045225593194
-0.6308062390224369 -0.36433215538373603
5.576688686753119
---
93000
66
0.39210892374507617 0.12683801913800402
3.1635324210497555
0.2176269250506248 0.15661365566477584
0.014065238387553691
-0.43687514257855947 0.5172682597751357
1.605685867964776
0.7634751647589381 0.9156277218514856
5.864626685081669
0.7068500853027937 0.7767034919935345
0.40020601532347655
-0.9519463190169429 0.18069199886490983
2.840786064767511
0.4504402180218059 0.10997582507148142
1.97297602425403
0.09252311824473304 0.9041770382310658
1.0728006868955413
0.041089489484076244 0.9056181244283177
0.2437861993124093
-0.5055110681221723 0.5668394784249232
1.1810797958698451
0.20255987546543514 0.8720350631286649
1.3986930738143588
---
94000
85
0.420900751186739 0.25314079291807584
4.572787007447201
-0.24616322708269284 0.4323286520616039
5.171050495909223
0.48396018133031676 0.33486115002729566
2.1731807754126464
-0.7506522685020498 -0.7853402590180534
1.3704205917858392
-0.007322837681713063 0.607161027292996
5.235413288250467
0.04393246682352511 -0.8381241186378127
5.649470840218386
0.07860609724412726 0.44547861134579947
4.915742153802938
0.3526100510215924 0.2048077424939198
0.1552951901937636
-0.32487132959676507 -0.7729834814158115
1.4970748233891928
-0.12602533146439426 0.27395180229283583
4.760002989430483
-0.9494645437504918 -0.6142552051180709
4.46250353507678
---
95000
77
-0.8580052061584842 0.4574979264792561
3.0698549373364874
-0.9778391816277009 0.576531291224332
2.5328178615314574
-0.8770038127712875 0.12613616768566924
3.5815789559289266
0.738158202849631 0.5246700848670196
4.192569406657726
0.7188312331514404 0.522365866690319
0.3343220797678015
-0.9370553547765659 -0.17509851869067494
4.926057436425443
-0.7880928042363816 0.3313905298229841
1.2394317766485656
-0.9280851949494816 0.8307857606495481
0.973098928476082
-0.7884168715323132 -0.25005724207611774
2.3822798096904796
-0.3337740997842305 0.37629037625635214
4.845720433955783
0.08252290415422443 -0.9930456815603805
0.8568845279655468
---
96000
79
0.7150141973310742 -0.7047248132291951
2.556437680014554
-0.06450885476585291 -0.4390869556349723
5.460691827303092
-0.7578404995525169 0.39403153057666235
5.408729016854289
0.376550187001134 0.6149249242618122
5.662009213171379
0.7473544213534089 -0.9170830886322205
2.0335508806028817
0.1998732311105052 -0.49907183132911437
3.4823258231170175
-0.8699043175860572 -0.49645574620113686
1.2685408151315922
0.599070508137028 -0.8109596398290261
1.3771793817703797
-0.46354936384118217 -0.7118319372948402
0.4435089785401036
-0.8221762416230478 0.9650572313647475
4.7223913553746195
-0.7974531110626892 0.9635689497453381
5.456776054662961
---
97000
76
-0.5352117140863688 -0.6222400056606768
0.9394465015148794
0.9446822273187645 0.8999691745114395
0.35492267331230565
0.7618434339868944 0.4496695326767841
3.1064030434396983
-0.587605827501313 -0.08323497242455798
5.176972591841678
-0.5622233146718186 0.6475136757557179
0.9243410061667374
-0.14183845563789402 0.08082800733375359
3.4541214796897126
-0.08344958016144481 -0.17780366053212102
1.930239763957074
0.12670018080973028 0.8652804145113941
2.593130463329431
0.945441901368436 0.3841400230020905
4.283475557742494
0.5771491754204623 0.052107684582802974
3.5444669267640387
0.4469171665646546 -0.9789950606510491
3.7374642200282535
---
98000
64
0.39491191470748516 0.14836978370550444
5.097662868254339
-0.32291393912135036 0.39846072570716684
2.5537735752703767
0.5657353157258186 -0.5869310124810643
5.512389749182262
-0.07374768793199936 0.9319505610523086
1.8210179319268072
-0.795728717292373 0.308242722503338
3.8235636243493394
-0.5247107159304061 -0.7927929623363935
5.62992085868169
-0.37823303784480317 -0.635179957766591
4.985517306838625
-0.30680262247710494 0.7139248312005405
1.6924411539015036
-0.9424907128061206 -0.22678550180626378
5.842469260250135
-0.07161006909946223 -0.8902458223561118
2.2140516817479137
0.5619775001477991 -0.0660701855974167
4.446243923549289
---
99000
85
-0.04528616127074558 0.02159054461883323
1.359690760666846
-0.3240860475400505 -0.2175606145269447
1.1788038685608484
-0.7604740371612664 0.3593235804879033
3.5403489863247115
0.3457749275833542 -0.5974719347250347
0.257674799493274
0.40749412647515004 0.9924928737246723
2.645080538185943
-0.23626159744910713 0.953092215307704
2.811794549114005
0.6859809809712961 0.9064740692722894
1.7843946060112739
-0.27811856470846713 -0.5172342406094053
0.794861144485683
0.2165380179342751 0.15015727634329076
3.713523054463937
0.8518327295088395 -0.05386377303171881
2.176322442996672
0.46492829967228383 -0.7506512331246452
0.07433790445109789
---
