100
{'run_name': '2D_rec_10_total_boids_slower', 'annealing': True, 'annealing_start': 0.2, 'annealing_end': 0.002, 'nr_observed_agents': 2, 'nr_of_boids': 9, 'predator_present': True, 'grouped_spawn': False, 'predator_halting': False, 'record_keeping': True, 'record_frequency': 1000, 'exp_folder_name': 'big network 5 observed', 'boid_speed': 0.0333, 'boid_color': (0.8, 0.8, 0.8, 1), 'boid_turning_speed': 1.5707963267948966, 'predator_speed': 0.0333, 'predator_speed_slow': 0.0333, 'predator_speed_fast': 0.0533, 'predator_lunging': False, 'predator_lunge_speed': 0.013, 'predator_lunge_distance': 0.1, 'predator_turning_speed': 0.7853981633974483, 'predator_color': (0.8, 0.2, 0.2, 1), 'predator_confusion': True, 'predator_confusion_distance': 0.4, 'predator_confusion_threshold': 2, 'predator_chase_time': 20, 'predator_halt_time': 0, 'predator_eating_distance': 0.06666, 'height': 800, 'width': 800, 'graphics': True}
tick
boids eaten
predator position
predator rotation
agent positions (and)
agent rotations (interleaved)
----
0
97
0.1534641217757497 0.8132589844346777
5.971249622545728
0.05991060937700584 0.8931271121447236
1.1912724689926801
0.618728136714945 0.7677272700331667
2.0039660496317437
-0.11258187164778781 -0.12132519135444778
4.396878911077737
0.8679473742357823 0.02208049700642754
3.3215073302434663
-0.9866615754915402 0.8092173686708102
4.116953102669289
-0.34101826543885705 0.721818075855045
4.318118647551354
-0.07585153413546152 0.6484210160926152
4.088374209153127
-0.0432827993147217 -0.38545715641419764
4.841450888486151
-0.9106463962479205 -0.5665219900119149
5.419648601780845
0.014404229578561786 -0.930617730957364
5.611456311777095
---
1000
89
-0.5154058881035382 0.6764425848064434
2.753602779730478
-0.49881082276712224 0.6463845935278645
5.129521351650111
-0.16774866430030672 0.17470218055931216
5.63575597422467
0.6483192486486556 0.520089516004552
4.486582121115655
-0.7319553412041356 0.4624010817411688
0.8495452605108859
0.007985755704360813 0.5444874251153864
3.5224712885702907
0.19459087954586288 -0.22620156011657977
1.3822531205064414
-0.2267997569607893 0.8305581680702213
2.3218806634047975
-0.1127821086460629 0.33040790867761477
4.067919081489178
-0.14399341325484663 -0.7482118138186612
0.02818571937532504
0.9484923831515002 -0.7972658886154157
1.9500835856516414
---
2000
96
0.9653679957536514 -0.415504192885454
1.0206728861241605
0.4719823600041527 -0.11232971566718279
1.0800584740573553
-0.6158042794984665 0.3972104391686737
3.810577478460103
-0.3383214788207108 -0.40872897365779026
4.39940301395821
-0.8799086509067203 0.8122369105264486
4.58696583079746
-0.5883230334496812 0.7000177581317725
1.1987053362468103
-0.23741000085151015 -0.1469322513609819
0.8650856342529512
0.7031064386223019 -0.6287577607136094
6.1354296825707975
-0.27295015743261797 -0.07825369337504667
5.986984464375005
-0.8781878818564812 0.1861382920229732
3.970970655569717
0.31643114527128396 0.6546261349296865
3.362641476201306
---
3000
100
0.9847543706893924 0.40712714333366706
3.094126186506406
0.7236816389487193 -0.8815187293837019
4.754806844478301
0.47808231553714636 0.2892046383871261
4.033338392785364
-0.20669508213250218 -0.26798423039925007
1.320165592135769
0.8366881014703206 -0.11827215122462031
0.27197905486513374
-0.45646588601484456 0.4682485846009104
2.812939784787334
-0.6473079297315599 -0.0852485612879317
1.2351643603506282
0.3341209821221047 -0.5999662741380272
6.252142581931437
-0.414022602968791 0.8097050084544795
6.254384775179838
0.9227451092389027 0.2137614061656289
2.545215290669157
-0.08184472751029648 0.4670573503565679
3.084961498780989
---
4000
87
0.8386690402093127 0.4987181501983718
3.632617982042763
0.6492530851915886 0.43436405039071924
4.928376549167793
-0.23599652586771772 0.07909430367517227
0.8504131332585647
-0.7250722637935793 -0.36217022912234303
0.779899908678221
0.2268535893258366 -0.6589309943334065
6.023305464332244
0.3773911892435822 0.3625907435055479
0.2772450905409034
0.13028815241309474 0.5233800561794333
5.725093462373197
0.14673811507989684 0.024807951580084107
6.194712785493698
0.5192433034717717 -0.8213945071432998
5.111854757089308
0.36964520969898074 0.29992478912310044
1.2249110731399906
0.17986150451486446 -0.42928428751555864
3.203337037098832
---
5000
93
-0.6669243111483971 -0.5267104075341893
1.2787762946832386
-0.9312681228388038 -0.6419832919602716
0.0838188662172179
-0.20221320775065696 0.41408785881850446
4.57806808558179
-0.3360094210153409 -0.18780207217275802
1.023844576217142
0.9292926950092106 -0.6521933037226448
0.7185534903340756
0.1209200711423291 -0.04566255756699128
3.7412903005101255
-0.17602258447455973 -0.193886532761798
0.8740605151454419
0.5593436815288644 -0.414221101417356
4.186312130354804
-0.4323303456793105 -0.11036964222281595
3.471617732284578
-0.4478739501184878 -0.810965853690464
5.865821719237935
0.13227854298824374 -0.6205689431918621
5.793967880684346
---
6000
92
-0.31232572545360104 -0.03564164359395412
3.3389787795165495
-0.7202548499696914 0.08015773976904875
5.313709560599066
0.8354298380898729 -0.5969638791853298
1.8588490070547348
-0.6779558908322528 0.4831958570473559
1.8582073772618388
0.3373852176483435 0.1457197676836038
0.11087821175869905
0.3684667026957773 0.30886336197946085
4.435130699915932
0.5287289181807306 0.7617899222173112
2.4534880084412736
-0.7461019509709969 -0.809590527684564
2.6349778947763065
-0.3685216465886633 -0.24698140711271366
5.908250215601095
0.6855416326738528 -0.8779518477683554
5.040360912588756
0.8369352792335554 0.7743061558750579
1.4941053258098802
---
7000
82
-0.3829851931858804 -0.8558428667456692
5.744635448514994
-0.5184126800429918 -0.9989105230833761
2.790453239320473
0.7483732227559188 0.323464528486114
3.7482696894163157
-0.961051619260894 0.8193055322767991
1.0359790760333567
-0.8321297902811745 0.8122016489910692
1.549147958711428
-0.12867211233430967 0.3824641839770214
2.406213415649197
-0.2562475024701863 0.10294610019623032
1.0978661401845002
-0.17844590591410625 0.3328312899924437
4.711576805319616
-0.18033251561645292 0.3232548635260737
5.8320525241440055
0.7857538160558786 0.3106437726788008
0.09230849977514488
-0.916810203549306 -0.05634357002715852
0.49810912890827996
---
8000
85
-0.03150915110640268 0.12794492747126301
5.217719876776481
-0.35240328850784985 0.17366508964061242
2.698077051091917
-0.9279049562555676 0.9598338770360247
4.880734600990088
-0.41462257428565885 0.9899022495130122
0.884726196209721
-0.5657391093740552 0.8470174980064629
5.111733843116426
-0.4709617787392535 0.2810692615540067
3.1051763349853108
-0.48129050274130797 0.1703431864281829
0.7586910525670971
-0.18442694954175914 -0.6795223031073513
5.55687115436386
-0.4403246162955328 0.02907010657339582
3.8594161960961015
-0.5317746994966767 -0.40011255555622977
2.291002991949056
0.6602924803442048 -0.8451537788900687
2.563378994304953
---
9000
86
0.38946528533874614 -0.39835550468810155
4.245359077387652
0.4024112817976033 -0.3435878509612286
6.096467705836709
-0.7818573645620289 0.9198303871845989
5.581779974288036
-0.031015273159306952 0.6266979270279687
3.873828049726698
-0.27534960111978535 -0.2420176689857745
3.3533669889090048
0.7702643129705159 0.633931710452579
2.87525742589506
0.39707388234274754 -0.5428085436339141
3.2783873256723606
0.8851558230445195 -0.41457293549123536
5.364876839466247
0.16785816432814563 0.8262661569159752
1.7666119410514112
-0.9481824090257912 -0.4757185265165683
3.500302921936
-0.8567507652802914 0.6840010202602165
0.2639786919850078
---
10000
86
0.10187027943595056 -0.11626356742887729
2.1037295402984966
0.11711864435983384 -0.0743892994001227
4.673726287594632
0.42738956954750923 0.06463364603169872
3.8223369039796564
-0.31556832144604957 -0.14815720929736698
4.753694810596991
-0.19713776458259144 -0.31730246916897126
0.6527031503628047
-0.94560312717751 -0.3518642844507414
4.261575116045503
-0.7393046387352922 0.016444880438591748
4.443235241423666
-0.6878292647044861 -0.4406998874388089
3.929762489408682
-0.5560928261018826 0.796103744438425
0.8310583560120914
0.956469324153012 -0.28708432110193227
1.3979647426113182
0.016250925762278594 -0.667850534791837
2.8668819643364847
---
11000
85
-0.2838580609255706 -0.5906517200656893
0.08981774295778666
-0.21568731481040226 -0.7135534434357319
6.172005025922518
-0.13241725981544913 -0.45663318250209917
1.6767197799086224
-0.35665863534638753 -0.3349704064658594
2.883370385168422
0.2949640619792323 -0.7832933542510446
5.939611557540043
0.884887351781194 0.10529986350667943
4.628760544101569
0.14990725692648982 -0.5804916445482213
3.8867338708675403
-0.6027801956121904 0.2519261308846532
2.0437084913906434
-0.0013222921468157914 -0.18193345884556003
3.426245691875285
-0.7194807181716492 -0.09231051274949889
5.307962585040787
-0.7100836505406547 -0.10441391369987363
0.042365943626372804
---
12000
86
0.3138910968680796 0.21302310250663997
0.8125547087118615
-0.3276914930257743 -0.6032370114126313
1.734247286012046
-0.2731643950223064 -0.3116000008292149
0.2438779772479398
-0.9920730038953575 0.1633912395760619
1.447403211648778
-0.8245016056605349 -0.39585629597722705
3.8582924518706356
0.5008091048048533 0.7433754398454978
5.365537821276203
-0.8414272822880822 0.8449570267491887
0.1426661159948841
0.014553266639581737 -0.9237920496119059
0.27711602399305146
-0.7726516706476232 0.44116180170857594
1.6860742354861475
-0.6100986167229683 0.7438676456156424
0.03722788037669389
-0.7940350221260608 0.41390456608963655
0.06862123943404974
---
13000
82
-0.19356312511590576 0.07781468455090718
2.586504519203498
-0.19867606126996762 0.011213310461956054
5.1367566190249105
-0.09733785070812338 -0.49148664493303973
0.6216123810354323
0.7964187864604144 0.9289679857482311
3.6977658037379424
0.6095119097851074 -0.6800534255484505
5.591642817465992
-0.04641964479549364 0.536056337642499
2.6030389356572448
-0.413071433022928 0.39173134791061337
4.654754491050934
0.7842401194325491 -0.8829265855840601
5.405040635469057
-0.36045182016572336 -0.15570387674968145
6.024462762388161
-0.2616103532874079 -0.15111696220671778
5.79772803570216
-0.8417688853159764 -0.5433188993234961
1.607874046117356
---
14000
80
0.06743043120404577 -0.888636690744789
3.9939546931830923
-0.8280721312318188 0.5477298877545976
2.9063171261643443
-0.22519039172971836 -0.8516768513316652
5.495844213273437
0.20672096352043065 0.03572006445587665
0.35058908745130246
-0.6181366850477263 0.02244839394961368
0.5908477055126315
-0.040917943265179675 0.2094754958831035
2.626540971648324
0.9806247574232838 0.37070572311556893
4.335808571572601
0.5789914430538731 0.2137645285113528
4.518139366857593
-0.06072961755141848 0.6183942436195015
0.23459644078636277
-0.9805726468768247 0.12283909748397588
2.9995334065364485
0.1059373253934694 0.7800033201804636
5.292630530870056
---
15000
87
-0.30794576151571706 -0.00026405967688226256
1.6798653881750567
-0.2781859768315074 -0.04396432298257627
5.58979848736786
0.39165814200941085 0.8256427383796774
5.324009881868282
0.781852562136442 0.9312656440507243
1.6621761728886808
-0.49223354263249336 -0.04294639917044487
1.3064682107899097
0.017517876549205544 0.5899033802147201
2.4355892023226957
0.1298531421156703 0.7013768610841039
2.284676059714088
-0.6880780573863131 0.7847654490793072
3.939405503608424
-0.5351915152454163 0.8390417542911033
2.4370633376413364
0.8901776076843567 0.9054896844173022
5.633727524336591
0.6704180881386904 0.3859170101360892
5.0358678798014544
---
16000
85
0.3397732618618239 -0.12168579554025274
3.205016013822638
-0.296687256418332 0.7891688146307939
5.302573950834035
0.3288129709403294 -0.34745553483766356
2.4677732791078677
-0.48346077405378396 0.5638714216626062
0.7607243408892579
0.9661057588279096 -0.8152578755806268
1.0512617447431918
-0.3987531689261952 -0.966785784414689
3.8938162389110156
-0.4461681433243988 0.12154270363568123
4.431488337793651
-0.9990677817631357 0.6838076725858572
3.6258484822443453
0.8305685257064069 -0.09071607301177297
1.60759715039402
-0.4509859073542808 0.4525621121501447
0.669665957830408
-0.9190354688905767 -0.6775867033633123
5.475006804134114
---
17000
88
0.8877692753349431 0.9092640581727234
1.3982514428459052
0.8669918911837787 0.8873966602149365
1.66087833180314
0.487945445458514 0.4412006240184548
5.401698153018785
0.4238247346502746 -0.904876829811202
0.11201113325113621
-0.26775718072290217 0.9309890589579316
3.3209630079791275
-0.13054232492908482 -0.34872317727372604
1.1873966930681394
0.386599276968872 -0.8931834118503512
0.46982900787708815
0.007748559807138504 0.5216386378822043
6.253081642312829
-0.9160654225492879 0.7932530000826888
0.07782109466767473
0.37569574600761885 0.931391988554499
0.7675223847800492
0.3652558531374264 0.9830700269786916
1.4902429704141316
---
18000
85
-0.6070643845890127 0.30724159525978734
5.5006133642360595
-0.5413997269220698 0.3655904732015464
1.6339653477728673
0.5315009190178375 0.4487248600791621
0.47177049264752924
0.29664735840106593 -0.8442056264204412
4.283691673821731
0.4623286120248306 0.3450181564287253
5.325612423640823
-0.7131765458533693 -0.561066975916293
2.563408064982692
-0.7519505185448138 -0.12670405196982204
1.1362092543099558
0.2524026376336645 0.2624649211758553
2.670422995538477
0.2952854531678021 -0.889561588298531
2.7423846349705983
0.3987812405339133 -0.863815831742911
3.805425226760229
0.42868269700789724 0.16809938954246492
2.9665612749246026
---
19000
84
-0.3995759820351428 0.9872842643780132
2.7224042498776115
-0.5758204118580332 0.9959259097287732
1.0205848669026132
-0.5174901786604265 0.5414614055233742
4.6135132058591575
-0.5868876655546935 0.9944307985100829
1.4526933490069576
-0.6830547656052705 -0.06648106091950676
0.5973477728282512
-0.30127050308289344 0.8663262770263515
2.8557300422203236
0.6064720449343355 0.6245274352220102
5.346163171702494
-0.5012999993780254 0.48366295007918325
0.19910055831064533
-0.5687938469449313 0.8192888717275711
6.189878280474826
-0.17512060349168523 -0.24312026726369151
2.592599278544567
0.5869717586826257 0.23035595189474886
4.088301426378612
---
20000
86
-0.58011543917197 0.7224799138643149
0.9081219296434905
-0.8451751546116664 -0.1420544890026173
0.1769478469830439
0.2983851725880306 -0.12227524734566109
4.821138906180493
0.7098942458045334 0.631037237839782
5.415214117658457
0.8668080442718405 0.5103373854484436
0.14896411471878768
-0.6735084847823195 0.38923620580020846
5.867135307498239
0.08253266007887249 0.4369063721959262
2.9034465755264396
0.2344648811542467 -0.46242257708430523
3.258445153410931
0.5957710986240404 0.7180813675160106
5.673804728347028
-0.8312462684588524 0.2537420926556975
1.5939636424949182
-0.540568654516147 -0.4264702540145977
4.759612965938467
---
21000
81
-0.9708673691415652 -0.38943068963639965
2.463601757987541
-0.7162993299527612 -0.5030507255740098
5.495380855330599
-0.0009027158911619412 -0.7675184715780293
2.627606526726183
-0.10998288224100883 -0.7530563593393177
2.9431420844108835
-0.7469816762418341 -0.4884864044260668
1.53413347027975
0.8313920348827414 -0.6114177180603204
5.222132796129296
-0.8567363846543405 0.48356476302431606
2.3852110878044677
0.3232540233151526 -0.7204829869879141
2.3492158734636854
0.23363134845037187 -0.6312484909023337
0.8485922587742216
0.4323223074750061 0.9292778339777397
3.7924072310075916
0.0366089651042614 0.9933792596115978
5.837942230363856
---
22000
82
0.11447102015726511 0.11835588187727758
2.5023805814474502
0.28177591509381883 0.3519035967328336
1.4315227216638977
-0.5770360658344083 0.16658215818096803
0.5783255006578747
-0.5054167382805119 0.10418464135657103
3.8665445166805634
-0.39676856296723906 0.17104084575568626
2.4904267846481103
0.9862259791690718 -0.5170402193377871
5.437928397197413
-0.4186735258232776 -0.18900284691433084
4.970215498053023
0.22752263818028248 -0.5066957578370268
1.4038520048261045
-0.6427748059308139 0.5915688611786007
0.5061054959583426
0.5687643775080673 -0.6468246346878421
2.935750818510729
0.5870097944138035 0.11312913296874239
3.747897889718997
---
23000
83
-0.8535010349165411 0.4235748604396398
2.119885070287757
-0.7829464018014164 0.5029723215266149
4.472243454011038
0.49148604917526195 0.6331027727028644
5.372398670496932
0.788109695079955 -0.22398060950047605
3.616593053150117
0.9967285975796596 0.06641992991228315
6.167965502314748
0.07942962910336578 -0.41359029771591815
1.5880614901235575
-0.6903774952200991 -0.3005505709869064
0.3340714231943045
0.8816833844127541 0.7102612780064509
2.00365581683864
-0.36876483420602224 -0.8062018314578085
0.09405250933781062
-0.7105039236695839 0.7357097275445867
3.858395417387647
0.516221166478689 -0.16172816712977447
1.387113970650983
---
24000
86
-0.9642767785208909 -0.4586776275011233
3.1318963566429647
-0.8796626818655883 -0.7314620588276202
2.0948412385503445
-0.3979517967700615 0.5568084601438228
3.0891567807571993
0.8136005892795509 0.8699200587550547
5.638470632572188
0.09806441825202795 0.030286096080117883
3.6477632247525555
-0.9040395439310873 0.4298963319827869
3.3167002856802457
0.5878679458440266 -0.07917735525670402
0.5222860210101024
-0.8439925546004508 0.048665243576300185
2.4347036151332997
0.6709841080001663 -0.08481109347313746
1.1781250478753318
0.43788559006397787 0.1236236311520493
6.049436196761802
0.4512227976123048 -0.8545670684670839
5.609761141503015
---
25000
83
-0.6368006757647968 -0.13508069184935906
4.095680503388174
-0.5613048913923767 -0.39718063582886504
4.6543977016916145
-0.7129474758864829 0.10552358513359972
0.19164098841144206
-0.3395456782952526 -0.41048126002881635
3.3845373469361473
0.18534653894836875 0.4142045252532694
0.36912047556471883
-0.16350968650211042 0.7539746617715999
3.0325398253845552
0.37686158011572135 -0.03292540495675531
4.878394658781665
0.8827148683832279 0.6184487322735125
3.9036707618127506
0.32941940248513235 0.18732980778747296
3.032349160097988
-0.4404965643747689 0.3430512590011341
5.21512973388229
-0.7248517120105183 0.6508179965409515
0.5295672265077069
---
26000
73
0.0067387957275250356 0.2358123243791689
0.9997712525634666
0.06921691140275316 0.13595007720971475
3.6127253546411273
0.7832925539064941 -0.8518578223057105
6.0928446138033685
0.5876070838117795 0.4271404319734983
1.8553132467350437
-0.7591760311961135 0.8175349268110425
0.4747188012970005
-0.8514173182956359 -0.7299814567344558
5.005561730240206
-0.10722408649497688 0.27866098838839637
0.8674457780999392
-0.8252551189011452 -0.4005847943340468
4.952182077182909
0.8521266805591381 -0.806477059553943
5.842540489711429
0.4953075463772885 0.7412663770461002
3.5191202020787395
-0.11244139476691747 0.4064228649692424
3.5605300240525617
---
27000
77
-0.7934517756016677 0.655590641041766
0.18104560922468266
-0.5302227035342761 0.48356899385127666
1.5688266784890619
0.17088775868388267 0.41783905379471153
0.46513627877250396
0.16718514796624054 -0.8773653322641228
0.7304188796120936
0.41764512257782715 -0.21235772247146817
1.66576155132024
0.34191493391216526 0.8907532558856244
2.327850966521055
0.7321081038258072 0.763648320762014
2.847136734216808
0.05297445792346683 -0.24424873813015122
2.483743005178705
-0.533206578451706 0.5212240059784086
0.8731386914049235
-0.21367019056143452 0.4091334898349916
2.3708954440094683
-0.004390665713233863 -0.27549069312713326
0.2503096722101432
---
28000
78
0.6832361661414774 0.9401059436507014
5.6139831800457225
0.36425735266592696 0.9458388413376569
5.841177972218397
0.2626782897392517 0.754339976150635
3.59912688661075
0.2636432399821519 0.8316293525515666
4.480131225633659
0.43727814589932795 0.5707147204511659
0.8476115130600368
0.30317375435664023 -0.8457934103084515
5.182721352506212
0.42851749880015433 -0.9641437686079121
3.965329843044201
0.027709869272142196 0.1935647111546177
2.197026284810505
-0.46670937604969437 -0.41437789678393877
2.433303071861558
-0.046432145885307766 -0.030000052358701245
0.13753206584231936
-0.04173560356832895 -0.8386879262004576
1.209541531146038
---
29000
86
0.7575873138102444 -0.37444359745953987
5.836425129314341
0.45674386827911795 -0.41724585039122575
2.6053060311176246
-0.9432422791416344 -0.46378989691421973
3.9661527556862826
-0.5777589685184257 0.4114066183302397
5.808025663122661
0.34201397860562366 -0.3047523515980761
0.657482457734293
0.9343899899377689 0.19082064152771125
2.7751872054572244
-0.8023195474145522 -0.4375258952063086
1.7486687455359373
-0.937732554648276 -0.5250503882105902
0.11265177275584115
0.4482651660572572 0.07152971078603791
5.241190334517993
-0.4173869363559426 -0.24163667028061372
5.309001419820531
0.7068003831946357 0.6716759021834094
3.893840675196066
---
30000
83
0.10296285751769872 0.8114277610877467
2.4374482997449647
0.10923448399423068 -0.9978944354094781
1.289372257449731
0.3934906470683369 0.743249896193184
4.541315760949836
0.7528234901449645 -0.9895426445519051
1.5851112575861732
0.5983814062108191 -0.9745190496321693
3.8470111787817327
-0.600488471232976 0.49206858214809523
3.702734858366612
-0.5522826732171574 0.007393435709202641
4.244247000785192
-0.49637377958499546 -0.4066837026278662
5.82548024657594
-0.8129667838634523 -0.1025849881440197
1.3505542483978594
-0.16503594698771853 0.5301024907934518
1.3039730301882475
0.5485352253443091 0.6010429590596654
5.717215358922346
---
31000
89
0.2986571325674394 -0.511287149961588
1.8912419452528042
0.1925781298890047 -0.5504383488653081
3.5527478355732134
-0.4157146018331796 0.9074931534907495
3.989491540597048
0.3956995986971715 -0.47813077615383626
3.6692662278205264
0.8041486585422893 0.9372476420509365
2.700219083633524
-0.4849125630633641 -0.4589707108365061
5.696762906798993
-0.5286278060934896 0.7392296075982345
4.874881212924224
0.45636005862014256 -0.800922979648975
4.811866691450329
-0.7915843515182501 -0.41253918149392793
5.429640849401227
-0.44129515693540194 -0.8422250510582986
1.1742339487102083
0.9712413994686679 -0.48446210749929497
5.764466163074493
---
32000
78
-0.8619475175796759 0.589366583951845
0.5948829917335073
0.6140145675015505 0.1569127031100256
4.35279993871451
0.742180786152939 -0.09214200101057213
5.121847509579199
0.24067194523296892 0.04575712539117958
3.3888702633852272
0.8348459624129789 0.07979192089882431
5.713225595470572
0.6545428691518623 0.1999643677513538
0.7769343359824008
0.0010659544252536127 0.24645233286946275
4.4174833286662105
0.697565811572828 -0.10787591138093904
4.084084212825429
0.5687186361717619 0.5824691098107432
5.927868298674442
0.5532003216021395 -0.30735867795008875
5.684661673622046
-0.4366607555412396 0.7332293705807913
0.2505378692362674
---
33000
74
-0.731500631807182 -0.27346174338724766
3.282853570216651
0.49357244574353026 0.038327217364131395
4.491363759747555
-0.44305492265618096 -0.3221070556555043
5.137871732169965
0.18959919004660652 -0.41033596538086536
0.7620543181429777
0.6222733703778234 -0.7286227932468775
5.473548811012709
-0.5920729622407453 -0.9165878190111064
5.653446157870876
-0.17916641047383564 0.021261035329773824
0.8448193049258945
0.7687637058377186 -0.4871499078408553
1.3890400340126998
0.055509015279382734 0.48401172060307734
2.8468361720328463
0.9778116277623834 0.2210129827277068
2.846123727521957
-0.10459395918901708 -0.6801692688661349
5.135360095755899
---
34000
75
0.4301184212442071 -0.526107684933089
0.3671374226929516
-0.7308068487310478 -0.35204936256807395
2.65531879433634
0.7035659406046793 -0.34046356042892273
2.161393719635072
-0.9235528243987897 -0.9902706415007058
3.3825058519436295
0.7827225142399832 0.5820666063797459
0.9483146079742244
-0.8625631634720876 0.5058011107057483
1.2348324553297905
0.05953868735387802 0.012982659808145315
4.298856900232032
0.6389051567150074 0.8031452885383291
5.148117213922209
-0.6076825414005045 -0.2636607854922604
2.4150980621206593
-0.5688874311023426 -0.9664072492275765
2.1943311213294123
0.5721995381191508 0.8377235799152255
3.530605962505878
---
35000
72
0.5395833894589683 -0.3871368547064373
3.769198009581887
0.29322065241329276 -0.4298732704219433
0.22833497585683116
0.9071486363932144 0.2455158543614467
5.674374164338997
0.16694079857768765 0.2783512136158842
2.8847941411452425
-0.7139031384277026 0.47504968839528694
3.813806609970044
0.17643480766549302 0.3104980154597363
5.50138614491224
-0.529758367623843 0.53885226888956
0.39226096443461955
-0.7262758204806179 0.7564902634763163
6.013464243216594
0.45700609573037404 0.13895748778931902
3.007979572112384
0.9006573999915907 -0.8833675540827637
2.4090029505376735
-0.8956650626913878 0.17479074099282885
1.2638499335828142
---
36000
77
-0.7149107503771646 0.5265752090233293
1.5070098837027475
-0.8704775781101455 0.7348721515290711
1.1665545282918401
0.6822283337254484 -0.6147709300237667
0.3539875554316936
0.4252052444025126 0.9681125384139085
5.290493986758158
-0.9778550035663038 0.7789111431161084
1.0134667061473985
0.5472941254501734 -0.48745474552705753
5.525512217985634
0.5575395685804557 0.3388205435515762
4.0669395450835895
0.6265881650228965 0.10030085403232272
4.283474421248107
-0.7735201643717183 0.32992261740334045
4.7186984773401415
0.7225055193772513 0.3389750139416117
0.03678794201340008
-0.5193664198899235 0.9001363689021837
3.217661550900022
---
37000
83
-0.5223451040315594 0.6676205810722404
0.6118592953462065
0.6152684389276188 0.1765533980393982
1.5833670050766875
0.5911867227998104 -0.4123374639035997
3.08601696372421
0.715555796309799 -0.40479586050842986
0.6192699913249484
0.6408956009062434 0.7156545400234194
2.659285612368114
0.0011009797610879862 0.0509780933115848
2.537289009115879
0.3754854544456354 -0.9292590119576158
1.3362537774008105
-0.5995198195948247 0.4048275510918429
4.723004634312397
-0.7027627866527673 -0.24947533271896843
3.7576938159615887
0.8886120891864062 -0.5013695402840739
1.8075586144109517
0.007094841636856926 0.44394699128680376
3.0569676616902424
---
38000
79
0.26568399770734374 -0.6498857048064889
3.164807854804578
0.24484668536037257 -0.6048064194397742
3.148912513054224
0.7132546229999878 -0.2686802877579517
6.209323336583086
0.5625640480056909 -0.7558003274490313
0.0093259301899149
0.3691149810585415 0.742163801072666
1.3438162895420547
-0.7156620260713404 0.6787514295372025
1.4931989504028333
-0.9613308901913858 0.30104500160905456
4.21067077748586
-0.2429243411554795 -0.7746394400132486
3.401994579736498
-0.008919591452338775 -0.5912157443570601
5.289430330601305
0.14620012683240333 -0.568701130035934
3.705180053743149
0.08492590880883283 -0.9314552850548502
6.271062749705286
---
39000
83
0.40335036416778114 0.6278024111255455
1.7703953287510725
-0.8657436433934097 0.4401274565470473
1.2843868720164773
0.7520652632341658 -0.1328186934983079
4.436652921696004
0.041479881252272754 -0.9926485772801182
4.928015419809075
0.27928397912538294 0.6319157560745328
1.4692315044382651
0.8046645437097557 -0.15951170901703723
0.18924485995089046
-0.8473292728592167 -0.5429126231858347
4.489607993844967
0.5031181033934731 -0.5881649067967182
4.430738598576381
0.07688575909509607 0.9583297957775242
5.304973997947017
0.6419616474312005 -0.4364761739050177
2.734119318833182
0.7569302440428624 -0.058236638144993996
5.336233203208514
---
40000
82
0.618125163869926 -0.9847786471949046
5.49323739148188
0.6117278482800284 0.9239877768628282
5.261626403131048
-0.774797018683477 0.43590255495531066
3.566557301844834
-0.07838716525572653 0.15407986607894905
4.88975572976298
0.31638485249913795 0.4503354803148723
5.560856783128901
-0.37547282589965436 0.534758235315388
4.164544066202536
0.6841503401156627 -0.05196254820506748
6.1968297257269365
-0.9281381784009475 0.015531357696136687
0.18285924170187418
0.07359947895572994 -0.6586466033201333
4.993436314483596
0.7419967963069208 0.8473973929919577
5.732005156177878
0.2574527032742798 0.5629965401585768
2.15122832171963
---
41000
77
-0.23437925597057746 -0.19910564058705907
2.718166319409325
-0.33963079575380384 -0.3785695092034931
2.961742477156394
-0.7398168187033557 -0.5503635459193637
4.717745434833171
0.9142299836273721 -0.3270898720667813
2.2674902492041906
0.5370056114288445 -0.9574771489046429
3.3190439081288767
0.9178025766888288 0.9214071911277005
3.671366140400049
-0.3829411595671285 -0.7295848986608333
6.045233781431658
-0.5661170395778732 -0.3528963087837728
1.6048880462361907
0.2098344238223706 -0.6220636887191102
3.4532797767404606
0.9227437265603362 -0.3514181431189458
0.866577822169353
0.06977976001683857 -0.3402967244432741
1.6597673628560363
---
42000
91
0.6664889470495118 0.9577442331397117
0.045639649206044686
0.7524254408928506 0.9388302786079101
4.723288957607406
0.8390192614215201 -0.9890526545181149
4.8139951916919514
0.8018802543429977 0.13288775635416636
3.2772998416765384
-0.8951445979625791 0.7431605885329629
5.14292344795356
0.3471935185995305 0.5841570570355132
3.430971026366767
0.2492284647966581 -0.5106948275780934
6.052518321032721
-0.21704932748771272 -0.015201313100072666
3.2107724565674953
0.5001407624442454 -0.48917728831553636
2.1344832715154944
0.8794739194086181 -0.04516878755852786
3.0602352017246854
0.790534647478862 0.9674700717467994
5.763155766310676
---
43000
80
-0.8300238607375684 -0.05157789465563783
1.0447160239773434
0.3677574425675762 0.18124385159600012
0.5254712744876135
0.2485014946424425 -0.05022018691294944
2.355706221601471
-0.669583907913288 -0.07229763362730857
2.0346422119342416
-0.492211351954734 0.4610447420302402
4.00775409773592
-0.34816752153037567 -0.14995303294238208
4.568922493191396
-0.33815881414906884 -0.0585343600098342
4.1106917231122475
-0.7202000517708307 -0.5073809773293949
2.942279332643073
0.19465412006476135 0.0378990401731328
5.301975782336847
-0.9221381127169316 -0.41617453899442497
1.0983756153457778
-0.6251429294805843 0.09202938055306717
0.8516907250095436
---
44000
90
-0.11609566421484782 -0.8297485954776129
4.006223622302503
0.06514927371799666 0.9312506325252945
1.2303251137801015
0.2693385069102681 0.39356573876039824
5.7039064275257045
0.13091945160032226 -0.42726570815859827
5.614019858758731
0.376703870132074 0.7140492458852712
4.500324833148292
0.37970230501040425 -0.5873546260406866
4.633301175965439
-0.1759132431976355 0.9716421331222892
2.716153067032769
-0.04952206241446666 -0.9391997706965122
0.27019271109702814
0.19266600738921907 0.38032671963146336
1.0288271708211951
0.6502719327806761 -0.4766053009051853
4.87625230348971
-0.5472396207123857 -0.7205947724357645
1.4938982958588527
---
45000
76
-0.8085704567990621 -0.04201488799637712
2.1701244031113083
-0.9440002608934142 -0.6715048261871345
0.26809360199745136
0.36578428165691784 0.22177998004018482
3.0729645784799375
-0.49450837677007276 -0.7355307093246445
5.228873796808996
0.046307047577289984 0.1661070640358131
3.2493464080928884
0.7573857827115341 -0.18855946057672968
3.601073864556313
0.7661644306025562 0.33533774489248147
3.4805313766463
-0.7375528043045617 0.12184494475726847
3.0137118233608486
-0.1039330929522359 -0.6514502332954147
4.292887300253411
0.5799846820503908 -0.5305369620805896
4.154714302604088
-0.43416042760951523 -0.8164372054892757
5.253607633075546
---
46000
79
-0.5982424269651473 -0.2652624295905718
2.3805855230687194
-0.8486626032812729 -0.2931608906329829
0.31962097427432656
-0.43636204166201326 -0.8293959764822385
5.45787476692796
-0.5814492620069868 0.5961619023556519
1.566332806327587
0.5474013532514478 0.09586724692885037
4.314303127391629
0.27405110784745895 0.7279716052149858
5.779616349897156
0.20613525603782085 0.8868809647073674
4.602082848964571
0.15161016137643304 -0.8462272286756473
5.046001804184533
-0.33778230638735246 0.049208039267538584
4.039146414230247
0.90799699320554 0.27470369406255063
0.8546148524167766
-0.0774759801190527 -0.4006131454806516
3.8306166391363923
---
47000
77
-0.8193753231593094 0.3171404391336303
1.039250125723175
0.06393359456036495 0.40568244896329153
6.014559036579322
-0.24793298462751684 0.22394877551974796
3.1537947589100006
0.6893979640802245 -0.6136601194018817
2.1377013981792112
0.08846453277376425 -0.155248822872182
5.602590732835791
0.03883787944399715 -0.9310684557712761
1.8282322710937802
-0.9023750525355364 -0.09798953787494193
5.775476526093405
-0.3422247317626934 0.6813749903501348
2.160387418422017
0.749475207444216 0.7058400882971123
5.7788808013073325
-0.47892261014761234 -0.6172094759006469
0.6068376722261553
-0.896631138505053 -0.4293432892256038
6.2340096431939225
---
48000
81
-0.7287644039265372 0.2604943689187555
4.339220622076164
0.11533373090103083 -0.04438394910631936
3.2690857415320247
-0.6582379311300951 0.8357726474546477
4.308602981665031
-0.969190186808466 0.31692580616261423
6.001198976822702
-0.43988649053883044 -0.5965492234438867
2.785849819878223
-0.17767254360402548 0.7138055662261884
2.6448593028396905
-0.9167912921982727 0.7729467691546239
2.0463888404145125
0.27921276580917975 -0.256682366548664
5.963707094662496
-0.9987945232552367 -0.19467154400746622
2.8195261208804867
-0.03571076599482252 0.3595415900042821
3.1415778943500516
0.7992435387768767 0.6007045528203707
2.7242083599319358
---
49000
81
0.410120912508716 -0.7003036188780044
4.3293600729774475
0.29530780399853507 -0.823649224847131
0.4358380214767674
0.818035131520174 -0.5431472870282508
4.781592520397128
-0.09092374795547993 0.2340822670347663
2.15451152517384
0.48640340296904144 0.21053619025902082
4.5184629010509845
0.42882568777281066 -0.3229669152973425
2.649873050466284
-0.8039362655950444 0.3617667820297562
1.8633646401229873
-0.6701668765001805 0.6411240438502379
0.3663917105231702
0.34392350867787386 -0.05033559947960745
4.194934052394052
0.8034057440371737 -0.27648430814873587
0.06069816387677207
0.35264378593081785 0.43652675604241015
6.127657236774754
---
50000
81
-0.44652706756376376 0.3615581892076515
1.5493705977866283
-0.4636047330102569 0.40746120566468425
3.459006541863217
-0.9282143998510484 0.8223762306293053
5.851922371852733
-0.9182499354119591 -0.017326586122953992
2.697214864431807
0.5108439116056049 -0.15547227490305018
4.653133645437533
0.6847380191079161 0.503055999890471
0.00957062195911984
0.5076153808193573 -0.418563115206086
0.3539209622227304
0.11189699446560528 0.8834879079792175
1.7949679944652202
0.6182815734405135 -0.3005001718579496
1.9044024409723224
0.2718250286986967 0.17568973734613771
5.13418528399256
0.33801142618651353 -0.34628727099779116
1.531333256460658
---
51000
70
-0.18722636830479278 0.8461454668306583
1.512589462382227
-0.03993524352841418 -0.9818148563132919
3.8240965538843117
-0.45013447150180463 -0.3893378555921348
4.591096826985176
-0.8998110783920409 0.366468909307568
4.980150270226862
-0.07331620542076746 -0.3497158021591339
1.4792200742708417
0.15079063672955584 -0.37120187552471107
0.44778577391533414
-0.1650732031299779 -0.8946704029221529
3.628785193293343
-0.6607742927359151 0.6677664500812331
5.299528803921417
0.3701502563705935 0.45791139976450185
4.009517084225568
-0.24284682662732893 -0.3049925615085558
3.174996220859498
0.09385914740849549 -0.9927035650403696
5.8745621228021045
---
52000
90
0.20758616348967568 0.5399289139437814
2.236956283688746
-0.5445026466459129 -0.42771631091750717
0.8148596659410297
0.6113264465557801 0.016542817407768938
4.437269939690591
-0.915336817957163 -0.15346543721319575
1.329140615824179
0.31621409141253964 0.6648633400537565
0.9804974733256344
-0.4639940914272436 0.9811499257938463
3.819199118641418
-0.3864210625025506 -0.893547620588805
4.691850286998032
0.31099317521444264 -0.47921414356949915
2.057741219864564
-0.9944114279228656 -0.4906749669930061
2.833804964256169
0.6143566329272953 0.4068256820930183
6.040997144606918
-0.8268244066708115 -0.7383929267115392
3.421161279332023
---
53000
80
-0.605100938252638 0.8925866444243398
0.6941491747456288
-0.4487658122111742 0.9188802473136145
5.348958914503774
-0.7673992117272728 -0.16762970660811938
0.7827484685657744
-0.7818623214743412 0.16757523449758346
0.278709276466218
0.8379302927198442 0.9958527053483435
5.706107416682098
-0.9480792086755465 0.6631616410813201
1.7076763720653636
-0.13306670978412366 -0.7651696978015198
3.5567230227159756
-0.9662851189632687 0.6288027505416178
3.8192693754262814
0.9751250171458334 0.21201337163361694
0.5824168756234833
-0.13091258333613037 -0.8172291337012273
4.6402216560214695
-0.5821286776458159 -0.9911399359537856
1.033177435070188
---
54000
79
0.751914259274115 -0.0059994244761938376
5.8127183238949405
0.707762277348669 0.033152267408144226
3.262239809704057
0.6071521553332627 -0.9569948459010172
2.273054744380019
0.6813267478856059 0.3513194209440059
1.6673304993645655
0.4369764728997821 -0.9755123078673208
4.222422713719562
-0.13203130880749292 -0.22720362939247984
4.000334387254191
-0.6998110412759599 -0.3348495756278707
2.3586141085741437
0.4095827703396317 0.3828607987520734
1.4554604027686526
0.48656745875456914 0.10820340348895396
1.0797486681696364
0.6811048517895699 0.25891700281898444
4.228663024776605
-0.9893332285832297 -0.37750167074416563
2.9869492697763667
---
55000
83
-0.40393864999956697 -0.12659247232933551
5.686789802396495
-0.5893509394910418 -0.39607102578928877
3.8553915825552307
-0.06234540638253046 -0.6976180563005676
5.1861815541252225
-0.8993470898981435 0.445989239583357
1.4695119217077561
0.10074207698294077 -0.5792960091921554
1.8814267142895167
-0.29004211271310765 -0.06737771435188898
5.307088713564824
0.3406539510423495 0.6343839862302695
4.493180041260794
-0.5782193278739212 -0.5087677303091702
5.275190145143366
-0.009628716679037039 0.0013823890509438996
4.739281956105481
-0.4440966517590776 -0.5970327530922263
1.010678324194373
-0.3216979088589044 -0.7908868460065964
3.0729441682763747
---
56000
83
-0.06194727345667232 0.08172929650953255
0.5812421720441668
-0.543859755086176 -0.2560754767200864
5.819334239456002
0.10183082182766501 -0.9667774350711771
0.5396056069586228
0.2682006504385938 -0.27544398536434317
1.9354806846705062
0.5522978756527119 -0.3991999106414793
2.62918995999768
-0.44227717675203454 -0.21704300554372452
5.613564637159958
0.4872693188853044 0.3126504387549766
0.588816950451629
-0.20905514351595647 -0.9165669138377484
3.255440383319497
-0.10605415608275592 -0.13245809709922432
1.4785905068624565
-0.20359903056220707 -0.14380255054012517
0.690894177891173
0.546504572550918 -0.5744989007526029
5.50184311122273
---
57000
66
-0.35975756534566194 0.388021461738144
2.215393895757572
-0.34884049922964966 0.35061028844676123
1.802874650109775
0.14879428382085957 0.5960700617085553
1.7611021879440267
-0.7378149126765806 0.7314897979566782
2.297790796234626
-0.7674055377023409 -0.11807887736537309
5.751167869310452
0.41706172396726365 0.9352361309022941
5.840988052531485
-0.6344903955456315 -0.754043415334428
5.609982814872456
-0.27791744796051576 -0.7046225576634719
2.1824020651497857
-0.993948941382064 0.7418093199085368
4.282671921727787
0.960545165577938 -0.3434431253397637
4.201963687947836
-0.6129387525807053 -0.4929613393239416
1.6511525602151371
---
58000
68
0.80034109687317 0.039781376370021757
3.142764640652775
0.7720331710735234 0.07835428834215742
3.074543426140435
0.9232140018083922 0.04514730389652146
2.1744221464343987
-0.3556654295855151 -0.12845425564704588
2.9365207803628124
-0.06201008639460463 0.07627706557827821
1.8217683179750104
-0.19670376359032893 -0.5942909334613764
1.2697115059495339
0.3328175684388316 -0.3313376686448339
1.9585436256705666
0.08315275983668138 0.9330261752025567
3.0872333665232885
0.7180999490234462 -0.8166115749204647
5.414901773531518
0.66044946710114 0.42342315232930844
3.6051374115405332
0.8949716881710041 -0.4586973357546678
1.3201245034142
---
59000
89
0.4773927348598544 -0.3247542339214782
2.6176786158643903
0.5804333932899844 -0.3824105281988566
4.597980441945363
0.7612529200980632 -0.3301344106319015
4.3846981296977745
0.35795196895106113 0.29157864738533656
4.3050296958581855
0.4568321047127022 -0.262388639539288
1.4765071150570623
0.31977633819219026 0.7722152592986335
1.5538966646494918
0.6939156400462623 0.6985304605745941
0.15434372532040008
-0.6941050389154334 -0.8655950643536366
1.5020953351591757
-0.9768194006905069 -0.3475553964073345
2.394057009683964
-0.24395414882933977 -0.7484894854547894
3.9598272579941867
0.6334222104444561 0.8821277992030846
2.5729782974797315
---
60000
80
0.1696425023553791 0.4255657992386022
0.03382531603957695
0.1960520733599096 -0.8804737488796112
2.044797198886239
0.7559110907880436 -0.09383288799699915
1.7913754961255641
0.27856503502255014 0.8703986142365758
0.9290579822959417
-0.6962562175820575 -0.7947955178002037
0.44070069217424024
-0.14881484524895267 -0.9925470910177641
3.160565070923317
0.9638214367499174 -0.5528002819958484
1.8849034299952505
0.06267942099140546 0.08236027194876676
3.547761855381988
-0.30543153526788336 -0.9213518391761245
0.976666423932941
-0.459540291134775 -0.7893989682085308
6.185318803106511
-0.511760846638178 -0.9585930200772634
3.4188266181039983
---
61000
77
-0.2216624690360134 -0.21790562823224108
0.3936196595371796
-0.5031562609045652 -0.6208075206189257
1.1633558304600422
-0.6112869662316137 0.2185142303135979
1.5307781689426507
0.9039362140498386 0.0022920591412711674
2.0530088223542604
0.12624618868566964 -0.6663083241729635
5.405582205469702
-0.1541235130597416 -0.7206409058517566
1.9436721495007978
-0.30776851420972023 -0.5862246115658116
0.8024432397291177
-0.21765231667196377 0.5515111373709872
6.0285869487370505
-0.3669190536668413 -0.8159395325287921
3.569654944059055
0.5089896791679297 -0.5234438230967813
1.6280990526973804
-0.8173650985154455 -0.8570457976713295
5.5459933993432315
---
62000
76
0.3969059963282371 -0.24480699109600357
1.0848340495879825
-0.559933952791988 -0.17671702760916758
2.5298595291643187
-0.7426198424640618 -0.4038256467091552
3.728425948772486
0.9142219941716488 -0.22436942211868635
2.628216985299213
0.7024675771057969 0.753613799430201
4.844465124785536
-0.5135034570132586 -0.8512136791177611
3.0762219807823525
0.10889355785238378 0.09980861133698302
0.4199503787620573
0.8874173558132782 0.11848897537879707
2.9166936477773895
0.9627116039922484 -0.03844242665851133
5.013527439997227
-0.21226470736744565 0.9177686457548921
3.4030353651676455
-0.38275360283589327 -0.04305395144153987
6.255045380522049
---
63000
74
0.17946140394963592 -0.11613239532029633
0.4379962226415479
-0.6417505803158842 -0.407778014314905
4.996017529862885
0.5954871423957058 -0.7234376440250982
0.11243670790369098
-0.6112141278163827 -0.42744340963994154
5.222920919214973
0.5548942170398937 -0.16883559257356814
4.673857430583215
0.837378314046645 0.13334413223742383
0.41073891813709107
-0.08277691412187589 0.08215092794113736
5.806322360665249
0.13892210814030154 0.6186838734547155
3.8568527335715626
0.34325587399113255 0.6502380670049518
5.423760029216382
0.12762555919332144 0.22548962328229147
3.5773756916593706
-0.2545054179304585 0.3517096197705866
2.464052911528258
---
64000
78
-0.847879088532597 0.05855175527228492
6.141512716774076
-0.3889183227860776 0.10446566036150311
3.414728377739432
0.4984784761943063 0.4182797357939671
0.7319947057480807
-0.6269161564253004 0.002441157337071981
4.521766312925595
-0.709321858395908 0.2834906093983554
5.6849596921515255
0.07672559521076945 0.03422009061182221
0.911221595839474
-0.7214460502433241 0.06851000450821118
4.50605076844696
0.9706054565396076 -0.4436789050204451
2.711115608546937
-0.8874162629290393 0.9607736184566711
2.5712124848825972
0.4905910904676108 0.10711163515886597
1.1719962376434605
0.5522710903881983 -0.390464089920998
0.05516760914079999
---
65000
78
-0.2008479713206015 0.7342429696443162
0.23737054521805323
0.8414256438408252 -0.47810537689100396
3.4238557491071457
0.9332690454996913 -0.27286314320701466
2.0851654907021926
0.45981517291802443 -0.7221942492811755
1.236353468084367
0.4030617129191565 -0.6812397198164635
4.7847725621073876
-0.1952130049829053 -0.040288844591125694
2.8345339534651934
-0.5830847993040761 0.1625504757679858
4.372441826382428
0.16211671877726477 -0.7051488906695409
4.383808415155822
0.9091672749141465 0.008696147250203144
1.0796532412986197
-0.018121284129228428 0.8714066569575275
1.094009669326053
-0.6089856141832648 0.45142562409019743
1.8744188618416615
---
66000
78
-0.9679069941907283 0.24216419135681697
2.1608876724660675
-0.9429769938745307 0.21929357164387192
3.626339067205037
-0.9602953982786357 -0.022456063502983587
5.5701147794760635
-0.5817264212015099 0.09189017325541514
6.2159951196576495
-0.32590478336318734 0.6410011959486058
0.5331589298053219
0.5311073572006695 -0.08676283949913247
4.716535043587453
-0.8747475804049201 0.1990389089669441
5.309099368974914
-0.950170365370006 -0.2903860903359298
1.6368981335373842
-0.20800742311242276 0.0992167276708881
5.337107765348478
-0.298906057265864 -0.5083256601335815
0.5919410256486923
0.49560016258891443 0.7422861805149858
5.41417775150899
---
67000
76
0.4448699307668444 0.6644549046961166
2.3224535639117634
0.30958024326399186 -0.6856839223004487
2.9152238133047
-0.6080694330732868 0.16148740448137996
3.2246375465204737
0.35585891850025186 -0.3397932575890074
4.003162327220258
0.6558596239672926 0.20195874413681258
5.000841075832527
0.48544151907341154 -0.2165013621885658
3.893349325527269
0.7090237780411415 -0.5288860910496227
0.8259295035912135
0.6883347812401954 -0.5027435805703079
2.045672275703766
0.4649296942548956 -0.8505296028246435
0.8187919125586776
0.12364443374070025 -0.36836292385227254
4.696216951702352
-0.32716026459582503 0.07519300108915158
1.6029643838458938
---
68000
86
-0.9695085782922774 -0.3864205548387192
1.9394165978870763
-0.43688772085653504 -0.48829511658550795
3.8677565402966065
0.5865451288253635 0.9324726818533481
1.3030428900650737
0.6556835131540654 -0.2307242959941439
1.59496405920307
0.21214193469945103 0.14596779332088633
1.5392249085922867
0.4299866544186205 0.7820555731755634
2.3916685576908714
-0.47785203435971046 0.2122915812346695
2.610878084051027
0.09710554108906237 0.05080969888600043
1.9064638427097673
0.35508185611189147 -0.3558425943061099
4.2292420000148905
0.6714011988767303 0.06329848148801609
4.9071736576283485
-0.2808353011059702 0.1984077003625289
2.4639661809752624
---
69000
78
0.12676523152858105 0.09359057144069523
2.467421518726712
0.05652254069435404 0.1677763327155487
3.8683558162027962
0.1825556746463874 -0.996634887806398
1.3083212374536082
-0.25787863402232586 -0.13023788717387133
1.0238241409482258
0.22539442698955475 0.7622839033323285
3.9389971832839374
0.8740690702360869 0.8826344979211848
0.13427397289776888
-0.16259377439881054 -0.14942581973189312
5.052745713541333
0.30498389748830856 0.666015409443325
0.26715625794369924
-0.5030557324577652 0.4853816085640077
4.3623079870161146
0.42068406737070735 0.41365950055964557
0.7747562834412056
-0.2239600707910549 -0.7090571287818679
1.2250221562004917
---
70000
81
-0.26898734628325216 0.08249914954764688
0.9169114418411435
0.6898463514025639 0.2750365759382239
2.4667182288217395
-0.3491882632961529 -0.41317259180779664
4.237706307971255
-0.712153126713718 0.9537477794312782
1.4478921312457542
-0.7090461816874142 0.6483961836761888
6.264735671506875
-0.2886410206520789 -0.9382905906734071
5.329454577847762
0.12620062344185712 -0.44275202384107243
1.8175971014668493
0.8488467477765993 0.7231836228997219
5.184257833023077
0.1816545787934614 -0.41784917267058364
5.2144751763435
0.25628534631850486 0.03734304066112031
5.039349272064331
-0.9082620024912096 -0.1618935360882049
3.3514971161945404
---
71000
77
-0.26898734628325216 0.08249914954764688
2.4982195546844363
0.5489261644470537 0.42431775751909834
2.4667182288217395
0.8175014023795111 -0.4637392007251372
4.198203814657196
-0.9659015157384859 0.4628476397845331
4.3251679785911445
-0.45260533066238456 0.04678911690313123
2.4536557712339766
-0.5771291693901057 0.976143781099383
0.7113173806862383
0.9993551897923624 0.6048194170942721
0.571519398934969
0.9340528122154583 -0.16315469889616055
3.7006049734927036
0.05295525261857957 0.6184885446123959
2.686285665276346
-0.8271130069400262 0.30377409056927673
2.32753337741479
-0.44586127395500985 0.5704481660520928
2.968737317219823
---
72000
61
-0.4960062709634018 -0.16897711682992173
6.257100828131648
-0.8219972512377595 -0.5509000535100914
3.3841127590372517
0.5869663491446883 0.35931200263091084
4.452903931918678
-0.5190393930238069 -0.651537625610439
0.05400175358309345
-0.006033771886458594 0.17941843939152435
0.7313191878858776
0.02015579930080733 0.03384802724267237
4.297851029279262
-0.23269692113144058 0.35001371222848576
5.442519754967041
-0.005805558780634455 0.3868226201800351
3.234065265264534
-0.9864708885919187 0.6272342239397636
5.749422674062658
-0.7810900852641677 -0.21910673936092248
3.74008276879451
-0.6451466019926948 -0.4725187239738556
4.779877838627364
---
73000
65
-0.3972181155508766 -0.6390068136614016
0.6283962497308258
-0.7430008194846567 0.627546299077336
0.002084185176148168
0.6644794003862864 0.16358730048982187
1.7442734441452794
0.8839005623761536 0.24734922840198334
4.842961816888274
0.6463697513610842 -0.1372643426859779
2.641819049084485
0.8921755585552271 0.8113395649049027
3.2608042477653134
0.7625778139883003 -0.5322088061167474
1.9858311724114461
-0.8212566991140725 0.08477045596412985
1.5074438634615221
-0.3607036597617148 -0.07442828976740244
5.859385063745349
0.08640731001222159 -0.48746351306166624
1.574539416155318
-0.932870632708289 0.5577560464885767
0.7443332425494438
---
74000
87
0.5887134695751327 -0.8455012776427928
1.9919901200337191
0.563115624486979 -0.7055610580183708
2.1338229917566442
0.5099118140848155 -0.531427530772703
4.547095358744902
0.821795262504684 -0.77023762115501
1.8224671378251296
-0.9872363400092405 -0.7692297395095344
1.5799863229746736
0.5984985855555018 0.5302427314571293
3.082668300098236
0.25533586801066893 -0.650089949972049
0.7229490644744898
-0.6758027895273659 0.8657748553570155
3.036963301379024
-0.8112922233555094 0.625341513657521
5.042261541957152
0.6146799824673752 0.18552579024873575
5.876250843178419
0.06225455587941615 0.038251331454290466
0.15090659697104414
---
75000
57
0.598410007374054 0.5424855420249838
5.131962536329879
0.4250424006879513 -0.8032826224634915
1.5076796591339692
-0.25741311431995506 -0.4778732802276883
2.69137846975884
-0.12128484778068074 0.352271164635922
1.1330164635736795
-0.39566324737671826 -0.8191977411451504
5.815070712006933
0.6392123175181651 -0.5369567287218068
3.4514744510086928
0.1634270072092563 -0.8542248872050451
1.259812098781488
0.13794287834235316 0.8484589256982276
5.811478501910177
0.3329115505589463 -0.7632000151767214
0.948731416697461
-0.7518178034682519 -0.06505255772758639
2.382568637433173
-0.6706829700649981 0.8668989464214323
0.9668099136875465
---
76000
84
-0.8155220838299279 0.18202261490079055
5.79725149093543
-0.8575116837333066 0.09958358800241474
0.7859655592339996
0.441551177430649 -0.9241051483145255
0.7491236889184889
-0.2060782739490437 0.8457746074109793
6.099220779061286
-0.7035363114168379 -0.06819308087931455
4.379418778580384
-0.24541869534896016 -0.6394946490353204
0.10460865063775948
0.02549044745816523 0.45959515521820354
2.2763343513115544
0.3483863967216828 0.9138577680294322
4.045176256730137
-0.8584791419163136 0.35843016546239903
2.5514890079209733
0.826379428594389 0.7219774697732851
2.3003383705258047
-0.2521736146214428 0.48826939480353926
2.2970430338989978
---
77000
72
-0.7723893596611829 0.787213116744238
2.7240232976171517
-0.4697805041931452 -0.6666973284449712
2.421800854061802
-0.454034103006089 -0.14396330785853592
3.9687848223163193
-0.9331182401993341 0.8289087867802042
6.0802245700795465
-0.4244673594415392 0.43363134707884315
4.695015854744555
-0.8799310980070596 0.9511880663074731
1.2860576504028858
-0.5527582381124588 -0.9111030751758123
2.2416960771576084
0.1512270079598986 -0.0033930011217511227
4.485699222290734
0.20060296327619523 0.023157106269273822
4.473985905982089
0.1322180779105077 -0.6046765062375817
1.9957188863617041
-0.8399938925471586 0.6247107911848814
3.956895396130008
---
78000
81
-0.4749587364444839 -0.7479495488347483
6.1606635246761
-0.708149849635772 -0.8146777218216235
2.1930890511251215
-0.46759473052180345 -0.7951947056446674
4.523884102409665
0.05731668418330048 -0.5804406257099959
4.4350291911712025
0.4557828232828274 0.34441862895329134
0.4536988084695981
-0.03906684255319165 -0.24105163396934878
2.0930010405696633
-0.07000623111271931 0.05410733124887913
4.991631987436297
0.57540600725368 -0.43704922443992833
0.04657904306545024
0.18256488476502727 -0.7817459968910555
1.8522137468620938
0.7741504982383307 -0.7494525078079024
0.7422443995371939
0.5556419606685832 0.4898716882756135
5.775600376593168
---
79000
87
-0.17477182180123238 0.8812196333448965
4.305676293561474
0.3522146218695586 0.6572993931524097
4.635822058707142
0.8249310639245293 0.018598183574226365
3.714794143621737
-0.378600289832398 -0.7502522483653215
4.387547066905946
0.8066128104753382 -0.5681341726910193
0.5669897537480866
0.10358927728777292 0.1380571464883713
4.354850685865774
-0.3653814952213882 -0.4934554976567633
4.089829217820985
-0.7182208436940387 0.9086469126353254
5.742622349515033
0.7528142618301622 -0.31972985768975154
2.4168169664928225
-0.8878802972301738 0.8753759783709294
2.1523159498630955
-0.824920726794419 0.5265269679826028
0.4886581913487511
---
80000
72
0.054428627595327364 0.678488368187518
1.289547992533742
0.16983340419406429 0.7272973351381674
3.556536787657275
0.44211812041058024 -0.522708608624023
5.1451955906160745
0.17378477119588545 0.6977496978799881
1.917533688725003
0.07332136034245337 0.8938320598086271
3.9855707379159577
0.5940197908733439 0.6605532874533232
6.1975725961445844
-0.843212289422378 0.8332947180345461
4.7358456376337035
0.0883112506936985 -0.4997135620244893
2.860729207997471
0.37644947966831216 -0.9831101241848785
1.4959188120704408
-0.3835615381830101 -0.3624660796527599
4.12334223917561
-0.6622157338660235 0.9677354814494519
5.656626125648234
---
81000
88
-0.06502674049783443 -0.5212055576843093
6.108906891528273
-0.0991908490784345 -0.46870068757928923
6.107191687442497
-0.8706035933955725 -0.6212788310976016
1.6965324543940499
0.3472024096493156 0.07658412149381619
4.690671571594706
-0.3903986940510258 0.13120169538702442
5.8834328490124985
-0.6918628630231911 -0.2148735960436385
4.674730101765349
-0.37884074271310336 0.8746529634584959
2.837813862787349
0.6281914019442354 -0.7029805075717291
3.968986654580334
0.8123982844114415 -0.6362848772500275
2.3025567147669346
0.27727266924177085 -0.3882561541625301
5.196149331398848
0.7896232577057158 -0.2594999981578346
6.219463674307887
---
82000
76
-0.5340360773152918 -0.8533062270441282
3.210654151035029
-0.555716728053172 0.9745398089845911
6.127084814997602
0.6915030505331339 0.9567700742734059
6.221570164546388
0.15656063485042193 -0.19245617042555352
3.3545408386813325
-0.9692007469781903 0.025790368699788152
4.180697627932926
0.6281931122250971 -0.2497926163424297
2.7674681648118877
-0.6297592096544841 0.10181648839951338
1.4694328603742903
-0.2948039494570138 0.18780924617815062
5.927208613305408
-0.7959317597431809 -0.5002039993652666
0.7667819105869098
0.34235693095663733 -0.0036343368107454588
2.216464747162889
0.035919561012059245 0.0764400435146861
1.2085105503968672
---
83000
86
0.8838165515807832 -0.6186408750899278
4.201946370124247
-0.9691001287989353 -0.47499942708537596
1.4492675273900284
0.08777266882185233 0.8049830723682028
3.5090170239971004
-0.3968026230793178 -0.8210695513664151
3.932514126561255
-0.7831842583982065 -0.24644597283867994
2.232527567443829
-0.9162423601335584 0.33102606844655613
5.908996945815556
0.867949980464709 0.38209418966987346
4.861188646489343
0.5960322073236333 -0.45587061271107343
2.96332451110011
0.3984342379728032 0.8026887355056086
4.133485991803057
-0.4789677762818383 0.8356853980104659
4.243842378541559
-0.9032890456353692 0.5178487092275254
4.565391440004762
---
84000
82
0.710802717551946 -0.7782679901382991
1.026778395509857
0.6509388731749841 -0.9026662017699346
3.674182112502627
0.6963963763973073 -0.5182849331748924
0.08920606800830821
0.016594008033670095 -0.46282597962067906
3.235495282031234
0.9992744912495647 -0.16160954661218252
0.0770216808443207
-0.861642854493996 0.8213067494714739
5.166341362889035
0.11155347025995188 0.5356058389964365
2.407953893092455
0.22012874326655252 0.47676448707017866
5.958034928803848
0.6144225471952307 0.2485025032523248
3.533569836634772
0.33273237340964146 0.663384990440845
1.031928337326315
0.8001299876367339 -0.9865614496417207
5.40674161679585
---
85000
85
0.9682915011438396 -0.4049750604782172
3.2916606987623
0.9938505553112715 -0.38001378042204415
2.945270375018871
0.7288662371966964 0.5510691571729193
5.9497306007528925
0.02081382457749715 -0.06528416661437962
3.165444416765536
0.12086883168965769 0.4879359174037754
5.099315162371995
-0.9717750552871798 -0.622322409252878
0.36588406846870836
0.002304947981841713 -0.172844524620241
4.775122578428428
-0.8505223725691564 -0.14104026970265637
6.114986821063793
-0.6043482429137219 -0.7208320843820508
3.956753750089926
0.7479740712827192 0.9941582307553595
0.5373639951872375
0.9568979785006553 0.06457562188668126
0.0057661960155313
---
86000
86
0.4886483872840962 0.5127052078867769
1.5895012408270897
0.318381273088858 0.6153911402701852
3.6772468916466794
-0.44901463733391095 0.8960344200457027
3.8352460724539785
0.2928296987509393 -0.18548871483964946
5.026466373862536
0.7022332236013714 -0.7805888080965452
1.13151467359193
0.7924348330925826 -0.0925617383669188
0.5938585007112991
-0.7210189743923483 -0.5612297338005455
3.2435474412072276
0.549754861716744 -0.5018440919393427
5.951420705529701
-0.34914797116217716 -0.05809344578179096
0.4406473164005966
-0.6887288565060986 0.6720078113031108
3.6548937314937273
-0.6257843741297429 -0.9884130905044901
1.946038923203914
---
87000
77
0.3516088175151512 0.27723129516166467
1.7708225274890976
-0.8112748560760704 -0.6233709925467927
1.8491724685513127
0.12801852238337819 0.2681612666801098
3.862198290503608
0.5253967760361026 0.0988950275519934
3.1033285659053638
0.8960758713558599 0.5648094702782358
4.7733539377524306
-0.3483717690733803 0.7533632708475418
4.44783246388517
0.2223276546827474 0.5394413563800999
4.236383671887517
-0.35428638359778303 -0.09821484565203592
2.715714102097774
0.6068502374525615 -0.2834338831943697
0.9325893208087592
0.12244102651410227 -0.46054255951445155
0.4221254654008497
0.3501043901018533 -0.08900934699437023
0.4323601313512997
---
88000
73
0.2216621376171825 0.9234707063012959
0.6698109650002687
0.657084834128178 -0.9980357666100209
5.873168565989584
-0.9546863407311452 -0.021767756810040666
5.9530517099013975
0.70273829147481 -0.6642779317121814
4.915654262011864
-0.09006353062336905 0.7444586411436274
5.905371911281572
0.004989356289108633 -0.05720786049527043
2.1664395704669808
-0.4324335447727755 -0.7780310074234097
3.9118377607638033
-0.552358716729516 0.089774444563136
1.9734730697653857
-0.08313169033979716 -0.6146954937455501
1.9306893121120847
-0.779033049021416 -0.5871983877330027
3.9484126855050126
0.6060551702423401 -0.23138773694772835
5.623349371209398
---
89000
90
-0.6211835164182563 -0.09234736731751632
0.001009031039276083
-0.601454653779804 -0.3704807186975678
3.2498584003397264
0.9159123750008203 -0.6478951514306731
0.41586115716398986
0.7316744192684217 0.08295162291728692
3.9459331427588697
-0.10877186890050074 -0.17905921651357964
6.024163058788824
0.8628147978681154 -0.2998620723857741
2.6504838952929104
0.29466535521466747 -0.4315143097896774
2.356385265605244
-0.22112721124088727 0.7837406457690177
1.3169013818395436
-0.14792758011348467 -0.1918468568274445
4.9300861086087915
0.5668368243963786 0.9559306767543804
3.6798310029770933
-0.7786996890364645 -0.12734066904355823
1.5816810817420386
---
90000
79
0.4665030472576064 -0.996448521567583
5.61287698937637
0.6850438633511292 -0.915197042019879
2.9264583747764767
-0.14436250454685645 0.6474995931932112
3.6046199940399415
0.42460802901111927 -0.5589729054798956
1.9249704204437252
0.16033739822077003 0.2902386342066271
3.2224709377135854
0.5092800487567176 -0.035216361660301475
1.2692264240137279
-0.33238117921847227 -0.5650829517399896
4.013539375168305
-0.10253020023470846 0.15423199363294426
0.3167856571290013
0.03381629966939537 0.30786325442049073
0.8210255730853797
-0.843842210918138 -0.22702930589421477
2.331849637685967
-0.9592998208691801 -0.9093796997524208
0.31118449037290485
---
91000
73
0.33665703170917827 -0.2074862025424379
5.4531161113907896
-0.26799915619021764 -0.9020358033821686
1.2201992680623848
-0.7570529476143706 -0.9259035938508919
0.01879661698084334
0.6656130899136333 -0.39666457436098496
3.8190411496665506
0.6207245741696062 -0.34395066002860086
0.09523773693730675
-0.3211892853582015 0.9506109332432333
5.049594128473347
-0.7346762086609486 -0.3515232061302077
0.2923448668066655
-0.3758276584955447 -0.6719691261003335
6.109892654417413
0.6119021673928533 -0.3959599102404674
1.49427171254918
-0.37551816674910543 -0.8758242177670562
0.5958097042958341
0.8023285533911427 -0.3843353019110472
0.26484561768773496
---
92000
77
-0.7958439215200809 -0.8889967711722893
1.6448107714352356
0.8490467456271651 0.6243308835100998
0.30707720680410766
-0.6373354710867093 0.11048160259421377
4.421549457455192
0.35160355822268785 0.43150999362331127
3.1280042411406908
0.9010899657249879 -0.579367945207094
0.668882031281762
-0.8388149813197477 -0.3591033478937088
0.13339800267231094
0.6938902128757747 -0.6655867657969621
1.4913322210272657
-0.6589359427326349 0.9557537914381378
3.8639270008920104
-0.3111836439249689 -0.6936207882073828
1.790462996137217
0.6783493976451941 0.48036267033276947
5.7681104191110055
-0.9610528436753102 -0.5199818470910629
0.9134915855450263
---
93000
84
0.31076519213600445 -0.35205249479356393
6.107522837780845
0.2703454578647583 -0.2723670474577483
6.086511358214132
0.8148562008338469 -0.9961797349797656
3.0023513001722995
0.24661098502642445 0.9803569840156614
2.0526781009149717
-0.4800570032325737 -0.3226141090770149
0.34936435436519186
-0.2359117689643937 0.36930152577187186
6.275988334019758
-0.47934197882437557 0.8881659668877826
1.0552487163669433
-0.7480335707335454 0.4329088717425249
6.0372512948049195
-0.8797808682918085 -0.7277662302779755
0.3205124858207684
0.37747045331256335 0.4932772857338405
5.818741737717488
0.8741257927320789 0.9382910793023568
3.1254819535730256
---
94000
73
-0.8324860182295798 0.5721052258839693
1.1564604567290688
-0.9810576043544392 0.14595599155789304
1.5008840941953432
0.6981002961527644 -0.23172795906213783
4.691196886367156
-0.9702212147332121 -0.32163512072298317
2.472664738557361
-0.714196070588143 0.22946408168040114
3.8220653935387006
0.597098391762221 0.21852167679013157
1.5906759297032895
-0.5560002245804697 0.6012907958051164
0.4266205581074196
-0.5025690637539258 -0.253613934811483
2.332974693645413
0.9553597841772952 -0.2514302853657151
5.6985563639992804
0.17147055170037984 0.9846732945935047
0.002287617407741749
-0.23147586773367473 0.6832482161149639
0.3359444126524256
---
95000
85
-0.4026053640431274 -0.4627927956244427
2.685357628190415
0.3201220059841578 -0.6942617305989741
-1.783793610244801
0.6587742714671675 -0.32481710396768626
3.725179382116517
-0.7259469131627392 -0.6658793508952493
5.317828203803648
-0.42444853742491 0.8056996251821466
5.336898075394
0.8912965129923999 -0.3192130266846081
0.6167006083340949
-0.528536798243032 -0.6530605270827923
2.307239243026407
-0.984892066741448 0.0961382494808324
0.4691910350498212
0.6395054140374474 -0.559093097005577
3.2719047965966377
0.33930007338646717 0.17149994524536466
1.1947737914972185
0.27418231839255036 -0.7777447648454057
5.604317219080983
---
96000
87
0.7728813380503563 0.6169828150031067
1.9532861240265487
0.556079448149422 0.7593269635538901
4.778854289737495
0.9990136385837298 -0.4644642318664476
4.439471207116641
-0.09607471079083735 -0.03777052881875882
1.7007926440732595
-0.9063959023020619 -0.3922245667215557
4.553276028108625
-0.0014549462184904952 0.244813996634772
2.9263332198659118
-0.08353159441944788 0.3004032046808489
4.998620608297808
-0.6822886435958715 -0.48787977387397563
0.017837932411868384
-0.8121030594120688 -0.4605433521271688
5.548061007168607
-0.8058663350519241 0.22040567792966592
5.395767711821425
0.3671589712945404 0.6453218281775098
3.1066451933502144
---
97000
86
0.035490728759212754 -0.47793099666169825
0.0007884837041186588
0.8101399957712232 0.05651803653342959
3.0361587818938043
0.06981790475085684 0.007481747472480323
5.774451841660502
0.7896190336527649 0.3104009221065195
4.764885878749444
0.030022527713540224 0.087241845185236
5.455620700854069
0.09654974864889222 -0.08391173344515845
0.2860158329502056
-0.4544347548089191 -0.08730725090913447
0.8503736937324282
0.5877938871363373 0.7049074159577294
0.1041675984637509
0.5738290228527756 -0.14416804312822679
4.159887987543614
-0.32871081870345464 -0.5767290528117158
0.5320598186542105
0.5857373772330453 -0.1176716456058889
2.0364143468272546
---
98000
81
0.262685190008553 0.38144776151950416
5.999463171781689
0.553230659420263 0.41130991780926435
1.4897516507344744
-0.934008617206297 -0.44754310677154235
5.311660474122539
0.10347111977201204 0.5219500963339345
4.9881857104111145
0.6497689605412809 -0.23283507789435937
0.7289851626703934
0.11249281544787468 -0.5478425323739331
0.3148358840932586
-0.16910625834364973 -0.42023016174418326
0.3566290391822182
0.6982214883689177 -0.001141761116353661
5.445855420586211
0.2057587603966786 0.41284493094968616
1.698763309530504
0.5030421060321901 0.33121248853979807
0.5575167983551585
-0.36135270434275774 -0.3646750296041789
2.7754176572394087
---
99000
81
-0.9838049895927303 -0.16017010806227183
1.2686456098404815
-0.9885478419713934 -0.10571331783983264
3.4201649875670945
-0.19327792661126159 0.23069572471660926
4.987640670547537
0.9597127931880052 -0.4587779188135423
4.413849207702743
-0.9591372911895056 -0.6380169506323312
1.759572581795057
0.8120312770860758 -0.8554447868247982
3.23318992292317
0.4833450087697916 -0.5057482328259552
5.221384952867886
0.7636574894127268 0.5136689539108176
0.3904261565578935
-0.9248874428444493 0.839494957595286
0.6842198744775034
0.26634144555790473 -0.7077217954279795
6.221711734571833
0.22204346442578474 0.15519873572942489
2.9066767642315847
---
