100
{'run_name': '2D_rec_10_total_boids_short_chase', 'annealing': True, 'annealing_start': 0.2, 'annealing_end': 0.002, 'nr_observed_agents': 0, 'nr_of_boids': 9, 'predator_present': True, 'grouped_spawn': False, 'predator_halting': False, 'record_keeping': True, 'record_frequency': 1000, 'boid_speed': 0.0333, 'boid_color': (0.8, 0.8, 0.8, 1), 'boid_turning_speed': 1.5707963267948966, 'predator_speed': 0.0333, 'predator_speed_slow': 0.0333, 'predator_speed_fast': 0.0533, 'predator_lunging': False, 'predator_lunge_speed': 0.013, 'predator_lunge_distance': 0.1, 'predator_turning_speed': 0.7853981633974483, 'predator_color': (0.8, 0.2, 0.2, 1), 'predator_confusion': True, 'predator_confusion_distance': 0.4, 'predator_confusion_threshold': 2, 'predator_chase_time': 10, 'predator_halt_time': 0, 'predator_eating_distance': 0.06666, 'height': 800, 'width': 800, 'graphics': True}
tick
boids eaten
predator position
predator rotation
agent positions (and)
agent rotations (interleaved)
----
0
89
0.11278617770036707 0.6256973216820939
1.7416151294809181
0.5822695847494403 -0.8739618400530638
4.10485221136639
-0.545996472281893 0.520570999230799
1.8419363296532767
-0.26542774829285015 0.4924791035284967
5.217941805333722
0.4874453490256824 0.13310919666412183
2.431453242353043
-0.41285115488045854 0.6125228624744332
2.173663065374034
0.3405582467715355 0.21615853596963058
5.258461908713109
-0.7204450140191996 0.6150242179069395
0.911700855367223
0.839569958392472 -0.8284025139916856
2.3289828191693034
-0.730487767485462 -0.3323173163354629
3.2819003130340763
-0.7138004018632774 -0.08263971775632768
6.1964238346076925
---
1000
76
-0.7790662543641188 -0.6764129425602242
4.8089261558285905
-0.7787503384161658 0.9920270806684633
3.2265852553557126
-0.7186310883048276 -0.7653573817071921
1.4069135878117018
-0.5484111701405007 0.42446093828606685
4.65500481186256
-0.6763928109365325 -0.2576177976344225
5.805710458478962
-0.1464194958761286 -0.22269039810471983
4.971529646530116
-0.27460947987533396 -0.7528683201087586
0.04944464644062663
-0.9878138114547673 0.13911160095497377
3.5693071162003474
0.9874770985417118 -0.48945443113954945
3.974629854646924
0.9293105419008875 -0.031164458100273677
1.9997704626366355
-0.21760584732622498 -0.39064327915728536
3.8869313517200874
---
2000
66
0.1975718538218959 -0.4929192891934955
3.0119265691552406
0.2128952566275848 -0.5146192677340384
5.382843279700386
-0.8413780876669676 -0.732889656846738
5.056363752477773
0.8640204613650327 0.5239423777300004
4.490008395408486
-0.07486192809797824 -0.8279160379880327
4.015761438905277
-0.4452890311072809 -0.9732143036893408
1.2969597851502135
-0.10436594167723791 0.9537149377447288
2.2558943513544545
0.7342834601896517 -0.7032973996212211
2.2420910756439874
0.5303538828517294 0.6571268092450447
4.438804177892297
-0.3401223778853251 0.41626040486955684
2.5672458813300683
0.2549688583252324 -0.0758925166537011
4.065835415934654
---
3000
86
0.774170063433441 -0.7068696177630238
4.677530380735652
0.45595521865001326 -0.3655614988507013
6.000353343621633
0.7207531159064148 -0.28680938465984757
0.09930367976082355
-0.44718378507032563 0.6777459349835545
4.63590969666113
0.5553108640325188 -0.2206577198041843
4.774607600668342
-0.8491513332252988 -0.4220896516453157
2.694098899962105
-0.9679128271881956 -0.37842901808993934
0.4934095688456708
0.9537293324849617 -0.042923873172748456
3.1132155920995146
0.5409810673994151 -0.6486918701997655
5.551536317962704
0.19986204193743726 -0.29779906269033035
5.839993978717314
-0.8965278930947964 0.5132858932675155
0.13527955568193484
---
4000
94
0.7420942110799192 -0.11848675819331117
2.779185642257502
0.12921253874301936 0.5889288211486535
2.508835440053443
-0.6627253057511122 0.1969319951103582
1.8794992210557124
0.5679063201496863 -0.11536272926103042
5.251174642229889
0.3659973389788058 -0.580654051506468
2.648905676847999
-0.47466835887427483 -0.21508254325246035
1.142689971047304
-0.6949673457417597 -0.03251351555921596
3.5731578217560958
0.40307546477361406 -0.48746302322770596
1.1786821594872192
0.4429693696356318 0.3618710391242481
2.7798284532540176
0.5022034758808034 -0.4535115400331775
1.831798382052984
-0.12323699756436668 0.5924135668991924
1.8510306995359391
---
5000
84
-0.3898274025475323 0.3363887880654556
1.7734840361518247
-0.29216721286922176 0.05752943962865919
1.207092811688776
-0.7883224059429423 -0.3478526192958094
1.6985163667857828
0.1745696805575382 -0.12700244283365958
3.3271546948904342
-0.7318106449681506 -0.8333042301763703
3.2400850394339606
0.07461271387232057 0.11120499049317203
3.529343958824505
0.4319663191299048 0.03620316998042476
0.2935614527113817
-0.03590109806575243 -0.1556617418667489
1.79157426950077
-0.05361005600162619 -0.15587672121546753
3.22233039869624
0.024535561579941828 0.03869503520119693
3.1937762226951882
-0.9709574494185905 -0.7515262251099827
5.607018939051839
---
6000
80
0.6483075635605953 -0.564433249504827
5.565516088462239
-0.09169150622539562 -0.39306953732814737
2.886581508611461
-0.3007981651440247 0.8269511458258436
2.580717331141571
-0.23582152926329103 -0.27127163411906935
5.6989514389769065
-0.6172830639844418 -0.5268079396809168
1.2776368720772515
0.7408689278672165 0.7580212582709991
2.0398928749326677
-0.6958751292790191 -0.510431417362118
2.5881043281015774
-0.5637633895902431 -0.602536597918744
0.4156955110433236
-0.8905226422695791 -0.6122512349598883
3.90604274549883
-0.47905957406485056 0.8038775917445788
1.1139988750004148
-0.7431298931236903 -0.3992119733662023
0.5694541445844292
---
7000
96
-0.7945894769551063 0.9696930349481033
2.6419445396296193
0.648767219237798 0.9776717058079575
1.8878356089958297
-0.3761405126788564 0.6826665358725059
1.9987536440771185
0.10364534724043488 0.44420963248176354
5.465661224418981
0.3699736538776374 -0.5483423278387819
4.633149411621016
-0.11485180425938761 0.37167905811643875
2.8320255959981484
-0.8779819104795525 -0.8172814053095656
0.4749369189881234
0.01593507253320897 0.14054417554409335
3.005194646249852
0.47644240993267173 0.981335340882544
3.2818766848724366
0.29025817631159573 0.6252185471527928
1.7180739808498444
0.2845000200896807 0.7326880906980341
0.8473708817146726
---
8000
81
-0.1931277967003847 -0.1642304674955385
2.9247683126373007
-0.7200300232960515 -0.9023856890875367
1.4066287919481368
-0.6963187659001328 -0.7007824883159549
3.874150441932377
-0.4179649314981896 0.17080642253655154
2.4124796501206673
-0.659755929323298 -0.22299122362635784
1.9979378656491207
-0.17881868183369828 -0.15705744439301417
1.8178137465137763
0.9739270902559103 0.5589241342260192
1.336759313424774
-0.08932158242404403 -0.41431810319881135
0.8791810172557222
-0.5883966919867302 -0.44506448717640584
2.4969266569845585
-0.13255004748620028 -0.6454848635333925
0.537828510421658
-0.40178368972421 -0.2701726299462638
1.4091003286716761
---
9000
59
-0.3218926912907193 -0.8450895744822822
0.9653483457110303
0.44820294307176 -0.7807442120825373
3.687081069809465
0.40422031669387704 -0.9005426807016284
0.10922650926639488
0.3235090233139577 -0.7162441712687695
4.958889459677036
0.3962854837471734 -0.7220404301303558
3.694332929780151
0.20121606002221654 -0.9999439318049661
3.0646626426794734
-0.40111493195216363 -0.20979386335720196
2.408139664993856
-0.49156845510530867 0.6873833171060649
5.156207773212094
0.41074073503931646 -0.6993572344347264
5.887529615695858
0.36942735713194386 0.915729472973525
4.34744550540482
0.9796774951847964 -0.8892260732524195
3.2817846739865786
---
10000
82
-0.4340990987795528 0.5070484303321049
5.6597720289194635
-0.49392529962520326 0.5088157782862313
4.636319591677038
-0.0651651359003574 -0.09684619398369934
5.4424009214138245
-0.11066454620141628 0.9915669136132848
4.00687194151331
-0.7390994803985974 0.32616835129705013
0.5740973598075669
-0.8608605633554341 0.3771351849238728
1.5908152462568568
-0.6094717737001266 0.08879548568978074
0.759366973728663
-0.26061262436283944 -0.299552730330146
4.952594574408799
-0.2660902130489357 0.5741596820849085
2.123742237285816
-0.30687601507504314 -0.9539552146006408
4.617725048851805
-0.32284404046555915 0.5414382807234539
4.612288760379286
---
11000
70
0.6363038502388295 0.6484258533070578
5.713296154651793
0.15816301129849863 -0.6101524889710628
3.5283710010101412
0.6817833620153494 -0.569857788012227
5.742318008653993
-0.7625267793345769 0.19384253314592229
2.26015639067706
-0.4523998770043541 0.5038759796795065
1.8710138782382533
-0.8968213173443659 -0.5835107179450141
4.800493021449098
0.566329665374248 0.8541526544964685
3.5063829482375777
0.2943443402149781 0.7454890307516535
4.221240356405905
-0.24177075283403163 0.7248598581365205
2.949868331727366
-0.17801018007122354 0.4489652729609418
1.1227706076070332
0.6956412719406431 -0.9323368380162219
3.8200209263904323
---
12000
76
0.6762712067301733 0.8431422945956324
5.162977003698012
0.3535905806261456 0.38486125458395426
3.510296776060267
0.17670404586864902 -0.8458813054732551
0.9046422245465511
-0.8892813763334153 0.2723533560978766
1.8117474824789968
-0.6465563105099577 -0.5923006316284891
2.3722995898142845
0.7751306028200059 -0.7397909760146708
5.276281526944037
0.05609875899733076 0.42814096952533415
1.2214319758491117
0.8084930473794759 -0.8853181906766754
5.625791266361539
0.030950647542809507 -0.9302231320610914
0.7873327690706402
0.2675325672672681 -0.8424764915790856
5.098664262007776
0.8082722094052943 0.8217486099838269
0.5227063180613243
---
13000
62
-0.07250838100502897 0.16607975595614233
4.443140099193928
-0.1670041181107644 -0.6968325516569501
1.833432487916638
0.9681180550145796 -0.11908930029272172
4.267391709379096
-0.2747000279070255 -0.07023484319838619
4.124798627125562
-0.5779472269102939 0.38862199617531956
4.359166052358024
0.09441615949030643 0.996971743079897
2.900821512363473
0.20536013064901748 -0.11249792125757596
0.8314775396137195
0.21740052588541836 -0.9905015292150836
1.3541042888896877
0.6894728591387911 -0.20120985723276918
1.6392580582082026
0.30346875505688287 0.3381124137572961
5.656546104623005
0.634530423701664 -0.7292391467861952
1.3519963018678345
---
14000
67
0.6968365473802065 0.2133945512629244
2.335687876221429
-0.3040552706537504 0.318178989063564
5.174666941748743
0.22747054740583345 0.347792006168669
0.827805911363158
-0.8114160836541735 0.48891246151927487
0.5399034149050559
0.5050752311959519 -0.035070960226424586
0.32874051983157493
-0.19099362747901136 -0.15006211518820828
0.2076705854171914
-0.3667413729841088 -0.9657182580281372
0.25214553181080657
-0.6813375027361559 0.6378507315289832
5.870920652532072
-0.7451495278421068 -0.682382113821105
6.194195229050257
-0.45476533031648747 0.35591150824745743
5.694974298783788
0.4071484012133946 -0.38693738244728365
1.9683675279356114
---
15000
58
-0.6900812508258117 -0.5547625606834484
4.053426107803787
-0.9351689813887215 -0.5933678259866627
3.3006006210953505
-0.7295442958917556 0.6796355961824959
3.9372373839314845
0.8580818002229227 -0.2874747640169252
2.400713460919895
-0.41505506626159683 -0.13107947058877945
5.073212584751594
-0.7360999419310533 -0.05546019219748699
3.3919234391691573
0.7890965593244792 0.9764792948485161
1.1868341652977294
-0.30955946777799553 -0.28258704796673073
2.392261295180747
-0.7253100302291342 -0.5499004178121099
5.18712516560234
0.5684357349116654 -0.26801923263874217
5.473790833329717
0.7200795319989995 -0.41750650370793474
6.026970415712128
---
16000
52
-0.7339667164779697 0.7444630403235516
4.446299645244958
-0.9229083461186147 0.9866849457767285
1.0077104764392466
0.5264021121733834 -0.8928527376691562
0.27881457265871923
-0.07861851213573351 -0.9006962326847704
4.374854688687272
0.2995214908881134 0.8491213640654917
0.28098456627098933
-0.5460697706737262 -0.9312131791697864
1.1127087807870888
-0.054292665808001794 -0.8471201336065788
4.711726928532847
-0.012784633552156149 -0.3964355160813513
1.6229728840301076
-0.9285221481067645 0.1655067704596214
2.305731696997749
0.48858835571824666 -0.21087977622786908
2.5728492183068923
-0.30167007376009203 -0.6261318910475981
1.6515812437640358
---
17000
69
-0.8404136786325328 0.7761240816107192
3.381606254133544
-0.8606917294750073 0.9390807023576196
4.783451755249591
0.9427737994818168 0.5033255035317263
3.641572512402581
0.9268312318581317 0.7122001563907691
4.4076777922659005
-0.7771542150755465 0.9931059281616759
2.983198218449049
-0.5667636555092855 -0.7203015770033255
3.1114082055895738
-0.21488103335202932 -0.08146171812781916
2.569791390160824
0.24056984497267536 0.3546665536421713
0.8877151668125638
-0.6737566661358664 0.26721917170515724
2.8592950492761346
-0.5859696753191583 0.25403854625882016
2.786393118075411
-0.04463325599848671 -0.48793906917036356
2.779067188138713
---
18000
58
-0.0897308215721044 0.6828215757196031
4.747535545011671
0.49917261983583827 -0.995690863477012
4.074750158518036
0.7408952549321649 0.09021058877251627
1.5046498040363563
-0.3247540848069864 -0.8655684494345264
4.985950396318149
0.27314252588931803 0.5274816046842012
5.521462088758198
-0.9267042209389861 0.39354640642420524
1.1701179356504188
-0.7383152440153449 -0.5222334088673196
2.3218535393651294
-0.19931251701539926 0.35940985619893817
3.7552696432029347
0.7278470332248437 0.4916196728242838
4.979992044820756
-0.7955162231516065 -0.825457109183168
4.377869990966254
0.5340837338345791 0.22163108500496748
0.513142164268646
---
19000
59
0.6055613268543505 -0.8497106378212863
1.7314589274795391
0.6052513696182592 -0.8479139287098209
4.862324947677664
0.6659815215751901 -0.2662302951934818
1.6842653240927001
-0.6747410538629577 0.6136387060127811
3.0305023900162604
0.2156900992819721 0.04322281886509039
3.940032222850923
0.7656852338919651 -0.07962361474659366
4.07081552573326
-0.5680524503144694 0.6364444990953122
0.43775381227745314
0.3386192453470802 0.15095036779977963
3.5967192192785093
0.9819465130679785 0.8050800525207359
2.325210840091523
0.8830091624016302 -0.37057647842345354
5.348310807621658
-0.9671124888082386 0.04771096358093657
2.513419498498741
---
20000
60
-0.5339723206341693 -0.7094583144541136
1.269958114404562
-0.43117278040140733 -0.7242183893096481
1.1357963994290436
0.5962128664118707 -0.2885357346374637
0.9145466506334259
-0.6878445734035433 -0.8070353949070964
3.503034355033309
0.5617297583323854 -0.16213144428408438
6.205436336692406
0.5518010391407309 -0.8960521172004386
0.10644977830452085
0.4244982775409563 -0.5389033649630552
6.154532178065592
-0.7735840178110817 -0.16005929578058464
0.8825517041037898
-0.031562049580902765 0.757602099349044
1.3943559748942649
-0.7401384198017393 0.2728083097200494
2.135055902784103
0.33947612746623473 0.8697975762849476
0.031777613421793305
---
21000
59
-0.8099770892211444 -0.022801705372527355
5.192514836688593
-0.993862064258675 -0.5014776791723836
1.8339360173642527
-0.8393205427244614 -0.3132690762496416
5.369448101836521
0.9800241213355558 -0.7817688794055657
3.2537804105166073
0.20087057304525696 -0.5435593966050614
4.497861726291182
-0.6916712251141303 -0.04356309499279156
1.254524147577686
-0.8094103570760935 -0.24520742875930912
0.19339283686346764
-0.7566170733369939 0.0889899892985645
4.352244898322361
-0.7248991474133403 -0.19422296212630993
0.3431184868602051
-0.5638572914853793 0.3436739962884612
4.592058639436055
0.8481379817793858 -0.7800850439485367
3.830537789938459
---
22000
59
0.4514468879016761 -0.03413454275276924
5.344593726882123
-0.8499147202481078 -0.7554082259220144
3.6475135896427267
-0.7777857739727504 0.7947293929817584
0.25241120618437757
-0.6466007884079759 0.2126090112616286
3.908543426978044
-0.2032075481289779 0.1416895728703427
4.473406193818929
-0.26880809227821756 -0.8909976427918291
1.966498678214407
-0.048372460498052855 -0.187382305788809
5.67369346004573
0.1828187412151041 0.5968976491663788
3.40920044471864
-0.5078651054449255 0.7393914134020139
3.3275816354863803
-0.08230024774293303 -0.6360570931822168
4.617886966639413
0.7598763288126964 0.5139470046057631
1.6900283992841878
---
23000
54
-0.0777836207634367 0.39570046691274713
2.889509067579396
0.4065993784919823 0.7973861109796683
0.05688014357379334
-0.6387182224896162 -0.5918117002473268
4.147318889131074
-0.6070687060256433 0.18708626452655616
3.793990879318973
-0.9405492312403909 0.64809098735122
0.45909481421326603
-0.9804075299485389 0.7569028725156217
3.3493558251378586
-0.5409419011746219 0.7997833744899726
3.2335304857524205
-0.7710059791843534 0.7122798309927154
1.777433328375908
-0.44138813181893116 0.3748009313438221
1.795828359683867
-0.7340788694961695 0.26819014883722514
5.610878686253606
0.7438980119624891 -0.4865528143762585
0.45108767348668355
---
24000
68
0.7137972698758079 -0.7411434299566386
2.872166507429663
0.73112420764558 -0.6556457294376565
0.20963021671997772
0.22249593979854407 0.599730478086814
2.809190595065534
0.8292664314435387 0.9002370064704803
4.198065022207097
0.09096192604869173 -0.5125433690913591
1.2510868699388222
0.7083838286454718 -0.8087673652013654
1.1236227305835609
0.5809011412081289 0.1990232473471176
3.728488459473632
-0.650066659916254 -0.9561141989719965
4.5112161493337695
-0.21339850779039027 -0.8394867264702391
5.631965349423693
-0.12328618949140371 -0.357156398095513
6.155318979582038
0.1813620791730166 0.11219820115862338
6.084417127413822
---
25000
57
-0.32923011640957134 0.5894364427164741
5.683678478639624
-0.7310346814683929 0.745751044926558
2.8927077892822313
0.588862830902809 0.23956361713819393
3.1167981980445187
-0.8201079253600931 0.8102729873791352
3.7475625135140698
-0.08132802225795133 -0.8387717739533911
0.20810186191709867
0.6857741051293972 0.795337908917519
2.052538497262228
-0.255762529686845 0.6181810796026532
1.0892304256626835
-0.7618846036900145 0.6623445612261557
3.2088016763792764
-0.2849510501402934 0.9952123469418162
5.912069394274945
-0.28726763090303137 0.8107212044295327
3.798035981830048
-0.6670681424089326 0.8327449336097539
1.3472571370107076
---
26000
69
0.9556252700658523 -0.7270783299073513
0.4883543158922352
0.814865885170632 -0.2392479878911343
3.4293313307185658
-0.058740057541415036 0.8416449913930956
0.9872690775108195
0.8121812490402556 -0.5666328374183877
1.6508982630369626
0.8460201145384292 0.13896736799001608
3.5099946039561862
-0.243832977633284 -0.317368355047166
2.4052591934822143
-0.01568984941724892 -0.08809628419687734
1.761133321925585
0.31065887544085413 -0.07499587391850436
0.6700079471318077
-0.1104565151206506 -0.9855934127559032
2.113259208726957
0.3934441168894981 0.028716442362717122
0.828811401843624
-0.15009068498114014 -0.3229275598420843
1.3711646598927718
---
27000
57
0.2682831338058045 -0.37210410554090956
2.22138689310116
0.8709580859019319 -0.34278943327855776
0.13751181499078147
0.9881799874836333 -0.9031507132640932
5.495103739798873
-0.6399201533206332 -0.6279853305862411
2.9141118493864315
-0.3527434102180155 0.9392456480170667
5.88423937281429
0.005127130480756973 0.6497710810380519
2.730123478415094
0.26325561670086206 0.8506213397780885
2.651033678803178
-0.3211483977151519 0.18951327943629057
3.2004572007738767
-0.4738674664433275 0.017263789395448516
3.3751365580066253
-0.020164267383617818 0.42856292685981057
4.098806406274427
0.8958485323481138 0.3393853818929515
2.0980547052888516
---
28000
53
0.8058328638005293 0.5130175775782259
5.94849643389912
0.6825407525692263 -0.029463104501970698
0.46594432364810157
0.8855388739106442 0.2244771250782734
4.68758905151521
-0.008106898345076895 0.5757271733370526
1.4008317772137682
-0.041521987085966695 0.7772193329429927
1.9429057065224953
-0.6288078469023108 -0.25615005431077253
6.214023259512374
0.17232533722877758 0.18253642234758602
6.190708052016558
-0.607208792689403 -0.35856896323488463
5.939749742646181
-0.6346644797583469 -0.5026953064614063
6.160341768966736
-0.4581778134264082 -0.6241200717156371
5.758404816496572
-0.07848593865818548 -0.6439100833488977
5.633477835593046
---
29000
52
0.2696772722726609 0.7646836498328833
4.083249157508515
-0.02779470611564406 -0.16517936406999975
6.0025424963934295
-0.19824563397139322 0.26918632844440094
5.69976928558026
-0.2787376862975695 0.7110485200593608
4.114150152602371
0.3713483136776844 0.13873944918667325
5.457997728570113
-0.5403908101297636 0.7769700873953226
5.777862744577945
0.5894333148960038 0.007010256131010445
4.59684370874173
0.14299308161930913 -0.051692487234870285
4.256816768686796
0.853763570238762 0.13157429672106385
0.4533796499149618
-0.3736187230365471 -0.41780125225446746
1.4646382079882763
0.10639868724014295 -0.026857701964672763
3.474049216914378
---
30000
63
-0.3571073209743989 -0.36642690531516614
2.536953979565674
-0.7165381991581325 -0.4659197174766523
1.1778653643484862
-0.9085540906467185 0.1078466916534541
1.458174975527049
0.7792593331759444 0.4978048802460221
2.562376712304591
-0.33406859531562316 -0.3540924815788833
0.8314027514731901
0.056787338351505595 -0.22387599067220965
3.5164175960720776
-0.24953256465786317 0.2688257818184077
2.2435262664371294
-0.40192547668430406 0.33724068465523854
5.330526683399953
-0.4006514876599262 0.15867301560727465
5.310903655015662
0.5245187631298017 -0.3157481556107164
1.4562027458532647
0.9238031838290178 -0.9148983554146234
4.183613511719132
---
31000
70
0.8734758567318129 0.21408990139130726
5.107828353957191
0.28857139535943366 0.1481810271373659
5.563348925144019
0.9754715089235958 -0.6930628607597958
0.4464378690844155
-0.7548327695795506 -0.8219460046010122
0.7430636834697273
-0.6191365571808356 -0.9431454126558856
6.086472582634768
-0.7868873967657815 0.826059877224532
0.43227524441779686
-0.6921195085551952 0.30107153058164987
0.6214944607907578
0.2091609067491798 0.587425569854156
1.5640766147929508
0.6156691067995637 0.5122488691498317
5.547438272721039
0.8584335543847006 0.24147696327979098
0.36557918522009025
-0.9275479028778362 0.00120816056823397
4.252590230114103
---
32000
63
0.552837663054339 -0.7440413697744094
0.011037012899461962
0.6251041460779893 -0.8920965622887429
2.2201579913535205
-0.5076945296459187 -0.3167978976871214
4.419356900062748
-0.5662949161593039 0.30052081924976864
4.8416441596773545
0.49538776589625605 -0.43129056322078163
1.8666072488496157
0.9427429221976049 0.8842304270638653
5.121297076673049
0.19513791844711398 0.4157526048929395
3.172019059354901
0.7133922238582768 -0.7220429809511287
1.210093854382726
-0.5882264586561906 0.37005670508198407
4.950331238368519
0.5302295314496613 -0.45746218204069744
4.611104786822394
-0.9429909127698018 0.5107127041522029
5.611132291876605
---
33000
69
-0.3983338936621499 -0.14123367376989476
4.450134849692648
0.01888775986650871 0.6186137072574278
0.9997602779555717
-0.02854898067163996 0.9398532658101828
4.1263881520591195
-0.771789838056099 -0.07475295963036144
3.4078769119919263
0.645861019157913 -0.26606257016293816
0.2637776744330296
-0.5037703082012831 -0.8320654269799143
0.1814755687684011
0.729680070406683 0.4512713103431336
3.590332659806667
0.41355962057393625 -0.7595138617568526
4.147458394310984
-0.8472624304290637 0.14861114464268185
2.868427384743889
0.0031074494938425866 -0.6141273039877688
1.5266117801408052
-0.2583188826370866 -0.26210364733922276
4.4700250732518905
---
34000
50
-0.5552868132589478 0.9159635693077518
0.6013431815198569
-0.6555563041443669 0.9503065198106586
2.463834922818683
-0.45663226961399384 0.7318520120487763
4.762781661853396
-0.2852948722799455 0.8282159869167316
5.652946419652882
-0.7542620774775649 -0.7369175964312541
4.360430617852045
-0.14941867306906328 0.9173621127594349
-1.691410063751293
0.04209041626503816 -0.4069228639952557
3.3253985085740885
-0.2937334550423935 -0.9958364702001707
5.60947997935769
0.7939308817957856 -0.9063857946515792
4.148492572307625
-0.31044755360043136 -0.6926601371108797
4.813008879309868
-0.13402568888930594 -0.8572073284172304
0.07904992064976035
---
35000
67
-0.8721435410473887 0.228723318896566
3.793252615353125
-0.8806349909597408 0.22567679888546244
3.1917164290150586
-0.7889366556373029 -0.2155909349947223
6.013168349659438
0.8742290183346502 -0.08504173873252054
3.790534153345976
0.388651252944104 -0.8623584324232301
0.27030139285041166
0.19023045552861212 0.785277118684115
1.6166174258630095
-0.030607686778509936 -0.6305002931959718
2.5613669709625526
0.22726137028124363 -0.8275070668867585
0.29927193255665063
-0.0898065827402386 -0.13113190796149823
4.5642965190798765
-0.16761381757760171 -0.532920420484767
4.364465211090117
-0.1034428805415905 0.24772973921709154
1.2124774698611986
---
36000
63
0.4454558968098423 0.7230379415245902
4.735842895423443
0.5558059389030825 0.8327179913935607
3.626894799735874
0.0204757593748006 0.17773529646604794
2.7460431660357063
0.2298312540864447 0.49697833202626585
4.591432728523385
0.7708343897205581 -0.5419042243868756
6.1237669836359565
0.9197181393475101 -0.15743406638361948
1.1591003341442523
0.6616927319355971 0.5967959110909236
5.908196064787215
-0.2883389471672716 0.08396685122765296
5.942292543405091
-0.9895984030222786 0.41610601819604814
0.10308628744067239
0.7559652015991959 0.015012978797789234
4.009687932497349
-0.41974705812064994 0.15870202369151645
0.7076541483549823
---
37000
58
-0.9484948751201955 0.8743989448456488
5.403372914465644
0.08747722763714107 -0.7454941751929469
5.409602696408654
0.6916582634239226 -0.5966117839123144
5.723588632191582
0.33049723388336577 -0.7349898361588804
4.282093137926781
-0.037909421975569825 0.5965980757676667
1.5873732855649614
0.25309357470619176 0.78490335720467
0.88889040423342
-0.17165323511135222 0.9182646533129497
5.941245201358166
-0.34873623498396156 -0.6531019283641286
3.9060409224836086
-0.9767812741659053 -0.7343230208741517
3.4672708948871565
-0.42529971502799047 0.9925177575459396
5.462355742331827
0.9374293087473966 -0.14328173054368915
5.909063722159704
---
38000
65
-0.20697605994684987 -0.9738450453715446
2.6027854960893646
-0.20184956291766853 -0.974955079218073
4.795149402224976
-0.9806150866289283 0.11317431821078441
6.106281118206417
-0.12338383887528766 -0.9571473398341398
2.8002983296418407
0.21569972368467039 -0.31824320833289493
0.6828496127082513
0.3320920467354734 -0.11421621378054965
5.519491788207268
0.9237126718369564 -0.6837353101820469
0.23545102109312843
-0.029607746935668484 0.8184726646032379
5.078262474137681
-0.23458218439280004 0.21288137463691204
4.7761912166238085
0.9024623768677661 -0.6826444282549797
0.38577442166943854
0.8148444362222393 0.24998223545622586
3.2944434090583377
---
39000
63
0.21815537836164073 -0.3077352586003719
2.7023016941649836
0.1394151341470909 -0.3555524948483025
4.245935740318121
-0.45356643542609515 0.14193784854608657
2.8341409397237927
0.29915626066311624 0.5800543762576766
3.8921115362410585
-0.9245067221039523 -0.808399151356167
3.5498082395933706
0.023118530252199024 -0.8997559305050262
4.554315656125302
-0.018402264341369656 0.36963229571814343
2.4651453052434222
0.02775271283262935 -0.30706246627612455
0.8640900581831028
0.7552146660230834 -0.17167038653861788
0.808558151088727
-0.3545316604976596 0.5204234666977391
0.31575515254419795
0.8010632448076348 -0.23953460390872322
2.9937018745701662
---
40000
59
-0.46660703469232906 0.8172394321595813
4.39831057765527
-0.3751697692580952 -0.9993148842385495
4.103761152646558
-0.26308038880612244 -0.5598870748850204
5.714880694707171
-0.06100097012574723 -0.969245732125028
6.057664034972188
-0.04921453860510028 0.8728215045985331
2.8740580583434165
0.1422051282528955 0.9381636414262242
1.9132892825396652
0.4678521867508852 0.3541019369173902
4.328286840000533
0.9887513647850222 0.5240555730263166
4.849065673995644
0.8896562120063928 0.7855252327241966
5.976878880926477
-0.4977572140917986 0.9308379902085742
5.455489593281026
0.1499618788444309 0.462693633146403
4.3447198024867575
---
41000
46
-0.2244786980877802 0.6266790491718719
5.204582877405024
-0.6452666539831615 -0.7667119745283183
0.04079258668969832
0.6161463808156075 -0.046881530554163255
6.154554643867378
-0.18923178797504223 -0.7975761376182869
5.228049223616462
0.8124162135927432 -0.24090259747219503
5.201034703739856
0.031676829656964445 -0.0701714167106046
0.7677967833083637
-0.6888172532329917 0.9709490769102638
4.26907108199307
-0.9558332162908854 -0.7807992720843183
5.178481580994155
-0.3932805843615349 0.1262785576414626
4.118560073141627
0.18126607546022355 -0.44547199617861005
5.929545957876942
-0.09299178877928965 -0.32332280348822945
5.242429070563643
---
42000
67
0.10077868679595942 0.22075933142380427
5.298413054242715
0.6537905233606207 -0.26719915302135994
5.7775352222189476
0.8834579885236321 -0.15128828595724236
2.3964200629635304
-0.8117617494276892 -0.30964425198326373
5.4993017341892205
0.9859175974358725 0.2893384064913377
3.967196438059238
-0.7576624453802421 -0.36340228917631795
0.9015479498317127
0.40896790954594786 -0.7483176409251917
5.940183022810512
0.31640983587255117 -0.296865380409711
4.5393816253098205
-0.7955273179869007 -0.14463809510964806
5.845246531282955
-0.9609557552389553 -0.2236811928691726
3.0262378747214655
-0.8033552244765305 -0.30485887492874475
0.11615372959116588
---
43000
53
0.18401460056833466 0.9174605822429187
0.5190460731238868
0.8981160617404924 0.7554870280399331
0.23611608471856815
-0.4773951762216211 0.6029088659393433
6.258778887257156
-0.2997237801799776 -0.27682832294525733
2.908918901436194
0.9876683033812819 -0.8387348681965472
5.617998479945893
-0.4570826969151651 0.7391167927268867
6.274779766789633
0.7150648724934666 -0.107593690359753
4.749198313580078
-0.4988376339851193 0.8578600632091877
5.7704248962836004
-0.7753350104575064 0.3600840397891154
5.301593896724436
-0.7586790493677562 -0.9155918374589593
1.6466666836307429
-0.7579825676896574 -0.027961190222583764
5.421794731171028
---
44000
74
0.35434091381372534 0.7297718800643729
3.2985914879841522
-0.5492623379090412 -0.9285191966707338
2.1341836950610436
-0.5268433960755772 -0.9565777211894034
1.4958873625680065
-0.7305575964973864 -0.8945289962153377
0.2947396915205118
0.7560604149915784 0.7975829678501262
5.404064586128388
0.7014496545345821 0.7219892698527027
2.1291383241393076
-0.7555890318783867 0.6956979005694878
2.941997143214751
0.37102883944888115 0.04530751651553929
4.97726483945273
-0.8070414611250815 0.9853634864243945
3.9992644831881154
-0.648496165424223 0.6378684819176279
2.5889274950995107
0.2951358801675369 -0.8976023819941834
1.329466884837883
---
45000
72
-0.6878122908654618 -0.9801787637362065
1.6834884263691006
-0.9501050159787134 0.8794126499628927
6.04759970622926
-0.7144457957593352 -0.8202913015462491
0.8061470508761861
-0.8327801733506373 -0.23245959733677737
5.907240083600287
0.9459983647375143 0.038620288375090496
3.1902093430175515
-0.358943592429851 0.816637907969328
4.255520735669319
-0.024451423677126966 -0.014384386115145004
2.043231119785739
0.37850203723687914 0.23098043780669159
6.240312174326096
0.08229681112298409 0.28740619470460266
4.632248070010706
0.31001690958082684 0.42730197322731994
6.197103484094872
0.4898859193075198 0.9572018806290753
2.829268671180488
---
46000
78
-0.5116805782765698 0.18405375452801032
0.2092306860167731
-0.5001745384563194 0.2072871202493422
0.04288971178207479
0.563981826416405 0.16927327104527723
3.02223405418507
0.21815740827021393 0.11864776010477888
3.6857171768003516
-0.44877670295742417 -0.07088440306599242
2.567359681493704
0.1860150063402105 0.2502490434717029
5.625691486197148
-0.6038041335014284 0.3515573209958934
4.941377040190285
-0.30291459693358247 -0.22154945183850694
3.7923754898663766
-0.0020794696424192593 -0.04979021242371089
4.596923679037112
0.9840719308918109 0.7850268665046821
2.311448917020055
0.4612229540185115 -0.137967208238412
4.616341296852047
---
47000
82
0.6511593546143342 -0.11115071496858253
2.9232921306347777
0.04900973755565226 -0.17971304662992976
6.074031910766981
-0.9799956457368832 0.9683020879194671
4.220964280901396
0.7973492289708679 -0.550887033796938
1.5800121810620606
-0.6829642052257855 0.7643043403415848
0.9371950030539846
0.7921590011248352 -0.35365669962095153
4.786851874164802
-0.22650910659808907 -0.294380067801833
3.6786066576431278
0.6004427633271642 0.007150380125862731
2.2090062474975625
-0.14820039038565258 0.9072180452743321
2.5568555312114594
0.2255015397651271 0.8429303838686967
1.9638997196059753
-0.6896676193327006 -0.5796799815232955
1.1612078631494196
---
48000
58
0.7547648520396252 -0.3155839095594131
2.7335794726975076
0.7168856698803433 -0.42076296992488194
5.007589544565326
-0.9673677321248744 0.37887146001140826
4.871259666956334
-0.6853535175476976 0.708260543888275
1.0078655272100865
-0.6770448178271617 0.9190487586224557
0.4713812937779811
0.02122241881860136 -0.9736288926546188
1.8071692888160082
-0.15702249650140515 -0.2052081869846869
0.14823599085575578
0.542999924685727 0.6121919164643046
4.221465208391361
-0.9607719645749946 0.6163894579288832
-0.5163044212887419
-0.7572861309393577 0.4711098028957315
4.3093365595576945
-0.12061625311625566 -0.7625905931635366
3.5872786929484137
---
49000
74
-0.26531741457417474 -0.8491955527466413
5.782516106178877
-0.7917611390202343 -0.5882377248841291
1.910282921287271
0.7955844459489732 0.5475513086035665
5.138111544344951
0.9870486970136354 0.25491947566717676
6.053397056813789
-0.4244055426569918 -0.6940291988713289
3.440700209096793
0.6971109537816578 0.4089196045148882
0.5240984778659596
0.964702015531633 -0.7412427530121837
1.236028112858368
-0.09856443953234789 -0.450516258586263
2.0354416097179575
0.9338866447985702 -0.29765530706054255
1.9330467622400826
0.669568647693806 0.9718710134337977
2.036826601658843
0.15519877810383728 0.4196712803160831
1.4461929456875584
---
50000
65
0.18975557000563706 -0.10803876974937843
2.5808151958238685
0.0404274310036432 -0.7669905430298116
0.7905777665108831
0.05069637907394373 0.30809989883809485
4.712427354827654
0.5003110518199376 0.48598119279963176
2.2271453803151697
0.9414711583307563 0.6179919012784797
0.4663123886878946
-0.3362780271949345 -0.6582428986639153
4.066544373144186
-0.6712282850017539 -0.7225383406305169
2.415094605018047
-0.0635117137898554 -0.5792585027773712
2.6042510449255856
-0.2217654123773813 -0.9580940052391114
5.3873006043612435
0.5135530650479747 -0.7942161473272374
3.390498433275022
-0.43556476600800853 0.989501903440638
5.953813548735953
---
51000
62
-0.4678636438277093 0.8909778516265763
0.035287179273692904
-0.7416461486738684 0.1679298959154231
0.6192610770133067
0.20306504491978938 -0.3039626068215597
0.7967543237696906
-0.8211769292659294 -0.8249020388764201
0.08708133841047028
-0.20561326083200915 -0.6795453668162776
4.157122445669351
-0.1268202759215718 -0.7301778516918971
2.6998740176246656
-0.5318999490779183 0.26136055481472326
1.4383462515327947
0.6148432541577411 -0.33353498512765617
2.7254452556501416
0.5514549726209594 -0.10216085853221465
2.561860320391954
0.634755023208905 -0.20820486503871521
2.478166304155124
0.3972275247032339 -0.7683935651300459
2.7243552758843768
---
52000
69
-0.18807132490622133 0.9269140589066371
1.1120166629227513
0.9584110005255245 -0.38722457030011004
0.12975303526684012
0.12228847844540144 -0.1788728378189607
3.211268888741726
0.4494083501296154 -0.8092386456829695
4.835062516865799
-0.5495217763670768 0.8028276132937859
5.606596510636122
0.772007040360124 0.6927132769565271
2.2643382151070783
0.6839279017280812 0.04360221673855908
0.8350843722252339
-0.08446474857264938 -0.6878190835819089
4.865241673931035
0.8136740197309787 -0.030095825928471875
0.31370863400466487
-0.642139262086124 0.13859426074457998
2.6923515185058156
-0.24421342895991885 -0.39095206033984614
5.4967156026062804
---
53000
64
-0.973001102421315 -0.0023032610270542625
5.4348168789351385
0.7729077393611112 0.1998091709244444
2.7384885078078174
-0.055325838448070375 0.853225801647939
1.2600890158549687
0.5904783749930517 -0.2602213428161484
2.6786978529724657
-0.4558659973221043 0.5858703093541773
1.0514415664274097
-0.30300251453674015 -0.8990176096424194
1.9429306009149236
0.497013046625096 0.2993750137924458
2.882253473164801
-0.587519483306546 0.22051156696365806
2.318877004508612
-0.9785582930092896 0.20242062983840153
2.456239001334131
-0.6646829801780268 -0.32367518721542393
2.3686263261966722
0.40943996299200464 0.5608775397826573
1.31742224124966
---
54000
55
-0.1351509193480185 -0.9617401206502043
4.757778900287082
-0.48983330190402535 0.8714421111809451
3.207134874615588
0.7648482446485402 0.07228702924972909
1.271188172769551
0.34867995967154203 -0.03843991722373699
2.277267528243276
0.06608583976844909 0.997953450761736
5.870581763285832
-0.3959124351970957 -0.08030401113391027
1.399829281719203
-0.7879259224125273 0.8285597527403299
3.578126646955356
-0.7805535577810625 0.8178426812076205
6.148859543733137
0.08617096892598805 0.8924766594994421
5.960742241885258
-0.7189435816437295 -0.8408280010399956
4.261900760784274
-0.9536841582246776 -0.926902836794296
5.717655257406634
---
55000
53
0.5936727832863516 0.4348512502569827
1.5333192838405363
0.2730827503879214 0.29910383142922237
5.452899198431111
-0.16083541235403867 0.058231549042366
2.773919783594094
0.774925642990668 -0.6446096523133656
0.7792946684317412
0.7464198036219143 -0.04869206289845408
2.0597521425824095
0.8101186838194768 -0.2787808534039818
5.190517333288265
-0.0038238622846717835 0.899890498016887
0.13030432026147754
-0.5379678319973847 0.017627360217835234
5.885438708267791
0.6969147316022313 0.28094645687562103
2.0937118223791327
-0.32455072829047876 -0.7499375725373439
2.4911128310931847
-0.5853560827826383 0.36795594883790034
1.44828149485829
---
56000
57
0.04735992324403742 -0.46994898530918733
1.8226768946534824
-0.002322560759176192 -0.41905390253809216
5.858847038525006
0.8114437923002935 -0.21643172524140655
3.3839045783111104
-0.06729856284123395 -0.25058013279018554
5.281636974377867
0.20306958731801045 -0.6330003224078601
3.1295339309509247
-0.7034403342064871 -0.560920413138797
3.5889521968901317
-0.904626936425522 -0.7375575859819199
2.158897482753459
0.17903944874414396 0.3779441339676723
0.8315780086285649
-0.6257161977384829 -0.6259541025902672
2.2788805376579218
0.39804315933033524 -0.49723423775690045
0.6402319154163036
-0.23133083201022533 0.45490077544020047
1.057651015471146
---
57000
61
-0.6095759096164398 -0.3775467300507463
0.15901813829674422
0.6047527330418072 0.22411183771553633
2.0815521688281677
0.7601892721955744 -0.20607971362048086
2.9410107275161135
0.634474313229908 -0.09340198219830229
0.30188914484654017
0.19837414966933115 0.5623344707053219
0.0727855060137399
0.6786112802485794 -0.7719347313890387
3.8404615093417567
0.3992625993972929 -0.09198029625453988
4.286759165827763
-0.6450125553134518 0.7555308800801863
4.482917809904277
-0.7798569684833352 0.7927429526583467
3.3500861924372103
-0.6379153084860569 0.27102965767916803
2.7648032155997995
-0.0028995855572199547 0.1152727395194332
4.620979287272576
---
58000
62
-0.5541667410198855 0.04993706355447711
5.289627054877173
0.4805581963229508 0.7358882901381396
5.059433730926202
-0.5599731408917856 -0.8399529298587014
3.362133170017935
0.6126545942376944 0.827882813118288
6.282125786324582
-0.062017346838809675 -0.45059316739150584
4.28779282700891
-0.016186484939079336 0.9766975239454032
4.966136274781211
0.0847616012240412 -0.5778326044568127
5.152444714828868
0.3239166310875906 0.8416514968294242
5.207717590786825
0.12814665252852966 -0.8009482270193651
0.03845954340898938
0.11644565328860017 -0.7979091749194434
4.7004735909866024
-0.5290703186398682 -0.957353681058441
6.002766235429115
---
59000
63
0.8306219450651651 0.6214217661356367
3.446139799526911
-0.9367628032150446 0.7734278925894625
5.30253890728279
-0.6692941316879711 0.9784467917727664
5.369179509393472
0.21935968982411733 0.11138431134339193
2.3977844168350293
0.4685121157173401 -0.47200528939770586
6.282067941827904
-0.8119797830497193 0.20830264282205432
3.013268762820581
0.9297117595626971 -0.09464730504717704
0.3494002546400852
0.42025152457514886 0.49175681074556776
5.763319049426188
0.815339907659952 -0.6460652390858822
4.498604973442024
0.9350922387654188 -0.8788725892970698
2.1713307875191292
0.8597523052783282 0.47650516273928406
2.4083774729971816
---
60000
68
0.2386098511714748 0.7458127841205326
0.22347465761705987
0.009853688402853042 0.32086425872261976
0.5742861616548716
-0.2807086981765996 -0.45405426881197974
6.2364508268228205
-0.49323420176320615 -0.7150468898457465
0.28508064809152156
-0.27539664120847723 -0.21535443541524713
4.129009562146768
-0.2688313509381769 0.5565020353000617
4.579385062545581
-0.6600819509833354 0.22632343692149218
4.988849054025734
-0.8456205009564085 0.6677858466685398
2.302725156437875
0.19852186112812287 -0.07002110020204232
6.076289427653623
-0.4834199758758151 0.18719211759532867
2.9476282877546005
0.8250993621641303 -0.4988927492760891
3.380685950848471
---
61000
86
0.34058248780857964 -0.16586103772753913
0.716397888723837
0.41055533638821784 -0.07063240400523796
6.1954237277491595
0.8879269111969146 0.3797084766712946
4.724840988358379
-0.20481087404696055 -0.9876119771296296
4.508850795881712
-0.6646177087994997 0.8491895304471311
-2.347338710090957
0.27924851642036747 0.9622771640109627
4.647491455811547
-0.4511337230985434 0.9189201020693004
0.006280951337103602
0.6831480327303463 -0.8647303486744271
3.1597397733595267
0.9596272267498018 0.9462075851693494
2.067701911174052
0.9976169185142937 0.7364981965557046
5.758515969621383
0.537277378448087 0.5897257653659657
5.2026942216131795
---
62000
67
0.9020108374284302 0.6307039201426586
5.860609394747148
0.8104419620615863 0.656856872779396
4.593758232836451
0.6541807857867294 0.6961763281377347
0.6061131902060728
0.17983825535303086 0.18270560249508427
6.2760065309378685
-0.613899621066341 -0.2150312923742569
4.44380132748541
0.9940436703765514 0.43043643779203294
1.759831239968693
0.1786604327852563 0.4615071448621521
2.5184516177184717
0.5291837109662074 0.555016373088189
0.1841132782925401
-0.8080886090912135 -0.7009517495508256
4.7576042246459895
-0.9058877764334919 0.8877504486895891
0.43558733467230937
0.5541809101412349 0.6678374873848368
5.062631855476146
---
63000
69
-0.5841848726339038 -0.5634012931410212
5.262366798267811
-0.8181490180158715 -0.07786137903720881
0.6590749875436286
-0.7676193749610634 0.44467375273330884
3.31468587619739
0.9071951535508507 -0.22358977394872023
0.05038743917457644
-0.8935456739547132 0.08239913931644754
5.415012574312265
-0.004709972402484899 -0.42690334461507395
0.8115442355953926
0.6502156138337645 0.08662117217426046
4.5527074381729085
0.796911567319832 -0.1448584903385328
4.737901650935569
-0.9384519433924474 0.8297014172133091
1.8433706611326137
0.5222153712920955 0.6832762605499688
0.39833505992220974
0.0017959391872352675 -0.8400487309204672
4.649715417045285
---
64000
74
0.5925994505512846 -0.3164797670327743
0.11122270825688396
0.49113732204446886 -0.33748935507491895
5.662528905267198
0.8738262083401857 -0.362010444553141
4.936064477693298
-0.9042850454430251 -0.18872660237867922
4.985336630652711
-0.13047641795464401 0.016686155229109656
4.266870874780333
-0.13092559159970324 -0.9230631317550996
4.082123875328036
-0.677289235795045 -0.7489242622300506
5.370522379465287
-0.04146616465168439 0.559636607760572
3.430354516200655
-0.8303290778047984 0.8173506438835
2.491488524077446
-0.34167475219993787 -0.035247373863215095
5.535978451534698
-0.5832948921165149 0.9253887480356269
3.377834006878456
---
65000
75
0.4562364155307722 0.6959288927465274
4.854193983253991
-0.2598000815901392 0.7591758198930819
4.1343547192145484
0.5063821312598528 -0.5483973375470913
2.3599546192538536
-0.8223507302569094 0.6426618634289133
4.404501155642672
-0.3510539830227368 -0.013123154213840311
4.4971218244262285
-0.7257668895596812 0.10965549222365661
2.191708852085873
0.801838052150949 -0.8103612507190695
0.7931879167788143
-0.8723233595517855 -0.7613240195032408
2.940229489794418
-0.5656544606022337 0.772302281728643
4.472304078377437
-0.9852517855489358 -0.5302327756461032
0.8619138702470304
-0.31954419661839434 0.3657690253523636
0.6251528268640012
---
66000
72
-0.39038008910776195 -0.7641749579248298
5.16403375677735
0.8868975197760266 -0.13366292121654783
4.301839673985277
-0.9422861255439258 -0.09813856621044106
5.349119233782047
0.7442040811264643 0.830371051089775
1.091065162856716
0.9089115638234149 0.7254894620588164
0.29459256722635097
0.3257013540033717 0.7820559544348271
3.9375861073004588
-0.8809522309465203 -0.5124565563602909
3.786022799904578
0.6422484911454852 0.5466451422296646
2.0531965745461767
0.9604032879344973 -0.3369585085166217
5.231902466423241
-0.2168938568096717 0.8280874325724131
3.5182356324664212
0.38338272590575573 0.17407556305604358
1.6402625186139463
---
67000
69
-0.664523683314007 -0.5928493287466156
3.501098594851205
0.6583326512355213 0.06038881534423564
6.241946208938447
0.432558561462306 0.7394705078950716
3.906250589957689
-0.9843281373589907 -0.42175065041637116
1.4546538647340554
0.7537711264650405 -0.37170487740726327
1.510532075132602
-0.22908305157731781 -0.26638250092497967
0.535858058437654
0.6573760093198958 0.20206115562338356
5.4391922395134005
0.10454801602999905 0.045458163050459605
0.7080326526451133
0.3861476671282573 0.645629491993371
6.228930559212235
0.19574109718660349 0.9519626637357468
5.50971873120836
-0.29895204705660183 -0.7965782615249171
0.8591343617081595
---
68000
74
0.41755448472180723 0.5104540165068217
1.8494829801189971
0.5434271766694488 0.4365453678585591
0.5601679771918242
0.5047397264302551 0.1731087341520048
1.6780744501209082
-0.06993117814625038 -0.9726620791135508
4.20892061268043
0.10859793246853204 0.5765102184680798
1.322832253190394
0.7014899557863951 0.3825018501865842
3.9206206131652026
0.7696069132906698 -0.016568761395751613
5.849798797313737
0.8099413519875601 0.5027802495092817
5.797673359600898
0.8867013175820666 0.10889233558641738
0.4716422537618872
-0.33062883189466685 -0.03402182565024815
5.466621430057897
-0.4550074799938216 0.47346148743504834
5.632710844800884
---
69000
74
0.10531703729730384 0.2277334659910597
1.2892092885108615
-0.00491519464906193 0.7595917734720292
2.3968305478993805
-0.6137434662533889 -0.6431843879326704
2.323987943712293
-0.20685596632144693 0.7971517457897195
1.8299964691017339
0.027394881736997025 -0.01800266208087492
5.591452047799123
0.8668418338718271 0.8206609108431178
5.677166286597242
-0.20394771934265565 0.6785219130318931
0.10905165353005852
0.8438240442438384 -0.7650591456882337
0.5302882947099432
0.16255325563715037 -0.8957785646388096
0.7224445622856228
-0.45485042111680596 0.3267343236135558
5.009831672892156
-0.5548289647654644 0.9264459113195727
2.1914600646745086
---
70000
73
-0.5605584294481758 0.2988326691245613
0.01900361576720222
-0.5222947694066412 0.7591362151698132
1.4771070928196508
-0.3914064015712344 0.13231516041412403
0.6626396046760675
0.23873159837684615 0.5789075456970132
5.83252609329127
-0.7038153025468505 0.24708956151606212
5.850667958134572
-0.668463273756405 0.2990562381024339
5.215422073993001
0.8300324890618201 0.5483244542102071
5.864628480084006
-0.7380569315379413 -0.5742750670985174
0.7132894560422391
-0.6953417282979547 0.4019092693193175
1.898388427339551
-0.32071231356934427 0.3953962349310741
6.017059266408096
0.9231491033157029 -0.5943499252562627
5.088578922641273
---
71000
64
0.6756352001921239 -0.4340101685257311
3.5381054119773787
0.0952106665830045 -0.8668003786616693
2.559859010011687
-0.7406761855338281 -0.39126854271547795
0.6802217169178872
0.687144316442505 0.9391873524286406
1.9111700837202878
0.6872625396488492 0.476708314424132
3.4092790455441566
0.17945737819279323 -0.2594391885808404
2.186008940289226
-0.29682249330318833 -0.07315700184650045
2.0930302918459054
-0.8955769243656659 -0.4427126657905366
2.4692920700010674
0.981554732774254 0.7494958351405451
3.544488623147216
0.17141195778900453 0.002092066749530143
3.431840055180321
0.3744688614124819 0.3220581710206325
3.213933402630073
---
72000
60
0.6170179633172296 -0.16606546940145397
3.4335146346920364
0.13663542086885938 -0.030606480889913787
0.9763163913936355
0.059195595770877255 -0.6290954573107582
2.0567270097543817
0.05296951334397523 -0.7873389249466187
5.982938039375794
0.5007520370119548 0.5940236810343897
1.0141071660818906
-0.4448435930286873 0.9864364649055177
5.246775081445848
-0.1557758062565051 0.2110106003740151
4.724319875336654
-0.4111419367666509 0.08986105977868572
5.708153675420856
0.19828191687227759 -0.7931252587038532
1.0384071660128917
-0.2136121755571114 -0.13106818426013261
1.7526636659630936
0.05530906296312385 -0.7581918356701638
3.4246791831351473
---
73000
68
0.048883312641062354 0.07679189540558792
0.8818826038399701
0.3382903907905159 -0.16767212155332195
2.407331838380996
-0.5125969685583405 -0.8779855129977574
4.2853463476875975
0.3313826938394379 -0.11142606685496967
1.2308598815820009
0.2772142569790525 -0.08468678434522846
3.54360280579529
-0.23635317467824826 0.7528133195713752
6.1462446458826046
0.14818936559278628 -0.8762704268058527
0.04210029894046663
0.45155590275142016 0.3760385156500222
5.696781182264735
0.48160819363031304 0.5888132910411404
6.1233630406561135
-0.9590069970074395 -0.18111565797676785
0.22611531443493593
0.38695414213655127 0.8913447739106249
0.6442941205689685
---
74000
75
0.9879924977905569 0.38703898508825507
1.747268847442688
0.9988931180024263 0.485639902969374
3.475797095823939
0.27270098180258007 0.1349708367554552
0.4583323297875541
0.004427808668693009 0.062373242240683135
0.4277651443131285
0.8171785789452433 0.6182338541330904
4.1452779292731075
0.10586580531083727 -0.8747172641906225
4.769668458767769
-0.31916043169258845 -0.8750875079425983
6.231577450542307
-0.7677489234868191 -0.5646271780867586
0.46735717225198226
-0.39863668009192915 -0.16891776338127035
5.8782935264777345
-0.6338360579123488 0.5701778176783301
3.376264829034687
0.4073180703934606 0.7403464828598056
5.553343109179819
---
75000
70
0.23163441976224028 -0.6221707638485525
3.3318547793079083
0.21404207270273845 -0.5761417604657597
5.357689951473203
0.6572423347667433 -0.8369172479728608
0.30325764658834853
0.18543362325850068 0.7226141639911519
5.689442253112568
0.01865166503155958 -0.4207727067277309
0.9469205187333198
0.20721165391747556 -0.3343325874088666
4.754898395259891
-0.30679849274015397 0.6425819383340046
0.9039598111522427
-0.25757018170149715 -0.8342230380929772
3.1419126876000583
-0.5350394272546835 0.6681483224865229
2.0685809769884207
0.695999947075501 -0.5578095144818183
5.826214567427551
-0.7346437491837704 0.7418159388996389
1.3616584380677876
---
76000
62
-0.07305092860933331 0.5858851143847564
4.995790116448484
-0.29046596254895646 0.35294492439265784
1.4340148503054992
-0.26953903663085105 -0.08034148151557996
5.986753157189004
-0.36049331726940537 -0.5273805951199503
6.154586002495035
-0.6863358569175632 0.953663544419348
3.7427910039107957
0.8174974673580435 -0.42564894231680434
4.660144168716087
-0.27267778151249894 -0.040370997018414595
6.138896559961687
-0.48480833435142723 -0.9795837207543467
2.0974059362932485
-0.5970325067007137 -0.8757376427458436
1.389739048160691
-0.09594799974102988 0.2511213448536789
1.187018883742624
0.8538561346771368 -0.4805707091038028
5.310715557501145
---
77000
67
-0.7189315450239476 0.39733348432622384
0.6255842092188468
-0.1668465723245073 0.7543046286923476
2.9689325709758556
0.951380020811189 0.377787638739974
5.322910621006032
-0.4911288766722559 -0.06208866957497229
3.408451515353847
0.4623989169887386 -0.6460467789553812
0.15557228506218124
0.768108038520753 0.9375590069449764
5.42827209327165
-0.2670327280650079 0.8695266487611795
6.178482055808239
0.031213259141857574 0.10608265650033541
0.7446661741081688
-0.6627696999249484 0.3443297593477842
4.148462788907185
-0.14691700540481345 0.8006625093172595
6.07269382424347
-0.5259837963751086 -0.6113602391235906
2.8129628955185186
---
78000
65
0.1295091922861909 0.18082659088181924
4.33080410729946
-0.2186606364390329 -0.48638757908226654
4.231843650893939
-0.08403453887866695 -0.3438736650790453
4.751650763961935
0.9921887150363696 -0.30701337859320965
0.09659380988079924
-0.841512733513893 -0.5775542213967576
5.265412645826687
-0.8898797245283443 0.9429066620098028
5.888905751273986
-0.05496602386609854 -0.5642229980892681
0.1152419029155638
0.8794357804518179 -0.758886686390979
5.826726532854238
-0.9708304018077977 0.7597570613214004
3.1478358268982003
0.15773237915570848 0.6200733535029771
0.08533386035735546
-0.30151150070108146 0.9969623160148486
6.018970619658806
---
79000
68
0.5656225557459931 -0.6067984331227623
4.510152004567078
0.539755931526457 -0.504830742192349
1.9950221513283797
-0.8044178717854016 0.3689308289109916
2.331626273236216
0.8699808606508688 -0.8785410004433176
6.072352508406795
-0.7757693718743713 0.1585543845582013
1.6216619392443894
0.3361577664552817 -0.11698825006117207
4.42348753974168
-0.9304431310598489 0.3301344289769961
3.132757942300316
-0.6449730065156257 -0.755256965814251
3.5184272785736175
-0.8845585009841587 -0.11323764076904505
1.221423501009741
0.8052634011463462 -0.6363895150807316
3.3947044197644445
0.6540213690719847 -0.5491681814109748
2.0167830726952287
---
80000
73
-0.12166929102287884 -0.7958838296696266
1.188569297323796
-0.601202586278572 -0.5614759923511723
6.124771509413971
0.9742161150467326 0.6084718555082247
2.6863604165866297
0.22424023054567727 0.6396091078863647
5.092077761787349
0.6542641779602465 -0.09835943759951418
2.8898911211706713
0.4037533420518785 0.7896687811547363
4.351893482560433
-0.03743021880944416 -0.1660743081247479
5.262987494602839
0.2837051625223536 -0.4187011448041308
4.921900746671015
0.03647428089814302 0.8547877031387526
3.147384009401798
-0.41468571921664155 -0.09892510273279877
-2.9652088645012524
-0.26837617953872167 0.28793152825422497
3.689484967128114
---
81000
84
0.5501250017324395 0.7276482857770828
1.6155440524710447
0.8353074997912378 -0.7990267786165317
5.6668208998387515
0.6502128030912591 -0.33212188576835583
6.061136198344092
0.6527722041882144 -0.9716859140970708
4.92300561630497
-0.9509719785273978 -0.5293777152635633
0.930899098702036
0.7981372049801363 -0.5860832141675838
3.5227436036655018
0.2204189555142664 -0.1840680601656596
5.451182738362789
0.27708998666623413 -0.19088081764851306
1.3761498126239902
0.5900281705707674 0.006991693427567405
4.874172997314396
0.8194492750956178 0.8169354602854575
5.273983626349967
0.41884833984451647 -0.3138501443756578
0.8316275729196239
---
82000
69
0.7491393750979003 0.8532563156850254
6.03741653888096
0.7569792986561618 0.9186924725070793
0.2875754384502791
-0.683719524176119 -0.021227820644514225
4.596493879790288
-0.8183688075060584 0.06263692405679001
6.19155712081671
-0.38778941111317955 -0.8128067493364316
5.057017939490311
-0.08023574885828767 0.2170585097926157
0.12056272163180903
-0.9695860944735063 0.6386953283565442
0.7793551319368657
-0.7596746111702968 -0.9545093564526346
2.6460825930194893
0.5956449236293605 0.24374553208639577
5.877201002663919
0.7073009734085008 0.934261662524064
1.7569377693239483
0.6749647574309308 0.9882777595602505
4.801236342574371
---
83000
68
0.36662752775476265 -0.47057826827171045
5.172123098978642
0.1965552859965672 -0.4948881994234168
3.254992149252466
-0.7438581763161283 0.8808020729110773
4.733878179962468
-0.18379075927531024 0.29552726623321557
3.665948163649359
0.12354201850214025 0.09209182227778397
3.0045428900834805
-0.6872544216467599 0.3378288127705965
5.114050291700915
0.8615639734699656 -0.23365616336635525
5.820773239600406
0.37160403755613314 0.5689923347634356
3.844065940864118
-0.2669426806565249 0.037737018429952786
6.16491691015072
-0.7877240682086722 -0.9504169218965663
0.4503882218672599
0.21713044852079427 0.21816006321666825
1.2451915056752672
---
84000
79
0.20677278887974784 -0.6683265577669502
0.06901718533621147
-0.15833221071424072 -0.9621638238310692
0.9867305936869668
-0.3454303780104403 -0.5507343722425695
5.806171834340435
-0.27147435811283627 0.4740423677892976
3.6756508573043254
0.5693690433172564 -0.1953690895009889
0.40579614290215993
-0.9234683827746888 -0.14254985703342343
0.3817184598688881
0.3816156961543484 -0.39878238561939233
5.639717422265927
0.03375306343829593 0.6656592311918038
5.179992615154701
-0.29711157228129065 -0.2272719656884835
5.828057922880957
0.5127509438273559 -0.9924447020886561
3.522840769195203
0.3546684065903607 0.9119837933162906
5.172580222582481
---
85000
68
0.8319181491736034 0.6659156292973617
4.16008908217507
0.23656272019618246 0.9880852807135255
2.1864271934849784
0.3690430759346003 0.906650345532294
0.4609826146708027
-0.8663242145074815 -0.8011459922221362
2.5191386250550094
0.5698907346500786 -0.21671785179562816
3.881123319599566
0.4129441347712645 0.7434860472824096
3.698901354694777
0.5349176614547667 0.5190493704852988
2.2553097038051426
0.7409614899305312 0.00894929831033766
5.792260415590661
0.48066685502598044 0.47912134791538297
3.7123225301866194
-0.11027900380945539 0.06432652079296028
2.3383133858330556
0.003675213018097639 -0.9265547062861549
1.781680035405599
---
86000
69
0.09638772341762136 0.6358100042404728
2.8443831192026496
0.009916599122821817 0.24207057195102608
4.183453257425613
0.015151433169135864 0.7768463476800518
0.6991737023371805
0.9712572630295166 0.22554833861378548
1.7407602655095795
-0.7425498574721284 -0.9427169521372152
0.3310178605410483
-0.46287387181264017 -0.03295838839493142
1.197630542942881
0.8194606100606818 -0.36140907477905815
2.8317529040638254
0.37843668447202655 -0.718307576406398
5.724797934182797
0.8205460145398314 -0.399065717147968
4.320550206388166
0.4997921760192063 0.2573994621306595
5.579216484143937
0.49409798671174654 -0.7720801341858742
4.037660433669589
---
87000
70
-0.7151415151735961 -0.894967849847145
6.27263018433168
0.6290856972995046 -0.60854817345066
0.4055368637960717
-0.7736569296261425 -0.2730761157020479
3.6343883844683003
0.9874121142139538 -0.8580145776131713
3.1899748792549536
0.8625507235932292 0.6923472233446679
4.199744239175748
0.760937935363023 -0.35166696711995393
4.071117721387145
-0.524053372904295 -0.9095278724401995
3.6656104939061533
-0.8416825255048416 -0.8070016979886745
5.020742431942232
0.10194585053279756 -0.28654005737129284
4.694969794406687
0.17187262486386473 -0.026620155632566922
3.070225992683044
-0.2720411994454592 0.6482329011056684
3.1423251559847722
---
88000
78
-0.003268551273889024 0.6434441885174893
4.71817048907227
-0.44032260177981963 0.25188479968272465
0.940166679176353
-0.36072319313951173 -0.7782826070172502
5.872706813329343
0.784324503300146 -0.20938215878382357
4.72384944255037
0.6938762237221594 -0.7226311272875894
2.8790905763072896
0.17844633817217342 0.5551512321427805
1.5214229352204764
-0.9355472561856004 -0.4581273709507596
2.343518376170577
-0.1280164401111223 -0.8118502029554988
4.373539688337508
0.9195893636622104 -0.3228830555571273
0.8846064074349655
-0.7727930122891631 -0.2712997086477885
4.7479438357688
-0.8938412401915783 0.051483187692865154
1.9557249659025269
---
89000
81
0.8523689525074619 0.4485100204511699
5.786647588971265
0.28978726003777544 0.12771599931535926
1.5901598932442216
0.04852083406063623 -0.2406798813202347
0.13111123574813988
-0.41739259413841456 0.9837273048566424
1.3810236883393223
-0.18797676384759188 0.2625490167425861
0.9172362801709522
0.042474884329869234 -0.15519966744149116
0.03992011854155919
-0.22299983749467217 0.9025485647089881
0.6489961273916682
-0.659265238561865 -0.29247939187469135
2.7103564665253064
-0.737406129462023 -0.5632240962659677
3.8400616496129425
-0.4993165106460001 -0.20886381852961708
4.045454074933357
0.5805756969371147 0.19236357589619107
0.871535081622274
---
90000
78
-0.9707266635869092 -0.2614714603124414
0.2171861481436519
0.6643005619668845 -0.339806395703021
0.22533065110260342
0.2814120212445631 -0.4841032617289639
5.513100251241171
-0.42021961335543734 0.34520331781075936
0.17076128778615174
0.9942776885462893 -0.35229578403077055
6.054528245740775
0.12428174741809511 0.01959362398662229
1.7827636519662278
0.01772335168601432 0.017577246374146815
4.627641383983453
-0.9412679701289368 -0.23276949737937155
5.014347562908822
-0.6149108107940766 0.16350455931295077
4.396947740746552
-0.39937603477192507 0.4277302079626106
2.709416090085954
0.6419220997032682 -0.06409499428794388
4.78173352378589
---
91000
78
-0.4302998563451252 -0.3846338006639106
1.9976631901318365
-0.35727174167811965 -0.40925166880983876
3.631546962763071
-0.8528773058016754 0.19379165454589833
0.47066685634399796
0.06390812909819181 0.31939565487644844
5.2487825848942204
-0.8119989732158218 0.009180894130333156
0.6580709935105515
-0.8477368260227114 -0.04869106187305779
5.484369598893637
0.5909122979847365 0.7173892331701199
1.8764597990011893
-0.378283891304389 -0.26184527531986407
5.213876327449362
0.620272070583428 -0.49289159060918514
1.635178745332813
-0.9761372593694669 0.05904621545334318
5.41138519015567
-0.8873498583784913 -0.05991167525302063
5.702838522878618
---
92000
72
-0.9240111602441019 0.10045160781787928
1.8377469650896217
-0.39748573184218194 -0.6998330731669793
3.932356230470883
0.48327801051687647 0.35604854815398324
0.45587679158205496
-0.19833739868145922 -0.012219468665426989
1.8966875393085534
0.16593876343640435 0.8904836098378327
4.975214859647585
0.2561948590140772 -0.4005456129000978
1.9972177343335362
-0.23610903162295604 -0.4046253407638204
3.7686967302599177
-0.6825323204809879 -0.6856493931365174
3.190192488072273
0.35180937668651807 0.3516291235672177
2.7859941434058264
-0.4893784375427149 0.7664430082502163
0.320532258103285
-0.6808840662062857 0.4636950927681709
4.984944646402454
---
93000
90
0.9147577878540099 0.1653700514055326
1.3103605941330034
0.5599464062753889 0.24960673893138846
2.611542133482632
-0.7607573482095773 0.3248063502092193
0.19278724569368677
0.4321265547434375 0.9600958682257242
4.971208533635258
0.16921297485071368 0.6125186383889001
5.551126596048175
-0.16623584870711985 -0.949906375715343
0.26268688409725627
-0.5706224188820648 0.7204265530280022
5.9253740676857305
-0.4033669536006942 0.16633305819143748
4.610294701043752
-0.41695552065993824 0.11136257186878909
1.1390839758285303
-0.27004071972357546 -0.03174072361392438
5.998686932966423
0.682122452780881 0.2950141373844052
4.783788334817047
---
94000
72
0.1195937229868993 0.9340527655529987
5.503443307552607
-0.6606645119228186 0.9373133290310396
3.3420429249920502
-0.03415142174586388 -0.6193111788977236
1.482576390013982
0.47030711394457553 0.7944211933332761
3.1103294623426585
0.5365255207674755 0.39284807674570627
2.7335667383892854
0.8398712068587874 0.9551490054340313
4.887368731473253
-0.5454663277527636 0.7895453482485945
0.5011750335763088
-0.20754024899641638 0.8313549222903619
5.532613018327086
-0.9783842961590088 -0.716236160499398
5.028308122430948
-0.006626125285264978 -0.8453024303643221
5.758879095855785
0.9734898066381047 0.6374009138200624
5.551826232342066
---
95000
67
0.9516196491400684 0.580564730701457
6.220512865648355
0.33098957155553704 -0.19832903194825163
3.0877908875522513
-0.6496385197198852 -0.7076908698489888
2.3051386312505233
0.743765954381917 0.31960980422061824
3.6657710022152017
-0.10317404666988426 -0.8817698055838106
0.5390084400770538
-0.7896296590812966 -0.21089634602978036
4.378992041016832
0.41721824997634366 -0.7538458524096664
5.858342929289211
0.7421607587734211 -0.4648223388236258
2.9020878110832653
0.9299355489392008 0.4574822862118648
5.029103560159786
-0.4248546182642904 -0.77698761494026
1.697580400517566
-0.1227909531021796 -0.06028685665933368
0.6078776443145157
---
96000
70
-0.49992440511731473 0.9557818213409146
3.1863625917593317
-0.8519696372513963 0.43011133351957703
4.523600916083941
0.3634397154377923 -0.7628488712178347
4.90602370483934
0.35326170258437933 0.16986633517083874
1.9381557711863353
0.3647893458820774 0.3792278112967247
6.01341566630103
-0.13833212872189887 0.8007582316457068
3.7166622723332123
0.41635367141243773 0.5091166336255868
5.560822553199318
0.39184836974687554 0.06089844944301502
4.3716545943756735
-0.7899989508202765 -0.0023296968120903004
0.9866612153437577
0.347951342542638 -0.016341584365820717
5.410312715686989
0.20809547031384132 -0.48538086999979146
1.5984705228190528
---
97000
69
-0.5170033331535666 -0.8604872677529987
4.924143091560986
-0.3267687002032227 -0.7758555958281947
0.9623187645898659
0.09778320141978447 -0.30432887150520993
5.22759072715489
-0.890299140281651 -0.18257335706094863
5.615104778584561
0.33536285020406326 -0.8995290097955104
3.7030460008702706
0.0901003812041777 -0.43911014277610155
0.7266497572455126
-0.9993114877887568 0.3649550678979674
5.066663695740313
-0.801574625334943 0.0833992097287241
4.729811215764545
0.01665229566051332 -0.11760140971999591
6.081561541275892
-0.3759378042830154 0.23324944478483806
1.0578363706718
0.5139512493812678 -0.9126814422485018
0.9789610210084625
---
98000
74
-0.23985775796670364 -0.3191956536464287
4.385643059492237
-0.5817927068737897 -0.1825883867902306
0.5065519706090171
0.7037032293241839 0.41824609545988817
1.7182812962207334
-0.4088478126952305 0.9263428473941375
0.8727077334152202
-0.9414703150092445 0.253431374509497
0.653193148248083
0.47007046366350835 -0.9787225612587739
3.9903523113213026
0.3910066529032739 -0.5176532273977776
0.6954151768996857
-0.031239386418124508 -0.3890295024590116
0.845356667125218
0.024107719879961922 0.13457341736747025
4.483583823878833
0.8732768580735529 0.5056538242841518
5.231278830040716
-0.08337382714548564 -0.5093969841705598
0.27130620263325955
---
99000
77
-0.13045758277842115 0.902924688083663
0.1268922044898142
-0.1292327919157496 -0.8856407161361995
5.158690626029841
0.13205849505799025 -0.4621515968852928
2.481332688446404
0.8053818000013955 -0.7843274950670444
3.184394551270173
0.1303403475613833 0.6805890681318111
1.582402927648907
0.8366910252849435 0.12915439010517582
5.778921112865962
0.5873745204921211 0.6609784836701812
2.9299384793249788
0.888090752156396 0.28297055332506627
5.751726994873611
0.4476649968024694 0.7019563608752384
4.086467149833613
0.06472575906894078 -0.6283337510341992
4.937836892703421
0.7413830404182165 0.5224572428113631
0.7891006271097831
---
