100
{'run_name': '2D_rec_10_total_boids', 'annealing': True, 'annealing_start': 0.2, 'annealing_end': 0.002, 'nr_observed_agents': 2, 'nr_of_boids': 9, 'predator_present': True, 'grouped_spawn': False, 'predator_halting': False, 'record_keeping': True, 'record_frequency': 1000, 'boid_speed': 0.0333, 'boid_color': (0.8, 0.8, 0.8, 1), 'boid_turning_speed': 1.5707963267948966, 'predator_speed': 0.0333, 'predator_speed_slow': 0.0333, 'predator_speed_fast': 0.0533, 'predator_lunging': False, 'predator_lunge_speed': 0.013, 'predator_lunge_distance': 0.1, 'predator_turning_speed': 0.7853981633974483, 'predator_color': (0.8, 0.2, 0.2, 1), 'predator_confusion': True, 'predator_confusion_distance': 0.4, 'predator_confusion_threshold': 2, 'predator_chase_time': 20, 'predator_halt_time': 0, 'predator_eating_distance': 0.06666, 'height': 800, 'width': 800, 'graphics': True}
tick
boids eaten
predator position
predator rotation
agent positions (and)
agent rotations (interleaved)
----
0
86
-0.03258840867754183 0.48296935589613005
0.39773737131370546
-0.13681279540473293 0.4742673639607433
2.3814521520662804
-0.5522416733025749 0.7999132107986007
5.0820235369779745
0.9847286975482348 -0.6165616661101713
5.693632414689567
0.12863663394699468 0.9215213647916841
0.6758611026199055
-0.8816265213889316 0.41517064815918525
0.15580275345406847
0.2466703277368114 0.15290233436235828
1.5762981478422955
-0.028752186897753714 0.8765766112305443
4.582918979648024
0.26712118501999527 -0.8094896867516749
4.790716033124674
-0.11954751388727333 0.8759274958790321
4.317176864494624
-0.37263208279527665 0.7862915809875958
1.6163869382676679
---
1000
88
-0.6336514379198475 -0.18051891482520382
5.196437946103764
0.9907049582063896 -0.20412398121630332
5.327991237383425
-0.6455695261647071 0.0643994135631027
0.14667178007516757
-0.6902438443653064 -0.9493874199492197
4.91295824747924
0.6533602860054293 0.1672345789075775
1.7431882240627479
-0.24793378916788775 0.09928425565020185
2.2210478782049217
-0.9030748553679953 -0.4040507390793508
0.23173110966568533
0.8076082994916741 -0.20797950955924174
5.956594925277169
0.8560740382454896 0.8356826625433331
2.8675976221226804
0.5164947286440781 -0.463606212501534
1.3902773754764217
-0.8021550456864887 -0.38689410891912396
4.351926945960825
---
2000
81
-0.1700531650019974 0.5214287615879533
2.274735070831533
0.02238612466039791 0.4139287029014355
2.684862411941401
0.7483600696778799 0.01695839891734422
1.6120919339472524
-0.1873376816103322 0.23133401873528703
3.395029956635079
0.7638780416697123 -0.36359590376868
1.9851143552997028
0.030929916931139216 0.0032044763612158996
3.169726796152373
-0.2603959545136252 0.2733145103452404
3.3256702237259246
0.6290583081900988 -0.45362320778073617
1.8767890462319343
0.7355521844910706 -0.3142753504888461
3.1704459940632193
0.8485336083751778 -0.33542365220847237
4.836681658866603
-0.943011227064367 -0.321840624874435
0.02495542785187599
---
3000
78
0.08594419387820709 0.2035405170130844
3.1952803897454203
0.4149587158220203 0.11945043121511198
6.173446789157263
-0.23534392383318053 0.5466960020229793
2.121923824340051
0.5678745835159056 0.2505576263028967
2.1782542831738505
-0.5650550578045769 0.25901913646861846
4.940862402117265
0.3609017897004929 0.9287325572622056
2.0756239594687482
0.6772583278513491 -0.13361305825102124
3.0965430158188143
-0.3036885402472003 -0.24196560346770588
6.155446897484615
-0.22297264132787786 0.2065895545736792
1.6676127174973576
-0.9670908645949611 -0.8001570610405787
3.6155304172337948
-0.24237258445614301 0.18582488789929325
4.60413242149096
---
4000
87
-0.7286636764352801 0.9524593430698617
3.2953114061810815
-0.47669704572149685 0.7973144749133552
2.515084200494278
-0.30850098908347734 -0.43219988546357063
3.210694167419681
0.002140125825377065 -0.9633411262230143
3.2311377299845496
0.3641507953643992 -0.6287125701946592
3.3721925879972945
-0.34971587244355246 -0.6202592742121892
1.9967668539039085
-0.5172047045821287 0.9517165217239311
3.75143441701836
-0.8310706514216434 0.602653160967657
1.9844954882473678
-0.9581966723338058 -0.787107401678593
3.4877059870312346
-0.19439977765898978 0.04452788458306772
0.9945782562113168
0.9085963369739828 -0.9038729086933948
2.9991200989386844
---
5000
75
0.1581833195067052 -0.18968735821501997
4.294556211215252
0.18877369503890482 -0.19904365930414994
3.7456854151811196
-0.8647283126996954 -0.7429788117494127
2.5546481863601755
0.6142821576862695 0.9336738748783522
5.728297439761877
-0.005615942003917226 0.8588248970595893
3.0137349941375158
0.7085729436896944 -0.9410128218782814
2.883203638191566
0.23970224092274367 -0.42826874292946426
2.2958119773856875
0.19047110678746423 -0.702345490512349
3.6240326124417646
-0.6298016166065405 -0.7964675474631866
0.9345113916844774
-0.615723770453758 -0.7446219608342741
4.143218200812588
-0.09530112724127093 -0.1686261291466479
2.4764507003441114
---
6000
80
0.9866927573797463 -0.6044489321637836
2.0410795562899855
-0.01835082188546224 0.32160971984119924
6.110739909089786
-0.9631681903850923 0.5725444628623652
0.726649789584803
-0.5774216843806195 0.6250837249212712
1.489868435254749
-0.9257549374686658 -0.8554999954182093
3.1837232188532987
-0.2892070749856082 -0.18165180301207262
5.292274702549253
-0.7299991018659907 0.1319778858009446
5.570545198588408
0.8206146576817084 -0.5440817753180606
3.7685727817330914
-0.1875238082937994 0.35862212339398625
5.517406292031345
-0.3513309320041561 -0.7008283117251105
2.9457773579349054
-0.21019363806162206 -0.44516168330327016
4.656556996700176
---
7000
94
-0.6101067054222308 -0.025988492598850034
3.7785633658807205
0.8504308741972749 0.08425093884261209
4.737407313806645
-0.061809318259357135 -0.88926638519274
2.8137122211716017
0.39838422185407496 -0.7782034073469577
3.6960238426747827
-0.14594144719498714 -0.10712862284545302
0.30254305849689533
0.12153381041759809 -0.3686481791995629
0.5904507776010286
-0.017509219873672648 -0.5452661903838414
-0.6705516728944236
0.8563196950731907 0.4238483975662081
2.226522733334786
-0.6424742919537247 0.9388338067864744
2.2309495499620002
-0.27890187657888077 0.16052962256356063
3.207387873594935
-0.37565093148339573 0.8609032752382314
5.066981137252998
---
8000
83
0.8071081380584428 0.9169720654131749
3.4048620047237343
0.7639625298957325 0.8807413117441382
2.002348780717117
-0.0882299500025861 0.08088403983590707
3.184735321374795
0.13021202545152316 0.23914750776129298
2.3921407326191995
0.9860225683581614 -0.09437228787206554
4.566902606951578
-0.23998667456887765 -0.5275014094712003
1.3525205843854833
-0.18127240699876093 0.4153406503712743
1.8259718929318387
0.1847509070459727 -0.8041876092456053
3.713130421353318
0.720078579049233 -0.8990253861843654
3.771176679779609
0.18703038008204836 0.49639942534215253
2.7925943498770716
0.8605014070532044 -0.34719891241773276
4.41332912879174
---
9000
85
0.17778361478281993 -0.0064369381305683995
2.4385734200235443
-0.15899613653719008 -0.17769505884117923
0.3081140491336152
0.6323040836108842 -0.3252060270173173
3.72403933619338
0.5233195115806938 -0.2216982812357872
3.0640681152219322
-0.7922988651850501 0.20249960567562847
0.01258129016589038
0.9719368795615599 -0.3119574407330934
2.997933539446816
-0.9434355907659911 -0.5278328827496936
3.7389843677780457
0.7651549544899859 -0.686623868135397
3.4169298042594907
0.6084222975443387 0.4441826768442738
5.645111423680328
0.2813207516794506 0.8429965548562276
0.4613845242051502
0.0131208109785805 -0.19430281581171066
1.1846390768804893
---
10000
84
0.8492808024338238 0.9464799959544681
3.159836888601874
0.8047225993685201 0.8431432006137964
2.8245424805656008
0.3196892639805081 0.3284870309937422
4.306840156195792
0.3666807548020763 -0.7288481550330225
3.6258799770932626
-0.25773707497142107 0.8765736529028147
3.3490674198917754
-0.6946916909604479 0.3042753721945829
5.254664154390739
0.9155531837210141 0.46551325886952244
2.005825727931195
-0.3923084581386991 -0.13346571284963893
4.247194042806591
0.40963713534748825 -0.5103013584861825
4.352931999042757
-0.6122480027357925 -0.44274433969517984
5.947339772760502
-0.6761186266701209 -0.6017692522798517
0.11639895300803982
---
11000
85
-0.25816828100825434 0.3178384068869631
4.183846762485916
0.423664116306637 0.7220989031251972
5.630932234901038
0.694860620915622 0.5592673269247862
2.1707207638801256
0.8720796883046165 0.3047673742090909
3.1305038928205393
0.19705894351590414 -0.7348882114246994
2.6975287597193085
0.1904572834819956 0.1767559030529448
0.49453515824089433
-0.3105250437725194 0.02591896752308654
4.187992573107476
-0.23992729981944497 0.09226621381835354
0.08452607693285774
-0.9411673785697281 0.5976453408520754
5.963080114863915
0.7283428172832712 -0.038594969316526465
0.045356844229801574
-0.09480496456965615 -0.22137900200333094
6.090571259116498
---
12000
89
-0.9572559586324311 0.743342869355572
1.8239281756248624
-0.8060582246039152 0.38912642716321566
3.0655479737964786
-0.16108983313906683 -0.8961519877805062
4.538537919469538
-0.5319071850256576 0.8786801438614638
2.6881615207392793
-0.7852311628269483 -0.22178574303148887
1.2135664230827574
0.9123081898993333 0.46714319427162226
3.3645983738284215
0.6169729091348155 -0.2030322966377268
2.9121125192342703
0.23935229667307867 0.5583291615486842
1.8719013043929094
0.9221641490232307 -0.07559196413067404
3.870526302449907
-0.1140429110585297 0.5604189531832678
0.6999634215441555
0.1266852342429985 -0.8026054101006902
2.0348423611691704
---
13000
84
-0.10701163905369745 0.044235760543346325
4.185637211055137
-0.28145766859239785 -0.03523145167585538
5.905357710344411
-0.013496611022295386 0.04068004877651654
0.29368269273697134
-0.38002963708683785 -0.02356584376597481
5.2331924225333175
-0.8265622582802454 -0.7107636585001472
5.300164017934825
-0.33015844902724956 -0.8138988811887631
4.795047168223536
0.31367048606431575 -0.0883217694880836
3.9359181817740794
-0.7231250379794183 -0.817714006383097
2.56637892192494
0.5751842566964761 0.5364076220516459
4.723931112872287
0.830330694705966 -0.11216222447529264
3.1399966427585593
-0.42527017491814856 -0.4101729278352078
1.7551884125648556
---
14000
92
0.875962763102661 0.3274200502136214
0.20008331061854914
-0.28734719393294905 0.1962274591340578
5.487119606646622
-0.8195944638426252 -0.013781302750255311
2.842864956956487
0.7344344198061501 0.5561275870416091
3.3479259462217854
-0.7620731274471583 -0.6224054260748587
4.400441564626672
0.10378972608685212 0.8292947376730158
3.011296508828286
0.3845578480452188 0.5084495027238335
3.340139457908311
-0.9379718707720468 0.10246952278555856
1.9857490709450838
0.4146867238749554 0.6741164923340925
2.3842256156709682
-0.01814365388425433 0.7590156092961542
0.7631467278835657
0.970096538073113 0.7075902152894983
1.309408048752033
---
15000
86
0.05305061998235178 -0.8647216776109385
0.3231582990713502
0.11706407515295697 0.9770985883510057
6.084812606119501
-0.2590266080223457 0.9273425204108598
5.7220387545712015
0.12539155406649014 0.9763763236254176
0.9532871515590653
0.5041958761932914 0.45826105305148823
3.7040083112679074
-0.02204306672193091 -0.34217297692109516
1.241627685777499
-0.7684185625226261 0.9053954616637655
1.5227694821008386
0.48670603064303963 -0.3392969794215499
6.2513912183490845
-0.22126393764771823 -0.13939495427715926
4.016598754532333
-0.917689707560496 -0.6174710886442359
1.3684524378911274
0.9812850397012841 0.01123802082642756
4.218636786389029
---
16000
88
0.0380335459340451 -0.6430693725354321
0.10797761077845908
-0.04845396227872087 -0.6740571266143741
1.5770926774973013
0.13073377096621128 -0.9375790311906872
3.335487528440882
-0.32243064700324875 0.7162871353695409
3.9386783913113046
-0.9229899988015491 -0.8660761081483737
6.049727844411871
-0.01480125331136425 -0.9668488656233198
5.8648705102045815
-0.6392332400017731 0.41526162067522343
4.978725945654456
0.17282292833616597 -0.9967996071768696
4.134574243051453
0.0685757121639124 -0.9829082720801623
2.961831093798139
0.9719309501862166 -0.21805548341393796
3.034960761050522
-0.9800529338911013 -0.4385162050044664
3.841215576832165
---
17000
80
-0.9347547784385434 0.29461780677003147
2.1130902346672715
-0.8462969503364797 0.37964765670310624
0.10180143729809199
-0.6896301683741974 -0.15552911252680293
2.644658236291238
-0.7961090340598634 0.4291995529043559
0.6165464573421078
-0.562506383454473 0.8348917826451122
2.8595756865064548
0.5322708488841554 -0.5687284302383864
1.0556578502927243
-0.20242734878001645 0.18563080241533966
3.470154913074084
-0.3549253775971641 -0.9900636458558112
4.0637115084684945
0.281645329352571 -0.2513152804834494
5.12548098565172
-0.7231211418682197 -0.7627970558181607
3.5115041682941452
0.4653360753934321 0.005004157124425278
1.6119008248656197
---
18000
87
-0.9632849497308552 0.7265375243465024
2.318141836382625
-0.9838657623399711 0.7328743117746387
3.980378907212412
-0.959405795105111 0.9270418504760941
4.2481581687424
-0.1934591586937778 0.33456131560299357
2.250332398366334
-0.5937652100359749 -0.10434015579967923
1.8524893529745805
0.8473502946995942 -0.21055467231916267
0.6581866654154682
-0.7095988679834825 -0.021102226835109372
4.818377913643844
0.3901195063992685 0.4473591407187127
4.548581212181896
0.224497916813642 -0.9985470314551574
2.0641972439306517
-0.7557659543654003 -0.47089050370305663
4.11139118091455
0.6996169472810871 -0.49900366690659315
4.073537896637549
---
19000
93
-0.1439905531692811 0.6136647726421859
4.093504776915104
0.14029810119203662 0.212420011731434
2.2213359075423655
-0.307808987641673 -0.4016074272371504
0.8867880415147305
0.6795167416714293 0.4049644578239777
3.4123856979798157
0.9854773174793436 -0.26054643615847917
3.788008762780362
-0.4039633710437417 -0.5908970954553139
3.599958825600556
0.5378003853031242 0.8224620631341814
6.110972504886902
-0.4529253188014046 -0.5495732010502101
3.092855792884806
-0.6494725542593675 0.12830279307869757
1.1622561911845857
0.9916015630980366 -0.27353347040308823
0.2582762179984952
-0.3575918637425669 -0.3694000045928358
1.7411663536606907
---
20000
87
-0.7159463519569612 0.8219383027111473
4.541500081495678
-0.13627569819092641 0.3350840488893946
2.240804551423019
-0.44062181170792725 -0.5018017654198733
2.319760523637304
-0.11380033406915006 -0.3328364254907704
4.4321037672619585
-0.2396927601775758 -0.13147147491976713
3.7685302693548683
-0.23595686936209606 0.003914669796485474
5.471343499517884
0.21876291425409652 0.3106292054775943
1.2190975098976837
-0.6872330692662062 0.11987395560829615
6.016428020220332
0.9682719403566148 -0.05410422623600041
1.8551509482951118
-0.08322031989867223 0.5378280272642835
4.993281475716794
-0.9597687190091961 -0.248264221868701
0.40229373189731454
---
21000
84
0.8802896919531811 0.9952151994831184
1.1605177768718244
-0.8045794843534506 -0.7672662922103322
2.799456631449618
0.13674457157958164 -0.4922712326694567
0.6838028538936163
-0.7707644680733158 -0.7978638106357331
4.56013951914512
-0.8599454612587288 0.11816959520606446
3.88033932095202
0.20985765849031354 -0.5802126120313993
5.650560649001587
-0.5071709913930263 -0.2116697416730284
2.8378839151853255
-0.7205737509702653 0.24231022907785463
3.014348800924867
0.3621050069349513 -0.7218112544738536
5.983183339341351
0.8895799667395142 -0.3672713222788998
2.9526571257567813
0.4568632718596378 -0.9445886271007998
4.0329729952683495
---
22000
84
0.9096352049737328 0.5813984637933357
2.128535195961821
0.9707054816908014 0.666621017238969
0.7544269336636731
0.12851546805160624 0.1631490516510531
3.0679072186580862
-0.23657424457818385 0.9091121363286029
0.9942666869076531
-0.04912771055341866 0.4601812838505316
3.690038461339051
-0.13777401608302398 0.6460517684599864
4.5687015765644405
0.7544809035114936 0.20537169288222018
4.9638951743003075
-0.4097383604509702 0.23554509730589834
0.9388708678008459
-0.6406751829589558 -0.8366351119496236
4.5079859205367026
-0.11826122031369019 0.49202244068161943
1.1372738358203147
0.7100188483227323 0.5746693766185857
5.200292213851163
---
23000
86
0.6023484486811193 -0.6444754011893633
2.2068432261287576
0.9290027285528327 -0.7839699210964843
5.459774450929356
0.6928794802960893 -0.9256447885820489
4.894993894059959
-0.18180786760882212 0.4378454355836281
1.9968343228301815
0.3959388234202662 -0.5708380552630669
6.2820459096086125
0.7549071280235933 0.20429580371257305
4.725918673262468
-0.1000242683167135 -0.4030418592864987
1.4432455096079835
0.658894690676655 0.1513705325230768
3.229997044184615
0.40075439102477106 0.6616355489649965
0.05458857121133054
-0.8243741644733334 -0.15298401652333682
5.779432810190532
0.4091510283120019 0.7030969815813963
0.46388339209583496
---
24000
76
0.5785353717040183 0.703125398485978
5.220632765689856
0.6979403047685017 -0.9590428737042562
5.079983071588848
0.5728489710481209 0.7062536974930621
2.144661610756341
-0.8118820889530581 -0.9234681409987051
1.0021652182628928
-0.6551495175277907 0.6152087049559696
3.680312548957424
-0.5318871174156202 0.8465047374558443
5.99800844199451
-0.3951692485247929 0.35806506798909915
1.739548930760618
-0.5275635424168835 0.08141414205099887
4.0190405153215805
0.9427374919941558 0.38349624730662984
3.7215947762818513
0.3587619705209827 -0.5677246522326554
3.063555051339552
0.5622180194744937 -0.1069851315658637
1.8554301536895732
---
25000
91
0.316125808039752 -0.6468931515645095
5.643935172532514
0.9399491471536038 -0.9562845348466301
5.321334011548052
-0.2805168711408482 -0.6564980159478435
5.285803676727603
-0.9776891095364828 -0.6607617768616181
0.216260206888383
0.9963211409263371 -0.5401155045627587
4.259512775134307
-0.8169579278106768 -0.1251888405893782
6.120174996672355
0.04163509784414761 -0.020161043197944605
5.855857221029559
-0.041969489013987546 0.5256311779973672
4.952471210127083
0.28583995375763643 0.326712159213935
0.6892939367025486
0.7343466578651984 -0.11166981640114802
5.891502682703794
0.8636417141957079 -0.6121317582417816
6.048836113967725
---
26000
87
0.5812295041048546 0.5201945087995352
6.033105272316882
0.8318395866015066 0.40991408561863385
3.8436831670037703
0.5734794448226448 -0.880101585585729
4.769063041781279
0.7134015701413849 0.35412445814853094
5.901770661898842
0.5139119094907129 0.9882880911749745
4.328285708070475
0.6245392952679418 0.08894335852392436
5.350287169602158
-0.9700731297360617 -0.08660322109056848
4.729830313073884
0.9510636643364426 -0.7485719877094331
3.9144918443772854
0.4901174133608285 0.44154429833710895
1.9324114134687322
0.7292975000196518 0.9925079960546761
5.5620682641341554
0.6628573385006044 0.6809022715110861
1.6465708736412923
---
27000
86
-0.23602841238521688 -0.7276774273569829
0.6698343306854736
-0.2986009234909083 -0.5564170059299651
1.2512942214794798
-0.7853939017424683 0.19237874591530932
4.288184663131721
0.5305032334075638 0.9519128580716896
2.3213220705840136
0.21012833238419565 -0.8378072137506631
2.6411381732186943
-0.3152140551172864 0.6279565084566623
2.3040254759381247
-0.6316830131564154 0.0788689098466342
5.307179507529327
0.7062512389749047 0.019849287541894408
4.023600155055173
-0.9842892315238236 -0.33308981594630893
0.8620889492577168
-0.7423770956277478 -0.9693522952934961
1.0486513373200967
0.0837114414410169 0.016937136896071993
0.18108537134258373
---
28000
89
-0.01615151551179722 0.04506413503747683
3.7297280047048984
0.32663793939161073 0.47488649551340917
4.238125381918921
-0.12882751337940776 0.3656256524530751
3.8105617564774983
0.05681111584317919 0.43944888990342634
4.452834027094972
-0.17909561133841795 -0.8152943919073545
4.421200765189689
0.2041010928987719 -0.3805255651757899
6.048211614997427
0.3800027721503451 0.5606398033340122
4.630524976919308
0.43914900258054523 0.4419366542591686
4.734662909189745
-0.15196620664562988 0.23301262161437367
4.479336699618574
0.29704399763504996 0.24454677977681313
3.421400043376246
0.4806142013132695 0.37184330067095483
1.0327529506930828
---
29000
86
-0.25880724233097047 -0.020061974282833614
2.2217910995759005
-0.40803614604162475 -0.05797337760198526
1.6508218261647603
-0.9150735517999314 0.28698942369199254
2.174438523705475
0.7413179089612019 -0.8244566644828801
1.6430896308481753
-0.9939754309179996 -0.16840416399424185
3.250878981410902
0.6464088870992676 0.16634500918401576
4.76923586011037
0.20601300729603123 -0.687194889071364
5.849825142372342
-0.5780452062661494 -0.1844557061158987
1.0872686683943122
0.05503205515265056 0.5656588385980857
3.595585864039415
0.5435654926055484 0.7394973214620227
4.139933282734033
-0.10314643446800453 -0.3739418351444872
3.12974899634529
---
30000
81
-0.9069472639798901 0.26989081642395124
0.2911958896157629
-0.7272388114787647 0.24212268811348933
2.2978379392147383
0.5860234866445019 0.29589547968190555
4.714162708745252
0.7480314609504704 -0.43055188447310794
3.074528344509404
-0.8450456049630394 0.21708378048611232
5.832150573041578
-0.059983114986899976 -0.3799545303340224
5.800755522805831
-0.8046710479828275 -0.6075166762236249
3.702148826698777
-0.7749087100744333 0.3499929524796713
0.5952720457453653
0.938157410431974 0.20261530838637115
2.426905804573212
-0.2973413558254873 -0.5213339790783637
1.07676721885439
0.8505885605356954 -0.36098598843833235
5.028452902086159
---
31000
84
-0.5172402310934527 -0.7809502232435273
4.93782460729826
-0.9906520527598702 -0.5734075318417347
1.419812951400238
0.07720369969630136 -0.22927388661861023
4.961033265906464
-0.35194840715471454 -0.33692870639646244
2.8539021365384123
0.47637131559606843 -0.7240263309789114
5.908138154985371
-0.738359853620436 -0.5300603215098832
0.005791162253789395
0.892652472798237 0.3024174012679083
2.846295677507446
0.06012219244187236 0.5593231972209226
2.5603009359531512
0.06397876048409154 0.45025520742625763
0.44687325028132996
-0.44356296882143975 -0.9684187165344393
0.45503514193294775
-0.8217939941168626 -0.7829582953243972
1.809442918289788
---
32000
79
-0.0483299897691716 -0.3982016104597869
3.424476676668041
0.3942479638814487 -0.29771294152698613
2.746092193870786
0.6039906393403468 -0.2384073572597374
2.878207921842531
-0.3761638020952448 -0.0626030933899054
2.453425356045738
0.7047380087732051 -0.8152369452837217
4.4386878758817945
-0.7759913894359423 0.6719013437396202
3.5043928731386904
0.7072729467185582 -0.6958238783374088
2.224119927445696
-0.9024509021573364 0.5438731527392084
4.129568051432193
0.938093139874091 0.45661830532023423
2.9641884031873937
-0.6354766685912048 -0.46624861043593946
1.5845931669992872
0.5936160322477524 -0.5193672518073904
0.17553439963538064
---
33000
86
0.8589445846619688 0.663341034776458
6.269586873377883
0.6970214920248937 0.9540995027542062
2.4935836205474624
-0.28272852303823814 -0.3502678072420595
0.2737276915075142
0.7700104617586333 0.2747673293699782
4.598366021743947
0.48159417106107844 -0.8317907626119105
3.430443194346335
-0.011070926930259416 0.6684422065968263
3.424330670717241
0.4235602618295346 -0.5424161262633241
3.7774196703098113
-0.08073479321179308 0.14420482625018777
1.663757275265648
0.1652280872105126 0.5535141052788035
5.116307623955388
0.9161666364133693 0.35833822571718027
0.10826101627903473
0.45370775580995854 0.3477659185133548
2.216927795781337
---
34000
86
0.7672142941175346 0.4261922590225703
1.1098059165179766
0.7725966995047293 0.510375513517518
3.8575048953373967
0.8160163341840956 -0.00676078523338328
4.551276855929169
0.5981915859458614 0.5196637355602899
4.079170373418082
0.5822492622045516 -0.9512266371592304
4.69398649755355
-0.027180184451163256 0.8793080007191757
0.09107297569624162
0.2190605095134511 -0.5019174186456247
0.42608468564157675
-0.7870712602965677 -0.8002512131952562
1.39513854587244
0.8409739672710943 -0.6399419086088722
5.399361127604807
-0.17403476216168184 0.3612573686237112
5.964229261067797
-0.4562146258814886 -0.0012514364249633664
3.43175283328505
---
35000
85
0.1323306232632902 0.1756472176823641
4.441795460369301
0.23726993512545352 -0.09519659261081458
2.9016168901260393
0.01418331450515739 -0.18559106334536304
0.12728452119823253
0.39163768478676836 0.7280346496135581
2.690911144051147
-0.5551420360428723 -0.046582482481006125
3.403531078981059
0.34246039592397454 0.04776196485903702
5.612048780618299
0.9784801321251889 -0.7720133489646565
0.909926772946319
-0.43576720765915816 0.7609328064756785
3.7642695219734863
0.07604306550937295 0.49737932468732926
0.02590211015566979
0.30252378735465046 0.03341358428364355
1.7002105996181927
-0.8005776213459673 0.103694732007164
2.955130290089421
---
36000
86
0.8354386758853669 -0.06299219432421996
0.8989145182904537
0.8994933707384645 -0.18948892062509784
6.092500139710965
-0.5071159595684203 -0.238935255679676
1.5279353025954592
-0.17911988371609774 -0.11620084310800519
1.445261287502107
0.8847181966622087 0.34679787282000857
4.879705009747355
0.021159042346656463 0.8854730912775094
2.2161437951114484
-0.07659700296745886 -0.06044400748615857
6.249982655884925
0.6178904804959091 0.9921264925493074
2.212340226724435
0.8140075375876434 0.007950234516634316
1.6616716752890106
-0.10282978959131736 -0.680489507120552
3.1858808379976145
-0.021014105182604884 0.7325231639944416
5.672067454124118
---
37000
84
0.9941899148492033 -0.09600854236435578
0.8649318613953261
0.8917010946100697 -0.12485062052705713
1.667641469760273
-0.5895929327874708 0.836027483855598
2.5680397564735378
0.14644039414871796 0.14740244813736195
2.0823512220932576
-0.4659063311711422 0.0026014537979942576
1.6699755786299209
-0.7841370207975014 -0.8526980041490172
3.639557370112442
0.5925833747237242 0.37223079690148947
4.602850789332078
-0.9239466984286323 -0.6226148714650641
3.7870877378126826
0.985093873795698 0.5877697422907492
3.1702438684949694
-0.25575787676332185 -0.6939477769124044
6.1912026439231305
-0.40839633829937244 0.41084705554252776
6.028814219825379
---
38000
83
-0.422751249199648 0.9295602793677525
2.4528303950807278
-0.45615014750403543 -0.956863679808266
6.0700828704682595
0.6676508828936636 -0.6406446475893777
3.5204245364285214
0.5021535258116049 0.5766443530132808
1.6178094667285468
-0.510887637816177 0.35972178992948856
6.032644894557805
-0.17639007635550635 -0.45137916796216443
4.289540616797207
0.6276009854003902 0.13426227347872077
1.3429783141043679
0.2972463332971481 -0.9780575567007064
1.5564839426913313
0.38175189252178116 -0.2574380938031804
4.307954461000606
-0.2651815427049549 0.8268338212714637
3.0574167977259785
0.38966026236074286 -0.49444843675306205
1.9665068138619324
---
39000
83
-0.7573782094636028 -0.9132880339749465
0.3498291086874216
-0.3304486982853376 -0.7625443192808641
0.2183713353485448
0.9856552528804747 -0.2044931967691671
2.0461481678185214
-0.1832617385498075 -0.4697622035508536
2.108860748113595
0.9416236024814556 -0.6301028534123876
1.6425708683206128
-0.5295443486570905 -0.21931253797049044
5.97389944497869
-0.8879274491242141 -0.8166254429829328
4.362259582364149
-0.19416975125618935 -0.7553741582694409
1.451955290764614
0.10174085531040353 -0.41673436213439896
0.12212399067799318
-0.8172328048621808 0.08318289545437119
1.4906921095905608
-0.44616030057882894 -0.8504006290328151
2.629094618270331
---
40000
76
-0.9692847934617617 0.4317942198812887
2.0968423933275258
-0.8560681089844843 0.23329358438782982
1.0403910754562808
0.5015980397393567 -0.8429678193200951
4.852245632327518
0.6777684391677345 -0.4048244823717128
5.638968325983293
0.934116344477917 -0.15193245671617692
1.7483094658992915
0.6097123258783459 -0.17011860581859292
2.262828330704858
0.7160735633769184 0.06560667810003924
3.6435283136392496
-0.8089195349080263 -0.02230269987649932
1.4178725567170627
0.40397968381514837 0.7078518519220101
4.0914290525839725
-0.8617655636685103 0.8735278497475334
2.7315121758235206
0.022737331503440865 0.4082411665095165
2.3904904709547337
---
41000
78
-0.47018556655178223 -0.9216235135585058
1.4339064426412376
-0.5030139648659917 0.8771749235221221
0.13045972694894115
0.7114991023389043 -0.9249835972411888
0.2043398113472188
0.4239397663599976 -0.8610420553867353
0.8067863314609678
0.3148710394851119 0.539941775999378
4.524097443874661
-0.8041857089886979 0.5878510333392313
6.131170623078038
0.3866530969386842 0.769300901534584
2.6106770913360213
-0.832173395765471 0.47422518226662175
1.0014020230822087
-0.27949431484892595 0.9443934498611339
4.117442079005118
-0.36273879131179015 -0.7392057955370789
1.949558874941924
-0.8147555160141954 0.6169804487216549
3.5662552078551384
---
42000
73
0.8751899117458825 -0.4272758386449234
4.630443742474138
0.8476608934876115 0.061589708424138745
3.4571163259735718
-0.7778851303162256 -0.1214206518722009
2.638527162439722
0.5446251066124883 -0.31466864142776696
4.324692977509426
0.3504154491831726 -0.11764808144674106
3.394727045608735
-0.6533862958047368 -0.6810517204827098
1.3183148571886454
-0.14978824905855623 -0.40886168459941974
2.878255215723014
-0.7648463856444245 -0.040947701080395645
5.786718565053454
-0.885988249401348 0.8835454978468793
5.67708341108555
-0.18298976193763639 0.281575782041408
5.726143278150624
0.7853082969411627 -0.44398358945388755
3.7217525272763243
---
43000
80
0.7105343171479922 0.6347906275709063
5.303833909736394
0.7106369967807044 0.5413513254449402
4.73436564036383
0.044372148376186756 0.24599770458155668
3.3426232677779977
0.7675806547209024 -0.05812852701849164
2.8575136378843506
0.13026657500261266 -0.9765619017405145
1.1276570939447665
-0.7303248500485987 -0.28121157710232114
3.2281308410536953
0.09618802113812619 0.20125972093072686
4.447353393345493
-0.30312466449832015 -0.8305569707032563
4.968403132373469
0.8701968070519577 0.7859846435831874
5.8716607542390635
-0.26351910161181163 -0.055396033646445186
5.033386420767086
-0.5951159273955934 0.9808818685530689
5.388384853569097
---
44000
85
0.1696101719274361 0.9663386410738664
5.333575268770108
0.31506060339501807 -0.6423995591749819
3.384289890212968
-0.47973479489989457 -0.7388160024767341
2.7051589348075185
0.3371158730152845 -0.5658442956131319
2.830243803229738
-0.3989068303409988 0.5602904947036077
5.91615629327001
0.1645208563632513 -0.7804699716631369
4.044349868275599
-0.21350144723514636 -0.46886396183652324
5.312420737360628
0.08117636527307129 0.5564472874873528
5.192337233515246
-0.5982533551085547 0.30731847679369384
2.235162756006785
-0.714824397781323 0.3689240967715443
3.6415874323449193
0.426415818293131 -0.4406583187978075
4.395094135036635
---
45000
83
-0.8237300262750412 -0.009255102935690233
0.631161849198486
-0.6705405539574981 0.5182821654662761
4.613893218147051
-0.541393690106491 -0.4961554228945754
0.5628434323462601
0.11153252753975322 -0.9795396930634213
2.0348507909609896
0.8736599624041056 0.4044173209831699
3.8644173439349414
-0.7023249819136417 0.5291423124281612
0.8947352257557144
-0.6634105642021461 0.18478536730980621
3.6946956590076905
-0.3070633239870585 0.8563196957171303
0.7001154234330818
-0.21771040434659084 0.02190818734690509
1.9203702797103563
-0.9358643051686949 0.3869195044823745
0.9693533771876242
0.6341501474846212 0.4925314454981446
3.527740464573914
---
46000
97
0.9340089903883741 -0.9896870085080776
1.3407606631258462
0.962060764972543 0.9825967551545354
2.44823076703673
-0.9783291211202335 -0.042941665181778325
5.150770468358968
0.9884534298073808 0.9916546540679134
5.472177608681498
-0.8910897422824635 -0.027894071429801517
5.165478064953108
0.7843649600224708 0.763513195611304
5.7171388975200435
0.4822593155083466 0.7686988259817655
2.340265637957886
0.03346269446240635 0.49702281692709444
3.436489883323767
0.7738682862283042 0.8887346409391045
3.773778557005058
0.7859282582207975 -0.3725483190792487
0.4351202704057062
0.12919500950985355 0.8195263741016804
4.07734408860474
---
47000
79
0.27557184494000814 -0.15294949731278237
0.03357654011116029
0.20331291877852326 0.046532760362408734
0.7442064949577478
-0.27298300595013125 -0.5014990366546359
4.80555903993952
-0.031943284821032994 0.18287736858247958
5.289786730070771
-0.5965722053869802 0.3976599411510191
5.2080717152534595
-0.15238778971709774 -0.3653973198220586
1.305315864820911
-0.44749642155185737 0.774661177511003
5.832856919060278
-0.5149048473040283 -0.33898187153523635
0.8836373984200234
-0.28128160793628915 -0.638459129674268
4.97880245969667
-0.4928052952426752 -0.7770606424712343
4.009523484427019
-0.3044355557493632 -0.9692885102374365
2.9510837052263366
---
48000
83
-0.7447114073745048 0.9601895854382096
3.247446587078001
-0.6465343915515632 0.9192319010542745
5.807632550304356
0.8918538214747199 0.5365695942870653
3.369734438761326
0.14234712249060671 -0.7921451893396578
3.9648803873200977
0.5098688384108414 -0.6441118075543206
5.8030492198226025
0.12639695175594262 -0.8320488468693256
4.31050192185439
0.3126537800995567 -0.5911996833856936
6.244503794099863
-0.15810589826206078 -0.8664307302482721
0.6843091385105016
0.6382598529108031 0.8956657480147692
3.1552486955759473
0.9511206628988584 -0.7790452023130228
2.9016304779218425
0.41424153079298115 -0.9889572184001044
0.021336571628575385
---
49000
78
0.9880537474411346 0.14913509231702796
1.1446476563952581
0.5734329009692776 -0.030262672640339
3.5752753125565606
0.7389474105053877 -0.9023767190805494
2.852401752059466
0.547369692903187 0.5141867431015557
4.55405047934564
0.6085433537233154 -0.10510459391761534
1.221238156910873
0.37152060580369073 0.3157368081784769
0.9142945572637875
0.8620153561406795 0.606949323402894
6.139297179374127
-0.45744647061931487 -0.8090782378035881
4.451125962111955
0.8989383816515156 0.5956757231665933
4.28292502439203
-0.582354982492969 -0.40741418922974343
5.097392363909033
0.5284852766955829 -0.7073418386113858
3.4199906221836676
---
50000
87
0.7116012621898833 -0.4327426714817253
5.2208623325944865
0.5928269176531519 -0.6414607796143535
4.9694404052026835
0.0889528295058345 -0.8458800261220762
5.050073560533844
0.9992748207974724 -0.7564283319829849
5.989080612546041
0.5285248927313139 -0.8454957243371977
0.40672567166375817
-0.606408113726381 0.43468717264443824
2.2588772450707078
-0.6496206290135158 0.48408634246481713
0.6756417279594604
-0.9287428308339676 0.9975920625950714
4.523372225762583
-0.5474747750807935 -0.9387843534222943
1.6625920641970717
-0.9632713171797778 -0.07368976698463756
6.1450777608324705
-0.8532191429764656 0.22496679319794322
1.422500640678848
---
51000
80
0.18119546347237123 -0.8192842440825778
5.780113750800719
0.15142455522801376 -0.8342693906032328
4.395540507510379
0.12455784974753951 0.4561657399340926
4.198704714372826
-0.2937342364791517 0.7190714967079505
5.438720398597703
0.5520048511986102 -0.22542270589637975
0.16268882556262731
-0.0010850135113628537 -0.34244450726258935
1.612321752485462
0.3352600012487429 0.5835287710984195
6.23696939895608
0.16872425566010377 -0.3447822096726048
1.7725853923217931
-0.5508385482964618 0.3936073719507846
3.9682205437548
0.11466850582385502 -0.8400239841794974
5.827494080451793
0.45581577185674116 0.2238417184205552
0.43602898317149297
---
52000
91
0.9231460969802685 -0.5809817803399748
6.218061483467461
-0.5482050032991579 -0.6739053144902123
3.553010123079898
-0.03864835726665919 -0.692677297167775
4.1772906476560125
-0.4595613026921915 -0.10729786870000868
1.4767784907032127
0.34974628584949885 -0.691006595697434
5.543983090868488
-0.08900613037272967 0.8851787395081171
2.736417738088159
-0.08965325155247567 -0.8592161993956504
2.8546121653137364
-0.08373813068321709 -0.11258718257120542
2.106782888935113
-0.4530354848641553 -0.4282316364284296
2.1697338245364275
-0.46104398384631984 0.9939024236663054
4.737282828604772
0.7664554586010911 -0.17157098579629443
3.7643181053515535
---
53000
86
-0.5153169013212081 0.5083571407506842
0.0329541380774927
-0.264396464234751 0.597601211514725
0.4662563173135821
0.6932605615954289 -0.7676460537906993
2.9687714363231796
-0.7599594633862509 -0.5534831651892559
0.9244226324120897
-0.028322277706943316 0.43803792138427233
5.683420089138243
-0.1639808500469179 0.12566112493915732
0.3959611966146408
-0.45918179540797044 0.5374260108181318
1.5146394358068003
-0.9181191482434596 -0.8059032124158044
3.565427649264768
-0.6569013215508385 -0.9682019478807593
2.6251796238098226
0.12563408482048588 0.9118372957123894
4.252307376369804
-0.5848764785348686 0.3461532236339492
3.639685522975947
---
54000
78
0.7209188232535001 -0.8950351834079535
0.16983086142079978
-0.7176948737650903 0.2933127818773814
6.1769055721127195
0.5631450225624849 -0.9742367171142465
5.2435640322434125
0.9685215972841634 0.4856358603880665
0.12909510769327337
-0.17756043430312454 -0.6881746683951822
5.295886909023338
-0.7536468201564529 -0.30815135759749257
1.9021492571380447
-0.8887375833050545 -0.19522557608931002
0.9180250155158447
0.2363290405587546 0.42877390391856857
0.08806600932789088
-0.976132365496397 -0.46551069036439097
4.479862003258223
-0.6168757628733322 0.9497866013016675
4.526771618928555
0.717493261813528 -0.8249630995401523
4.350451252968617
---
55000
76
-0.46044673258164126 -0.10028315694536584
4.64699656636115
0.03213172328519813 0.41282966694786977
0.8982629667162545
-0.038327837529429816 0.10045382562667009
2.928497196582412
0.1692251038747867 0.4945679411146001
0.8545515530272851
0.22098218238098075 0.6853880822545138
5.590161973732835
0.032170202982946525 -0.3750804722725297
5.866811308447329
-0.9954102194905037 -0.5037430122536165
0.3835695437883624
0.29653644211540797 0.7985833075133877
0.37807223109898214
0.04086707916209374 -0.4601249855219287
0.47653830881442794
-0.26004459535569496 0.1831242110468655
4.871286293403929
0.8879290322175439 0.9913883475147894
1.472631049953801
---
56000
84
-0.4428048608049479 -0.7082604760853529
3.9931582434443755
0.9594253609642954 0.9611592990550301
5.9919717253892735
0.0573367010604878 0.971822931222328
1.8381354176118583
0.20499597859035798 0.4023085008486739
0.866017734098878
0.40074302680966456 -0.2026232445995995
0.4133209069974546
0.76802178479439 -0.8988248841152475
2.9246497278302135
-0.8894769487376563 0.7578986872342228
1.8897763933143237
0.3554484349461893 -0.31524477429597636
1.2894775325610617
0.010623963865563017 0.5859550021857363
5.1479176455267375
0.3224880084088373 -0.9957042905806164
0.4533214312155902
0.3003989595053762 0.9478843529425969
6.275822254611909
---
57000
85
-0.0007854156484793547 0.2817236717948217
3.189134055332351
0.8654213518068848 0.4462264530649018
4.475940772691851
0.8097923996985662 -0.41436380998577516
4.645327419788178
-0.7356685323341156 0.6273713189434729
4.141911156051047
-0.8229916053560062 -0.6572885858067194
3.2088056842438837
-0.9645626630694352 -0.19327034103886997
5.887573939256754
0.7112329370506362 -0.3305664792540605
1.105891687998124
0.6248779952166809 0.3173051043672095
4.657489881410769
-0.46522046884213736 0.06958197918531055
3.667924481140073
-0.0807141443298108 0.3949740485063794
2.2232680306280637
-0.5902540507699013 -0.2715462931831942
6.033094841457962
---
58000
81
0.5848111388256062 -0.10999969115713626
3.8766607247362703
0.855679754338857 -0.3568893411761806
4.8426397983755205
-0.4788035911429971 -0.4989700381880703
0.35558413807717315
-0.3733340510953506 -0.5263440438190622
0.007639586582647517
0.18206092702455157 0.1520716821000831
0.32752757641132124
-0.4642328090156018 -0.18556682811732925
3.086790706423603
-0.6499241047546833 -0.7745501945781263
4.137067169872883
0.9320306939915881 0.47609170126356604
2.3895767695530017
0.48878282161900855 0.338416210425224
6.107430610171152
0.7031352336405057 -0.12145684773846052
4.970456631167047
0.6040066631506346 -0.2639959148782082
6.032444544583964
---
59000
79
-0.8507178580357208 0.858079826108863
4.2999339149336775
-0.8366010530516323 0.8974155190977843
5.627733490701474
0.10236195336439916 0.9079612141361518
1.38534990507482
0.0734682142812558 -0.76929012630339
0.27188895653526046
-0.13038670297805105 0.4715504004345964
4.694346496874525
-0.9986279028240668 -0.8290824715031994
4.885187300960031
-0.7418772112594952 -0.8135640935052775
6.047254992660325
-0.43661081127187124 0.6138876757534002
4.874729553556849
-0.15608885246798163 -0.2455390446570906
3.7869006279106516
-0.485605463939082 -0.5807847092707018
1.4443645523802342
-0.8799371938181022 -0.8683199933069209
2.0273850228511217
---
60000
87
0.26378098658631216 0.9315070144092275
0.20967055187282302
0.11651988197205906 0.8986581731613862
2.134929595788308
-0.9204118267349964 -0.016350493470645353
2.282049420268754
0.7026941383957828 0.8255232778994095
4.616928849884432
-0.24890969220933812 -0.3546461972144378
0.24741319679625384
-0.5122655046533364 0.10636544556344735
2.6763327930912495
-0.9299406766264373 0.43933994757185135
2.853597730964209
0.9452448961078566 0.5737479432860784
4.641965138482808
-0.21478825222591374 0.034825820457144205
3.8181471455298492
0.42377426007437957 0.4497466825197628
2.266067249311651
0.39736218069636847 0.30190041119436944
2.393381429125351
---
61000
89
-0.19734291939419782 0.9907133891035572
5.070753319812453
0.44824394248163807 0.9439552771787678
4.758098731145205
-0.3760354897860994 0.4944781756947088
4.752245486950612
-0.7500125392263213 -0.5332633840405187
4.216481781434106
0.9517458297794782 -0.4707396881934792
4.0451422507084915
0.15770688043206307 0.2776168584461696
1.8770665900812071
0.12049508820558824 0.2617166286833108
1.7702280342144698
0.9600426324530783 -0.08597698219150071
5.096818314027367
-0.12946476751391447 0.6735857495191034
5.243155980343207
0.35523397767899245 0.8646915539560609
4.12943091449889
0.5971153136627458 -0.8203949380396953
2.9794711655780084
---
62000
84
-0.31974634695219417 0.74982870580059
0.4873387420302542
-0.3011131394666357 0.5958816235905727
3.118206830211702
-0.0020657669557574525 -0.5095417300006987
2.55186221854059
-0.27758759839301234 0.9488011236425181
1.741508474614589
-0.6052695186887047 0.1380454531587151
3.75922408121689
0.02074563699076208 0.2814823926190358
3.2026602788115843
0.018650156359439465 0.41991541251076514
3.272125670398891
-0.6734081002468386 0.6102150862854745
4.466041431033383
-0.7442857638256909 -0.8450856694090957
2.191059104073644
-0.7707973487515528 -0.1498339511580367
3.8560752711127746
0.359485811324351 0.4661657482338105
6.204053423185353
---
63000
85
-0.6239196477057917 0.10740644049077677
6.069385389274832
-0.6423934715274829 0.38852862207219196
0.6444792609648919
-0.3131275647611842 0.43306364835354616
5.59483288612128
0.25257369254029344 -0.6084941060568184
3.0923805617688567
-0.14987993277487932 0.9840087149991298
0.06925589103881258
-0.1002379411322655 -0.20190508871735344
0.1513628122941224
-0.5508893930497394 0.22964677064650987
1.4004603286120805
-0.489169401171306 -0.42452042619912767
5.35978201866452
-0.37549478044709494 0.15245233220025367
4.222455091222503
-0.025247842497920333 0.41132180831757376
4.443408419403335
-0.6391880536644324 0.30069452251721535
4.581897081371316
---
64000
82
0.2866593699878022 -0.8326801611565863
5.016404698552847
0.5228548266244853 -0.6740540518179189
4.68160223092977
-0.5553640938932904 -0.1393124424767307
0.5367680794327292
0.4321968566687312 -0.26443032211741
1.4072229486992436
0.41788477796354917 0.29511365908810083
4.9889754248437965
0.4225190851800108 0.3332164716318007
3.8113664315220763
0.5179006039086054 0.4106487638579419
0.9792989622275172
-0.9599055742620541 -0.31497198537944876
3.7511325356915064
0.9684698345176153 -0.8327800803040559
2.8347430586683853
-0.7166025642712269 -0.29124616242203805
0.5036899404846951
0.2029517055426022 -0.22264515640763585
1.2587531804455185
---
65000
76
-0.20934304174423962 -0.37014224374883287
5.389075199214554
-0.23133420230003582 -0.3187783556105104
5.63747903738511
-0.13659367974094325 0.3529005551750137
1.5787031563877374
-0.8249756146743878 0.9636142161063982
3.684230993736872
-0.6147374373992261 -0.44211701821843374
2.3116040158330975
-0.9224751859718117 0.7837273164293967
5.658336792004334
-0.7274747305130267 -0.9017496832388548
2.302625061126143
0.8389306886718955 0.7857977408831911
5.72927784405133
0.8913709134696333 -0.2820576486025284
0.7778899679226958
-0.2002579189970638 -0.42352206090986927
2.957284118998639
-0.3091161026819381 0.6480821625566011
2.0029232650455606
---
66000
80
0.08368886991642753 0.29580346978608546
5.0052706828551425
0.07051141060854861 0.25373965610601007
1.80197989735926
-0.5483345730305098 -0.5247030083935011
3.7249148705161206
0.7977799265911796 0.8697081838215475
2.562639124585247
-0.2957222679401897 0.5503257244985548
3.694020662535954
0.986754825016554 0.3562388417342936
1.8196671537263067
-0.25415816050961715 0.9112212769429868
1.781770719731771
-0.1453012901795641 -0.2560943769639962
4.785097183434294
-0.5781512336155067 -0.49304307771980305
2.300008991410621
0.9318612763229491 0.42093546055377024
1.3480584011326417
-0.8320291408570426 -0.05781974646371077
4.301619372508136
---
67000
83
-0.6497314341905673 0.9925141762528005
1.3472113601124738
-0.6306222055661684 -0.9776008201769169
3.4010927586976187
-0.24313152021992243 0.3602887982406321
2.369081599212782
-0.48386585192270776 -0.8801334823823075
4.477257144406427
0.3728245395650522 -0.9263967895603518
5.217623648895808
0.38535644865861685 -0.2868188019727112
1.994436112909649
0.06695198153898532 -0.4096300548395327
5.538057342884761
-0.3637826760261036 -0.6217838546190866
2.354039148931883
0.39471322882804055 -0.33334157060467107
5.804043042692966
-0.8702353357354272 0.358383004960733
2.674458987297646
0.9347393174925294 0.6889397401404551
4.284786712550568
---
68000
85
0.3383983115201886 -0.58685494981938
1.9797922129244439
0.3487601878210553 -0.5794105258361639
0.9696094149453254
0.5904030074110677 -0.5685295852651503
4.555920820305579
0.11609304657399644 0.3662565072553105
0.01640669625213853
0.47364648659285696 -0.8917079080383932
4.044393799364003
0.5766324662309226 -0.020665035720974365
5.912333484876484
0.29787753497613856 -0.38457082304578794
3.4491574105953138
0.760108363470329 0.9454719903080364
1.044731749427628
0.6545948934799215 -0.8979911430053591
1.5368146742411652
0.04957589943154878 0.8946965808696902
3.116106617670769
-0.6987158895443955 -0.04584445722545749
1.1779512590112944
---
69000
85
-0.836653673525294 -0.8290225441820185
4.660242495550076
-0.6030023676318901 -0.9310626975773525
5.3313476956611545
-0.029730790681866064 -0.09855498065903562
1.3198183290049066
-0.26288625698119883 0.0594771668980457
5.884393918102271
0.6564245556614056 0.6697209160580078
0.6178432659350142
-0.7800873991243894 -0.39929886558419814
4.328874406877812
-0.07167642854317624 -0.4027337113814577
3.5124663415118853
0.11919377447694246 0.31581717863813563
0.4271567197211068
0.29582775342963735 -0.17963030902155513
2.36653109421552
0.3226158748703025 -0.002141219274581673
0.6825369334343891
-0.458312938758341 -0.6272258681937818
1.8156130799246197
---
70000
79
-0.14526865984777582 -0.3637063809219212
0.39449831743092584
0.0920709266973618 -0.43136201456312706
0.04980955600762904
0.3828886194084192 -0.046281315329108424
4.46319812617266
-0.936704547618119 0.4578000175765027
4.153271840621678
0.5393342279346495 -0.8622796134538241
5.383578233506382
0.3767249669065858 -0.39167953684751106
5.321672842975156
0.6580708454394847 0.5753163058121944
2.481839163997175
0.9128904804899517 -0.9076668218916348
5.638170669104414
0.8572920085429124 0.9160801589673779
5.5448857003600835
-0.23251317145916947 -0.05360944938775148
4.683173865142005
-0.8996096122172889 0.8398332173799431
5.598042591950101
---
71000
81
0.2957201743055942 -0.07518767257562156
1.4572032410710714
-0.8534725043035485 0.9760462129641109
2.682826015254756
-0.9662958475386363 -0.11356679684989826
5.187002386100962
-0.055384094514229126 -0.13706382892517893
2.7001818502482893
0.7954333414300127 0.4422761538369073
2.058591050361165
0.32134978043915874 0.19960375202406314
3.4048927891772367
-0.9989113199203938 0.8671032113502616
0.4614394323427282
-0.2572161244649747 0.2005433918184274
1.7258335312041408
0.453949835250877 -0.5451643334430839
5.911300472957018
-0.6755294287076385 0.07419561608913308
0.1283902785616533
0.4545845479262656 -0.2894899770527733
3.7487802811623334
---
72000
83
-0.35307191901900675 0.5916499114220776
5.472552084338255
-0.11935828189431213 0.3306059370650266
2.886214166558349
-0.11483481879788883 -0.663782893232732
5.161991161555118
-0.929739295797263 -0.21327993679640075
3.7622269519237035
0.7042602778378888 -0.9403377507373034
1.424648642386746
0.9547571984889198 0.9424909657877214
0.07547106483160082
0.27763661304371534 0.7934712112973833
3.9906648665920876
0.5326477450874447 -0.44109130696794147
2.0670963150443153
0.06399298031383199 -0.017334565824248666
2.774713118607256
0.5520497510377544 -0.375639849901766
4.723529908431701
0.38010937126998356 0.7134287522124455
5.933613443659662
---
73000
80
0.8048400043400814 -0.09783194265285419
2.5877741750908987
0.5246653282337757 -0.07462637433712699
5.015244919730157
-0.4318958220743572 0.8981863647663461
0.3510920970568856
0.47838687719659667 -0.5223199662992631
3.6505355747713804
0.8930616545128545 0.4979751058119206
6.198182920038512
0.7867188614319003 -0.6503353029676815
1.141911588473124
0.4573420542010641 -0.4341021020546665
0.7181379497851728
0.7759289707356715 0.265011667948593
2.2314125693217246
0.5058808926377805 -0.11225270289825225
0.18447935416421224
0.890943604673859 -0.8952474744077826
3.4367847773458626
-0.5468849561083824 -0.6444324548130642
1.8658065776235215
---
74000
81
0.2261020168109074 -0.14952261854342214
3.354339364659003
0.20702816742672986 -0.13212527489669934
3.139142498237355
0.594555139875234 0.7583818735494494
6.126748827683895
-0.24755507383107098 0.7735334516943475
1.525529286785968
-0.9612441853156597 -0.7496492913082188
5.195972899281242
-0.571738388134543 0.7711549885430398
2.125157326405832
-0.9419264559813075 -0.39218313914009795
2.5299159696355975
-0.336161861558655 0.8024061724634132
4.5187347625905785
0.4155438075551098 -0.9543968000276791
2.446630018125024
0.004355820105004536 0.7075256151194702
2.212775563681518
0.4697100792336104 -0.6123104888091071
3.6830052000325697
---
75000
76
0.608518723263847 0.5857890886712641
3.7073932690153635
0.5779568566651111 0.591805146924669
4.272833054816837
0.44147381791443685 0.30690439105015765
4.307719130824347
-0.7118428505587809 -0.7390871333843716
2.2651775057259194
-0.06622729132230028 0.4004295485997068
2.273776757940235
-0.5839519567762452 -0.6927000149289468
2.7832321588086515
0.001055608645331163 0.7350429002446274
3.4788558271190144
-0.9253395555803343 0.9550121348892148
5.038268744042726
-0.913063871770148 0.5217201387648284
0.9971942640172307
-0.47891770384919213 -0.9546868212394515
1.996043457800373
-0.2106828726603955 0.5811533986454493
1.6762767084356494
---
76000
85
0.5832847232583491 0.4522038553422364
1.8308380988530655
0.5284389877975583 0.5032887219686832
1.1730632624904418
-0.47070311874487747 -0.513686092190745
2.377349944301904
0.1317283261689908 -0.64188730957475
0.919682572244966
-0.2983033711828765 -0.3618925226991171
3.4026063649097997
0.21702614779160861 0.5794940403730855
1.3948070138440452
0.11832004161028699 -0.09249471049737133
4.209152773077471
0.40059014723265884 0.2685854066839316
3.2345146435064756
-0.23395505692236693 -0.5227673284469267
1.3430049887989508
-0.9700471535714273 -0.8848392401401498
4.725147053189509
0.6453686477281908 -0.9392628470420974
2.4402713188607406
---
77000
80
0.11725929755117352 -0.9142045588902215
2.928116857729705
-0.9835743915092163 0.6575388112906966
2.9043318361190806
-0.8260241019273492 0.731530339663798
3.2609840103529875
0.7684058690550973 -0.14830261477826356
5.1480933479331865
0.30738153241005717 0.26426535201524864
6.000826066747775
0.3908696861468578 -0.41115262877541225
1.3917097448130438
-0.2922638890604481 0.4370358254792551
0.9373344505450287
-0.49473341173042645 -0.0315912463673085
4.482095936225644
0.8563349638090338 -0.2763454844917411
5.870590923377875
0.8206200239719547 -0.378895280982669
2.1455145131748585
-0.7553690440946115 -0.8347812784805346
3.925490587177565
---
78000
75
-0.7247712486930762 0.09224793364787989
0.5497299328655787
-0.8843246063466927 -0.11466228144502684
3.293140378696048
-0.7385600972926019 0.588530733209728
5.611291916713674
-0.5718205090062236 0.31058734089143014
3.212285960467816
-0.489162277079641 0.7453169972053171
0.7950214368833644
-0.7358257423296772 -0.16596098248984098
6.128793989945631
-0.6828142510120238 -0.025376441147651904
3.1584992074133664
0.05842370413278107 0.7949342486830374
0.613783813248677
-0.333246439175203 0.6046190108344819
6.016174479702499
-0.22610413623431624 -0.19416128806681834
0.328062167556908
0.10880263965478659 -0.9455320518632522
5.213538999738437
---
79000
91
0.14921662796160698 0.9250283156351845
4.404702820642716
0.6184360662000825 0.7599098686397122
3.711868649590776
0.2505550770553633 0.3579740022989449
0.16716527045823248
-0.005452197960630513 0.9244982820298269
4.641933744946483
-0.05864185018194372 -0.7548694344175604
2.367469010926139
0.7254556968266971 -0.47728821519566134
3.8784774842244145
-0.37504625254365426 -0.3010680967931419
2.648017409963778
-0.1600561196169105 0.7313272088264097
0.43222144855132605
-0.43143352511205735 -0.8321448353354916
4.785519714528636
-0.8822365720814984 -0.24767898245541178
5.80360638806131
-0.18633233165327517 -0.8447307667829981
1.4195742600487975
---
80000
85
-0.8663854694687926 0.356478028233447
0.6707599972720888
-0.7220815406627693 0.24782567749599216
2.9325659410985683
-0.3908134815275352 -0.18425643979359313
2.882571648740588
-0.9296198063243524 -0.957040147469489
0.653258714068059
0.34773251632819324 -0.5094433882032078
2.9551540519156374
-0.05538927517727367 0.03533859447655309
2.2404692350143876
0.9279892204206448 -0.7775701939024127
1.8585450775873023
-0.6895449807432563 0.6844090591706585
4.840081609067769
0.9411430353990937 0.885117772140382
4.94962348051719
0.6837739312209923 0.44939231903519267
3.35515580395119
0.34613680985107564 0.07533792468850645
5.119256065109263
---
81000
83
-0.47506693292309277 -0.14568318604255454
3.099641526384009
-0.23195239890902505 0.07671708728999768
1.7668052300337989
-0.00540536646824832 0.31176536944541344
0.5199196699670408
-0.5326079775850288 -0.5010013779604536
2.4204227869630888
-0.6833749307668904 -0.14954765639166556
2.264325248296133
0.45610703154466514 -0.530352519994291
0.9107492953740977
0.6449995604360582 -0.7230944720855361
1.8682451054165288
-0.050305604660851655 -0.1414609478435416
3.5455687608042306
-0.47300185788034266 -0.012132407515716745
1.349426044946905
-0.7676058132815928 -0.45850071956714133
5.327491036370849
-0.1887858843663067 0.7720764069280489
0.9246181050939732
---
82000
87
0.5485631977494441 0.2768754737138176
5.330297963486712
0.5404256163033109 0.20442283252149995
3.003726496109465
0.4149879228398199 -0.29396609766518117
6.063654787949016
0.5295050481865333 0.17009455878267396
0.5143323279156453
0.6102895814504752 -0.602917453239404
5.003320543184056
-0.5157499730963397 -0.1392380799380847
4.702630422624944
0.24464746732649367 -0.9741771338815555
0.9108054938042276
0.21406736543800808 0.12137563743911185
3.1693716019475175
0.24061438412540292 -0.19974131583178245
5.669088909867869
0.3174420469299662 -0.014676899772539694
2.8952711459126546
0.1647436559786417 -0.5031067483410725
5.012034051440264
---
83000
85
-0.20403534219999947 0.1410963726990029
0.9890508255165339
0.027596804324599905 -0.22827701486922058
3.8593383850450413
0.5797996638325627 0.14559082687031538
2.1233029078874956
-0.7529891476495072 -0.38076688935937253
5.112188533936686
0.20089456595665595 -0.26154941324661246
1.1464808891214462
-0.24217581852314476 -0.3113720263586309
0.9551632219060124
0.7872405738930949 -0.22405224756536854
1.087389033740136
-0.3918213848495963 -0.48774824846485665
2.8083787167746683
0.6689286023519894 -0.7165380887436714
4.885259506335756
-0.4027633886919373 -0.043344948200652995
4.025796484853448
0.7049157520149364 -0.48967590843524655
5.422480647442914
---
84000
92
0.6874795932374943 -0.18285531062514523
4.874950328137339
0.6085474012254118 -0.36239824220411343
2.3243340993130994
0.23152019502528617 -0.10214578401935324
3.121773224959391
0.5035525710919614 -0.0019079192536668524
4.852328234883519
0.22132842414927767 0.7920823110014044
2.6158909158324866
0.992603651881934 -0.9548067371104614
0.7993461775641748
-0.5547441841281922 -0.5864799257115103
4.045777580524134
0.4527568067478037 0.07178672800681957
5.747401514540645
0.43979764190027 -0.4483515593478677
0.8197780202827802
0.21745799725543113 0.2431374777649653
3.008445515567317
-0.47792183160925705 -0.408489819729448
0.2825952198173134
---
85000
88
-0.331839389040389 -0.0010177311709776674
5.848012141717056
-0.38408750097903593 -0.025036559473488817
1.151911208592339
-0.098422069999483 0.6699624162062295
1.7983471300071203
-0.05036003254458243 -0.9400985275224738
4.67402939167249
0.2773661652905482 -0.6674589633480128
2.506705463026033
-0.6301505113335675 0.24219550818875607
1.732753917392217
-0.9928567796285004 -0.8056357259128609
0.9133944013665785
-0.9311568738659132 -0.08683718727318931
4.309331554303026
-0.6019342209985701 -0.9714264673480617
2.040327699453722
-0.44992223330157094 -0.5609826228280876
2.453240031754734
-0.8627855408130181 -0.3260925266128861
4.397841389854005
---
86000
86
0.1667280392073859 0.30191282189586804
4.578184788669425
0.17542850655708492 0.2923883037428224
0.722774648327773
0.046565599932750855 0.11856254382967282
2.473000420421595
-0.33370477635792317 -0.4687213399977598
2.731187400422666
-0.22816750244065195 0.9980257374437069
1.265426221640218
-0.11059988493396043 -0.18539729162442514
2.3941894196512488
-0.5984100354388808 0.5300981233214801
2.7763861360872166
-0.7325212971420748 -0.6976125225856423
5.276129540815603
0.10528920023136402 0.8382773876715762
4.455455291227922
0.8600737681526208 -0.09194141900871369
-1.2397706937896589
-0.03227477601535757 -0.3105105715688914
5.146741081696079
---
87000
80
0.016980333332956326 0.1074970044623726
3.7224733571283006
0.399331897843092 0.7377564353615282
6.020619311027479
0.29487264875779223 -0.5238804164469589
5.4744221827199455
-0.15739193864800377 0.22578527368457996
0.8004128380994482
0.3401422222739255 0.8237305030041966
2.6545027604881994
-0.7561344378491524 0.650610043211962
3.6434267419928723
0.6777272645347882 -0.9195115341865796
3.875786449131552
-0.5464207912657993 0.47440505816459533
4.996062338919491
-0.4101071041874441 -0.10183675161782897
2.8135366757218607
0.581168833627496 0.6304699410982139
1.1392476994754066
-0.2751337512632161 0.3842596446347127
6.2524560191446685
---
88000
83
-0.016630769852909698 -0.6315827571725632
0.2739977509937841
-0.07682628143124598 -0.6358430709892212
3.5261645349224144
0.14754224440745242 0.08048898800234477
3.8856504191770957
0.8268991648266524 0.3988300703217604
3.3397069425708557
0.7020644354321756 -0.018968731727687323
2.8178098383124013
-0.4068424241658562 -0.9463182342059009
3.3609057542385132
0.883552105508961 -0.17711472267552697
5.484275712247458
0.6381856580253054 0.7109762689192283
4.745680392301713
-0.967913843296971 0.26073507986502514
1.031353337325828
0.1752314923669107 0.8255434670636885
1.265670427726862
-0.29497321410661725 0.056239426267685355
4.9188172059675805
---
89000
88
0.16306079435019188 0.1827240270148077
0.2274570528071777
0.05442595892178248 -0.20784814886355749
2.9062273452170526
0.03470578761339097 -0.3563316000049783
1.2688308696644413
-0.7144404492379739 0.8991995038078632
0.21563611181243125
0.4333811497622464 -0.8899700866509561
0.553055932261528
-0.8618130217956148 0.4043228780684137
6.0346944156866495
0.9193963130339887 0.725443655411797
0.12420569112788638
0.03342523225518884 0.7343810616370862
0.8999064974324851
-0.0024475264684028115 0.00519586071072067
5.429479013947425
-0.5911500471088745 0.9082328510128785
3.2771375769093325
0.2738860371444752 -0.4845043940883035
5.35511922114484
---
90000
86
-0.2969772931454863 -0.9882345076721288
2.799087929649986
-0.18766786722595155 0.8014728353570314
4.189122707056605
-0.8803155224690775 -0.15750890216184302
4.094840282219084
-0.2435003319174024 -0.07457873713913
4.775971380174749
-0.33145331942131784 -0.6485032382856438
5.006688084755685
0.7772069175273262 -0.12171641964897328
3.0365550196047826
-0.7939936643227363 0.9768087348316363
3.3009316289039203
-0.009630338914769915 -0.21580417934407542
3.4194816543623725
-0.43886262959358185 0.5596992044005124
0.9911032022595432
-0.8695019663315948 -0.10582182357921631
3.6380724897261905
0.754249346279821 -0.9495541321405583
3.267939693323336
---
91000
88
-0.322400669799166 0.5012762227414816
2.8183540919599244
0.10696595031728294 0.339133057702985
5.563687132603428
0.5574414920261134 -0.5588252520893082
4.276702333377752
-0.2826230901063912 -0.9381084269322565
4.694759679323644
-0.8374902678018719 0.8644908773349554
5.413225989959641
-0.7238961741123634 0.8857513579693954
1.2141622037443902
-0.6986370677150311 0.5526302072325332
5.06283104190933
-0.6028179222830506 -0.755253586281365
2.1632664407836772
0.6673350932066399 0.044500833477674084
0.7548362511081583
-0.4721905260958167 0.6299903361819493
2.2774506956378318
-0.3076469814192549 0.5652894314041482
4.798663180854113
---
92000
76
0.3650844489491302 -0.40007929541789344
3.383936837495323
0.3574038057204074 -0.39264325314227727
1.60900748074351
-0.2183904084372843 -0.3073350523741852
0.4021421559728049
0.500711892958828 0.46366277611028606
4.206295004753396
0.7704646945788497 -0.9949076245281098
3.023677143822691
0.03862745206043349 0.37572619122106876
2.723402560098685
-0.6065183050211543 -0.7581535567342725
1.8849689522970792
0.16605280831207778 0.5365106186488857
0.16370312269966103
0.8324492094583225 -0.4224164919390334
0.9081048421038149
-0.4877976751562498 -0.19173096490986072
2.3142243237785296
0.38313756316467046 -0.42758166984763335
5.915029460680024
---
93000
84
0.7219582075648352 0.8998355006663528
3.5719903800051385
0.7398318524359888 0.7382505963137951
5.490463362133303
0.6268194522407802 -0.4718732545127947
4.374779401995888
0.2566150403224867 -0.8174664439462189
1.5227718998072923
0.40763830559731945 0.7144804099154449
1.1460125122968208
0.02401504401260084 -0.5436444476597515
4.974126858220381
0.681031434524774 0.3776551940342393
1.950717424402277
0.20763525152300824 0.004585859036713338
4.769236453120231
-0.24346645400323536 -0.9893123900163314
2.0594698411766226
0.8549635022438881 -0.8249202429996124
2.8661191235461967
-0.8543761068075573 0.785067199097685
5.04201343760309
---
94000
93
0.25688715126051215 0.011714835473766162
2.9608650670692285
0.6691149700545761 0.14813134419571783
4.236400903336564
-0.33018030468441795 -0.7832970476507222
2.0603365307605044
0.9299837656662727 -0.3187140240533461
5.037750331507073
0.37731787319350407 -0.2767488489507968
4.715533162618231
-0.9301297269222706 -0.03505349292559581
1.7152098801935658
0.7353824520113187 0.5625041313886991
3.9205642877973865
-0.41155353905806064 0.8511619778874825
5.548747985811902
-0.6240397152041083 -0.7090640812439771
2.919768570370616
0.45263634155807736 -0.15477353473167713
0.8514217545887428
0.7804275106801745 0.6500322824004918
3.660622334763162
---
95000
88
0.9885506647298906 -0.14376361933787343
0.04517691334907692
-0.9550726366247971 -0.03393366243629152
5.0191632470473815
-0.3469930347153551 -0.21048586665840063
1.5217070738858016
0.9103377146090997 0.998831068729324
5.255154684947985
-0.26593418500978244 0.3651793329836998
4.606443981088225
-0.40041552614780074 -0.6104916925830097
2.482760855578257
0.21292483635659518 -0.6484082912156985
1.3354708188494495
0.5406853577441972 -0.053395369009814085
3.584508274039658
-0.3095228315228759 0.6499313812005291
1.2738638111530154
-0.5472587382027903 -0.9721051266044203
5.228085734120759
0.2443516717712617 -0.8945753077707962
4.533485572542462
---
96000
89
-0.722362172578875 0.4953464096845126
2.303050414318604
-0.7038622012153246 0.4553509875455747
3.071564994765815
0.4834708299500389 0.6113587274079412
4.662275333904186
-0.128261318141978 -0.9629213488546632
1.3593551720261994
-0.03433018643491334 -0.8926540835716426
6.011018817038307
-0.08741659762066173 -0.7564810808355017
5.712508959061694
-0.2435683325658203 0.8467608203148275
0.6769665555135953
-0.24668125766495325 -0.061054401812199316
3.921469748402573
-0.6263646347719541 -0.8498602254042615
3.92748447577375
0.5905019442237842 -0.42407026053705577
2.7634423127193646
0.9520425540709512 -0.26975198407820816
3.9674562859897087
---
97000
90
-0.18308702142031885 -0.6908347559755456
4.049374986357233
-0.09824285829054798 -0.8077304334365547
0.4375232314289361
0.9452857650848119 0.5161958511082704
6.1825779802778955
-0.4117963298528838 -0.7490860950628893
1.6116164200344514
-0.950006774408501 0.7448164508755698
5.794987756509633
-0.34489471853143133 0.4333637258765038
5.906982510586193
0.4134307969757985 -0.3596797847363418
3.3964394111520306
-0.8623906011074082 -0.16777122420776963
1.7142489538998635
0.9023398811800406 0.9380963533137758
4.139970224270146
-0.2944505700307248 0.11003693132412061
2.7395102978702477
0.9256466933085796 -0.5670578015365276
0.9263303699351519
---
98000
89
-0.4974310849801398 0.8900313866987839
3.0894076640465906
-0.6721694586440102 0.29123288678564907
2.746467172769938
0.9780464574615361 0.933093297255198
0.1991222514923061
-0.6296366390107174 -0.9852815398164843
1.9765063278672699
0.5912851023707304 0.6513703607988659
2.964027041856152
-0.242263459515763 -0.380482966886809
6.223232964864958
-0.08520275493407767 -0.9546580168884953
5.9129708481918595
0.3699415512398301 -0.07755584212112063
3.0439265611496342
-0.3243715528664123 -0.6656300707083334
1.4785084914047202
-0.8806384095575956 0.2962543882934408
1.1620513343787238
-0.9012960466440144 0.3075312805488347
2.2262612194736207
---
99000
85
-0.35144035363969195 -0.7437575898376011
4.87810681456203
0.12905785785704105 0.41257149123655756
3.893512080604422
-0.5191609409376007 0.5769431393011453
5.129326311457609
-0.08005428013466218 -0.36567903143148
3.006289718315071
0.4532068962782017 0.06562117138801962
1.233744975859401
0.4977270438795839 -0.4262643347783339
6.22245995823751
0.04540463605342569 -0.4254685913876878
4.551199368682684
0.05385904081941814 0.6311059671785378
5.347785222944457
-0.08141293045370279 -0.25205565923356654
5.479914303433547
0.9542913817895722 0.2830456698450438
1.7172026240052425
0.6039031735952578 -0.36045921089788047
6.155898229660281
---
