100
{'run_name': '2D_rec_10_total_boids_short_chase', 'annealing': True, 'annealing_start': 0.2, 'annealing_end': 0.002, 'nr_observed_agents': 5, 'nr_of_boids': 9, 'predator_present': True, 'grouped_spawn': False, 'predator_halting': False, 'record_keeping': True, 'record_frequency': 1000, 'exp_folder_name': 'big network 5 observed', 'boid_speed': 0.0333, 'boid_color': (0.8, 0.8, 0.8, 1), 'boid_turning_speed': 1.5707963267948966, 'predator_speed': 0.0333, 'predator_speed_slow': 0.0333, 'predator_speed_fast': 0.0533, 'predator_lunging': False, 'predator_lunge_speed': 0.013, 'predator_lunge_distance': 0.1, 'predator_turning_speed': 0.7853981633974483, 'predator_color': (0.8, 0.2, 0.2, 1), 'predator_confusion': True, 'predator_confusion_distance': 0.4, 'predator_confusion_threshold': 2, 'predator_chase_time': 10, 'predator_halt_time': 0, 'predator_eating_distance': 0.06666, 'height': 800, 'width': 800, 'graphics': True}
tick
boids eaten
predator position
predator rotation
agent positions (and)
agent rotations (interleaved)
----
0
76
0.7790296413914101 -0.2424907330556768
5.248557554551827
0.7277490984842394 -0.04441709561737927
5.893459638736658
-0.24351021255421815 0.5194791554577469
0.3607602842882329
-0.38805755803790076 0.9750428123984842
4.606308457664625
-0.28742145823128085 0.4742209291002512
4.749547397365097
0.6415729918781012 0.424277403684368
2.1706037754666783
-0.7057716511700899 -0.3220615156072648
5.702290988159861
-0.3261821591751743 -0.29359496864733303
3.167047451826888
0.6025986151186383 -0.7044106523462835
3.888392496322609
0.42241057815618266 0.5593428890295548
0.1567732051212649
-0.2721130235516765 -0.44627100632763667
4.028080802084123
---
1000
58
0.8825691127515524 -0.7864412464096253
1.347040504808966
-0.21715357760510884 0.9428149807306428
3.4547594026191035
-0.3127740815808436 0.8249624278617931
4.61998804128058
-0.4836215102762251 0.14748010692201247
0.6212068290255024
0.9991846452367508 0.8386610843518771
1.7525800481813123
0.962445450102994 0.5957766185244864
2.835912326007878
-0.4044557392932282 -0.45525013451022167
1.7445641895506432
-0.46061380695131027 -0.2543310615814751
1.2606784948833711
0.8066165421568842 -0.39431233059784065
0.49410949541454663
-0.022698805914342035 0.3674185627861191
2.799012270910996
-0.8644247235567297 0.4072617088173406
0.8087197191206412
---
2000
62
-0.34259100375024437 0.017659806628079033
1.6533210729293613
0.17473136287742058 -0.35485184498270494
2.5562047097758755
0.6431957954386829 0.6175226849458565
5.284065046121921
0.27504881766051736 0.025605367025991713
5.989865747974587
0.15448343570970519 -0.32884270667656446
5.266211850498833
-0.3524948185440699 -0.49301838425532235
0.9149814572649477
0.5888601595059282 -0.41414525003934544
2.2218587792643243
0.5537345300944394 -0.8587585140134922
3.8595449140156424
-0.4818449806041887 -0.4620192687873277
1.0884327838092451
0.04146044302013546 -0.9465550862399026
2.2816395706843435
-0.8996680279179203 0.5950905442613617
5.432119812901288
---
3000
69
0.6581642437366124 -0.4414421484092196
1.97728394088875
0.30664113459204234 -0.2952084894124833
3.837008426984344
0.9384675475748437 0.24022024689547752
0.9021212853953434
-0.21868921925212292 0.27326388920124056
0.7207040821245645
0.957078974739108 -0.09382733720978592
2.1079559199284033
0.9609753911578278 -0.5990091831898684
5.552744060770595
0.1773195688791822 0.47451758316000553
2.3494684134315964
0.6275811563758275 0.08506958138145504
5.446850985142158
-0.5814548004033135 -0.3361570455955128
5.5605725918697235
0.6071490335300599 0.1393679184949728
1.5170087491196789
0.31489859095673445 0.02369817569375862
6.0042296227195395
---
4000
79
0.921488132654339 -0.5371709467738643
0.7667411258054395
0.9121037972622619 -0.6045421720131402
0.31573524048227686
0.3654693083142334 0.46075764980819445
1.9931012796202374
-0.9444964235922618 -0.7529665500874491
5.535006160208136
-0.21717583198839413 0.174558548749438
0.5257574861133927
0.9310522071812131 -0.6468828215997265
2.995528790975042
0.8931151023993308 0.8733406954151302
5.510587841545181
-0.46226211574559906 -0.5175283306224613
3.910602576772141
-0.7265018751052542 0.3721363921975575
4.401190146415516
-0.5095708473561906 0.9096832049412374
0.6837187253964441
-0.13164420824631462 -0.9731625359837334
6.2228405208037945
---
5000
81
-0.8650795266520382 -0.5029515442938929
3.9436592647078417
-0.8208630346792417 0.8856565397736242
1.8530112070233566
0.5938082107860756 0.813353459797417
5.845232845429543
0.30278703244035554 -0.39154927723081207
4.924593188137313
0.303275619108324 0.6643113789928105
5.993942547028997
0.7659546915202238 0.6378646183011417
2.5511426212140176
0.8011607657241147 -0.20304853331966682
2.08838287821602
-0.8175733439191099 0.522551762992088
0.7445153968997671
-0.5206177507878204 0.36438020233104185
2.301353805939794
-0.25520245464972563 0.46390138772376205
1.0770593214431274
-0.49352360690509506 0.1106327508093724
0.5198559277233956
---
6000
70
0.8981395715008595 -0.815792795526104
1.303246707254546
0.8903502611011747 -0.7826228453761498
5.740527198691722
0.3368704167681872 -0.8112095057173196
5.8470571135406
0.20673816519892 -0.06154425030208006
2.247134077427919
-0.49672646629464334 -0.8017314762583678
2.805445366245129
-0.057077253093937366 0.6511521132143261
3.779780580078822
0.4567628353365189 0.7508321348163173
2.379829720975491
0.31217616442638335 0.14437339723932238
4.393187068980411
-0.10313901218975775 0.6394714153780491
-2.0242515006654336
-0.41094880559972957 0.6935282183233948
5.448649418786315
-0.20722364978013266 -0.4207647204300245
4.519141637552777
---
7000
78
0.16863227107737866 -0.9748595792271181
0.2445262135185197
0.033612325276675195 -0.8786451854033377
2.3805071892242458
-0.5213199954281011 0.8180974223702288
3.1686391056211445
0.9264015066343102 0.3107227876618744
5.344929016364145
0.7208130751072783 0.5507973273091361
2.1783727200669896
-0.9278489865541619 -0.8471604157661411
1.1272599993064105
0.8978886795454868 0.43095224609800575
1.3532789034236963
0.06817323466217814 -0.9599789376895718
5.8132116503855435
-0.8709333545008742 0.654249558755624
0.35128806914399036
0.7772644493026946 -0.7462623210961451
1.9321772864800382
-0.9770041313439604 0.288393305476286
4.218977225352454
---
8000
81
-0.49543947600698257 -0.8654952970689943
5.4311903262297285
-0.3359731084834292 -0.724149663240509
5.990049067814673
0.023407784493182496 0.9101865031991049
1.8974549689371738
0.9187121590541565 0.774446191223838
1.1784691190405727
-0.8792607235773212 -0.33287843048828314
2.3012607861272594
-0.38195964515639985 0.6858861661638422
1.7578097023269326
-0.7645889071283987 -0.5325355917523176
0.7381179023872102
-0.7346075904868861 0.2949457660317389
3.0416353115442583
-0.6949702197358404 0.10457209297459363
2.980927313596614
-0.6558620711539359 -0.9721764458664751
6.135859864997778
-0.4846998597678317 0.6065104772861758
5.631081042376804
---
9000
79
0.18637644652078597 -0.7447000569251212
4.37843238602865
0.10672193364639504 -0.6710599759165272
5.196610209256903
-0.7525795631286156 -0.9697773836992096
2.2407759492575767
0.39116832674962143 -0.29621547575884605
6.22445290242675
-0.5603117269142847 0.47162471293375174
0.08924613192483566
-0.812989684449026 0.8651553509749466
3.8017451794314354
-0.585074134307331 -0.8577685002305556
0.4074819819120412
0.348215404294802 -0.5012527624677856
0.532984335271804
0.8765663070601519 0.8005827015338606
4.9404509240994
0.2879104448444181 -0.018598560446096327
2.8391196979936026
0.3456656563340801 -0.9913548471417175
3.562586248784987
---
10000
71
-0.4086016807899275 -0.18502466722895908
1.6350522271136299
-0.3206861118909826 0.3694273410890959
2.1095786405078476
0.006173842915324634 -0.12952642291388083
3.083345078817211
-0.2195544800021817 0.5377035208483454
1.7659507924995266
0.8628691941281608 -0.7821027497596524
2.968126397708791
-0.5850810982713377 -0.31089762970207996
4.177332940229947
0.45424724290979596 0.3871176419806483
1.547268136335295
-0.388305481925529 -0.5653511025547588
1.3687450568149506
0.9436062806773302 -0.4642465964449273
0.6576130459374978
-0.6309741591698659 -0.16016224581814173
3.7024319041717684
-0.9056795486350099 -0.3238495540793671
2.717019524111521
---
11000
74
0.004737355503820713 -0.06250089147280441
3.708354910271501
-0.466793201501133 -0.16144171643909883
3.1538750275601934
-0.1837262193625248 0.5830985252464176
4.042461277840022
-0.837972323827799 0.37347172001692164
5.81339484239197
0.2553803242420734 0.3104628536686602
4.183976876160224
-0.025810004787024284 0.9112091637948173
3.066730574440257
-0.5259922868063599 0.11369219803265633
2.1965293137255912
0.09671391461593526 -0.9560991137827826
4.564352445876951
0.1816701704322895 -0.8958872702504734
1.4533792100116507
-0.053249243239605504 0.1509321615957455
3.997440618078505
0.10838910774497583 -0.088156641736193
6.101401670355291
---
12000
65
-0.900886301099291 0.17863678478653408
0.459103747600053
-0.7867911402812906 0.17353251402717143
3.154066285240752
0.07416296590110025 0.9615783984022102
2.103453844348227
0.6121898791216663 0.9974054575915348
3.6203106709057824
-0.15515536396753002 0.550755336652811
6.120667730621021
0.08216192524107824 0.852523098825365
0.3977450168798198
0.38431362232418786 -0.6632983613533903
0.7465065055955327
-0.6060219240930202 0.6546722433899704
1.9471917553188947
-0.8421831889536393 0.9055448278639612
5.858977154133744
0.776159372265926 0.6715079734408758
3.2872562536317114
-0.7026264195604104 -0.4943053388836212
4.371451836474795
---
13000
65
-0.6235149787829061 -0.9921890037241805
2.5614073757052953
0.259786299879742 -0.052227780299539533
5.093492970309234
0.42846802111164106 0.5482948249645516
3.4577505050731236
-0.5375817627324759 0.1664309640112369
3.506994503337216
0.2921643525976498 -0.410137313223995
2.4212826329854744
-0.4890911744877739 0.2620461668337763
0.551016342459751
0.9359098970430885 -0.6570938015282995
3.399399860300421
0.007982279782257018 0.24494823022905166
1.5633821158065144
-0.08192748593309515 0.5114544867275246
2.732927495970472
-0.09128351872362778 -0.7885538555110801
3.2604014434165176
-0.600717393678167 0.00860895834538073
2.7589666518325133
---
14000
76
-0.10975192341635866 0.31929187042799806
5.995613973904214
-0.6765887175067385 -0.3868086737585432
4.61994306780241
-0.18663976190979437 -0.7692833386445128
5.177081702868053
-0.46586880979025935 -0.7688718894767569
2.6126632159103966
-0.1086174917069199 -0.3837289760705645
2.4507964720770863
-0.29692860248889447 0.4729430636977872
1.5960456006013288
-0.7282488551933808 0.6091198286253524
3.297824488146956
0.35408369670846207 0.575913399657843
4.5054220102385845
0.4871833949813943 0.6580678484811909
3.6010976273738873
0.5888578190205955 -0.6634777824202263
3.6103853990893118
-0.4417684290404359 -0.2429435705638659
0.24202780176491778
---
15000
76
0.12051039337032234 0.15448534511632203
4.0373971441078975
0.11826401823136563 -0.06669820863864401
1.2410892411911796
0.40899830019900374 -0.10154872412981196
3.602764641532959
-0.8328115163672256 -0.6021537757933773
0.5793797687460449
-0.04937194469273634 -0.016586151649530367
0.1791450286784917
-0.26984426487336727 -0.25918000728902857
2.3872377555526088
-0.5724668793567121 -0.5616169770464933
5.770752656521919
-0.4901521050309786 -0.3854305136511414
1.754957347111131
-0.6321322582839495 -0.9956552113246904
5.633774031785706
0.16865781444605582 0.41200196169250425
1.5555736265450317
-0.48544038794511957 0.43879199590163875
4.828749016619962
---
16000
79
-0.0905854991616455 -0.7804958263135446
0.019929677152679126
-0.1744075003799492 -0.8578165256490847
3.8102713175169427
-0.5094440016770313 0.26176477704493506
5.137129794095056
0.2028004781807825 -0.7597788489183704
5.3692216687137195
0.19656020048995676 -0.9203224210837371
3.6707059763850918
0.22061627460026006 0.36607121980722324
2.48588962088464
0.4059003985288655 -0.5548980147514659
1.9658831065215088
0.6805155376008978 0.3280793944511195
2.854707553096616
-0.1067327761196699 -0.2756023410771593
5.146364702652096
0.8068454193872008 0.32440537067451225
4.499223425001837
0.7394129486080742 0.5223863039485367
5.61239429051026
---
17000
63
-0.2969245260049876 -0.11813907414758326
2.3358171372237044
-0.7323160174969858 -0.7336698038284561
1.809299764329082
-0.20779970228518074 -0.31073179613418334
0.60547331542916
0.9615589875720439 0.07209569024462682
2.7184169941650778
-0.232680842729344 0.7615499911189562
1.5698981522910662
-0.9367028917005457 -0.4360648966837802
2.77585684127916
-0.012205042502734888 0.018092919379063148
3.7320017607999407
-0.6600063790193453 -0.5372475911837882
2.9544026387853703
-0.2657045841280613 -0.5633209402832535
3.4113459842012546
-0.22837976004213864 0.8704294635881835
4.757435616522988
-0.7956478565888208 -0.7889812477675507
1.9140994176963444
---
18000
80
-0.005305133197842614 -0.5629850478654859
2.3265460162971876
-0.8328564611918261 -0.1391272364288483
4.666300669407706
-0.4646284811909617 -0.7361288887679214
6.272457943283487
-0.01955060516432336 0.0406110512190363
2.0043294790282893
0.61103526559061 -0.9835330147870089
2.2521538725994645
-0.4369424000567428 -0.03222503272381884
3.669534535547494
0.4895652927529523 -0.008100790326707893
1.2093053582412479
0.49998277291676013 -0.1728850880559767
4.3657336846101265
-0.5774839846039618 -0.6164375180823749
3.8849475746440056
0.7301458800573105 0.11423225987638205
1.8953988487702453
0.6857918684560499 0.598248005337315
1.9618584272812631
---
19000
77
-0.9917705275159514 -0.9049911490697125
5.066879932239443
0.9419639603279805 0.8582433989258743
0.9344304754240387
0.7420750350756958 0.24605038724295186
3.7719431507525423
0.7148177806774532 0.12967994160547033
4.7496567391594295
0.9876935924581497 0.19797714635026423
5.515687624339383
0.21349525206897674 0.8981835477852708
0.7734863101961835
-0.32341006654300186 -0.5711488397884305
1.9556914004892931
-0.12029529924301668 0.08799149510941122
2.333213057969516
-0.0245975875181499 -0.012648784319509096
3.91327921908011
-0.5675161181839535 0.8320574443890331
4.941959839349975
-0.2438625807629119 0.7744714734256491
0.7566309000952787
---
20000
80
-0.6100701676413647 0.34021524249629714
4.474141170677598
-0.612986071663413 0.9268266888126877
5.119338181056987
0.5290990915485162 0.4819348392208238
3.674740636140019
-0.39971917138061575 0.883932936549536
2.300532698069352
0.6819748849258236 -0.8646849399392105
5.276516260110879
0.546376061916003 -0.8034159378633214
3.616686918627617
0.17671448187246952 0.9942112219586996
5.116930173956804
-0.4462807047166427 0.33487362600477366
6.153174119542461
0.8321699073390616 -0.8936164607663823
1.742022219600837
0.8875122463343736 -0.8803686615218822
4.988400329481833
0.8883751140320606 -0.9774658076038343
0.29998503892632256
---
21000
83
-0.36194372279748155 -0.6421431885653508
4.229039625280665
-0.3156899987074584 -0.7537169356012456
5.621665775770749
0.3478656242840946 0.9000845648059242
4.541955756890257
-0.160578093221402 -0.6596777183986817
3.3501773210984487
-0.18074144943146955 -0.7670840125819695
2.030472835678162
0.3064740413521083 -0.4659110811513618
4.34952378029735
0.8135201953233926 -0.7712436694157134
3.7782925457185534
0.01047652903031544 0.662912649941195
1.4865280190341288
-0.7765489973678941 0.8828154222363878
6.155750765431711
-0.5590410227083639 -0.9481193956535797
4.516629347921594
0.12490441329611277 -0.618354668097661
3.939376738520539
---
22000
68
0.6013847649723583 -0.7305761761516266
5.926501408657593
-0.43334094539844037 -0.23250229831192532
2.2992110526858776
-0.23234870281909392 0.4144632573571422
6.042346480935044
-0.7968961414576335 0.23929341759790929
3.864275798586541
-0.9501637575096462 -0.3326829869399205
4.155746490274579
-0.09938896902903355 -0.17603675661038995
5.656615737583798
0.10165169419860873 0.15737642645999775
0.38783732412242866
-0.3717938018278266 0.5102965436603603
0.3041955357155688
0.6396131880191133 -0.4275315651781939
4.828609980891395
-0.5930651667482009 -0.8404233626966173
6.194791251028165
0.9397209150745797 -0.03562642495164829
0.7062781617383864
---
23000
79
-0.21393047869878723 -0.454962472028958
3.3992281125340034
0.5778194959499895 -0.05442477889770021
4.425663092542795
-0.3715160973057333 0.06033036335906112
4.5362407723749705
-0.378572297398879 0.13206516176704744
5.4007487823368265
0.7247527263209156 -0.4053482591917229
6.038969625706112
0.8405115624144311 -0.3888966216111964
0.2521938524208709
-0.8889967623166842 0.23959003554772454
2.75865562443368
-0.745654369559853 -0.15271855058550535
0.42844163664511736
0.20396161201286828 0.3382025007340762
4.110664369234889
-0.5783683751195293 0.22168323721957459
2.016177274395173
-0.18806977242518003 0.1515203436585795
5.587699780892472
---
24000
75
-0.8219797584543995 0.5816723853169479
2.242502208156006
0.9580415572705814 -0.13043316872251193
1.7472935286431883
0.8024731586903684 0.021766718173394713
1.8798085286846389
-0.47838026374875486 0.12835952481697577
4.854755521551615
0.4537395970298396 0.9694155789281232
1.8049346713031302
0.5918964387151837 -0.6968080232114149
0.8769016744911586
0.42375393370461495 0.29574506310356286
0.7977069071312415
0.2484450081147031 -0.4989826589283368
3.014881344819573
0.9652976453491708 0.6269218863146879
0.36164321756502726
0.9118746274457359 -0.6553334741099355
1.1256373770002501
-0.5002385208100661 -0.6776263267369701
0.9412553746529544
---
25000
74
0.8863972786312807 -0.9951319680751101
0.5992807514242842
0.4410173471669585 0.7728443257531519
3.1920676514464317
-0.26848009103211534 0.6298797361423649
5.1177998825602335
-0.6914648908452709 0.5894904514982476
1.823362827532799
0.528520257479518 0.8163890621795571
5.2330205190961
0.8755101419823835 0.8147250754566752
4.660425651573103
0.5157309301589146 -0.9146141577098329
5.746611487159805
-0.5279840676189158 0.5979460756122053
2.242047766721573
-0.4074991207200027 -0.9848886215332393
5.575373291629743
0.9561104819713834 -0.5558551716928514
0.8083244830161647
0.6419465616559811 -0.6791074221795727
2.7179891775541583
---
26000
74
-0.34059608492921817 0.8953218490398134
4.554841503048527
-0.3529578839127979 0.866750593497577
2.8056014456434175
-0.9392728770577378 -0.14199723687452848
1.9090196626099702
-0.7751129762001135 0.39643227348003446
1.6101886662034524
0.7191919565329908 0.5531159910983036
0.6553723190492597
-0.5522697119030701 0.9028981159235628
0.8468518101576201
0.9556701171471307 0.3629590087575479
0.521903873532513
-0.4726492280105332 0.7665855819091288
1.3223274789310944
0.5296901954779721 -0.8881695169856871
4.869689603713793
0.09660416932582588 0.5671773747428693
2.2490912422658393
-0.6289994122086708 0.6981440217006456
2.0100420709051523
---
27000
81
0.2891556923343229 0.7123571347383176
0.5333070130446961
0.4650783849794403 0.16200823404741221
0.6214786448879757
0.014442334062485226 0.6111991180631392
3.584993340522737
-0.7375204358302153 0.8308883852435306
1.8822136916382073
0.14229361225764336 0.8327726399180811
5.121586242499332
0.6358605991380808 0.14180177816644923
3.202720826165476
-0.9969349607769024 0.11743677264837427
2.0974902895949548
-0.28664953925470554 -0.44777536145605273
0.3307982698046148
-0.7927641295320745 0.9993751005578724
4.441801905839397
-0.5832222095237501 -0.12217690713707399
0.31993676354751877
0.893086503466471 -0.4653821481750804
4.2243666524915895
---
28000
77
-0.40316896225559473 -0.38718443051447765
0.5079973427003441
0.4648331945868091 -0.2978229555078979
1.1833363768589233
0.18471983643943107 0.1781591393327509
3.161670106493909
0.47976567210659155 -0.2660602455704308
1.1424629184212725
0.6313884580821443 0.8235571069983685
4.952841348751076
-0.4451212506524809 -0.32244611144451807
4.101840880610258
0.9729614606216754 -0.8219166390707067
4.130354214384443
0.01246465400229825 -0.10531490196472836
2.903924451245474
0.7326735487060794 -0.584054874181519
3.2245501114801876
-0.4564641428362689 -0.852453969673694
0.2806021750487311
0.10655408357906054 -0.7243649315705527
1.6727764349011718
---
29000
78
0.15345934970431804 0.43739837398001424
4.930559986337483
0.012086165484417336 -0.9068531036864337
2.1341908484940335
0.36249811936847504 0.36433880173607375
4.902566116900413
-0.46657502890677227 -0.32594512902785766
0.2225299956258473
0.8276255794228615 -0.29920836501112613
4.894352738439486
0.7416714443709704 -0.7354942770483874
3.5930191957407116
0.09998124391769278 0.5860155827493028
4.224761733334219
0.9162197306989885 0.8004263606269764
1.1139463240434964
-0.7807479828461997 -0.5398801738937207
1.339603479820175
0.5625671304579498 0.9775173124213448
2.5101376397795985
0.5095456042014114 -0.40240670197408984
3.0304474016575504
---
30000
73
-0.6750538781241956 0.8659130908953268
5.515699007966434
0.10794083042863573 -0.40279408097009683
1.3313504190180447
0.303503158062832 0.46273374876172013
3.7851488666310673
0.5080546926496279 -0.9492885737875688
3.979758486730648
0.8572245309571984 -0.7941133212423944
3.3024953740692977
0.47451502462794826 -0.7012173486845361
0.6259373981415539
-0.4928614538615271 -0.5387648377003559
5.17588537260681
-0.6579698229378365 -0.2547646922037597
5.817786593385202
-0.1504663462478924 0.869710799633092
6.163374243946972
-0.06134698141030277 -0.4398582809722671
0.6065407150913122
0.4504998726599957 0.740223318742502
5.8947829851039355
---
31000
88
0.05451445824522215 -0.08525159222901654
1.8983478082785765
0.06345153877936303 -0.10181235191738511
4.3335020041482615
-0.33797830293997355 0.42075928058695333
6.13103204570102
0.9103125446907187 -0.6622296251006441
3.9252870244269253
0.05969903574689009 0.37628191629020863
5.9099263097181725
0.5727801204612735 -0.2848315960042491
3.133225072375537
-0.6472205222322761 0.4639519466469737
3.89152690866368
-0.9741430315933648 0.6206959477142407
6.170342376811289
0.7932277814865367 -0.1619507860498326
3.365508904658852
0.7741012908817251 0.5284764474291186
5.705822416145411
-0.5415654608900756 0.39290356461684944
0.13491411437095646
---
32000
70
0.5882980425466037 0.6087862514713643
1.4467191754423485
-0.8651501254823053 0.1055542038804277
5.6377137543591225
-0.772321157500415 -0.21545299675505333
3.2656700153880323
0.8865830070974005 -0.7375631649329291
2.5703976713246464
0.7567982066394766 0.11898911312311579
4.325561600172735
-0.3548888790163654 0.3084590879417611
3.39823007934912
-0.7758011027700501 -0.021384908968743788
2.355220165582197
-0.39557886403024606 0.45744139773919834
2.066397749227437
0.7713822771350108 0.8896944641622845
1.9819432206543297
-0.7752157326303405 -0.5799190953938833
2.471438799125936
0.3851442744530195 0.34323282854016957
4.191438381375724
---
33000
63
0.007928831835328654 0.7428295862587315
4.937908420527577
-0.270383246442804 -0.5457386690443162
1.5206287067770567
0.11377148771821291 0.8392430480942771
4.0775564553559915
-0.23823566495999512 -0.44263476821421033
5.3370783313516315
0.4290762705326905 -0.5912852269726615
1.8489051902219629
-0.4543877811043142 -0.0169380509018391
1.014983911103731
0.04883288644214748 -0.8406345843670843
5.161567220220408
-0.010241791072661828 -0.5134626404091034
1.104478925765406
-0.1831945373315667 -0.18889550073942024
1.2211530098848824
-0.8600897695282551 -0.5797471826423619
3.489191918691901
-0.281118274168396 -0.18741641438620993
5.578334156545323
---
34000
83
-0.32454155610599034 -0.683704903761842
3.276543643852141
-0.9113518904472477 -0.942952776923491
1.102654936127034
0.3494143800821381 0.9081253278633279
4.226645813177936
0.5013446123240568 -0.193247589876287
5.359070284568198
0.720135440106353 -0.26625804190719227
0.40887669899255275
-0.029440235552491777 0.30412434211223033
5.528925572705475
-0.6237610869409963 -0.14161360542210363
4.717453852335083
0.8899103792836903 -0.9785239435384245
5.036827512270713
0.8997040921581021 0.5000532325339122
2.348463405365673
-0.7543787164152358 0.31647294410656357
4.367769189213103
-0.007951218392722642 -0.5861975291852585
0.926010694588018
---
35000
66
-0.37854695228759466 -0.8360894966477914
0.49595995787982394
0.4289310262452942 0.21030180513532315
2.112322264026208
-0.6799148479617412 0.7357634534069606
5.305657721156784
0.2458316940649796 0.3261298812918636
6.130449820642691
0.25418497500871706 0.4792781118414448
2.3787745608241653
-0.8710295009803312 -0.3283135013124381
1.0870354352167233
-0.5060541608741598 -0.007519137118138307
5.954825199199627
0.40227430967662053 -0.27850262049082397
1.614223519273546
0.7039387775550495 0.8532447152430449
2.75119193647358
-0.5789137021808644 -0.8879216630733043
4.267396424873468
-0.8119931371432596 -0.4177635063935795
5.44773380040792
---
36000
63
0.48474535368080335 -0.31342391366290223
2.9912922700580626
-0.7247778874850019 0.12860410246852289
2.7193595147512344
0.8342915677485034 0.9358460997820214
0.6577256327585523
-0.9855537551398811 0.6528521861198634
2.576311828853881
0.6137120390605209 -0.11300261221580671
1.5607222915578376
0.3655331261900302 -0.8165022878963789
4.9454682111024875
-0.8501177318538061 0.5950405191209517
0.8914883949321579
0.7339915060662893 -0.8504982611018204
4.45742016668855
0.5650411965907057 -0.6197334134338957
1.2261727514595133
0.0202995928479291 -0.4264943079240247
5.747292767730352
0.3104583491552645 -0.9017302187098065
1.3453116486457226
---
37000
75
0.3065898378448235 0.3320111168893038
3.8941597473953258
0.618730363946653 0.44237047200828594
5.313736434522739
0.8591987994502864 0.47634752981496364
5.426896638711816
0.5433415273928127 -0.6867570217254197
0.9180720946104008
0.7462455127080228 0.22070985974091106
-2.4798301902778124
-0.6917056024321118 0.6865122806430093
5.906112770527917
0.28494161532275497 0.4515634319475108
4.53600749731721
0.33831214632034373 -0.8187393495615588
1.9566018136031724
0.5072726148529456 -0.6705525516884255
1.8592094813532416
0.6022738564104484 0.5371189760134474
3.713828196465731
0.7319115684233484 0.541756412075157
0.7516764387023196
---
38000
80
-0.13893617595156477 0.3583548048346681
1.1751847027139046
-0.3633015691789714 0.42497201716352734
1.0243999243537365
-0.884690266527694 -0.5364254291697398
4.063131247726844
0.7398687112660688 -0.9941472943551146
1.3253086835953436
0.23111499394597296 0.37426124436932445
3.2843362083166374
0.7634247419594231 -0.6848039993210421
5.190272784904693
0.9307165729952006 0.8817931386184203
0.7564148115391482
-0.5233481967239352 0.556745974123492
5.312144789830787
-0.8088711082073098 -0.47114458585914604
2.7298551367484043
0.43435841953121895 0.5356627000729142
0.7539598412561332
-0.49070593878250723 -0.10462650753654987
4.694357645554789
---
39000
73
0.19674936960545958 0.5726493974230051
0.041205982882275886
0.8301824169726872 -0.8829303322899166
1.2852219968185787
-0.34023766702749514 0.3166555862509389
2.8446188980368268
-0.5234413916375615 -0.06839669359874988
5.672683260285497
0.2919228449561639 -0.27503515273879603
5.93314890768987
0.09608772517923678 -0.11872494486032613
2.4512480469659508
-0.016895758300421126 0.7715976385348575
4.702635956519295
-0.12233691695565445 -0.4566186213296892
4.760523521860076
0.0004190605027047929 -0.7654713865800113
4.681970458670044
0.054781507013393634 -0.5444413558697158
1.5493147566802046
0.7346581295391933 -0.9406816354202306
0.5246036486722758
---
40000
82
-0.19855269559915478 0.3869533809520373
5.791889421247026
-0.305530813861502 0.4763464669068229
2.5950888112294024
-0.261445149611206 -0.5244669656055296
0.02011071066224801
-0.507828969762797 0.12713099027896915
1.9916245164796527
0.29023278099535416 0.6995748159709824
1.3100401181053138
0.5432404177029054 0.17737187972741042
3.2811036836260863
0.23502856134592534 -0.8617863307657257
6.022997283212777
-0.5338529682870243 0.06251418971946823
5.2140203920365416
-0.43951606284816574 0.11126582126882024
2.601878978241846
-0.3185841921904016 0.9239127765066215
4.727257345644801
-0.41882954551428714 0.18176850333808992
3.217787016109691
---
41000
68
-0.3447116202638941 -0.28236812023665225
1.8307276586109458
-0.2203117151327506 -0.08005596564911016
5.63560210644366
0.8238717893881458 -0.1796529631593045
4.187065536391328
0.981045222461294 0.10519748263147435
3.746537242668965
0.891645632889988 -0.4958254035904969
0.3325089175035538
-0.03134694134243452 -0.48389179723354875
0.22685089671184233
-0.2374859487838815 -0.6380036387967577
3.934826241434801
-0.6489747520504642 -0.9628260552618859
0.8685775292615885
0.7160931817694424 -0.6179298112362446
1.636078970177385
0.3341172685197224 0.25517785160243395
3.54182032446424
0.49277914902899417 0.2426238968068311
2.1357350805426547
---
42000
72
0.19468306425399137 -0.6856967760839714
1.4979643437512948
0.9360834972095234 0.4480662659174721
0.251476868810669
-0.8658319307225598 -0.22643671593207026
2.3993378892450545
0.32417969082897197 0.2710989413130074
1.396097234154345
0.5532391273326558 0.6377249313055857
3.411540706235871
0.47137122806051795 -0.48292359187529904
3.3712212990561907
-0.07558773324512641 0.1485288099192815
4.447417893498195
0.4003753230621688 0.7059949189877164
1.9087230259623862
-0.4781630343971859 -0.14038878253340206
0.5637225461424658
0.2336385769614523 -0.8271148695116688
4.2233055219084825
0.11063096599419314 0.5921098800227188
3.3394895114093632
---
43000
77
-0.28236579998150757 -0.39717719219032593
2.9460024138435608
0.9173762322460818 0.7157762827164973
5.346770202981953
-0.050636194460662615 0.9885136263788803
5.2482305874192345
-0.4769681303114063 0.11668249147663769
3.1913729323196494
-0.8380151728074149 0.858619095289244
2.4335224138708833
-0.13133485584263258 0.12662463370441307
3.076745702760821
0.42988101208619617 -0.9581441270186822
2.439467942837288
0.48022621797837006 -0.033051814032422785
3.616946933602245
-0.04022670722052059 -0.5280093669126482
2.4618396157126377
-0.3848270791008932 0.9184388906550458
5.368298668171013
-0.3969507696690942 0.8885319215580421
2.763409274049981
---
44000
75
0.9615992586822016 -0.9980596381867617
5.3294231072567495
0.8896629424967969 -0.9743079835259163
4.628469211946635
0.26285239788459785 0.9774630385878824
4.825111931282957
-0.8578781184817701 -0.0182084133732835
5.193818029045181
0.3694119587013411 -0.530892181179046
3.9835293215161593
-0.1915803188496981 0.6859305151198406
3.510276374437074
0.14325501079385708 0.08743066942563271
3.064639519762048
-0.9870038890970054 -0.5598151030635646
2.0737131811188565
-0.6109109477035245 -0.8480815233378416
4.653735082926803
-0.7758071624368825 -0.8941406300049377
1.6429056074788493
0.2796708862860507 0.9470173114722091
2.4655741875503248
---
45000
78
-0.8921780994413743 0.02491163824028151
5.731458933552037
-0.9708743147753157 -0.2607629360922388
2.1155007155681416
0.4735453252860465 0.21494217229431284
1.4686530071531125
-0.27411599494821226 0.5794034591373819
5.25925977323051
-0.27550675998405644 0.32531073134353317
2.90830612299243
0.8088975003181846 -0.802544970021129
4.251229899511797
-0.8847427171578339 -0.24299991361119472
0.8008737442039857
-0.36444309514467527 0.2683764832728518
0.5178143858221871
0.08842009569889804 -0.1142052975469629
4.540298732284011
-0.1653714588049718 0.5190762238987094
2.6594519080487284
-0.8684953414406814 0.6148722875857653
2.96389892291817
---
46000
76
0.715722431112945 -0.6582046385621684
5.816424149238288
0.2652102499334866 -0.5198121855261255
0.8022377925235631
-0.3321222230809147 0.22601273688721848
4.45507647585931
0.10751451094835385 -0.08414894311897136
4.63761389289301
0.06253975557369056 -0.551362585786336
1.693123415169735
0.3863747786892228 0.6978614357652481
1.715645229855494
-0.7542161798844954 0.9402370420426605
1.3839573477577596
-0.24915143140693516 0.7695317512335326
3.0450584431934313
0.6314978022231948 0.628418963074957
5.3049173893317505
-0.8069369809017202 0.1718224353203851
5.9371543833015705
-0.31700846027921503 0.25751234151691366
2.860886031534503
---
47000
77
-0.2551756210629432 -0.2566926865379442
2.601836208618597
0.6321290045262332 0.8368874168678122
3.2275237912857264
0.8007953382524726 -0.5419192299339188
1.8630814112241092
0.9144825121335999 -0.9904704411614187
5.519990642888276
0.03182874548026224 0.13801743934608765
0.7202483729880615
0.2869543655038965 0.7693390309242584
0.538207442965601
-0.5717091615918343 -0.46245282390318043
0.591582849406425
0.10350092270121462 -0.6003035935226377
1.7413101293188724
-0.6093252761386951 -0.40618902614849645
6.158214339554891
0.7840939886747906 -0.4338719471112009
4.015730654
0.6420813054277855 -0.5861354523252493
1.175866968169711
---
48000
70
-0.3032968003018344 0.583779196891768
2.4626026952110567
-0.5724187225744992 0.782435726174452
5.452059551978515
-0.8803940606658301 0.34394949914000267
2.4099130353745073
0.8271396530956607 0.44201137554249315
5.28188494073614
0.1165971444827401 -0.5389300665088528
4.53667839699702
-0.6644476518258212 -0.31815981014875033
0.46182454509286064
-0.43569407932974946 -0.8091815898952444
1.3286217927260484
-0.5846680922481715 -0.6337164631745444
0.6847099186512464
0.8526399441570542 -0.2624628586146608
5.804964558413954
0.09617295385060609 0.3081818795428281
4.209970475547401
0.24875277736559523 -0.9689185692961353
4.2671130012105944
---
49000
70
-0.39778069676846284 -0.9065419205445996
0.7840890520972721
-0.8778791985114255 0.8113715086112554
2.7807348277729513
0.38671553014555593 0.42137632287721294
4.235419606045806
0.9841093953679863 0.7132526876034074
0.6180858935355653
0.38080337772823686 0.20574219130795893
2.239802115262571
-0.7425121595719013 0.019047627491437583
0.28433983681156483
0.5368771531219867 0.1574056751696175
5.562411972530067
-0.3870897548906209 -0.5449013149169468
1.7532635068882854
-0.32145753384815245 0.4721626272574253
0.935730813004013
-0.04224514351200323 0.11253655092093473
3.7848131115295844
-0.594477914196668 0.1785820440052127
3.275426113231629
---
50000
64
0.2874757870605297 -0.5604062163450919
1.8433872677716407
0.46202693916990856 0.9366340181628481
1.2342021185987697
-0.7825758551137909 -0.6749055898465081
3.318784006091267
0.543197222026981 0.8463709895430963
3.508289817336677
0.5608779892465379 0.049028572573981
0.04949377123814447
-0.638335598792737 -0.3447579539097227
4.41550203544903
-0.8356476632762136 -0.9723389685658562
2.8477345976735897
-0.15751089369822205 -0.25757512218361783
5.184413777640693
0.7411637443105665 -0.08070248597417537
5.029893931976999
-0.3431188355947759 -0.026545994215286806
0.537614830209538
-0.5582111448960342 0.8053288291225984
3.5536408210101467
---
51000
86
0.6450990546889143 0.33903373124170577
0.11083572605989736
0.5433536491359104 0.5176380072326081
2.8188328881122002
-0.9866887727646771 0.32632899088679806
1.283388995497095
-0.3734601994678407 0.8493455167328364
5.416295769146693
-0.1466383286368721 0.07751978852806843
5.496592196242719
0.26155629896285293 0.011176809052412296
0.5358404452316119
-0.06331367311246364 -0.6971094039865366
2.318413798636797
0.8485373269831256 0.29484335579206
4.1954685038209
0.2169830132567172 -0.06044481560673672
3.3011584033888495
0.5067044085957725 0.7891547344879486
2.515548212258193
0.15455413498586018 0.4019942836662333
6.146136256419336
---
52000
83
0.6452695287250912 0.5191547593375289
0.1187242846218439
-0.20639182180388607 0.32956255087230585
2.782683842521628
-0.3216468338343292 0.2048607318535754
0.3895539651603874
-0.2706714716033737 0.137407405144226
3.4062498405360815
0.33379646564625504 -0.19453786751499091
4.385728365660529
0.9945812775959437 -0.6789646867995802
5.0772093278898245
0.3472545579994671 -0.1902070805202803
5.432110403651088
0.009145457262501797 0.5648040122419786
1.034582130831195
0.962107060498693 -0.7165984122011768
0.8542021179803418
0.9151879262146454 -0.20243017709856015
5.049462522236169
-0.6369219180616003 -0.8917942016871181
1.272511687065407
---
53000
60
0.8354816179977986 -0.30353161735932205
5.073891092988617
-0.9838704692961895 -0.18799100586563125
3.386400739750637
0.6798149497822611 -0.3596713989681194
0.40207179380974445
-0.9135070096346793 -0.2984558996587974
3.3279759126408646
0.9012837303910494 0.15350332196024924
1.9650837841780362
-0.4355225074617326 0.05450154749950652
5.1404316991044405
0.14215250149961783 -0.03288979527695163
4.189193903142238
0.4437465780652641 0.23077542667469814
0.8111261592403265
-0.40304810692278303 -0.30821181288064325
0.8202009269673249
-0.862065987910121 -0.9236055224212676
5.872115880929426
-0.543684820856638 -0.3242106731713055
4.617537310143381
---
54000
81
0.8950275672756716 -0.13592201791224892
3.9414702614054358
0.5265502017758515 -0.4024046223475458
1.7668373492358898
0.5366184505168281 0.3370384011168123
6.244730754681066
0.615897114616639 -0.9150569424175224
4.590276733107145
0.09305199825922411 -0.027130167118019077
4.101542405147484
-0.1929184186637021 0.5660998591713687
3.0616608652987773
-0.6947370149009092 -0.9171654720059687
3.855645754780083
0.45726919511492603 0.0725058879645383
1.6562739027451652
0.8001858960101577 0.14331893075717705
1.1453928597617127
0.4954192553166031 -0.6392028620037618
4.122252779267795
-0.8594819179113435 -0.16212683444006618
2.885748083760194
---
55000
77
-0.37520782712346407 0.6438553104033513
5.468366389489611
-0.35879353282604537 0.5580656759101679
3.810885665202112
-0.19978865111964522 0.13125990181655375
2.6347404413646602
-0.3722171278800504 0.5833453880482777
1.1439049505926437
-0.3292901763158321 -0.6475505213532617
1.651188630904385
-0.43782348019665496 -0.5879186402254257
3.49135256750818
-0.4575491574152729 0.44201278042242786
2.5805719116576444
0.5403739044860799 0.9969582089667972
5.484237229966376
-0.1837002657100129 -0.5127289943292477
2.9504667383093786
-0.7045139143781163 0.5661551285260855
0.8327822393119293
0.32731453116466147 -0.6732027112512429
0.6114833991514015
---
56000
78
-0.6466263187865192 0.6970351571844211
6.1553234758380055
0.042413908819166894 0.39125248616858643
1.7078950494777283
-0.1450696790926129 0.002520472595290306
2.430002106727323
0.4209195266541638 -0.43647002586861966
5.948278136392565
-0.5038575179463491 -0.034375671160691804
0.902519842034609
-0.18987596425802977 0.3245642432047665
3.9204910336575622
0.21528924653111034 0.5225737955861116
2.040113685875321
0.5502260566115464 -0.002797499129113687
4.863307697420159
0.5550140017287819 0.4213952911277792
0.26044553694727934
-0.7891823917331454 0.9490874252883229
6.119407223908785
-0.7126049854620053 -0.3889757683685481
0.7410027930719467
---
57000
71
0.5184789825545904 -0.9198668444694666
5.052197555796326
0.6229089936894687 0.22162075808710915
3.4353087502951825
0.38116995757870337 -0.018869520985238177
3.1420834217357454
0.46984196264447675 -0.433683388744327
6.075078933945459
0.385870299454699 0.03653325843258082
4.656259911161965
0.9913883602987298 0.7313364317275598
1.5334100235285373
-0.8420896236711481 -0.959587785665676
3.8624605221816672
0.7549628452891726 -0.09855675423101362
6.058076657546458
-0.4787774901322206 -0.9440365670184265
2.648497412706397
0.03473023451854916 -0.209015906322823
2.2918832403086977
-0.29722591985255575 0.03926506549237064
1.9955014306546714
---
58000
80
-0.2188084042909401 -0.8455551862518391
6.030231528732509
0.501004136508743 -0.013609701367524325
1.3298163359391983
0.9413420530527415 0.9110490162838112
5.22687494524541
-0.6932425846387473 -0.31732205687808385
2.7124404763018397
0.8160445587322241 0.9317958307327165
0.7958095225107762
-0.0631851015225563 0.3437843838795848
0.22004373523140686
-0.4570448878988605 -0.28906267647506534
4.036179359714705
0.9116873381428996 -0.8842411046089848
3.0926624794692374
0.2071831596183858 -0.2759192763800579
6.219376752241393
-0.4443025493900118 0.03183738230436023
2.3267979049947094
0.6511118580370161 -0.9526543743574025
4.862863059169652
---
59000
68
-0.595856944429093 -0.4714720463678932
0.8698842386883513
-0.3729511615060513 -0.0965269690910504
1.9596866354740747
-0.5890333826491682 0.037548497249417785
3.334747233434686
0.0396555280056145 -0.5274745140712342
3.67680272487989
-0.059689179387286094 -0.23682922578130877
0.3459912224486139
0.37247002670144913 0.7111934331185893
5.331822602929915
-0.2646997225404286 0.8782846671446052
2.3852995672790893
-0.49332209306848074 -0.6158074791627229
4.823820872421349
-0.49558474563431787 -0.8548604232047787
4.301836558930766
-0.14430865084216607 -0.026960313360419715
3.3558612202769327
0.9007146619955944 -0.16609418958490987
2.0264193879411634
---
60000
78
0.21093336104748897 -0.5580099645338787
3.802425612914132
0.10972434335522746 0.9454588206059277
2.098062904723853
0.7911746462107573 0.9858926502411134
1.5568956444783195
-0.4543430219683619 -0.438257482804081
4.628549131879604
0.15080080515592578 0.06935945648925598
1.0466782151022223
-0.8224664004143732 0.7567577471040426
1.8151017518741606
-0.3703138794443605 -0.5585535068240529
0.9078882309885383
-0.588119904298938 -0.7728715752504383
3.1784203466271466
0.5603571779493602 -0.3302305911966599
0.007026190176579128
-0.7707914448820169 0.3083235680071102
4.767099778974579
0.8177797618051882 0.3559217067923198
3.9948160649754367
---
61000
75
0.7477551336349287 -0.22715492358771325
1.259326663164643
0.45474467482468395 -0.6225901308420201
2.5398123957900625
0.730579655051573 -0.2223809939174447
5.6158477008804555
0.6192438612640658 -0.7326228244654858
5.9075473101654215
0.10899879178821743 -0.8823861608414894
2.2274691001649867
-0.7319970103426416 0.4919074623216137
0.7105831039361021
-0.6789967171151907 0.9969598242594719
4.236905565847302
0.7422043757202363 0.5580635878602266
4.914266514722754
-0.8488238125531098 -0.8405087839357139
5.101206393492773
0.8481869578689256 -0.7218778395991025
1.6615483440508116
0.9943511868768018 -0.7719031515296654
3.050557920407755
---
62000
87
-0.24299245434238836 -0.7159019620495792
2.772539925221827
-0.03571508339976483 -0.578177960665607
1.5658411613429095
0.018456526544158653 0.5824780586851738
5.258700488900035
-0.34141370627613454 0.18521431956958456
5.143508711014343
0.4101523494413044 -0.14942408438373178
4.92478701857241
0.1997589583457493 0.5065143517340389
2.257673157117459
-0.16028698344462478 0.8671969530552901
5.558545278439445
-0.8009283367757831 0.0737468130877117
0.006594311998676439
0.10145659740176603 0.9510808080627122
0.6846041371711031
-0.700713992586163 -0.16242073021789477
4.828104913708959
-0.4935775501653657 0.9359606278441411
5.920261844838153
---
63000
87
0.1846583571120019 -0.3550158431163566
1.3783360374583058
0.33990772495686494 -0.3638463743249721
3.589923756639335
-0.5685047983145289 0.478695903535064
3.6125106501966924
-0.8909853635277933 0.05879315955771745
4.426485111368093
-0.778368120438549 0.13828462813957582
0.6477507326060632
0.22319633709861347 -0.2855136347500528
4.117683480848525
0.15087468972025658 0.35557269474389164
5.165598181417113
0.4488251575414144 -0.22778104568189905
0.4187416842736553
-0.6410397605391668 -0.5815927358131473
3.9598890484031513
0.7536432321998983 -0.3810201562215666
0.48651838408427395
-0.1813211733494323 0.1999195453233018
0.4977257923896081
---
64000
77
-0.06045221353247282 -0.31581151053003775
2.7116653158121875
-0.751634212624238 0.3880763001463624
0.8033683086710068
0.8724115301348533 0.8355340610762508
5.10867237543706
-0.9192168304882908 0.6638154844895106
1.5112853120903829
0.6489577697128569 0.10320557990523276
4.661467655397406
0.2800101586899231 0.3202863876043841
2.4732988056410417
0.723037060563481 -0.7159481557240773
2.0909934413113724
0.3951653628557718 0.20973667996074552
5.099993778514747
0.6670852983837922 -0.9838901935951659
4.1002014033231085
0.12986195281013302 0.40020639488098547
2.6326774016242886
-0.9162244411041734 -0.36445121362867877
3.7771763726755374
---
65000
66
-0.6192808911982621 0.7319586102567243
5.337086493624775
-0.6713136392711464 0.7156772504949384
3.54875348448778
0.2918645496233975 0.2173075257239353
0.5760454599902394
0.608207763962207 0.2628565254029803
3.4420662672512927
0.8128458696129819 0.4911372117563611
4.106431206829933
0.7735881239695198 0.6686090532882556
0.9203145408262632
0.9496489267391532 0.7668783494295214
0.892658623768197
-0.7138231040518662 0.7721080727174907
4.7190932005198185
0.668118312894494 0.2908190896353968
3.6354270586578465
-0.7962979818306923 0.7046933288063097
3.186054526743579
0.15388203960940575 -0.9012412700665093
5.670812193041052
---
66000
66
0.8597738884843283 -0.32066140873902454
1.844299819879811
0.7559578626386311 -0.39459983900319495
5.569376599881863
-0.09842608074291818 0.7747534147617231
2.0232152437533113
0.7926272180857933 -0.8630001777267099
2.0448415861435514
0.5037993742674746 0.6682508122354378
5.278360287947404
-0.28098607687664084 -0.4381856924262414
4.899230435893278
0.8475947136238802 -0.9221385848012835
6.081328553905903
-0.04115180453854002 -0.22688270787368012
0.9854349548699188
0.5445211587107384 -0.1892638492859053
2.3007066354381465
0.9771269714593935 -0.15688121414751866
4.962140582912508
-0.054692910397045595 0.9081809251956459
3.977265256333908
---
67000
81
-0.011660763548757204 0.9423922470815359
3.2449363522666754
-0.3701729249598673 0.6481416960838906
1.5109758878765112
-0.2460327519601221 -0.29222467776980277
3.0391168962355937
0.7486285661507275 0.3685258300031067
4.887296925867901
0.39576650013154 -0.4637105935345398
3.8734971910200517
0.4481594174655408 0.23074823870107808
0.07446539165030464
0.6643840578624101 0.7580155170611851
5.73090412688715
-0.9452670647072043 0.19062760226779338
3.853392336404443
0.007844131078255781 0.9557347652872372
3.1801926003228975
0.09939609048293015 0.9047929302170631
4.3656990248925185
0.9832841307537423 -0.7194603381696273
4.891313330762749
---
68000
76
-0.45705035590550575 -0.4715948667610654
2.189366523210554
-0.15064712070254216 -0.17740425159805237
3.0723190603606643
0.0836339837206023 -0.49813762406794676
2.4196267316798945
-0.7076572184079581 -0.14901340540184116
2.1009400637792357
0.5819863207440418 -0.5173916257156467
0.24603522247688847
-0.09129278440167501 0.25365637186727175
0.1897968232765832
-0.22000860986811405 0.2812132948831163
5.490762785319336
-0.923446489984395 0.5564435772293199
1.1613787330466998
-0.4357681788132723 -0.9610716174754869
1.8591464285040873
0.5723640713598643 0.11250361616847294
3.152445109369313
-0.6367185940454155 0.9079523724339679
0.47639716164250867
---
69000
84
-0.7037500651563379 0.5903559018606169
5.282433875245166
-0.810820639864517 0.5861046826203931
4.149851379279042
0.9454765242782556 0.9280691354385424
1.2719715836697674
-0.7377344794987857 0.9287101586085005
1.9191338106248175
0.13787667907844134 -0.08238058613462537
1.2228057267789492
-0.7852789487851906 -0.46068445167831484
5.726876164080867
-0.06641929512294921 0.6238194117197949
4.26712512119467
0.9667689867585141 0.03947238671367394
0.760870315261319
-0.6762885291006855 0.40931826171942826
2.305105653420963
-0.10367169959836833 -0.4215662108910108
-0.05932312163953703
0.8450917067609265 -0.1949088784915357
2.034950225395397
---
70000
70
0.8070229209174202 0.5649850022610362
5.547465607022991
0.7194683914408653 0.5734899094320799
0.09203104376293503
0.9832798348814096 -0.14604936970775573
2.3425878782268503
0.9035261427537634 0.5395058500028558
5.923168007773791
0.7515609844354594 0.39427015007918675
0.49659809528594234
-0.8185615110384532 -0.8779203734026139
5.80678631508685
-0.2948357913182667 0.29553639740304277
2.706055486709892
0.8257728306537733 0.6188882374173329
4.436181169992063
0.60335673838882 0.6398155440619304
4.7563571345598445
0.8173694499488966 -0.018590689037569982
2.954377875287377
0.3269983572832337 -0.7006336495009765
5.577567401111612
---
71000
74
0.8059792855301212 -0.17718314522722667
1.4284898614031496
0.8420284880903259 -0.1647827599049304
4.157034951165967
0.8586983711446238 0.6605735965638772
1.257976144030648
-0.8439694788095056 0.05012156336124686
1.6334946137314654
-0.6116218295381074 -0.15770591183716479
0.10504197949054817
-0.5633041228837038 0.47339361212824144
1.6593858370085144
-0.9360495703708096 0.6756677600092296
5.657557182866204
0.2683736104816823 -0.5569139782709316
4.062651283266006
0.015625474031772696 0.5172666237295841
5.468038687924712
-0.2975157155921357 0.9618708967087778
5.220493229225695
0.8718293968776123 -0.05164949068784439
0.9317001987716793
---
72000
78
0.8208595000225811 0.008890835573584067
5.69687947837312
0.38876059252287065 -0.3515542169100526
2.332743062907336
-0.7859701627175811 -0.17835114621922502
6.052943157476038
0.16554573071356074 -0.44788859787578084
0.3838959462907052
-0.11365715752762753 -0.4307052965803141
3.8164362276410424
0.25257942882948975 -0.28450844849999946
1.6938034818031067
0.6119860880479416 0.8528289095274045
5.399963141585938
-0.5953990722048167 -0.8988403724494491
0.08370740502017071
0.9824229199590868 0.7251097696281206
4.779135651222632
0.5003282045743688 0.47671511152508883
6.121674573575525
0.4823128027034642 -0.08089106147038926
4.694447255244982
---
73000
88
0.08270880654257945 0.846710432996616
2.3543000348609313
0.039692559418445184 0.7928828513906383
4.05529557680188
-0.44819038652503906 0.8116684257552429
3.366066991384386
-0.8241693226128975 0.9013577933987956
2.4056696161021858
0.7261959356936895 0.884499757588636
0.7843278296433729
0.4598265210401607 -0.9974582947021833
0.6547851406113985
-0.38241861979477015 -0.9945894023489785
1.272031290376459
0.6461210580913954 -0.7463660550303189
2.1004804290222188
-0.7560616211615488 0.9193500808962012
3.2467456456988515
-0.10317212989862648 0.03090532239841129
1.8010936497362113
-0.8263904703932186 0.3676074150709593
0.8986136935117877
---
74000
71
-0.6308443793456943 0.760613518930406
3.3200787273619
-0.44906238351384337 0.8385872722279342
5.996518969167185
0.8007937638140223 0.5984737593125171
2.1387241124872105
0.5315688445545801 0.5665442644638046
5.96651657753838
-0.573292205999553 0.1546668345005429
0.8276153187243933
0.308031882572125 -0.984553448935134
1.4558970054352427
0.9466147437696519 0.3526289450529726
0.3972074073877163
-0.40024672899923097 -0.20400753697463356
3.4919751937595382
-0.04582753937561155 0.6234943965077432
1.5850847840862397
0.5089961299416564 -0.4658576901336575
0.5008200668313902
-0.42387525809444615 0.6713903422646781
2.1501442009086595
---
75000
75
-0.8097009466563874 -0.8328812864448116
0.7768811088563008
0.8255652370774863 0.7284149016748411
1.3156982852071781
0.3247631297637773 -0.11442543500322855
4.386626975309675
0.1127838488255443 -0.598528557655362
1.4966770640904272
-0.18772994457299577 0.7848511185944619
2.145857577692472
-0.7960239294389827 0.539470402674428
3.5237569712109336
0.7640194955976859 0.8949209058412116
2.10989851117725
-0.24166849009990204 0.9751308017658137
3.083159319626321
0.05647904489600782 0.520483601093612
3.687583481202389
0.5282580452986845 0.04078420089057039
6.145623733150391
-0.05676227893905289 -0.2493523649638898
2.4405318673901832
---
76000
70
-0.38781217844539473 -0.41813645198240157
2.822862041191946
-0.7244007832989071 -0.17789478441617285
2.533538544676202
-0.7874723359254566 -0.9099847372430929
5.683080203200182
-0.8533319595355188 0.3839036411596795
2.820930682401297
-0.6685446665411016 -0.88519145378118
1.2478135931711547
0.6198800224828329 -0.751678967887272
0.6985977195958335
-0.6982617921041979 0.06310854180534319
1.8591493005143942
0.6340389879995681 0.9961282722410315
0.004917491468354296
0.7735216699055025 -0.852074419334669
3.277113049092505
-0.6236958764930828 0.41592609101227124
5.316972021152503
-0.03178482094000064 -0.4217664886385936
5.825942991212752
---
77000
73
-0.6607095682877616 0.03359716842615222
0.16223190642296886
-0.6472036928910936 0.008113072340900987
4.713142142106236
-0.26569766341857387 0.890720592118101
1.7685529692031006
0.4920156040961203 0.9150801836461483
5.675581500822184
-0.12493516575548654 0.7483094547667815
0.0167168012735619
-0.6481304117584172 -0.9905958168401134
3.560164229315297
-0.39523591270769715 0.6186370777436202
1.594735256511485
-0.05913421260059451 0.9229418951111397
5.608037205408318
-0.8625978244202548 0.7578591671734988
2.4113014530791164
-0.10291718483330835 0.4846905133402308
5.052375950388593
-0.20383153871307305 0.27182763290546713
4.887825505590786
---
78000
72
-0.5447368610159421 0.32613178897901046
0.1400383926364897
-0.5344476430181604 0.32031937918212844
4.251005743069
-0.3974911057761696 -0.958387507890858
5.506243612277161
-0.3729860005560147 0.7854036657539166
2.6365182538186307
0.7769898150162281 0.651265201413868
2.617838413614886
0.42271987135940936 0.8080893056659457
0.2102090789266402
0.6682362083092491 -0.16885464444212223
0.2866904097326062
0.44434913135155535 0.907189291089713
4.37582802815478
-0.5886407927834787 0.4453241261504366
2.9481766637432654
-0.7985204453733731 -0.651124510892908
1.4674784905302616
-0.9019786093707536 0.9135177830386895
4.127314230237479
---
79000
67
0.9962217332918639 -0.5890097509008477
1.3762019114629047
0.992261782589932 -0.62154010651896
2.12424589952196
0.3288880860650614 -0.21245032856661922
5.7457009591355845
-0.7678706262616636 -0.5333688835290558
1.4689702343353606
0.7558989583891053 -0.4513337200539977
4.578721400306685
0.36318745443859934 -0.3587913824311261
1.3446890246823777
0.0009094075867132657 -0.5397813601123982
2.011860539984128
0.3036850056511975 -0.29071762944737745
4.640022859825755
-0.4835276887654032 -0.1464366200487508
5.956941370269199
0.5133197352722687 0.8027252464407254
3.8907313885693684
-0.12999604083560654 -0.23624866533577185
4.163297465388463
---
80000
76
-0.8263816083789469 0.6892018288822872
3.8392073135327403
-0.6809743693138421 0.935580084095497
2.089515126122258
-0.4327735160554895 0.7683973073151933
5.343943887829575
-0.4788985290648217 0.7101329238365349
4.706717387643437
0.851039610957299 0.25256990641494714
3.147933125239419
-0.2623239960643267 0.2345506858759989
6.242658888397616
-0.7708305898664836 0.0507027564925272
0.9510280146248276
0.27697682078254127 0.12683139402918286
3.957378243138459
-0.3226729685370708 -0.3223433417577068
1.0556829055359263
0.23418800478728738 -0.7383137896821135
2.795879522164002
0.6083468942448224 -0.7202436235574766
5.041124258499417
---
81000
84
-0.3202463621758375 -0.8623551417118612
5.906019861251584
-0.38663613968932137 -0.9132432355445053
5.550408944180591
0.11114555338577085 -0.9159044765868399
2.858358850803919
0.7185496907903592 -0.025032168935098124
1.7332065718240823
-0.9376318158523993 0.4026145682803727
4.4898856159272835
-0.7827061882052428 -0.8387700887878079
0.8177588806336828
0.5278568530382878 -0.736815140490522
5.626872965272381
-0.6748357333708925 0.16744232994599634
2.534669294270259
-0.6162437976840205 -0.6148665616159117
3.3223856765412894
-0.5528223290554035 0.051310682703035494
3.0436212485224328
0.4711397743762857 0.2360458488967041
1.1383184256570802
---
82000
70
-0.8051982662589046 -0.26138797858518686
4.051717407435426
-0.907573415217882 -0.9801824879388235
4.605898611397986
0.3578290179680298 -0.9285114780747135
1.6814535711916845
-0.4131420277692236 -0.04375155411063869
5.323399708692685
0.8694237468534921 -0.6668967789300254
2.4639492386108355
0.05087510920263978 -0.665385111975632
1.8618737727128716
-0.9404799052819321 0.9698855525426284
0.6149424477770493
0.45131233531152415 -0.7647624409079803
2.468569677986096
0.4046617300590536 0.9214019779981992
1.8849115237329404
0.5024427931544293 0.22664163742289356
5.888042425544564
0.3313288573494691 -0.5954320822971745
2.4770992034866772
---
83000
72
0.5625108486436785 -0.626047110763843
2.3085275337692686
0.8154593220048021 -0.48652871308434353
4.169870755757259
-0.8444544599422905 0.46451427238803406
2.851727956927343
-0.009240254716303176 -0.8490735045006451
5.880340692019633
0.3681353483826445 -0.5214350317303416
2.963946785406458
0.21014349506944613 -0.27619843392106513
4.840622012237331
0.1410103374529916 0.9548163540748632
6.001310080644707
0.7088029721202459 0.7017877868887888
2.3923684002874577
0.5012248778048944 -0.15673569786488167
4.641416317107067
-0.47735493018323677 -0.1630217591813077
5.850302795037084
0.8887166445027743 0.028367447169026824
4.161415124643209
---
84000
80
0.7785270472114513 0.6207934188319809
0.7518621380104331
0.8875123054352789 0.39354219621369424
1.2378164741331643
-0.13485843732615949 -0.3676047380865052
2.2445880054152942
-0.23962255230164153 -0.7044975879639434
0.554356059522493
-0.01001404077643092 0.511510493203218
1.6413521051347022
0.6894141027072691 0.19880901180818053
2.185404255532619
0.6335133446124912 -0.5358345390532852
3.307641343965124
0.5814475166986053 0.6441756160193046
5.171030462726833
-0.5793089239005461 0.1908133354749416
2.891459059784262
0.12527061971463188 -0.5621223049218291
1.692127846656283
0.801687230711294 0.07119101165219878
5.788260270174804
---
85000
90
-0.8581735609080781 -0.3777494453955735
5.504651548994069
0.9499473547888831 -0.2937797140432707
0.7717216481403071
-0.7941039864686339 -0.1397080005597515
3.313663866106565
0.7186046250549225 -0.056589238481170964
0.22697231282096997
-0.9461186589644294 -0.1559984889481419
0.37255997601451174
0.780096148186295 0.48375896649333017
2.3039514289872676
0.8097708490001605 0.47315357260858704
3.825334034108045
0.9012485583262189 -0.5271875373545298
4.149495643192177
0.6313754729629312 0.03839663896598953
4.582473080393207
0.5512762305378327 0.8340215820028243
4.897377426412783
0.3643825080116164 0.30877562059555635
6.083207947129804
---
86000
75
0.8066519734018377 0.6885153392718133
5.151576424439255
0.7752313154479323 0.7086652287986167
2.0419357260138336
0.4495823911447222 0.69237707959772
3.2841101242230177
-0.20609645614422858 0.46147664078300077
2.603093128020874
0.396972016076168 -0.41891552663407966
6.112201863722125
0.09667299017867054 -0.17001198775199305
4.275096877271775
-0.6505833014048715 -0.06449740692792216
2.7700272840594042
0.06750042492564023 0.8344110893345821
3.381638789930597
-0.9451886667236981 0.2649609017610181
1.913608787303307
-0.8551369357391416 0.6816783151967499
5.14522995097692
-0.8061211826599876 0.32346427656720295
3.1364619107945053
---
87000
82
-0.7194863581697885 -0.3246296100297946
0.7555078916854022
-0.9800662644996774 -0.24385332955672323
3.7902470923436473
0.20347107941379755 -0.6447764186261219
0.32569990392252723
-0.37761062269021123 -0.03395097001007556
5.178385304502418
-0.7666771870989776 0.2879155009325468
3.4093712162991023
0.12128399475165176 0.8375001085888877
1.3636958081158044
-0.006946233817306122 0.9678428970886948
2.191122272824458
0.9734324399848077 -0.19619520162129775
3.868665979939369
0.6366898980535525 0.23024827696918784
0.3575408699736933
0.4316052491370943 0.634827724816061
1.3969095396401174
-0.8443470004550666 -0.9301937649581091
0.05523329315771086
---
88000
82
-0.8057620279168619 0.030575955872874306
0.25021708555707345
-0.9537411507803547 0.37960253579105097
1.7739988331279815
-0.1028423684301295 0.6222949626590731
5.773788273264033
-0.25745626568170543 -0.3012026936691261
6.179084138581139
0.20218406363565075 -0.30217909112096286
2.4352495616179004
0.598312820376639 0.02641403014342765
0.49590891791144465
-0.2853863874946038 0.8633954612485447
0.8218855506385463
0.9918913577573296 0.13453707922029712
1.9195541009098527
0.5705363588840973 -0.2719320721924001
3.967477263132963
-0.3336826351439619 0.5994481483551236
1.0305125631029153
-0.0434105302875375 0.881372167817029
3.1652184316007688
---
89000
70
-0.18811266379212008 0.42967310712972634
3.873288205305428
0.12899935921123698 0.31478381824255863
5.496366582698059
0.09653447291004777 0.5241326941969204
5.103487869449793
-0.9336367303358898 -0.16344731410288904
2.9026693142501205
0.07223558104373981 0.5353794996682968
0.5307430121506362
-0.602092493122232 -0.29887196010458245
6.211596564960407
-0.17292719698738535 0.22711917585675584
0.09931266680358686
0.3367833878436513 0.4101280277594963
5.175206056059405
-0.2356262870426902 0.19996172020591352
2.2357535416664946
-0.5439018239910616 0.2586513068230796
5.434195952397798
-0.26683350962831315 0.5000837866022761
0.800168034503125
---
90000
84
-0.5495155151732818 -0.4864609054285068
2.1811521611114078
-0.8181448395182072 -0.7299845735434097
5.9679221410609085
0.862364395669106 -0.1404586613757305
0.39073392136953977
-0.9836992829707286 -0.13298176365976333
1.2355554637299093
0.11397267511524276 0.544180325317387
6.061457767298863
-0.561536398231499 0.1391415687501136
0.03539591807293174
0.7580216330586053 -0.08186153040326391
3.298570445850511
-0.6725486744635191 0.8369283432777715
2.9830741455838483
-0.3222164088422385 0.0347308007652987
1.7819545898867606
0.46483952690024666 -0.5317418291947672
4.4804880696701215
-0.6818209970946837 -0.19917476499549086
1.8589356437197768
---
91000
67
-0.5522024889384864 -0.2578035164870679
5.528235420006476
0.9737181366899665 0.24232626267063598
4.033656363092316
0.39229636620481245 -0.23371029175118307
5.6331939407824985
0.2778813596197782 -0.06039770973169847
5.4860277812972065
0.5307598718313705 0.44029354171900464
5.368645581094174
-0.550265079101804 -0.059755885120645516
2.2411437810835246
0.4437806701007754 -0.9254007901093451
3.9274759047323102
-0.18724846571775933 0.7285856909337995
3.2926856244807707
-0.05692584219406091 -0.3193063271600308
1.8360980736022614
-0.05941473847036616 0.7712796057017155
6.1007609706241706
0.9213553300348745 -0.6193851459576998
5.39065035351484
---
92000
69
0.7216545244329878 0.2741830600912574
1.7717003341423492
0.8188166330743123 -0.4691296951641819
4.036433480485731
0.4467007634144532 0.136785725446141
2.875383989799616
0.44595433661882505 -0.06220427949642349
2.3076490327689676
0.9249497749818608 0.8630501289468931
5.517516984154327
-0.46016175118368496 -0.20151179204760097
2.2674983718039945
0.06692160148620743 -0.8637713359421425
1.535890824115624
0.8610127868110239 -0.9841485927616911
1.0361355350947354
-0.8379894131067145 0.6736354942480567
0.9157795096545467
0.8932087027399556 -0.408411060259859
6.101530732803761
0.24283233998255369 -0.21034488090865888
1.0265737848612524
---
93000
74
-0.5106751970714098 0.557042405924019
5.484764936909573
-0.7028204986663844 0.5890574956730202
2.1650962101363316
-0.982911858256054 0.12823651560697275
1.7377418837640555
-0.7601070157647367 -0.30744807986604034
5.962980327004884
0.582970763274357 -0.05150959149961048
1.5814973423685634
0.42397703251135055 -0.17262850140317235
1.9559479837372935
0.6793227941898423 0.2951324519810177
6.156333058950703
0.1879446511339394 0.43766053005028255
1.5037643083255716
-0.8183391118525235 0.4402660034476443
3.799195825074687
-0.8202174300483598 -0.1820451758889381
6.208442541826706
-0.3898002941659367 0.910742766379875
0.2625998704700452
---
94000
85
0.964406628020538 -0.18256536563157533
1.9923380312474814
0.9714955277927186 -0.1540957405485322
2.161632312252861
0.209680845781707 -0.05119644367441441
4.1719399195824
0.17991754504502433 -0.6113436022704489
0.10268886998363325
-0.7147267806821584 0.17997568834347766
6.214762813308864
0.5497847993079042 -0.8183529037516436
1.4423398863193855
-0.34057236578449274 -0.2433766083617684
3.200568829610356
-0.14402573901809224 -0.22134833839119672
0.2563781074373308
0.8156906440473946 -0.03933259200523723
2.2281715623627676
-0.8015844390874511 -0.2451190683255906
4.812486722852172
0.0670572512285466 0.2366154103572031
4.403423728164897
---
95000
81
-0.2071616261347457 -0.8938475523179888
0.28396507540854077
-0.2862836564835367 -0.8797274249384652
1.99834360273901
0.8044866695154806 -0.7316208840408933
1.0669040208176268
0.5800829673894097 0.6447980985934929
3.311065426324494
0.9221579109922156 -0.6032481984917566
3.6891306566166975
0.835793133624286 -0.9687168932303526
1.1876101942759636
-0.6345964216896371 -0.42921670634627695
3.3835381782398137
0.15975623950264498 -0.7390084870770693
0.8767626643252542
0.1036437427825405 -0.37408105235882333
5.255184079620924
-0.16867739230545975 0.9105622962230404
3.612827219652715
0.8149965257960912 0.49995021262080486
2.9759771793415775
---
96000
80
-0.9600907219781177 0.5627256594259558
0.0926089277708992
0.6874911355947421 0.3906298339880745
5.125796593624152
-0.27508022043688846 -0.30045623214170925
2.657965448347932
-0.4630003880941021 -0.43907056672951883
1.4558363031998427
-0.1507295091557939 0.45713124994896764
1.4169558304896306
0.793143876891361 0.14153664330384377
2.634778238394701
-0.06127820331034446 -0.8799522312019681
2.810141788154244
-0.6637296015261733 -0.6840484532882819
2.8340969414676014
-0.0519302386177016 -0.7958106888071794
0.7738144913951137
0.25041240836159134 0.8530861427063091
4.8955699853487555
-0.5173464036760717 0.6804242504558373
1.4294684730674376
---
97000
87
-0.05400718699587082 -0.9077110991791716
5.939800676299998
-0.2133503703045443 -0.8588488053793407
6.081321470673296
0.9769777781165171 -0.6795667174582541
1.4091683956377912
0.5203394948826536 0.595255922083723
1.740158105371866
0.7855225129763665 0.9678399546883132
0.543386878624287
-0.51151456759868 0.2137812553238815
2.2292767775717373
0.3560186578641281 0.6148121872291511
5.881846974377712
-0.21749801246704076 -0.7698928588619116
2.04569014100999
0.44018177351438703 -0.33394789308704964
2.8159813308191195
-0.019423980864216674 -0.5809620893470523
2.269065392231086
-0.7007111143951392 0.9801755323660222
1.4531396758589787
---
98000
65
-0.925794402700622 0.8532704251161962
1.0599286375238561
0.3326612110887941 -0.9494773557243765
3.9730016777331043
-0.4652567239507222 -0.9462369960486426
5.773809405006474
-0.5685664579073234 -0.6496835099705117
3.3697612764789033
-0.8555625897589051 -0.9572352105291599
5.078065694681861
-0.3780287889905776 -0.48656298929986863
3.994047932983075
-0.6186182342319216 -0.6997791882005521
5.675711128339149
-0.6459942573159146 -0.6835163272359323
2.850871772651514
-0.8375392564752878 -0.7890964267151935
5.19103598820158
-0.6780726702964339 -0.766799840390628
0.05101352265477743
-0.8955758713999245 0.8489644139997272
0.384378219267135
---
99000
84
0.5150079539380781 0.6068373507745002
2.210732572145185
0.8535229935389058 0.7570669397490204
4.1975978255662705
-0.5945337136486741 -0.23456753216371715
2.449864148993022
-0.7805870100071748 -0.4760056831340825
0.3146569709431972
0.578795205097506 -0.16340559726418755
4.600358448675097
-0.35663721027725254 0.9387480794912437
0.4807591890589302
0.5281044932193661 0.6124860462231073
2.3668685143539108
-0.1911858592642681 0.696330214760501
5.082288647212887
0.8916665400669556 -0.6498259900557684
5.638198076106697
0.21320939672885075 -0.19141561176466418
4.793973620598524
-0.9784338376064196 0.6131571451910178
1.9574392505465212
---
