100
{'run_name': '2D_rec_10_total_boids_slower', 'annealing': True, 'annealing_start': 0.2, 'annealing_end': 0.002, 'nr_observed_agents': 5, 'nr_of_boids': 9, 'predator_present': True, 'grouped_spawn': False, 'predator_halting': False, 'record_keeping': True, 'record_frequency': 1000, 'exp_folder_name': 'big network 5 observed', 'boid_speed': 0.0333, 'boid_color': (0.8, 0.8, 0.8, 1), 'boid_turning_speed': 1.5707963267948966, 'predator_speed': 0.0333, 'predator_speed_slow': 0.0333, 'predator_speed_fast': 0.0533, 'predator_lunging': False, 'predator_lunge_speed': 0.013, 'predator_lunge_distance': 0.1, 'predator_turning_speed': 0.7853981633974483, 'predator_color': (0.8, 0.2, 0.2, 1), 'predator_confusion': True, 'predator_confusion_distance': 0.4, 'predator_confusion_threshold': 2, 'predator_chase_time': 20, 'predator_halt_time': 0, 'predator_eating_distance': 0.06666, 'height': 800, 'width': 800, 'graphics': True}
tick
boids eaten
predator position
predator rotation
agent positions (and)
agent rotations (interleaved)
----
0
83
-0.7358672798555346 0.1315577075540265
2.1926521316335714
-0.6193414834851934 -0.435775111236006
2.7539072570564107
-0.3700247681662196 0.06075750628599297
2.2601220513510523
-0.572740004135475 0.7148890036776643
4.360343443095369
-0.6573302270513378 -0.7584559305122536
1.2962577768745953
-0.18724415487801588 -0.2604591179246197
0.9965553809984781
-0.9042623890362481 -0.13573226432816296
5.647864385864359
0.0630828961970256 -0.8935487044409981
0.609631191132978
0.9819119870578499 -0.7400143784946643
1.7351027690712102
-0.5185836944231402 -0.6013860584060917
1.6344222043259622
-0.9442015292194339 0.7216150290099782
3.9144661618045653
---
1000
83
0.09290799704836603 -0.5735421945559883
6.1598936390750865
0.2781696039510226 -0.3732051671914212
3.398256049378068
-0.9700314033583253 0.324435436035815
0.005557829592463648
0.039718331416369074 0.0439687544384991
1.5632773069672155
-0.2718598593830029 -0.0368405984428962
0.3860881368310505
-0.2917450997539221 -0.6464473828882037
2.937008740539121
0.3727698728407266 0.6073923107282715
3.300327488073355
0.21263397964711062 0.9100137650565386
1.4363782601435688
0.5085724385976561 0.6388023711809997
2.4363282064084277
-0.16441685106821674 -0.620243903889247
5.562634383172317
-0.05452995952522321 0.020862690292181914
3.741618705211902
---
2000
85
-0.20546907510434653 -0.1598674312056865
5.548819756718076
-0.16183283097541679 -0.075363643057279
3.380651815289264
-0.7417500732575607 -0.7594402827108925
5.309905557548924
-0.37017074592854304 -0.0002821599149632776
3.4262663420590647
-0.1912058472414077 -0.7934131284664953
2.2783723385404944
-0.6645226594850125 0.9748838924091403
3.599853001584057
0.2513650675243801 -0.23475562822386803
5.666161921607164
0.3618470045735342 0.8747510016257924
5.833065243696588
-0.8205214538453309 -0.4708180729190992
4.417894767684582
-0.0741789603768884 -0.6934378225098908
3.943284386299487
-0.18533733868353058 0.728161713557362
1.6470195250818387
---
3000
72
0.7930177784707381 0.23385834925850496
3.9032073420244084
0.9994789449082216 0.20282414699474446
0.5259024441639992
-0.3658352787327128 -0.23594666514542342
4.173772429952382
0.37551175199331205 0.11676150336157823
0.8174660563660634
0.3355772756313229 -0.40429504103157465
0.7993561877664979
0.5751954307837853 0.06353261222325345
-0.17945207789443104
0.5785418913789716 0.5440518714527254
2.902664967527147
0.5072035411445227 -0.851384906822627
4.9717557941148955
-0.47136049667566027 0.7573613242354353
3.7257804548918774
0.5916365907289273 0.4010592238704549
5.254405398265251
0.37166657719669116 0.22008858013937516
5.300788268124006
---
4000
82
-0.036420246120807236 0.35039209137605926
0.7080198096440885
0.49011531096373867 -0.9987117944978386
5.207984958766738
-0.8507872643363655 -0.938667825057057
3.9554858036076563
-0.47083229669399973 -0.8506898911431738
1.0399306809681415
-0.8532259268922839 -0.2340258803595166
4.653704587813105
0.1694458819605927 -0.24097035748005388
0.416511129671016
-0.19318999664941736 0.4835361516656559
3.4315683898894784
-0.5880115143633161 -0.3826563982367365
2.4230035725579375
0.9553293823027049 -0.6860305688726445
4.805627505535799
0.839086852172142 -0.5792087052616203
2.8173546085934182
0.6246600266145326 -0.4832333003164664
2.9804291624319035
---
5000
74
0.670577756931074 0.643803691996399
1.2392709366952124
0.5081509098784115 -0.6218116116151169
2.4062551044137104
-0.3023427896544509 -0.4651553883698253
1.562730534354017
0.6139401062006474 0.057236530707830746
0.215391316594844
0.4817562862169878 0.5693616821572685
0.7721741253203867
0.6203442178819123 0.3389961565890976
0.9463488131248683
-0.2893994301565746 0.9073887190597564
4.659482033030522
0.9378685257158661 0.2893234550455859
3.701089219219514
0.3073256063062848 0.9045139061930649
2.194939309602624
-0.31144856495712864 -0.5326314996894785
2.2560978271339565
-0.6902855268369591 0.41314124236351196
4.870934302131265
---
6000
80
0.11076269195035403 0.2916706510925706
3.603785856192558
-0.01985599645321389 0.5847366462148077
3.6672296322882607
-0.3068106342011549 0.9433539150246191
3.133978543988059
-0.8375240319919003 0.14066970857108385
3.5314558932058544
-0.40767207298026986 0.30939544888374304
3.1066996302154424
0.12813597618620554 0.6218360243926961
3.9107620392083566
0.5859530219545225 -0.16855080956641738
1.3144150008355737
-0.10028913111855411 0.4211335469019605
0.19789475149958147
0.705654185221391 0.24903155801751675
3.1295537052511797
-0.33721977057983804 -0.005864626902042876
3.858417899263592
0.8474401335016621 -0.20914984870268094
4.158100729885665
---
7000
86
-0.13603521849164832 0.9675617273730257
4.128013283808938
-0.3044292110250587 -0.9389922244975246
5.021273836515055
-0.7786432341956506 -0.5047070965589716
4.373606158157658
-0.1368087690390815 0.6298769860481175
3.3885311749411695
0.9693790368237926 0.2931268366717089
1.3724928733819466
0.8748846595331339 -0.5405312889696547
4.749373731868146
-0.4294070482392716 0.6562566797051693
3.3781930753082188
-0.3580173468353782 0.09118575768033078
1.315530696130569
0.8518297494126643 0.1944976271925724
0.9896288560891096
0.056786575989161966 0.6840230570593793
2.0462125351325353
0.5092863111298241 0.17507949632516645
3.9113959885087475
---
8000
89
0.42197867492780244 -0.3108227555872245
3.5448137492011162
0.7438089663123607 -0.47675064599913586
2.4487321101732737
-0.4068127669479436 -0.34295972824754134
1.3609275489894515
-0.09188292791374944 -0.8381258305333227
3.1587948736836493
-0.515775108342169 -0.30953576944212957
3.2656626905328183
0.7635205207925387 0.7030992432622216
2.2967499362063375
-0.6945394747709684 -0.7198746773790202
3.921172494861648
-0.40001434671029856 -0.17488336554798312
6.247425659823315
0.5320663832642409 0.1222642727696831
1.4937226056770467
-0.3903584697588451 -0.4253763856207616
2.3415448756593147
0.6093790810332728 -0.8821090299361803
5.692821748373634
---
9000
85
-0.24999354123002754 0.6259776339253342
5.667675914033865
-0.2701741940877307 0.5282417494435934
4.937225745464174
-0.6655363409574245 0.9654865917360036
5.199157073083609
0.9733357550008859 -0.6129804833090654
2.509555792545642
-0.6404398196553889 0.5041152686956086
1.3004258311811183
0.9751344249478823 0.19379683793800512
4.815845404695642
-0.15403753888005206 0.6979810379976394
0.18477269270303243
0.8561806906295553 -0.7583366390084623
5.62315351774433
0.7610734259856925 0.7499581027210205
3.8194148164204513
-0.3729992768492569 0.028233334536059473
1.8892603697018604
-0.9933076465497821 0.27402328782977703
5.08584021561831
---
10000
82
-0.5470422025721597 -0.012878337043686166
3.883797471372373
-0.5023164004902766 0.11153577367903328
5.199359082512975
0.7466833284872577 -0.5666213394278474
3.428996240861908
0.6260140614088816 -0.6753437719667663
1.7158638558480925
-0.9073672634501608 -0.9101919016572333
2.8618432841558326
0.6097124538003005 0.4820163497156414
2.017445411466894
0.9874566750023371 0.8566680477465377
6.213043959410569
-0.9246209507370915 -0.9327410440808184
0.7415913353037897
-0.5728591690468852 0.12733107567439006
2.1844570816875484
0.7010519053011065 -0.8108902416018209
0.9199649682073101
0.5456121939948282 0.2611608518952749
1.1184251731257477
---
11000
84
0.5740219445801295 -0.022515479472029573
3.324063455631901
0.6088154757104736 -0.1336778048575798
5.788842509001637
0.06312023470345515 -0.8862206679416897
0.23954504388432518
0.17875118805884316 -0.2689466713511358
3.1183070914031648
-0.44650906887819397 -0.34630912022911964
6.0219150692393955
-0.1300768546829501 0.3824212349529564
2.0580845506920378
0.09152113946235882 -0.529182629933723
4.519341103163046
0.8098386985944939 -0.02548723660708877
1.356521732448969
0.9350773707853556 -0.26378152529758764
0.9124693329692901
-0.5161582923877389 -0.16126378074315842
1.8268045016345242
-0.6472258536100449 -0.4499799475413439
3.2243725969041375
---
12000
91
-0.6789929781358554 -0.9442301349156238
4.88992524975608
-0.7217533752770346 -0.9250875171836636
5.579691097030686
0.40268187077501055 0.7116651308810176
2.04251661086521
-0.7246227720665778 -0.5159030300779762
4.129576502909288
-0.29447553979809205 0.971037093990833
1.7543766299248444
0.30068398004366026 0.6421970381715678
3.8568015128736457
-0.7180120318817491 0.644400664659585
3.2947650890495463
0.23262999732322331 -0.353420879774588
6.150323238492856
-0.5033332267974665 0.2671453615417237
3.669362167056689
0.04322847685883168 0.6144103157446256
5.565485065595662
0.1906480743182667 -0.5683343196709507
0.7536992463695906
---
13000
88
0.006642501929816021 0.33545617759125557
3.3224316303931953
-0.13245669710194644 0.4573392155538205
0.26273169221472337
-0.34086528495996415 -0.8873015274882451
0.2511851578297888
0.34305167860119784 0.5040186679157244
2.2422923248015856
0.22601561349347987 0.3012231864632747
1.1193854883254346
0.19465224657399602 0.5617186645250388
3.5283378521403286
0.10786912717379059 -0.36706538907334796
2.173339309386704
-0.27993311776098134 -0.7300299193477707
5.521567676413152
0.22070048624889982 0.016829396458187623
0.14636524106685656
0.3336857035338463 -0.7929921367689668
2.2384634967248482
0.5905302606304295 -0.17956372317612893
0.880848642299557
---
14000
84
0.7716447152178296 -0.773199930738892
4.069665257221095
-0.09311556039254115 0.7317697160587465
1.0882808713166634
-0.3809966672543159 -0.303338571791946
4.027977482590079
-0.6196103736236698 -0.2739528161333832
4.950255733736127
-0.8980024658501234 -0.9366709972115876
5.816739803913938
-0.5480417012597226 0.5138393023026858
2.601840972986122
0.9761840119081875 0.05986617523362565
4.3683292911171705
0.7251026733196033 0.3673365169730837
4.264475144778068
-0.29383891243865934 0.8371068768532209
3.0428415137112967
0.12787280405923168 0.3629146127013776
3.504626294728448
-0.4044348113298644 0.9854718839178733
5.53344981866757
---
15000
86
0.9550672377402147 0.9008516664963734
4.158254211427227
-0.9655163916079144 -0.9661486447137566
4.5576727491630935
0.043700860081591346 0.6072040344258232
5.929563020320764
0.5410620070082937 -0.5124237707713903
3.033332036864895
-0.49754619867086725 -0.8786245035221772
5.443993055904964
0.29002258890639315 -0.48922666174924156
5.140828959562403
0.9321561316508903 -0.2804580192727408
6.007858521267822
-0.41590242212144685 0.044185777634521584
3.8309732373345238
0.739173172779964 -0.4346207707728025
2.5805960591151305
0.33210794519356457 -0.8835499523673518
0.84063195481838
0.23416475793566294 0.9444028891585052
2.9915657848465127
---
16000
91
0.9811499625939097 0.21331435064761076
4.15794602780751
-0.9162017527937169 -0.4227718776293157
1.9595348538536426
-0.9933387954170337 -0.3819632530388968
2.680634000652998
-0.31922140881394845 0.8335300047203217
0.7908065921018794
-0.8537791604240615 0.36956477847722224
4.994857248181747
0.7493415831410094 0.7594853488672062
4.53095258724786
0.6274630788329579 0.6493821497640903
0.7159187398257592
0.4409006005685473 0.28371882706724016
3.987539441084423
-0.26077410072125856 -0.9094860379590265
4.189905624569411
0.4341298913508501 0.7750831696339722
4.160906439408519
0.23805491042923466 0.49120793618946
0.261304784854409
---
17000
75
-0.6256777526315189 0.720117952398516
3.059627822545089
-0.6612992336627117 0.7182917494138268
3.2055862297547844
-0.6750339235588048 0.014118210727736502
0.06804196764821402
-0.37464513196610666 0.7573077218849076
1.6456597214959388
0.6038811300228505 -0.030788864546550547
1.346557500992354
0.30299697302894035 0.4952990668409797
0.9849775333978066
0.38412281555892613 -0.8032685542794376
2.445416979311018
0.3007386216094944 -0.8687262499343146
4.771323267674646
-0.984839600799142 -0.5906436733415074
3.2420379942181237
-0.7272993461840541 -0.5767195177278023
3.1674778247396977
-0.10959829787290196 -0.7274333638120034
3.6427540719760367
---
18000
77
0.8967502605520633 0.3074679597971278
4.605116636670411
0.8261526688812606 -0.5033218730948698
-2.811177354782178
-0.010504767096072242 0.2139925406940514
0.9184053623613249
-0.2921702080410291 0.04161285156792003
3.8218555244982344
0.15507248081069214 0.8883594023129001
5.644443581053475
0.7358610088338431 -0.33364548030922614
1.5737689497163174
0.574141191841549 -0.1197132428557667
1.1537699938876793
0.5078284677287707 -0.15942190622293637
0.018195190694578756
-0.2181839317184474 -0.5215628717431295
2.3460183874991305
0.3647358815890669 0.8374502190769147
0.30562139300625635
0.9706284050386133 0.033476796782640525
4.381156539002117
---
19000
88
-0.9878199475288619 -0.047210577435432485
0.7883373523895985
-0.867348671468594 -0.050916230241727936
2.989190320974373
-0.513365867825562 -0.18327864544108574
2.289618914469319
0.7987724834500286 -0.71959860815455
6.144065173103908
-0.6666616933070121 -0.7140966478204284
1.8856915849567937
0.8789778296933315 -0.8085705416840694
4.720457174762037
0.7760353993601602 -0.5287918101306901
2.9109652742033316
-0.9136816164069194 0.599358391783136
5.332429402682528
0.5716536885400975 0.8021281598574963
0.4284170199808903
-0.2383176104246744 0.28221099693426677
0.4922050448941029
-0.5781383697431257 -0.6439390670766493
0.020736351097409234
---
20000
82
0.9869832382294703 0.8099547123079285
2.8324905388793087
-0.8077280571578305 0.6670848887271971
2.834867882409351
0.5119029473389936 0.9966305087358265
5.832419624324131
0.9180815969087457 0.8784639033538993
4.909292284770017
-0.1540971922613995 0.3824653403770989
4.674792941333033
-0.8068134334667875 0.8652540531767047
5.756439451942117
0.26336823790771513 0.9305566873693578
5.312046617805107
0.5287624821228653 -0.21696468124848747
5.244168253667844
0.6147928573505087 -0.7396655714500141
6.131585815920102
0.767292848854097 0.7895377012008457
3.292572626270143
-0.5500084535156191 -0.9215876442687971
1.6858090968732755
---
21000
88
-0.4501017537059862 -0.7247381925154575
4.128908915911085
-0.35146560600074095 -0.9288933884073598
2.5721278201708575
-0.7976700991529216 -0.6525899552149665
1.1144798183776023
0.8664167499068334 -0.4906362994233028
0.2044909512438764
0.05731664154850458 -0.894278138249333
0.5067827396541151
0.5656510739880624 0.8956176953130791
5.902755406012869
0.4764595467526151 0.0705704808982415
4.332325970450032
0.28092995422737077 -0.5407368228317575
2.0806304925857217
0.7891681831606937 0.4059086967726037
4.477618261946742
0.5736576713336627 -0.177858593899442
2.9709388825129537
-0.2774434917222252 0.5769564565726071
-0.009375585603600255
---
22000
92
-0.851611713068978 -0.6015761915984413
1.8203539923595164
-0.7384449468052049 -0.6084531285307054
5.980703913643958
-0.02785284316503286 0.3190096025308243
4.194122167728661
0.6788078110729132 0.12438910758424948
2.594612984049366
-0.2995438996591067 0.9327004419429479
5.566939345561667
-0.8994231653203092 0.26319752073279784
0.5865319288956314
-0.38096164210511924 -0.8204588214487508
5.057466561038315
0.41823370404985105 -0.49491400246569794
5.209059306561539
0.41985586374950506 -0.32183887737290323
0.6597453505722184
-0.11816864342992044 0.14327370873056416
1.4188464828384335
0.6768208186508761 -0.250069820183642
5.643017847123884
---
23000
75
-0.8692311488528686 -0.343994680506573
0.6000927789765603
-0.45515985255494495 0.12590545088295976
3.0548712666958453
-0.0008964639970523575 -0.6019524155547088
0.15967734147908796
-0.6997907412294001 -0.9014682344090702
2.22263040472595
-0.3675218289493241 0.9441829171356285
4.263218198692573
0.9210786164495348 0.583853080115309
6.105684039976617
0.8350998316355069 -0.7196426077931266
5.063886113861653
-0.4819395398146316 -0.5619747502789955
4.270389127211303
0.272326570292948 -0.9234193073200934
5.495964896920172
-0.4795623390195262 -0.7526447772381265
4.271264284912724
0.5428851736250925 -0.20141649605658773
3.9435931592422113
---
24000
81
-0.10894710622003702 0.8515172679417231
3.361650449721015
-0.4256936053376921 -0.9636869642788239
0.9300953588205632
0.765165800890087 0.7885983203654663
2.1979897455645814
0.7069149798742677 0.5467187411408175
6.154535658834357
-0.5961113052050356 0.37620060294484603
4.254360096948201
-0.8611624852147332 -0.8053165054523654
4.881580164416206
0.5851889594090621 0.9508747506008217
2.283473231726644
-0.367230978397697 0.05821972655445196
4.855391816864326
0.1641151102323241 -0.33455628732754916
0.3516759408843395
0.35157786830000287 0.04743747559740538
1.9959501735832452
-0.5110923938449319 -0.6942700535512198
5.352491105025242
---
25000
77
-0.19202686553779744 0.6941035187273121
1.1539946955130398
-0.11307594209294548 0.7102951615818137
2.353318864691655
-0.1278798181379465 -0.8678319313897678
4.826400160223325
0.10607175911130973 0.09647992102457648
2.53537867777968
-0.8866555171950952 -0.6648694765042529
2.06268040933677
0.7497152430156404 -0.5830787003836984
2.5231350255236356
0.3599904549415308 0.8673051392090451
2.8285855560387807
-0.6370090597398225 0.7320362811454924
5.847056050155952
0.3612388390586927 0.9348049581147344
5.4646530553682995
0.7156243905056525 -0.427646712861509
3.0358699792710215
0.6765602102598608 -0.8593344374821636
0.1557296989692274
---
26000
84
0.02564080274811622 0.8136293246874595
4.199668202439314
0.010248222915228197 0.8200369717984364
0.8828967775479741
-0.44351572724127225 0.6062236269312681
1.651187544737967
-0.4034693166444195 0.32370523890031366
0.42481579081557896
0.11616615757717905 0.8531467244508788
5.111175941003055
0.23384332715057987 0.5199593907866716
0.3005499149321045
-0.36533642897706897 -0.9220610236392673
5.864144272561372
0.8956904967447247 0.2665078534226008
3.5055348365305683
-0.01870511201993595 0.564974361684672
6.133371772098523
-0.2528879796889117 -0.1304442421119884
4.608812179263719
-0.09902498449546313 0.5963540310438604
2.629885469415626
---
27000
84
-0.1902912168060882 -0.7800091030865868
0.24833056686347188
-0.08096869040753626 -0.7871214767101276
5.115964644447917
0.06864786436068718 -0.12056034087613252
4.630908541528435
0.8759709078611245 0.3858171691624442
3.0265640603727366
0.8178722935313378 -0.8984205635866356
5.34905574678367
0.9189771301597816 0.7621987053856243
3.3034408123375467
0.7605008845374229 -0.1173059499371158
2.5318511177904677
0.10984361902832586 0.8968640270265034
0.3777732339569304
-0.4663294032547487 -0.03809099012559357
3.770312555855944
-0.5276259346258868 -0.35826037345950285
3.1225505372792615
-0.9334051551787159 -0.748101925343974
5.7031149727553085
---
28000
79
0.891571062500219 -0.43225852283830446
3.9360863415383753
-0.9728901541394827 -0.4774069582382575
0.858098797282028
0.444517819617651 0.12321460812740874
3.3460646205899147
0.2982455109503045 -0.634979019850058
5.250364588353981
0.7293237467950485 -0.2636518983759753
6.07769535439288
0.833001529667284 0.11361804954857813
0.41256365009873797
-0.38288453404356526 -0.7086805883045266
3.0238426424985945
0.9332191121210714 -0.5578603612990605
1.6521717259315594
0.29880249291408323 -0.2957477795036329
0.6470246832839912
0.5872151070190322 0.858818112778373
4.047780090823077
0.36686059917872293 -0.49241185839163243
3.5016378494991205
---
29000
92
0.8794729571466531 0.713169051534274
4.4378339344282285
0.9435826186846726 0.6744519785068369
5.54343982411041
-0.711315046071066 -0.34012021821950233
2.1173605669807225
0.915770795020041 0.6892465285901186
1.6376841140121403
0.7495933780994243 0.27783880429629765
1.051643701274152
0.8886508411930036 -0.11499447290335378
0.48127053020548605
-0.45782134481726233 -0.7997104612788193
0.15532383269081596
0.9741205750443589 -0.9250154072431613
2.835921653244018
-0.779247423099337 0.6875813001154538
0.9222709820501596
-0.6843179692433451 0.3028291649399112
1.2676280915305398
-0.3274307247978201 0.9227166966703739
0.12272369009814277
---
30000
89
0.5443751900340168 -0.17796174172911192
4.344732592138433
0.42848568120082914 -0.23036444751209395
4.961916438367439
0.4792247974875868 0.3969451070874168
2.5189190462726003
0.8936316979054391 -0.8953625637056157
1.452310175404441
0.7651879544538855 -0.6416034496964659
0.8837212920674107
-0.044378923389741136 -0.8756194264059297
0.8063069546886261
0.5125950233198154 0.4077287407286293
2.579142511855399
0.525816365840796 0.40345757634218
2.266226281664018
0.1321203666605598 -0.08107513880832713
4.985551701501241
0.42341489012786404 -0.251000126720335
4.149620855709311
0.10913571848826015 0.5711533321317919
1.2635535828971136
---
31000
86
0.9550509610799462 0.7459845681088517
2.7339332436472694
0.8702236070330309 0.8371577122376408
4.958771062518028
0.28992054457521976 -0.7940872418389409
0.9597869386441467
0.9986667649052918 0.25878973095758584
4.115551738536199
0.9257620334873262 -0.6413521288509921
5.384356234868057
-0.7534380940543391 -0.09730778699378333
5.823742183369792
0.11048548032018997 0.5319585683855984
1.369823309498214
-0.6099767806220802 0.48152629191679563
5.595806685401925
0.24460147047881442 -0.7409979071455539
5.245934600302646
0.8365590220619503 0.6697145511736547
0.36914940324320344
-0.863572467811171 0.5776709930369195
2.1742578808830793
---
32000
83
-0.700817217312328 -0.4517005420511557
4.447376019503701
-0.7463627716919793 -0.4839288947457029
5.76497785554319
-0.464695656445829 0.637169936389782
2.007540653187178
0.9813307128379676 -0.833676475952997
2.984635859469239
-0.2100144404499284 -0.28551902681067126
1.7726487812322125
0.000571625879670655 -0.629381797153103
3.2099581159829382
-0.3932203715843381 0.8360820432471981
0.6464787401188472
-0.11001801682569778 0.45083143318719926
5.335410354393349
-0.09012030715782353 0.8574737719146008
2.9668694492995407
0.9760818576488333 -0.9591537889272954
2.0062357854964423
0.05334817483534578 0.8053152986887662
0.7258572934276577
---
33000
82
0.18010086931831706 0.6202840950290539
0.8748156288979374
0.28467487002943537 0.6992063972281792
4.549352939873977
-0.06696968313591621 0.42130457225016216
1.8136340913814761
0.8489622081090631 -0.5662947766026516
1.402432572722046
0.9421909592599457 0.38215053000120974
3.5392006420776614
0.6305267054814813 0.5677052230098815
3.90516503838609
-0.3075015364008983 -0.6487850589599192
2.2373004336964426
0.6776633957082856 0.5966639981342279
3.7888784929545016
0.46687337064817397 0.6151328724709406
5.786614577670118
0.3648039386679195 -0.12426409556792048
5.257171920074877
0.3833553786869833 0.27946654449996844
0.5226892494733955
---
34000
82
-0.1498047854624521 0.5714374381487686
2.051845947094007
-0.09051822124175139 0.3120773065220568
1.5641267431263692
0.5337816173607496 -0.8696991609966591
0.9897024455024468
0.13879431410465584 -0.9154204452832512
0.05547391935096435
0.27257564413274793 -0.4536068426240456
5.966095727921161
0.28050174224382224 0.8436357780211028
4.189709860969492
-0.7494804194539766 -0.8541562748353025
2.7728081387694834
0.9229376912139439 -0.5143469627757709
1.230904169267256
-0.6537315349962579 -0.7441125048612788
1.8699689353959812
-0.026544959860774403 -0.6842198212298357
1.4309144657752464
0.9741229158473328 0.3993019521837256
5.300731048543049
---
35000
78
-0.857960182608116 0.9253883973883714
1.7360453610959716
-0.8128846094329596 0.8066423957154383
5.766319158854768
0.1572450317923227 0.3910737563548974
1.685895825191551
0.7752723851253702 -0.019721951020860065
1.4150054194098578
0.5260911616209228 -0.6662091416534581
6.053575117159072
-0.29349679252023936 0.5477480990006596
5.882482152509467
-0.20700710095299008 0.650362835734616
0.5030532550807987
-0.20720125739226986 0.6547670318250524
5.9331795455699226
-0.7806658674501673 -0.33990171481911013
4.640715436610082
-0.358401998936011 0.16720079039674812
0.911103934382723
-0.9655170824120228 0.6910488943178443
2.9224562880902054
---
36000
84
-0.3011343135388656 0.9974950137870313
3.1506028888896145
0.5414081565409 -0.8963123183676704
1.001640130248819
0.866144155828324 -0.2982010574703933
2.3717419902864476
0.5640037502865645 -0.4033852659860306
0.3505455947673166
0.049630409221000454 -0.0019845136477992
0.6692258737013299
0.9308927123002284 0.30764529635960214
2.867134563339139
-0.05493417219251378 0.9183852510371088
4.721884126567665
0.8863773467895102 -0.30245372856000796
4.976671525868167
-0.7512141216964577 0.21921722638304153
2.4447900620174776
0.8911940945827816 0.7094715133397897
5.4051867017457065
-0.8090776819372237 -0.9355404682497873
6.280989074128358
---
37000
84
-0.08987327752490379 0.4048261189047552
6.125916652716604
0.0038580791567049758 0.43418124890668985
4.009660323045812
-0.32892616254925544 0.8161901589360223
1.1127125492536187
0.2716171747532895 0.5001701133435694
2.3969215281452705
-0.7185419058869181 0.7985494129821705
5.227316332603637
0.2673966819214701 0.13691131181931193
4.625958630958353
-0.06239458871706103 0.031929641111314286
1.397296616214641
0.9767246045011693 -0.23241315471887763
1.627815042432994
0.8495457080552794 -0.6295553011632596
1.332902181681753
0.498186926628341 0.8681198790171019
5.999184691744223
0.8391955294502317 -0.25499771658559284
0.199632698071337
---
38000
76
0.3470870546633922 0.8337151810807206
0.6612725193282717
0.4553067702355399 0.7969196417030971
0.6210939836872775
0.37122736211503177 0.9741658387785241
5.965325898256836
-0.32963782516982393 -0.4067081116821202
3.196423222881795
-0.5440529622192253 -0.2342924386867671
0.24656664072274292
0.8858065798296071 0.3697816975243205
3.8692190400824495
0.3634991474352464 0.6104608821780322
5.814116230540799
-0.7417191229790314 -0.5456812893422506
3.084923615601613
-0.946426958194012 0.9378370249916497
4.405657372087066
0.6280487575911468 -0.6285636821214281
2.1747748393706914
0.44372232035961673 0.3835453173817383
3.1446330510815743
---
39000
86
-0.31302876079782094 0.19307089025660285
3.624451213551434
-0.31974676515023676 -0.09305476513594155
1.6818092242966243
-0.6235567629659334 0.7797810829417667
1.6180650739609996
-0.3881546839743069 -0.7832385870678307
6.238256252132528
-0.8673210837538953 -0.329218779985054
5.316900964491864
0.3288149004330036 0.4680848761189823
1.919198985803024
-0.22255004869411582 -0.38609266717998364
3.514306587146036
-0.7827767972983126 0.7097927208830418
6.062869809134577
0.30373370399014227 0.5786387428162568
3.9853772763252744
-0.7268553534529287 -0.27912171954571685
1.5988798560987458
-0.28413018390056244 0.3202136192875988
1.6726285011735742
---
40000
94
0.46160428281703036 -0.033121319047100375
0.3514441662894585
0.6180330238119282 -0.07898154716630736
2.528811429257395
-0.8058511819684777 0.515501589028444
3.548533282819995
-0.9692065161328195 0.007200862080013151
5.701581756770214
0.4292554820331164 0.4397927857228042
2.8385463991816833
-0.9838574323237905 -0.8337596467043167
0.5495546959081672
-0.6267317381375421 -0.7539942562455144
1.804039124782598
0.06303804898249954 0.6612160330921336
1.1317248816881236
0.48639751854741853 -0.6618160178302408
0.03575696296622066
-0.9148318078263838 0.5205387193724436
0.0005533933507795297
0.06590031153119172 -0.885240671421337
5.4046977353742625
---
41000
81
-0.191400522262855 0.8163619733154484
1.6309006648734325
-0.11916153463913469 0.7749604419860062
5.462926612543266
0.537480487447465 0.7006275233710161
2.6069706948589175
0.537629235560067 0.9502488306024425
3.202802874740483
-0.02343398122031748 0.5711542405177659
3.973477477383457
-0.5363886939499626 -0.40434821368927554
4.521644799203233
-0.6860247801383846 0.6470130290089476
5.567135651115844
-0.2325584449463414 -0.2763669690650007
3.169294938173951
-0.7421619058739592 -0.482470463557653
1.789702892533227
-0.7169025409899009 -0.39576481862327884
2.6321132203523696
-0.8350183461381113 0.5066394149773537
2.7952817416042572
---
42000
82
-0.3484828840479441 -0.897976723040108
6.2011915257171095
-0.33687981578116016 -0.42278024100074785
2.671810303463878
0.403439497104559 -0.7283122397299931
4.754987225065888
0.49843487307988615 0.8455330017435035
6.158105871726715
-0.8225982782769745 -0.7257683477275929
3.851836960242718
-0.7239530543328113 -0.5177652401547731
1.3291763474557667
0.937214903973824 0.22748264759367837
0.8220848724323098
0.8498821671314181 0.07651443891775583
5.1920149121254875
0.791412347258499 0.7032557031945152
1.6626202038670916
-0.5543816617078692 -0.2856575525329234
5.772518021432355
0.8512024437294861 0.4618670803646869
3.4149168075890453
---
43000
87
0.821193129929136 0.6633510993488009
2.849581885183036
-0.8764985825179773 -0.7889845629660702
5.08826996135526
0.11420823691483092 -0.13337152662739984
3.1436980841937032
0.234286678134936 0.8393743924558935
5.588818361371912
-0.9296379205424282 -0.5668523265811398
4.6063531457772955
-0.9900638883266768 0.06837593627650186
0.7237290327778751
-0.36490339582926645 -0.5790831990108962
2.197625718215475
-0.8126021892039317 0.8548735798394276
0.3134784789381877
0.46591868196635 -0.0789255353962886
4.855873240931325
0.006854730347681602 -0.18334338675125095
5.17179508444144
-0.5833483119932932 -0.32420675793835874
1.815769465058517
---
44000
93
0.23955791032788928 -0.4531009932679321
5.266400038881709
0.3160871039066215 -0.35615916548875226
5.735023747470942
0.794474872375218 0.14487409225596815
0.4268075964494418
-0.8204610952696755 0.1310240933998824
3.9252277567589386
0.9120596427531208 -0.6573351103833305
5.572815637474264
0.22546870208597186 0.9002887176819174
3.0030196323698988
0.43330090698114127 -0.009827130970085758
5.9200322915733885
-0.7813996710533916 0.016301234109109202
1.733938650173072
0.4618966209150519 -0.20183775901300455
1.2079234249140596
-0.5241720116077054 -0.6131124122202714
0.06634365332260916
0.7049971948950049 -0.9360158780811507
3.3097278103960415
---
45000
93
-0.7147041503564708 0.8947708645357445
0.17914512379326858
-0.7103632632367014 -0.9927841824151253
0.9145724985932135
-0.20471277225744444 -0.9470481654075896
0.1802390144551973
-0.9680995250494336 -0.03388754680282432
4.827682823845445
-0.2572908244306896 0.878456755124489
2.2978879015883296
-0.2945499102016431 0.131684335898418
6.088027136736817
-0.9269669027949536 -0.8113254606772524
5.6103205896779516
-0.28731404483878603 -0.4852144984993294
5.43999379898488
-0.059151566130571064 -0.03351546741052554
1.2442554872165124
0.04207943860831832 -0.8993914684844873
0.3018757398315426
-0.5373957475294409 -0.07932746919355257
0.06509605589600209
---
46000
80
0.03394949059866053 0.5751092641579492
1.2532725039007406
-0.7876377720594575 -0.1787978781037699
3.505497990921043
0.6012157911855377 0.13078333368434625
0.3902940120358611
0.07454646600472546 0.11522310264659368
4.493500660621537
0.48617673092593666 -0.42000240215842155
0.23260732314578636
0.012372600947017948 0.07616285390578015
3.4907834158375266
-0.8279406731020933 -0.4802346057667431
3.0355430301013584
0.40265726577132416 -0.3831704845693338
2.4735743415642197
-0.6524540453793706 0.32258264293435884
4.556434500869834
-0.8679357073126382 -0.3528994191311772
0.5518413616579707
0.09356224047171999 0.8662132230272678
6.055081418428033
---
47000
75
0.653680132315327 -0.9750829069739069
5.451890026485722
0.003902041909682262 -0.5645610275887127
-2.8958658114358684
0.8969520641937255 -0.607910052173339
3.0002011948249043
-0.20208930116520465 0.7857481846976775
5.898891922572453
-0.8165712564612324 -0.34376173661329523
5.054599137215165
-0.26775194063706054 -0.8033813744120814
4.7925184903084945
0.42997399009390397 -0.1513494818050911
2.05123779371132
-0.344689703968438 -0.3321815349530144
0.31641465344075215
0.22956629645589838 -0.7232515190630013
5.549988848936093
0.9520777606081743 0.05982182687822606
2.359118155553622
-0.5488893348073336 0.08601833251441202
0.09122305193272862
---
48000
79
0.7061621291481086 -0.27264901277144016
2.1267217472572875
0.7513855797744091 -0.2659210838563295
0.3644669570246908
0.16578019627422694 0.7967523825387117
4.710161902353346
-0.07603284550689475 0.2285524102307514
6.0417329914730455
0.501908505988723 0.05530635406071408
4.8638068974576365
-0.9739827346253839 0.1123376411061912
1.9062275350615634
0.9132350896359355 0.7677881118341562
3.226939510704768
-0.1665905205931811 0.2460737427538612
4.9397010870020805
0.8667775249523907 -0.6601797286332342
1.9067796095902239
-0.878036047273934 -0.6004259666555094
4.995501139320388
0.25074693726836733 0.9030743899029503
5.3909895112013615
---
49000
85
-0.9346016658481652 0.9522117273535637
5.525259792077154
0.48513725021478116 -0.5627604211861177
0.9959940729809311
-0.454765439422384 -0.026147023533495968
5.675749895916788
-0.37567171540507893 0.9530126843775064
3.080251264549746
-0.3776909249400804 -0.8292653027095339
6.2125744972033745
-0.8638319639356646 0.876576522075674
0.9796536143387069
-0.7379324591772988 0.48975474135150365
0.7690437407322417
-0.48744454541084314 0.5257307628083854
3.234650970992978
-0.8113705777049544 -0.39924033990429264
0.015816879940107498
0.585128059865674 -0.6492222725716946
3.054221546453176
-0.8651990849537967 0.8766811385094351
0.6168208550185321
---
50000
80
0.8720016562032605 0.34750135284919015
1.992456144656859
0.8710956739851611 0.35419169288839714
1.7636955104523828
-0.4250051882616406 -0.2192625161370224
2.8151713373833083
-0.4285875974553526 0.7230176209486762
3.356207610090113
0.48229719629596407 -0.13928394272791111
5.057946247168248
0.4606751787787945 -0.7781170241171825
3.5717262129857277
0.06102684889826939 0.7578515712914222
0.8052125218236874
-0.3831764573266623 0.9188512841249299
3.9642337473840907
-0.9445732106707622 -0.8006933333762414
3.781606413060392
0.01613154737303977 0.9728812856685115
5.829931133249216
-0.1485604664965351 -0.2655374713302176
3.9806232298902664
---
51000
81
-0.972299734984759 0.006556978220494961
2.0555289061520137
0.42093383369525456 -0.2846899960116258
1.4904089204438877
-0.7116605993085717 -0.24391564672830973
1.7652609292622783
-0.6683373118766727 0.0389283239583563
0.6817672950984033
0.6855663945825665 0.2896494375400321
1.5584656370431746
0.7897003189246259 0.6766335082334229
5.444056858508127
-0.10412591988670097 -0.19048145393751997
0.6443272032224616
0.2241503297194195 0.28293510091597085
4.99085071807215
0.8832420550826615 0.37786740915224243
6.016103312253707
-0.16498451442492 0.1820590094177817
0.9954333425456774
0.6479329642998007 -0.5235998407563116
1.3051085130196531
---
52000
89
-0.19683531610526805 0.18968938660473816
5.503962024623226
0.9014241407880034 0.27825724403890595
5.749956671905859
-0.8475535923486328 -0.5388449866588626
4.942042051981857
-0.38208460306582376 0.12135505501038174
2.2927114905379
0.029541104674195507 -0.19978244004333334
0.914884534785597
0.6875040237965653 0.3875368233886072
5.4112541560517124
-0.6781000211151123 -0.6069343380180794
2.809890177767328
-0.7462675635353797 -0.2460977927404267
1.5071968041764823
0.9248451345500562 -0.5864596744765127
0.3576402216760428
0.6825122576938235 0.8982839234962346
4.24544266898928
-0.6409118366518555 0.9739053190826867
3.684411937882535
---
53000
82
-0.27521808076758364 0.8180840446086929
2.1432462804694143
-0.24215746266454094 0.7420359583015053
0.47623654417964634
-0.468851872331877 -0.0643001764792408
0.02727329550578972
-0.09474584690348604 -0.09550782294096843
1.9049615268173632
-0.025551159736677813 0.05293120718402335
1.6198069824755459
0.3803617515191934 0.9374962738760924
3.9326029203884634
-0.7867806269707855 -0.695886920113709
5.97704496719037
-0.030685956464260606 0.8576425892698448
0.3953930798550642
0.7951599310067616 0.8144832021977609
4.2204866360637805
0.5851193610149358 0.49656526510626475
0.26953221937543415
-0.014194072836442001 -0.35676244818858915
2.7065211553937836
---
54000
79
0.9739449119206832 0.38367089714534997
5.950648549275485
-0.9978322196425142 0.3894863512543541
5.626708722435933
-0.0342665734780905 -0.5625470450129761
6.2339766075362
-0.6878554025277311 -0.2173823617456161
2.440128253638143
0.2609876883116288 0.9436132153482399
4.241763395742915
0.9790753689338694 0.12894016949956358
3.081543100566159
0.4946581231662884 0.5276073244212991
2.6679221023449537
0.035396467318142895 -0.967684377522746
4.6885923381866395
-0.07278885765552248 -0.4017798867268274
2.1895431685001316
-0.055124819362509965 0.07136370949497023
2.3189112781319663
0.9465556215578617 0.7607670346462378
3.7141590950432244
---
55000
87
0.7585418500994975 -0.6447334493961082
4.165525698778207
0.894396118054413 -0.3970976805482154
0.13704507834360324
-0.39651823897458993 0.4704843202596461
3.2055765947905117
0.06887662884893402 -0.23600160049060107
5.543505165368042
0.22035671608212412 0.0258697662335838
0.34084250545650363
-0.8079403850102704 -0.39129858277205776
1.183030124381336
0.8799455066104249 0.1981709263375186
1.9890990611286368
0.7400902691323344 -0.16615086484550337
5.692525983546266
0.5435444105420345 0.5077853420248153
4.43938856768826
-0.005221191077790625 0.22551637824292983
2.0930818729200737
-0.9012867078394404 -0.28891659660739827
0.2853135782246028
---
56000
82
-0.7293745581189884 0.601866502066329
4.761827829652987
-0.761767705488747 0.5362104410247142
3.243242625030918
-0.6986890812538541 -0.03007480820351557
5.419751907852243
0.2772308094276174 -0.014087641779511325
3.8346984667128297
0.09800182634286092 -0.8894418137102957
5.202629661076355
-0.9069477304174357 0.5528303570631127
5.949233001495388
-0.5324951412671234 0.49517472815778824
4.536712797616875
-0.9368462571505992 0.6176621335968295
3.4696169386732825
-0.25303134112531356 0.913552132856048
3.7814887316373653
-0.20899939313389798 -0.18609237201026152
5.939779433607098
-0.11554571433769767 -0.8861264657402834
4.012435318115006
---
57000
76
-0.4771739917503233 0.004892096852677129
4.875130779957337
0.923832516405473 -0.0689761242309468
5.734536628956286
-0.2788065149143193 0.24557726804311564
1.8980356858378649
0.6415116741519588 0.4718422199724773
2.0908982494450257
-0.9219371831227459 -0.23257508911440905
5.280719796611097
0.2885165673212182 -0.1590622091010785
3.139494691265752
-0.4206902013529168 -0.6220216605373907
5.80515311025772
-0.39350429119644037 -0.04295821932652858
2.2894513249526374
-0.25115708809398707 -0.270288513232394
2.448940580793878
0.9948431901113646 0.2447655832972069
3.522294886212606
0.17704782306673428 0.25290601207869345
0.8977652956710633
---
58000
75
-0.6704824919995159 0.7674919547636033
5.938468043052099
-0.06975756001970236 0.5531858564031326
0.870002722575201
0.5156132325707092 -0.8610761560223554
1.8636249188581386
0.836561220642203 -0.09108017249434949
4.912424700744852
0.7433552370519617 -0.7954173745175045
1.0083495934520483
0.9910469861369049 -0.17406804122823982
3.1963023878078394
-0.42875042629676274 0.8318732487435468
1.413504068708355
-0.22776953172540343 0.5229687273874922
0.3362241672179245
0.11463536718124889 -0.6218512197862051
6.046929205482135
-0.747699981020885 -0.9023922098364505
1.341539692716444
-0.6538697421402615 0.5596788892661946
1.3457034018552658
---
59000
72
-0.063300633541305 0.9701169937521342
2.500841847469892
-0.6093319049857251 0.29107459180570827
0.5141092605461122
0.02950274019291098 -0.5452452508627158
0.16142424708309466
-0.6861894099176392 -0.5389975189442692
2.328271377947008
-0.6250209827459278 -0.4286122263361549
4.9083740170105905
-0.10676239191552445 -0.0037985366938927297
5.631440064968176
-0.9164112757463478 0.6343594892489005
4.473929264859346
-0.053481496368835056 -0.8022684149193937
3.194086304328162
0.34015088904429625 0.6976629962698367
1.4725957723653336
-0.12301872848849514 -0.7939736619926231
0.02894522732290561
-0.1670412988291203 -0.43381164343754497
5.413622660530868
---
60000
82
-0.7722536388292475 -0.25130419512106145
2.531081883525182
-0.48746071952242165 -0.6115521058040382
5.9674034897954025
0.23655657591783805 0.11759720538472837
6.197828615319812
-0.030820913974884175 0.19862773960226146
0.8640161587764128
-0.9162205487858619 0.7467615924782431
0.8063136050035569
-0.2144063593826501 0.9884493795789435
4.872339348275674
-0.1906264725182535 0.5905682369047813
3.045519039857159
0.14197928933599147 0.15955482983202068
4.333636190978648
0.1209215697284112 -0.2504000591489086
0.6846425776240403
-0.7287774116693702 0.43431944825003377
3.2628354386704723
-0.899185472903699 0.3762562931136763
4.293754877392621
---
61000
78
0.4592692442726549 -0.6145301702796968
1.3004486856340307
0.2930876887183631 -0.4526506720342205
0.7595014794795505
0.7168693517814259 -0.6793432801623225
2.4071017244104027
-0.10788731964943757 -0.2504803202203057
0.09025394321588998
-0.0655782710735497 -0.14429103457196382
1.6357477892206145
-0.2216811954543809 -0.18846727438588223
2.5888214106944067
0.06985491178583038 -0.8394329222642603
1.6754474614930182
-0.1822460223444649 0.323035831967335
4.7221377231109525
-0.8488363633294275 -0.12291959067634986
0.4490531891974916
0.31508031404630576 0.23146900661313247
2.190525085252811
0.8779926437781088 -0.039966583465229154
0.993114226148653
---
62000
79
-0.5266808721456673 -0.28792435889130535
2.93336651121889
-0.5446786758917801 -0.20021364485187326
4.298616499843075
0.20712612619126447 -0.6709552134473928
0.4233373187701215
-0.7862955326550388 0.7135687244192952
5.181523364358359
0.4070742975272728 -0.17897101818294325
0.5218610330050888
-0.599833401769448 -0.3491442026809391
1.4631138944980862
-0.8825157812710742 0.6048231930522713
2.9801087930208165
0.6592908856932949 0.7956093060158663
2.057502539706836
0.9531806879851017 -0.6500114347353615
2.245224134687401
0.9167427723778607 0.8249460092172222
1.3347186136549318
0.5965692195387179 -0.13951108720954097
3.71937575449083
---
63000
83
-0.9334341819435059 0.38971710016804445
1.602171898655574
0.6063987980592667 -0.05741724342587401
6.158964651768137
0.36363541884165024 -0.9765559357313456
0.18073304021601588
0.6582911594982729 -0.2967362347739866
0.5730964232581623
0.6411805055591472 -0.8148992227624224
5.682230999309244
-0.16118190725259768 0.03482195652309837
3.513753153637727
0.2266538088666966 -0.6749063674624697
5.480613560331159
-0.2518711995704286 0.4952784183011899
3.3494722676635647
0.7619115578748806 -0.3455045913634074
3.035160011476103
0.38121436798145664 -0.699300713033444
1.439809272590793
0.9809070844885027 0.9323159413472447
0.5523469120340812
---
64000
80
-0.634306719238802 0.5132075332531408
5.79971766583048
-0.7950422420543889 0.3066324298400681
0.27049450525935903
-0.5247667926583574 0.7891778341446823
0.5244445801554951
0.2049040980607147 0.3477260193614076
3.3382521015329436
0.6569160259927602 -0.6979211304557789
0.3691619245753941
0.27167952331009404 0.2963736078782493
1.112175164082334
-0.03159527940928787 -0.6908277736391695
1.38687352162695
-0.07631139577554685 -0.38372573770230217
6.056023542575211
-0.9785588375247114 0.3047122279921743
0.09499762071291595
0.9186229015893573 0.7037246823474232
4.335278031165869
0.02396834243470535 0.9808401933259426
2.017781730500408
---
65000
79
0.4631352743030476 0.5435243201699419
2.1257424817028014
0.40815992289637415 0.5683337285667988
1.2950315758249076
0.0007962226807852746 -0.7675935689794834
5.684828427697939
-0.7821236923272796 -0.36503231006616293
2.1317639624455484
-0.37529394001988664 -0.029757415506256643
2.600235607936095
0.010846494993334795 -0.0954817769008899
2.1632309023291265
0.28229783717189416 0.5966904688129864
0.17132855746100173
-0.9012043135339294 -0.19933229424211843
0.8548291774849742
0.365644547386038 -0.11196044519211798
5.062362186050912
0.9013448768847723 0.4341148541990864
1.9484464059284656
0.0019199922203781451 -0.9478706689216121
3.5071481594924476
---
66000
81
0.7815971320951216 -0.7651829522196835
4.234535572561101
0.11513554695107744 -0.039071656169509056
0.30172340352973315
-0.6945780019266182 -0.18316563243744174
3.0284781661629383
-0.8183578051092679 -0.06997317162680597
1.0804702137943663
-0.04129839292534552 0.9536970832582488
2.01241653741503
0.9164245545538988 -0.2181639692213995
5.028209440291248
-0.49148717104129197 -0.03358678169190185
3.8756975791312733
-0.18795300294668602 -0.21144427271539246
1.163430460286472
-0.5458624679403402 0.7304649691568196
2.571229766067133
0.1752082364878209 0.4563305050431311
0.14227137564487613
0.07751285386509811 0.9117399126678283
0.6989808444824561
---
67000
81
0.41124975681457115 -0.7091205982413774
0.42902127768100606
0.4074533758181276 -0.7783665525294097
2.102704288491572
0.37955126892165225 -0.6606725242235075
2.222238291942455
0.473432150716149 -0.1908286468863563
4.44879516424221
0.20055931675666477 0.08693745214345852
0.7173829531385598
0.3115646578765743 -0.21114429589166708
5.205499886069189
-0.14773494656788505 -0.08658409219844107
4.540825140906293
-0.12888134117920713 -0.09603111540621287
1.8792700135088314
0.0008135174379740179 0.8722451222488108
4.048964732907931
0.2794490050651631 -0.3429148369648006
4.090103123708743
0.11246598893081716 0.49697887959488646
6.179432175540502
---
68000
75
0.22984749655124181 -0.21354277308322286
0.13957042394565322
0.22545495195373666 -0.3277312237594111
6.041786453907986
0.008563597113892039 -0.4539716099504756
4.2807613452528575
-0.3995824044497147 0.03245675720674247
2.6948556679644105
0.2938972294834418 -0.5800244192325251
0.3671092387604191
-0.031604698094213984 0.9068068025865476
1.2149101460281218
0.4259636579778321 0.3100325314135663
5.95323470466972
-0.13467206797612688 0.22151839911965482
3.5561197081446645
-0.18014506962696003 -0.9253096383735446
4.344395602209461
0.12272990792496237 0.7103166454718124
0.4050521420799198
0.44455342881733534 -0.9704653385566484
5.337156818697769
---
69000
88
-0.4702451619349747 -0.0974189765629583
5.997618343837106
-0.48533871276682383 0.11668013913823597
1.7695615089515373
0.8950361644007038 -0.8450515253036716
4.7485146619572385
0.42764055079011803 -0.40601104834263946
0.6268703013751544
-0.8844698922668979 0.0688781243760782
4.182046804621542
0.5914846418147579 0.6369572721726219
6.27583749088805
-0.31264271170907704 0.25190252879540526
1.5195682881448564
0.3908204099014271 -0.839321257306784
2.316139019188209
0.806757404468194 -0.06480742637631053
2.944355464259468
0.8636009689301021 0.8515138970396537
0.5730031423610926
-0.8031324076637039 0.7959451192393724
0.8017455550526451
---
70000
74
-0.24696266585144577 0.25451933846974706
5.8738146429542155
-0.9524305791939373 0.2592636525051416
5.818065925336388
0.2831156581597246 -0.4867785325117552
0.06740592764027786
0.5032299342470675 -0.12048117186840154
0.9892006295489875
0.40767955184200133 0.040485774583758447
1.0687054027835927
-0.30079910578105384 -0.6564397907593404
3.59045648152577
-0.5549928964574338 0.00841180995856516
4.275732181688737
0.9277373951920582 -0.48489065353398214
5.505947467617908
0.7305928561303177 0.9500388660639401
6.153446117318397
-0.03337557245950158 0.662729156107548
4.407354427367152
-0.6001889943107098 -0.5457231527453574
0.38531106444419283
---
71000
88
0.027475542528885274 -0.5916959399880704
4.116335175042208
0.14099805561245876 -0.45113418638669445
1.804094480704756
-0.39364579244025827 0.3573834850208243
3.1000909354911528
-0.5985117169085198 0.5273592906559007
2.0682514982258136
-0.07277544805032422 0.950167835798246
2.918139132037118
0.951362737516062 0.924788963418119
0.5837228096529268
0.7258290826038305 -0.5787040189889601
1.9520776347989859
0.3163687399061081 -0.30267512134848784
6.262043574492933
0.04728090248877196 0.9836598024774594
3.0771180727271457
-0.023476774423232913 -0.04141545852697795
5.316692860020555
-0.007479655609714199 -0.6501329793261486
1.5248836946205877
---
72000
78
0.925524671233351 -0.18291252756981613
1.5075125412157404
-0.8734768362914269 0.22496804919057678
0.7153862355616312
0.17504401731230573 0.6798069479263585
1.1154853905583444
0.15843078632027616 -0.21080640027421726
2.186964466272518
-0.10953883408610891 -0.2734835778848905
5.254091515034582
-0.4130956337119493 0.08452466412360919
3.8475230571650902
-0.40851923058460937 0.3735726998352156
1.486608023111403
0.9322865129307194 0.3333614542696357
0.5814760616766765
-0.3134931540328205 0.07939990948953823
6.087622862463784
-0.802582848200047 -0.3511658018919662
1.9640118737635825
-0.663294020075458 0.46787608588836516
4.836860175859161
---
73000
78
-0.8661754534697984 0.029682175836589483
5.529926282153993
0.996700068346698 0.0043402689054195115
2.0436778567236793
-0.36940146022471537 -0.10019253790391561
3.471278691220265
0.7769602556141555 -0.9502432204460893
4.7326548786836335
0.8760568074777033 0.860822878648624
2.082772903701155
-0.5086244249653542 -0.11568365195822984
3.7280421246707744
0.5769111752448319 -0.5540082590371829
1.4905042309277583
-0.21227634722826577 -0.06271291602342931
3.7800792231173173
-0.7894244894713275 -0.44926326465228084
4.777601801963029
-0.4425962632379364 -0.3464479726244036
2.0699018190324914
0.23061490707776527 -0.3683326906513792
1.341908706821732
---
74000
89
0.7366749533371778 -0.40145413691738135
4.28468478669372
0.8197951097470549 -0.44323763792377835
2.271277805052625
0.46740238099231024 0.027075769916912393
1.008290283992375
-0.3872068723291051 -0.974860980444363
5.369212199634435
0.09951842817616108 -0.01090206068800284
0.9826874322264869
-0.898188609306448 -0.44343338101100194
2.5830929983178477
0.09710141755394991 -0.30793320600074653
5.699695994856379
0.8770750447469672 -0.1037740532934323
4.455151609319257
0.9891576392919692 0.1461907565632526
5.2303603781148436
-0.22736030718306946 0.30239317332476356
5.144732900862058
0.035211875841203416 0.09021912560080594
2.0031677382845405
---
75000
88
-0.5102009461417928 -0.5189342848677475
5.309030048075855
-0.5385077757408001 -0.3413422973964247
1.572822961506633
0.029783733739283395 0.2802351701691666
0.3389852565734559
-0.3483103944494744 -0.2140907474487681
5.2585520181857675
0.4807151552176324 -0.7624432126692302
6.096215968721066
0.8205157814833062 -0.3315938562557769
2.1284462727964426
-0.21385551997578794 -0.04744200557090884
5.502122188319384
-0.9298302240741527 -0.3113095189444502
1.0178271385856812
-0.9607582148569066 -0.4817871031849274
3.4309777756649407
0.3518682208934294 0.8701084999664453
3.4381121596209763
-0.23020089822593573 -0.8832804713973664
2.129855467822324
---
76000
75
0.23015557069549422 -0.18121131785977065
0.18868650000092313
-0.1067235390889753 -0.6104670652455482
0.5410369219963105
-0.43181894542870436 0.3466688356313887
0.6744084318481978
-0.38923629380577707 -0.6208815500532677
0.8940244535402542
-0.3094266711317657 0.40572981579947087
5.365335519641803
0.07265090058362231 -0.2154260248998706
5.729940370672954
-0.2749027366233637 0.760126135451458
1.8783533581358807
0.7380598131739577 0.3076467003443356
2.4834721365221304
-0.10932399037780381 0.8512389723440992
0.17609661695337486
0.414490362774813 0.2412067482015147
0.9439371247672348
-0.9791733153497117 -0.8174033047447293
0.4060857110081928
---
77000
75
-0.86831388519439 0.6021052987925352
3.3375123702313507
-0.8335898200944336 0.5035410277748932
5.453756353754299
0.5925318870877431 -0.675160839068902
2.257306885742852
-0.26957916585173564 -0.712738202767437
2.2922534791379867
0.34622016542671274 0.07736959280365577
2.6217303615773693
0.37104778523427806 -0.49301609427209997
2.0102344268395447
-0.7555139785401229 0.12241041178424615
2.304764812665282
-0.23205895713295907 0.431440026720875
2.391539063680879
0.6830024234924643 -0.6335179603788144
0.32900813118609706
0.14199109836784365 -0.9017224497786747
1.1327157652694426
-0.8063202169602967 -0.8366253576579458
4.59440142159356
---
78000
71
-0.6872544526139905 -0.3907901469412533
2.9239205444516063
-0.7097712995732105 -0.5438597962035291
0.552649119703128
-0.011911971968041992 0.07131881630634003
2.2469601762527
-0.26292663972633856 0.45052384550252
3.45145793224438
-0.09009255819914257 -0.5402913442447789
2.2751968819033648
0.35556799502425895 -0.856343103439661
1.583223491577682
-0.38616483328651025 -0.9949221973603706
4.6804301612373616
-0.800772229847062 0.9881183382325478
1.7256441960549918
-0.6153370751180295 -0.2284219997667536
0.3372857416125985
0.5592265044738447 0.9186199412667011
5.29828302718675
0.45182582668535587 0.5140188555788513
5.552300026879467
---
79000
76
0.042894932630242515 0.2919399677172512
5.1828471390558555
-0.9683043826711076 -0.03283824895964881
1.806762699781391
-0.6488904436874017 -0.9283269988737914
4.386342707820743
-0.49746896954317504 -0.9576177253882008
5.208096940246512
0.8109772764873469 0.5467731995608438
3.525328177273681
-0.9694326228802518 0.3509898081643694
4.865017410083496
0.9262135444655621 -0.10091854822674745
1.5370748553711273
-0.42706505156998975 -0.5647760631256902
1.8840611475968014
0.13686605349456638 0.8171232710243794
3.4145132544408403
0.5481484884206732 0.9806135005459129
4.553133317830392
0.21735411445936792 0.43998682587609705
3.30057037293268
---
80000
73
-0.6557640984117046 0.10053701936415609
3.6964225214624475
-0.7593369810291211 0.12198560401834983
5.2134449495384265
0.6380157953353314 -0.03383817478754181
4.285634265861457
0.3201269197698158 -0.7829735471928193
4.5030111261979195
-0.7393698469509709 -0.3599373933845044
5.342311918812347
0.49187753516018595 -0.6481738396831142
3.485208068150868
-0.5182894557609339 -0.6879638465249354
4.325567409690693
-0.310645110475176 -0.42092372556159885
4.538676704113699
-0.7276688865229559 0.046313479995126125
0.9325568869323702
-0.11294749136107965 -0.47661215557518544
4.532655320146608
-0.3808397738304075 0.7766337809165178
3.749139363753172
---
81000
79
-0.3744088590407324 0.7645574266232515
0.3219017294677739
-0.28794349977867106 0.6554004785981598
1.8810222339601
0.85914915730359 0.15915198062521768
5.379697522770246
0.05532049472488021 0.47534136230654767
1.676182351466541
-0.2520216160004244 -0.3352401027104789
3.7431469944268407
0.243710198290049 0.09936898019024569
6.004531760561182
-0.3314948353602386 0.02546017135761973
2.6288072751356886
-0.008791175907593266 -0.5209480514840304
0.6418103044991597
-0.8910303791459758 0.5637469381805696
0.7729130603912724
0.0744610829532686 -0.13665358337247813
0.09051946280058143
-0.5296578385521197 0.18256107787594078
1.8469556647993661
---
82000
83
-0.5431247868740908 -0.13139903806854186
4.970699900909465
-0.5436157746976863 -0.2315547021833503
4.215288440842707
-0.47813994516667047 0.8867416514387791
2.181940308988369
-0.5120686626313105 0.8658251344927876
4.600254381154166
0.42796834166477754 0.45788686645784255
4.165825227573225
0.26199715855002803 -0.6158682327303553
0.056284491787517155
-0.33859170972603575 -0.048321604404108695
2.9666929653589564
0.011104670543597442 -0.8305908119753054
0.5605220513802571
-0.9184467361779789 0.27413358075533917
4.203304872518686
-0.019268311281844513 -0.11863210716995039
5.333651429370796
0.14405586197907577 -0.24840502414500976
0.3480618273394622
---
83000
81
-0.6174755701830079 0.40653894597352896
2.7520046196761254
-0.6451593101104396 0.5031390444354982
0.7477354893607631
0.63138054436065 -0.8242258195451911
2.745242460332988
-0.821415021838581 0.3363909879727553
1.3693363520677515
0.5458088329039974 -0.002022124658353653
5.587904489282439
0.16013823979832015 -0.6633710232887187
4.0209796550814625
-0.601241481256516 0.10755810143306277
1.9277129325758127
0.40636259252448254 -0.3778484949401744
0.9004029768997208
0.1605378357846664 -0.3172201018397346
2.7237599962207266
0.6251579585471092 -0.6323798331304423
0.03379218016748631
-0.9028100288074207 0.43679558472136315
5.786417183547131
---
84000
75
0.07901380767207475 0.8708603533225645
2.7361661407608704
0.7602057578739635 0.34418743565793136
2.1619737506788415
0.15843484945405964 -0.9819925926555229
1.5730381979501562
-0.7829932970683197 0.9207953077074749
3.033236256191411
-0.14656443450065865 0.34444539725356893
0.05141342524880432
-0.7017584052091439 0.6329512320301692
4.014279292833659
0.1934271964682142 0.04414496770588549
2.7084347386432355
0.367197383282961 -0.760325709051428
3.5037463245634797
0.7072708006860209 0.33793698118845
5.953021297135662
0.9693206075766988 0.32504154828295667
0.42303249780918417
0.4956269180574503 -0.1797133127842558
3.1461872129618733
---
85000
79
-0.5366265514036205 0.9845498682009713
4.864135874056476
-0.31601144520078434 0.16627857270378468
3.59365776573562
0.7912291695638412 -0.3775192933600944
1.926359218967403
0.44449506252519566 0.9473636245365828
6.173150424445334
-0.5328150631499816 -0.39082750812522504
3.224447319675423
-0.6026459922683837 -0.7766499581101881
4.946636671458316
-0.09593504445663452 -0.9753096453963227
3.8205785797181457
0.2935519158194129 -0.9646849582094355
1.9809859069151547
-0.8733641245413052 -0.245762041111276
0.8567739071163603
-0.06805381302153463 -0.858189844529784
0.30719153988069436
0.40480495077864975 -0.6046623553598675
4.1908189053535825
---
86000
74
-0.7235199323391384 -0.27931424531906823
2.4375041803624917
-0.6101612579159054 -0.29148078766688834
0.41903915007753145
-0.215641115982847 -0.1358287429321129
3.0579806153690967
-0.6312227581930951 -0.74360673044324
3.333930570642223
0.09305644417277403 -0.4382318782794066
4.801631391495298
-0.9596690111416956 0.8724643769313434
5.643708540516148
-0.7482811141654468 0.11101189898156595
3.526635746745768
-0.9328179766122844 0.9574701981653188
2.9089926837545845
0.9226081834381971 0.9027077498064138
6.244719475833828
-0.7476423726313277 -0.6732356496226286
4.768295013786904
0.7462994176772177 -0.21481281041115544
3.188713696283653
---
87000
80
0.543322806476565 0.5444481983003571
4.823272991969295
-0.40000728314665596 0.6397426759823575
0.696271158102296
-0.0860256923445736 -0.26158579991600756
0.9493306815760203
0.23113510027736528 0.4995104878144183
2.266032960099208
0.493029430785771 -0.642199122156984
4.2263744333427855
0.05429095211638328 -0.77059329928265
4.793056626609873
0.4602220732617386 -0.5120695035780674
2.8582671525125036
-0.33482018741526803 0.5209348381490858
2.945747154687636
-0.30901411323700007 -0.6757860278354327
4.36182814861532
0.0710798594113701 -0.5718747975316383
4.326346758228796
0.3765322542384623 0.55090289085421
2.3310660429964587
---
88000
76
0.2397829634450821 -0.17648640848284852
4.5439758061785485
0.19002182876874277 0.07506898605344448
1.6777985192231366
0.601711826010987 -0.5094427273761453
0.2901732581882097
-0.11430724083758868 -0.5163974685252235
4.30617572900432
0.03965810749515158 0.7282363958987029
2.5036101724225435
0.5905334997799755 -0.22610845479559966
5.216774243966671
-0.30145032961805346 -0.7147740076708945
5.085196699516521
0.5975324020554381 0.003037850909923083
2.5212901675319763
-0.8842909803966638 0.41377974641786897
1.948327041110141
-0.30538169461895703 -0.33475220314705884
5.459485368561567
-0.4128578372899052 -0.1496301769089366
4.973476371248247
---
89000
68
0.5622574870370829 -0.22911458732524587
4.673056307464795
0.4520173968715128 0.04327421675034695
4.820658820230666
-0.009454063020215077 0.14167363340827163
2.1188263505265725
-0.9114493500563504 0.9196325453860116
0.5258917310334281
0.6502748899204145 -0.08526316800599364
4.361347930392429
0.17551899718369907 0.3588180188671414
5.974320787353145
0.0074377016692685136 -0.25966314991759365
2.927304226339678
0.6493829722362361 0.4635898246497607
3.3870406894984004
0.7816753592153736 -0.4466832692219147
4.14193977551417
-0.6573421508403485 0.03402750948513839
5.319920533377375
-0.7517824552369697 0.6798024736896445
1.4451445048323635
---
90000
72
-0.42126353877156403 -0.7504135995443624
4.4223747034975895
-0.3363015721069256 0.9822672548435927
4.239837174608885
0.9364169248379377 -0.5000392810599317
1.3355605929937608
-0.16810317266553876 0.15840445698438482
0.7917249360934893
-0.6386781154804034 -0.6771098877776036
2.0754558846648985
-0.826376120992298 0.9701529325246038
1.6674807287735085
-0.3709768052084399 0.42036295602292334
6.050749018336888
-0.7506777831910814 -0.5920572418361596
3.3812174105543713
-0.45933022650113 0.26530383133157664
4.180077571562648
-0.875686129094059 -0.8910708963069248
3.312128709329653
-0.21695102931015542 0.667649692812182
4.505480319970366
---
91000
79
-0.5811491626865243 -0.7026364697271127
4.544567639890525
-0.9445596231665321 -0.8728906633130558
1.3445389230364233
-0.23480084608476942 0.7230797014382895
5.288588150666788
-0.8294563475700376 0.04768754466335224
4.54322941849378
-0.3088005425172978 0.15234401503182848
6.207045035535546
-0.5856643750301811 0.6367417569582132
0.5031623800729337
0.47637090699144347 -0.7755041698031032
5.1947791056040415
0.11298368959477022 0.8499397711037344
1.7961743257279936
-0.8413559732474696 0.21211331075027315
1.9189921479465526
0.05560186525803764 -0.28851482945466755
2.3556952555699047
0.47377636969803505 -0.19742395030212226
6.229325946333463
---
92000
76
0.8041602623275711 0.6893607622657664
2.5253360415352493
0.8178881280431288 0.6009844602579388
3.136022461959297
-0.42324012949238093 -0.7068952436614041
3.5370116345661593
0.6885929400195042 0.8051621123147111
1.1871094923546144
0.7592748075697313 0.7006693754067802
2.949885613400191
-0.08184170696359121 -0.5850320180588249
3.6259274932300594
0.7926880316213786 0.38476992774105206
2.533160734988736
0.2329604494026515 0.41450367918597847
1.7864940467634884
-0.8956346966432029 0.4003630804064575
1.2255827739128033
0.9957905126195298 0.8473448182049609
5.561488765994465
-0.8360525124932933 -0.12350687762961148
1.0182585925641319
---
93000
62
0.3021618988955049 0.8944033292641244
3.704932179489805
-0.019046984801987424 -0.9608280953276243
1.0989968929242533
-0.5068223683242877 -0.5683805240585652
0.9277162663678027
0.28803691663122943 0.3878671972167751
0.9904315400362327
-0.3834045250419709 -0.9814391859845133
1.4784892495561373
0.6539844791098187 0.5316336219967432
5.591106793287417
0.41113552232289047 -0.010526268064652691
0.4757536476248996
0.6533299088023067 -0.23884409111850557
2.641659129205115
-0.34819991550208484 0.7857064233537642
0.9946673924241933
0.7776010809166188 -0.48903314440852835
3.112916992127822
-0.30756416590745694 -0.38479585254093335
0.06349417667256763
---
94000
79
-0.32139624550388896 -0.5633771583082171
4.164447783834561
-0.1436204425157042 0.06059683688632436
0.10449975270253553
-0.09482841931585627 0.9475325283082375
5.10279660984194
-0.7584104566505725 -0.6670692466653683
4.011491914974079
0.996599821630876 0.09480767615380692
2.7211523901180765
-0.23622695196589752 0.5495904562874745
3.6033445561550925
0.9681388317013037 -0.31688193563883227
3.9242231952973716
0.5759814245118795 -0.3453783100042094
0.5652185724490026
0.03195908665556374 -0.41783928229138845
4.15018172030666
-0.1661826634329213 -0.8966207900736883
5.72229949290051
0.8978143701211531 0.31348572450103945
5.002514247402879
---
95000
76
0.8081244772552028 0.9270248321434179
1.1118746557615922
0.7740116779612275 0.8851493459074912
4.6357198052757695
0.3995934230124749 -0.7075381407355612
2.825250732343803
0.7200130783998445 -0.7799758612009885
6.06164655271245
-0.7231063288284868 -0.15273983442308073
0.9593164334044015
-0.6895351436193629 -0.6365829828348473
1.3294302849426778
0.6334513652469167 0.9473791259880877
1.1402286536270747
0.18440999439314895 -0.24248794757393144
2.0422691833261863
-0.138648884673709 -0.24371368539575133
0.3258472773559218
-0.7217749002114937 -0.7446856821561801
4.91410163722053
0.8049293295415101 0.20174805528109116
3.3764449137411487
---
96000
78
0.09172654795604335 -0.4879332504170871
6.140423047475304
0.2488507220199127 -0.7692690714762516
4.470889838496633
-0.6250977690128955 0.1686256944041997
2.906281969480819
-0.22233564014593576 0.7164942048283028
4.299631959249229
0.9229651220819127 -0.15215098063476426
0.26204984448831503
0.3200239838290228 -0.5923406834115247
0.2450750821369505
0.97072916588685 -0.36033032338076637
3.28428082817899
-0.3166466958251597 -0.4375099031803776
2.0841524721688067
-0.5732698203077984 0.33735956911790715
2.1751205648793954
-0.3026049103873534 -0.8425564461403713
6.26021244889926
-0.7044962358613874 0.10867189036005881
2.797647574732097
---
97000
80
0.7265821238930185 -0.46626410438583354
2.5469389888876615
-0.06609671189965616 -0.500475233728767
2.4866506886358435
0.8223476557737794 -0.44191801564904354
6.157730910018875
-0.428189134822963 -0.34060272251286805
3.643180991320425
-0.7543036483956161 -0.13733743562073358
1.3518000590440806
0.11803724679756339 -0.23279804681598354
5.079071964557336
-0.2762492822147811 0.45147839135093054
2.481173702082823
0.7905454875432594 -0.04923537395182365
0.5115740504211193
-0.7670768420093326 0.3985474944076519
4.605011713580778
-0.5454828881367205 -0.015832242358541828
0.015032254783998056
0.031007852139680377 -0.6454903112691149
5.282095815150047
---
98000
75
-0.05293163965110511 -0.48180003024075846
4.10781507141547
-0.514513286758594 -0.647343399867651
0.017332394152766106
0.38511261181197265 -0.8888062047129575
5.472526225656353
-0.6207029455802722 0.11648424760069742
3.4801106886277253
0.5173922321748139 0.6121440211336713
-2.3681734798588403
0.32848054916300107 -0.006709902720565911
6.212317729743428
0.7276970767384696 -0.8478384506315133
2.9638602551946
0.27074899336624747 -0.451258951376321
4.584843521592943
-0.10655417572090087 0.13254973957516153
5.267552104461172
0.8752608222892143 -0.38578612299941856
4.3296840203153
0.13460617036173556 -0.7507478926755815
3.5420195660437424
---
99000
82
-0.3437394476899329 -0.3432824210405628
3.509057556123492
-0.1224865596642801 -0.13820069161830603
3.447271822041375
-0.5872789625288382 -0.5592421777400745
1.2526435803658624
-0.5664380322210769 -0.4471511305336205
6.0399422372250235
0.4204715054515814 0.23003554765174458
5.93147133595768
0.9234494755372319 -0.9660392757596894
0.3894687629953184
-0.9128277275850288 -0.019582694662506554
3.60229624788681
-0.879190206930071 -0.8690904770691044
4.088853169660935
-0.7578521055565914 0.06368340818316513
5.32141598839733
-0.7700266746998969 0.9609341133354512
2.412906942987473
-0.9970059950369745 -0.7902272399472825
5.386428135139769
---
