100
{'run_name': '2D_rec_10_total_boids_short_chase', 'annealing': True, 'annealing_start': 0.2, 'annealing_end': 0.002, 'nr_observed_agents': 1, 'nr_of_boids': 9, 'predator_present': True, 'grouped_spawn': False, 'predator_halting': False, 'record_keeping': True, 'record_frequency': 1000, 'exp_folder_name': 'small network 1 observed', 'boid_speed': 0.0333, 'boid_color': (0.8, 0.8, 0.8, 1), 'boid_turning_speed': 1.5707963267948966, 'predator_speed': 0.0333, 'predator_speed_slow': 0.0333, 'predator_speed_fast': 0.0533, 'predator_lunging': False, 'predator_lunge_speed': 0.013, 'predator_lunge_distance': 0.1, 'predator_turning_speed': 0.7853981633974483, 'predator_color': (0.8, 0.2, 0.2, 1), 'predator_confusion': True, 'predator_confusion_distance': 0.4, 'predator_confusion_threshold': 2, 'predator_chase_time': 10, 'predator_halt_time': 0, 'predator_eating_distance': 0.06666, 'height': 800, 'width': 800, 'graphics': True}
tick
boids eaten
predator position
predator rotation
agent positions (and)
agent rotations (interleaved)
----
0
71
0.4562162945341437 0.17707144260754498
3.6850098454742164
0.4552106450914075 0.13551157424070973
3.488431943663609
-0.7801945337587636 0.3947014084355831
0.2249926319311013
0.8449034273107724 0.9161488137064224
2.403353861091786
0.2580611924004374 0.031166298236149498
2.0666495375106915
-0.24741864616377818 -0.5215188361155574
5.434509677698173
0.24724907480746408 0.989671044718676
2.111797930714778
-0.6285834351546659 0.6047598421606141
1.4789019474622687
0.21468613765010316 0.14418535301039967
2.065332335013508
-0.995488033269796 0.1744511080872948
0.2836710945518208
-0.7604226740326135 -0.3200267953223993
2.0101735981320292
---
1000
63
-0.9765868255686421 -0.10079416745658713
1.4316845333807482
0.3367765284253182 -0.20805924063129044
2.6263506587643386
0.7608481974791449 -0.8407915817532582
2.565487143374815
0.2810094417496628 -0.10956712222222403
1.145540221791621
-0.942637071389221 -0.907814110299297
2.372421650522866
0.5276165821183686 -0.7816863487669907
4.0377937053302
0.20491622035163506 0.26799823885178675
0.6663237415902641
-0.16840228152359973 0.8533782596529025
1.7004382373197648
-0.7707416295930524 -0.6554456203845255
5.927727782641409
-0.8548806933511628 0.6207502652407003
1.9713152979447681
-0.8414905973672513 -0.8456456126413969
1.6503783584511433
---
2000
74
-0.8550177724902005 0.04194919456793946
5.279527353321024
-0.8026175038425665 -0.20735200681679145
2.7246328881082844
0.981483406573562 -0.6091071676413928
3.1214359746667784
0.5324649474354191 -0.667812436450058
2.973109949816478
-0.28871567957696165 0.048915839709750886
4.205470252903958
-0.21066591313708227 -0.8433537363236924
3.290906817290314
0.6275038412615549 0.5882482825912221
5.117339700576898
0.7308431217791319 0.47684988455039024
4.382953500621807
0.5964549090434882 0.4606366703127577
3.721642312987763
-0.42915979517539626 0.7950471809480999
4.567111872165384
0.6357235681904863 -0.9153741225932601
3.8130482253698155
---
3000
64
0.1042861179294806 -0.07197337170701301
2.309136455601904
0.23174382411509536 -0.1405584494659748
2.3195482301391293
-0.4743065263607878 0.946696559559127
5.4840043383266
-0.46494542471436145 -0.4465205335790447
4.79148400775817
-0.38031955090487424 -0.23782783123298962
4.229500198713509
-0.9824015177356549 -0.8941523928579349
5.450165884216275
-0.7114644732857069 0.7013295252473183
5.506882831600076
-0.7757751803632082 -0.5107442346956163
5.22915599077035
0.06341145153614909 -0.8209726613162583
0.9363369730568918
-0.5167408874207451 0.4925084676809514
3.9683279560680695
-0.7788790764459325 0.7190362783177816
4.530929624525106
---
4000
52
0.29619466255607246 -0.7894049571392626
4.300270798839676
0.8463166736445816 -0.7392378772827365
3.707591292116266
-0.8360287531450091 -0.6628352300842045
5.18466316515243
0.6595299852140007 -0.4795706301708618
3.5905382066719724
-0.541867838274457 0.07044212613454018
1.5587665501649965
0.41596365976534877 -0.690816426673742
5.237404379742318
0.3213881952722716 0.039092852504037406
5.537620566733298
0.7757673354334694 -0.7173362529739308
4.652099477052318
-0.6655194313704463 -0.6664221013490026
3.6786882481237226
-0.24079035606116114 -0.23812709205152582
6.243755079957794
0.37629418173553436 -0.7363000496820269
4.5428535498007445
---
5000
65
-0.9979974433882827 0.09126045899843692
2.635515059491593
-0.6205772586873731 0.1117717612954004
2.765805772989106
-0.8677651619969452 0.4357505153241011
3.468922438255974
0.7432152445365602 0.30134901430828853
2.256427076465849
-0.13136654856724037 0.8974755170945501
3.374053561723046
-0.692295379248604 0.38763956191416504
2.05723192585746
0.455583623050856 -0.32533608473803116
2.015737935447633
-0.8286006374784782 -0.23685330640563507
4.470957482206666
0.9453917311798047 0.02828477051266185
2.675993757870314
0.29693656482709496 -0.01221146325950601
2.4936768734423422
-0.14844345439503887 -0.4705980572899745
3.525961174584765
---
6000
63
0.14195249313015837 -0.9277927056307625
5.791527440006725
0.6001190546924018 -0.5119920222857224
5.647449373974419
-0.9394153899951981 0.902284978306486
1.825146378924548
0.7108238719334815 -0.892725987412842
2.071606134821211
0.5578067566427294 -0.37621649408859636
1.8941657611087468
0.9864725913965929 -0.963720614456496
1.955207708249974
0.9580467971346571 0.42021526772240614
2.2001937687748567
-0.9987561182392175 0.9160058633664757
5.111728643838133
-0.008680512774613344 0.14062363316984958
0.9826522039865964
-0.8706875875503464 -0.017667617119480665
1.9099382453541596
-0.23792215171553818 0.9776561376651549
5.270075983085748
---
7000
65
0.8091445256501361 -0.8440901304872189
1.2320281493183107
-0.6583229513816157 0.6183306617432792
3.415483782853073
0.27799530927422555 0.7666213086144597
4.769651618236854
-0.3829578936625431 -0.39363613242703277
0.4174008620366978
-0.4754875612044823 0.5235991263579485
4.370253357354073
-0.9704844881200152 0.7579944312279218
3.748939094805487
0.7744865312403157 -0.9128706562545557
2.29991161903214
0.48838644881586035 0.8691739828283398
1.1904092196276892
-0.04860441441578514 -0.39574036995570677
6.150760204033253
-0.631038311535138 -0.3028811389354674
3.519630162046049
-0.2183049408587745 0.5084578532962648
3.7660961678406597
---
8000
60
0.8676094570567402 -0.9006992556725811
5.171217666129168
-0.8895125735844358 -0.754607087737876
2.0962630808289022
-0.02696918249949722 -0.8941862562287266
1.646305515247037
-0.6299877403648753 -0.9548535805889984
2.3545662524423587
-0.6509005300947192 -0.5876706709322972
5.805555195618332
-0.40531839811044174 0.8413840134461587
1.2701121365913188
0.09290945545271224 -0.39526836220070705
5.803466149698046
-0.6468719325305594 -0.04522650352804025
0.11425494641541967
-0.252951812970344 -0.597935173180839
3.433040683107519
-0.35317365265463635 0.4221671427455774
3.5798236751733556
0.95593551078981 -0.6130050006704384
3.2814363264612654
---
9000
76
-0.6424350972187585 -0.6328187922381634
1.7150214465365243
-0.9991878441288471 0.8780383934885599
1.3908765213705152
0.6231706834836356 -0.9052561393597678
1.6983862373189949
-0.21675147020371155 0.2502409676792059
3.080528712277717
0.5571658796047381 0.09664500668178311
3.6849649038560877
0.8101235213974857 0.6267844408248731
2.6826129169896813
0.21485345401628744 0.27792125055017414
1.8544894134813301
0.8195118164337333 0.2453258860012676
1.2141791765891705
0.4485723596521698 -0.9803752285192648
5.18465989343375
0.27447843369165237 0.2570275580299718
3.81301794241576
-0.7689176204937054 0.7992494430266557
4.012555455974502
---
10000
72
-0.6796407607615461 -0.4419170908154531
3.4958128989673565
0.9223916446681613 -0.43463153875582156
1.7361775509906447
-0.4369097565017996 0.4152819423977721
3.0543499767697346
0.24799585606248853 -0.04860944194409617
0.8905534953930117
-0.41209781759974 -0.883854211743491
4.515127150149569
0.4839897346232949 0.29660957752324896
4.817147735224924
0.8797986912733322 -0.2211371273035908
4.819243654366301
-0.3169689829738782 -0.9456299086521736
1.3038041552074366
-0.1620205540729539 0.7004927548558592
1.426130650654148
-0.30121232417959365 0.04819836905825424
0.4921971533270062
-0.13558822773736393 -0.28325336302589077
1.2952214006039657
---
11000
69
0.3854705327103706 -0.6411239546167286
6.204448406459464
0.5695741888155939 -0.7578257644023896
0.7386644107197782
0.7628571759388374 -0.6324914527199659
5.21001472081471
0.9678324400200665 -0.5384697036231945
0.14198562229874945
-0.43369892679384275 -0.6567159112469493
0.40370545658136514
0.29201570115287717 0.5840523472881721
3.926694155467197
0.7190383596624796 -0.6041287511341001
0.9122594172365117
-0.5481647728703232 0.7114908312772462
4.681855096789398
0.6083878589150129 0.9174989252136176
0.11118022346574019
0.27913887229348455 -0.9100598692651558
1.0379119645436417
0.05232504315147199 -0.07066073598495455
4.068182144498774
---
12000
80
-0.6785909206129759 -0.5207997540668683
0.7311250925486703
0.9793817739617547 -0.728222081010988
5.4390529144164
0.3647766265637123 -0.48847207265830106
1.8524660060831648
-0.5595503154262618 -0.7487113967039081
0.23284736099818293
0.6802935362211711 0.11887972364006849
4.5810097271122325
0.6560804488662108 -0.34856457883791525
5.877514734621204
-0.0978770998189705 0.07183444975462587
2.6389477050177375
-0.6696762304475629 -0.046419283432586035
1.9596223277218727
0.5024857896831059 -0.13988152595570202
0.7086256278381837
0.22439089436029164 0.5103104942118434
3.8398171335331295
-0.6948891588588305 -0.8310750054227279
2.1974043197640096
---
13000
78
-0.9557350703802586 -0.20042373614638262
1.277979705881025
-0.9398380399188945 -0.31173204017707984
0.9850384436011836
0.8397431323182024 0.1517155072335057
1.789064217905147
0.401210807840293 0.2512586170567687
0.8311913693258601
0.4763506310954926 -0.16433164629079516
3.9271111829556045
0.27174822780685876 0.557523663152999
0.6299775557350129
0.1536236248378225 0.5481202939883751
0.9194687057826227
-0.5887148784440446 -0.018401415580062166
2.9869912573649344
-0.01582381834003868 0.3419293759750037
5.189565260804719
-0.21230785882655107 0.382236869164564
1.6880822806210736
-0.3547637367460022 -0.8542284836755897
3.607339725913124
---
14000
77
0.8727761695445436 -0.9778461096697457
0.7456102270856391
0.6570108714834179 0.9430303316022087
0.9373572315301946
0.4591347833184716 0.7945512220852958
4.345232764216902
0.8725492455486843 -0.5089902482171709
3.9496374191592114
-0.5729936350697505 -0.9196600200205983
6.066963716784338
-0.34954591262197754 -0.6034904645661033
0.5507691869466971
0.7431969945288421 -0.18031865314057832
0.5464314352540649
-0.7819195795102856 -0.27321842218121534
5.606146011944905
0.8110102898294232 -0.7489662042189661
0.9013614566237464
-0.10586572542283576 -0.15665888244927703
2.939667222271728
-0.6015391224180984 0.25288407460592577
6.062944229951701
---
15000
67
-0.9064374779658794 0.8493565308813428
4.264144816807922
-0.33644541332405664 0.7177007924212047
0.46936475492724217
-0.83327241371366 -0.887839218467349
3.902898695031392
0.1372923932883525 0.26600907995643597
3.8151364614080583
0.3540546688499973 -0.6429226863994847
0.5756348970155765
-0.468527090243966 -0.3459606906405796
2.371588481746434
0.3782773170215983 0.9212154511259054
1.1849116978817262
0.3507883935830038 -0.04583443875580072
5.190192993320577
-0.27594219440955836 0.03779510671727031
1.9474412129781546
0.6381643943191877 -0.2586574159613177
0.11108064400558693
0.7750102656315211 -0.4101072215032208
0.9935581581800399
---
16000
74
0.5963869343078365 -0.3516691885664203
1.1749453897080655
0.5908058416383066 -0.3694126820019382
2.6602372482557843
0.33408894059974703 0.245168073200155
1.984526936857157
-0.39975104258141025 -0.5374250050786993
0.1533839071081715
0.834948510088889 0.45366426602074117
0.8488154750536836
-0.906430414880932 -0.15270724663855778
2.0040902010940345
-0.35502812874725853 0.2547667910876726
1.0218717136641526
-0.6156820518931131 0.923876073168419
3.926076915827543
0.5620755085130269 0.09795355172340128
2.629960084720498
-0.4830108381359563 0.5674240763689441
4.546705301036954
-0.21381081980513258 0.24595832228940803
3.577901403925641
---
17000
70
-0.31642235219004333 0.3009881525810049
2.795900202071516
-0.24972393159462322 0.34634049788814314
3.1372604851493326
0.05794733552014228 -0.38208520143992925
4.029934253726621
0.598109927431809 0.849808327793604
4.319786454869379
-0.26839555233895335 0.7817225540924829
2.1156328800712254
-0.4958684409166946 -0.8369686626504822
1.529069418262373
-0.8403690946122959 -0.7683283142736466
4.56584157488917
-0.4221708734730493 -0.03876764411027874
0.1581291704277712
0.7425800092341464 0.665154378642673
1.251532833005017
-0.3244052476798628 0.06331788067009624
2.40348916381393
-0.05574370028395623 -0.8400736373504863
1.8691837997056222
---
18000
76
0.6676024564895058 -0.6828456831975283
5.396194766814986
0.8107505112936004 -0.9606134715368997
3.144486060628142
0.38868449121787363 -0.7467831010956205
2.61652284038858
0.5503450306946079 0.9359828728775423
3.9318506031976375
0.7875371640143297 -0.10900209375467228
0.7711801845638964
-0.07373916256403473 0.15139695135564993
4.372340687654494
-0.8138054865491642 -0.4929072605130428
1.4534651057421204
-0.2637585921402708 -0.8850983125550995
6.239804771550905
-0.15280888459971953 0.931584058903814
3.410451047493905
-0.16359956780691898 -0.08468476095445056
0.3614799583036401
-0.22856640392962913 -0.7125322390048164
3.207059500355732
---
19000
69
0.7102403528004039 0.10222314174376157
3.3428951009340686
0.19765778896518038 -0.9717852864797141
2.8036973644236305
-0.1032565934363383 0.888627570805196
1.871124208629901
-0.5517036731222897 -0.3925768238891095
5.85653626964976
0.448930981064217 0.6307038374646923
0.7581520057172151
-0.45507264592168256 0.22252337888141185
2.9099705962574482
-0.7710471089986635 -0.4265030349431093
1.5128879384961849
0.3203256677912699 0.19041757278748914
5.4362368824980845
0.9616884667695567 -0.39957543274529744
3.783804320358249
0.6347513745658238 0.28123449036809217
0.37322111274741854
-0.45351262725579633 0.6262257967149759
0.6484402523182622
---
20000
69
0.6031514094371401 0.5307012463308443
0.6515514607943702
0.6515149859767804 0.6982449782825523
1.910298303721496
0.4168249366014264 -0.16465566382798108
0.9588208272094132
0.6312238524465913 -0.06514358537811055
1.9880234682257063
-0.20277034985777392 0.16529664951847908
5.076016065115712
-0.9688812590297908 0.5071457612496207
0.27404582671756117
0.18720198478859884 -0.19492945759766495
3.343215550535019
-0.20157609699320886 -0.8101180656463118
2.7374266304789776
0.773577032901297 -0.27808762096041084
0.49339116297446495
0.13576135128944306 0.6451134966054906
0.16204506696058463
-0.854443692561803 -0.046830090459722376
2.278699964981256
---
21000
72
-0.5878777359780888 -0.5868986796553203
0.7516948517109437
0.847414361576109 0.5040584969054391
2.006842402755849
-0.05464640841620699 -0.7634613755185253
2.30650107403123
-0.8641793949067514 -0.7152020771747366
0.9171552843222646
-0.07275072159675541 -0.26684849121481313
0.906964400631475
0.8913516117899287 -0.4154208215054238
0.5547091926067953
-0.4830867770061875 -0.3479596721263579
1.4434539002718187
-0.10170751095406982 -0.8226637730230227
2.361742673363212
-0.3115581517477766 -0.19232054711185173
4.520128601106789
0.6739928866831263 -0.2897757161159733
2.052178125716666
0.198630080502317 -0.8752023678537778
2.4206938057445733
---
22000
71
-0.2615969946087976 0.4834360077078928
0.3035878933190851
-0.6717101230997797 -0.2796454504215625
2.0179639218286898
-0.7609272169385619 0.9899533130391103
5.029911209768258
-0.44749694399276563 -0.7228793824707194
0.44061895418410635
0.0382092248044292 0.8997393502555662
1.8736461926908197
-0.40329912508473836 0.26450646729142135
4.39025621234707
0.5496490065381603 0.3478515328780912
5.408372327869256
-0.45661516990210244 0.9242827779638507
4.472948441584057
-0.36645033901968443 0.5837076997312749
6.232961040910036
0.8375386600849518 0.5386620132035415
1.817136446198675
-0.41136228658194596 0.6350105037104898
1.3796993906003152
---
23000
68
-0.6440593575348393 0.1614833393695973
5.906461023694409
-0.7701042126739581 0.8344036725519544
5.701391830813844
-0.5023864375358223 -0.7317901994400646
1.1064596835762703
0.29738819172165726 -0.024041736063751887
2.6138961354456045
0.6426523296012043 0.8694768826863455
4.966189804685946
-0.8807833145447185 -0.3805725998514966
4.893131832184054
-0.3132199556879626 -0.9755091302937802
1.8858559043023904
-0.19387118687466315 -0.3975517377133705
2.209874181350256
0.21337158310403287 -0.48929904153340353
2.438079501305495
0.12135742105099236 -0.3528276422219214
6.245955112492139
0.1802428359655365 0.4548473263686414
2.351676219844035
---
24000
62
-0.2998808190163663 -0.2586499088596127
0.2225715969419495
0.05761230227887794 -0.9248204775442955
2.3940876922603405
-0.27129158237299056 0.27880472227846353
1.0933154538252365
0.08668712878512445 -0.3378688213392869
4.878354005199712
-0.2199300322354294 -0.3803261914990866
1.5340411098784612
-0.46841419760541 0.8360448005775238
2.2863510857671905
0.7048686270125832 0.7795714755213904
0.9212334777266982
-0.2755538895150923 -0.9667553231545608
2.0307124629215028
0.2709060880316247 0.23577573747544323
2.2605024061408114
-0.48157087495488093 0.7277085268600928
3.8093083813958613
0.07695156868185904 -0.1724378774954329
0.8666887747481136
---
25000
74
0.17804645100648758 0.8117493814133988
1.2461358417105846
-0.3916559619871816 0.653321680090108
2.4173742092176456
-0.20476522268809874 0.33591351078468284
4.003832344279091
-0.15426615840343122 -0.31801822155095283
5.078946455072184
0.7360597723224791 0.39904643324993994
2.956957203598934
-0.9501951116986492 -0.34463595359891963
2.1493716714023234
0.9186378674608 0.9431899687506929
2.4081404589023423
0.1115036860282335 0.7959017959599046
5.500178200759832
-0.20890064537723646 -0.9505691789663377
2.2439113405978137
-0.6851793881559317 0.9716459021428445
0.27514609589417693
0.09494998845428577 0.43503774989422767
2.2543561202159887
---
26000
61
-0.49789391137909256 0.35911752745566955
1.0216574894303618
-0.9379768026204236 0.5028362346318354
3.7274193780719296
0.7382658828883998 0.8066748862178443
1.4679413893612994
0.19013773780024568 -0.6850557185167745
6.117982241478542
0.5809475485599234 -0.03573982599048052
0.38168085320502776
0.5962343970602259 0.6171693241306578
0.03791108639026408
-0.9714123361896781 -0.3465836155073692
1.605635055014572
0.6158363429173204 0.38807248800630095
4.163787043970492
0.355049706838682 -0.20705294007351316
2.451733753603187
-0.15993488355262725 -0.9826611566283396
2.196424875928809
-0.37009237170350207 0.8955224625428728
4.955759540576365
---
27000
71
-0.07393037029813004 0.8916724947933278
4.783531350919492
-0.033381245097286225 -0.8632648627758878
3.9623484843741936
-0.4975395312749778 -0.6417775032574123
4.052086352691958
0.5709174327707818 -0.6723145074335961
1.0419402724594544
0.32044179901365427 -0.08392384765925338
0.02765654610645285
0.6271609856270586 -0.2603445606275058
4.902146526529096
-0.30347146608551084 0.07667172433634885
2.0132758774948343
-0.6673484644986806 -0.5899018725699058
0.5714148277436442
-0.8072018622818846 -0.7136715255690818
0.7528458050012246
0.2622605706165746 0.5252919827839619
2.299460633817664
-0.0906410531461797 -0.12069675371874423
3.1575182124231524
---
28000
71
0.03755231842139466 0.4032091583676872
3.9616093117235347
-0.5817903319843564 0.1569926925657269
4.756498326162316
0.3044042883081279 0.6443594313567388
1.5211647970246895
0.8212765269398176 -0.7030755098647994
5.037427027116765
-0.7509866492044119 -0.7420602497595183
3.8941687872814787
0.6583427960537589 0.7766666955250799
5.961552588925811
-0.2734239695277372 0.9856117176969661
4.441004034766899
0.06905259586897661 -0.4992333119823996
1.4464016675251017
-0.7599173393197489 -0.25670317296200496
2.14576881151711
0.8428540823333968 0.3302991882967495
5.950534625007494
-0.9355551012622033 0.9061559170627872
0.2733397387615115
---
29000
64
0.1596164253932568 -0.9817346596491738
2.8134344800116406
0.15309654484146806 -0.9738285557911192
0.6941773127697957
-0.3762402010009592 -0.4464877193114431
2.966530099079937
-0.44785253189177165 0.9498303913425881
6.253594110640921
-0.20988688542381817 -0.7274393181525751
6.252800707970974
-0.9654373564973401 -0.2906898433364135
4.331409206068538
-0.8615763678585564 -0.7569355054201752
4.870401235387128
0.268688664860348 0.4939787389029102
5.542393530919975
0.36616493708163794 -0.15994258251411825
0.23630065103079456
0.7179755340418759 0.1229716565256121
5.016742574253522
-0.1974934993566601 0.6622367841459266
1.0897055711147194
---
30000
76
0.08444653862440532 0.5883517749010941
5.125249603763145
0.16201453703709645 0.5906763372988052
6.2608884245118706
0.12151396890810497 0.28211452908530565
5.83343535921259
0.4050845457451185 0.02406059041689082
4.510319157900283
0.7126152884879297 0.6308267632902903
0.16913533581456086
-0.7338444896365506 0.06366828758730873
0.09446433211747873
0.4841563344259953 0.7365307770033933
1.4401302979539263
-0.43514197729125786 -0.6588367836056611
4.842198360665617
-0.35367405170619787 -0.15753889164396612
4.779930741564869
0.6500906410762409 -0.994493548894865
5.372518221029212
0.6535358052721921 0.23881843007528114
5.654770716236017
---
31000
74
-0.4215648736275264 0.9295408592513638
0.16063303067367737
-0.40335408783748616 0.9735442411084969
0.7131133921338391
-0.5768030105506479 0.21952575420346962
0.1344787798774254
-0.7519188953060938 0.5042527794104575
5.553797318702887
-0.05776090502421363 0.5579247717761391
3.825752460573545
0.5859071602703114 0.5723331911235743
4.971298445908121
0.05455938929490302 0.8752364607409246
0.03484093498360252
-0.06737599871144878 -0.35239923067124007
5.641679558795956
-0.12549153218191006 -0.23976008010473085
5.684214003613416
-0.6628115620918773 -0.3285703394595501
2.682420969042247
-0.6355045444629099 -0.7351605935263585
2.2908601380655584
---
32000
77
0.49242808156637596 -0.3302078430720122
3.554684450983144
-0.056947397528528114 -0.8119194864208493
0.10031700082775075
0.4647734299484551 0.8801122505841853
4.4343023984844425
0.17975588078653607 0.1681469273405151
4.0506145808393965
0.6023276620665193 0.6509098721966595
2.425536266138853
-0.7369185773341024 0.5430722025380174
0.16921251703079498
-0.5543824993520237 -0.37364227998898525
5.864175534145723
-0.2832266595429631 0.520722520906357
2.578218076454828
0.9603565098651277 -0.07645344507298274
4.434189435703804
-0.5449754898897987 0.2967478120335089
5.633341968503607
-0.7778490812062749 -0.17413774465252457
4.206542718462881
---
33000
73
0.4339359896330077 -0.5505543565521939
4.470893739283843
-0.0972047061127268 -0.8994046611221787
1.3519022060629098
-0.28323152203439633 0.541849867219057
0.2612460964893071
-0.381235348110575 -0.575857870494293
4.426980134084971
0.7643972519730508 0.1932932770292081
0.5254044112709053
0.13505664214500168 0.6048443811742429
0.76038124810285
0.8159955747912843 -0.7539493629410035
1.9241369038114762
0.4375038650864659 -0.900814261007336
2.385509084240053
-0.6811584462539361 0.2327200014841918
2.43367362169087
-0.48957603708280845 0.8596942478823864
5.673059524326776
-0.3203481168504283 -0.23561846351509452
2.0305406820203213
---
34000
75
0.3329416744702499 -0.6809523354865208
5.60390594751431
-0.07636948247794872 0.8423391103154677
6.101943842515534
-0.7070600020844915 -0.8857757573825731
5.140483483288533
-0.30196694632807725 0.08757144672259264
0.458752055353485
-0.7325675051267989 -0.863795588480454
2.107338414161434
0.7597535249502263 -0.5684494078827077
1.990060846309599
0.6279491834656553 0.7402530853974658
4.2118961372661365
-0.1451212380847247 -0.7976185671880855
4.242745007261236
0.5214000390699627 -0.34053224390199704
1.945608755345885
0.6907251271254048 0.8684124639492109
0.4861029993796766
0.550588370927865 -0.04940656150482984
5.892914617558025
---
35000
71
0.5809661304163596 0.5287377352240097
0.9888124258027376
-0.5026753342924295 0.034773776569898274
2.3009472998490565
-0.5215852342615145 0.6109925381443384
3.765304119377922
0.46122132382798736 0.6479995353868249
1.1485916204471183
0.21493726960435403 0.5630697088853047
5.22585785293607
-0.7866144134684001 -0.28236819434176685
0.7005991034239027
-0.6198326042987807 -0.07943525186192105
2.764985841853245
0.5563428884613286 -0.043108223461519476
0.09589087519747252
-0.8660325136701005 0.7362084433900145
1.231963298410685
-0.9138681093876803 -0.5216512084728829
1.3505812964419155
0.39348081502187343 0.3852967168216078
2.0795680009507933
---
36000
80
-0.7959881701027566 0.7017678288988498
3.6303569088726273
0.33492831763400505 0.2797022801329504
2.5615063979111765
0.10967401494403846 -0.41757715163785075
5.484059655039052
0.5466028264607348 0.7839709868368402
5.841972751874144
0.0993448264768857 0.3668194606159187
5.477352763822114
-0.29658574255432824 -0.48481871852134356
3.469862656953933
-0.5021395502840593 -0.3115118337569215
2.4952171122908995
-0.7444007028794538 -0.3194895720996308
3.855790140477959
0.009714700934904862 0.07878926165882576
4.907388573420082
-0.4961597150696002 0.8070769323889346
3.3436012114002454
-0.2575539684839654 -0.21690964332114265
2.429958709812553
---
37000
60
-0.9739769682290722 0.524379263219278
5.888803511479138
-0.8165682097114957 0.3270083419828536
3.704325807150422
0.36079969859716066 -0.6381224484844595
4.70314411292901
-0.2293205036063264 0.7865581421044969
4.0744238830025665
0.9075523441487303 -0.6677616468741608
0.9858210005170456
-0.726872310702779 -0.3184500771708579
4.228871036876743
0.7161626969889958 0.08792623024978954
2.6189287479577663
0.8459615554773277 -0.2208424665612434
3.733318897464243
-0.9220764826109829 -0.8593242126558515
4.91713380999449
0.055663518911402275 -0.9615861417640671
3.2988240550770476
-0.9109736380816595 -0.349707304982131
4.646139835061995
---
38000
73
-0.730273125325227 0.37395908820790735
2.6852787679360373
-0.0004233285507033585 0.5050159627548791
0.14994594470909206
-0.0047087705915866826 -0.8253077932895715
4.842019651039176
0.23224759202698922 -0.7689867457804621
2.498117379622939
-0.9628057677948605 0.5151411978603458
1.7192649048358222
-0.7573143597040938 0.6310329187668318
3.7203847692817655
-0.08966242379008474 0.17712103836325013
1.5044993304315302
-0.29166356509578795 -0.4417351934939575
1.391393052603176
0.9042810655452169 -0.4025319506992595
0.7544195801295057
-0.3949780321393899 0.06673205464261879
4.060113446157593
0.4301361885446377 0.7313499735650776
0.974140657802808
---
39000
80
0.5019623269560404 -0.29664886328825474
5.674561507285502
0.4957278285365426 -0.38825906274992117
5.903303990158576
0.6389960082835172 0.9549019307941059
3.2126104072296373
-0.9966943148566163 0.4532893517348658
0.39899532777530755
-0.9067950082655962 -0.7744728952346615
1.8849919329664742
0.668411005813085 0.7328550493677441
5.781837693925153
-0.4693813257389145 0.4958453608276728
0.6032469830601448
-0.9295106145373133 -0.286282778547505
5.99234233815718
-0.0017348991560352796 -0.15910735860642067
1.491628608972599
-0.056391861171714276 0.8128063629656563
0.1657295317422509
0.844975930293169 0.13398671239252677
0.7916082796580817
---
40000
63
-0.039982948812828226 -0.4938941121646658
5.855009166357765
-0.11748063992881337 -0.7255856108048413
3.4410514427102976
-0.4235873204091837 -0.7022389979257191
4.132579794248369
0.06258468628915762 -0.5097146352366424
3.2240459542292257
0.6286693364458447 -0.02457980986713118
3.913246974671992
0.267607437782943 0.008817617801416978
1.5980384907360392
0.09225256516649814 -0.16362167158634147
4.084469471161706
-0.5656060338266896 -0.40975503563514276
2.9542275050452043
-0.3145060020975777 -0.6460017492233799
0.8304565960708361
-0.5907859539953894 0.38365040705709197
3.385271191675013
-0.43619283485888083 0.8785841099134564
6.101053513966249
---
41000
64
-0.6030277560801653 -0.10849187450319978
2.486006775918281
0.28053820434512966 0.3790487843685338
4.753392570810511
0.660167554732922 0.9695461353943868
0.8955338580928371
0.6934832293656367 -0.30422116476379174
1.2876514313427903
0.6269990198501949 -0.8109468411487656
1.6870424536428317
0.18180824000618412 -0.8314838878261005
3.9318647631006103
0.18680334596487702 0.17396954561823982
0.8973846765992564
0.2660287171394304 0.04886920148251579
4.241519470347498
0.6507783928149589 -0.9596417724703726
3.861057699731269
0.8282528384884015 0.3984293153580084
5.657867755919194
0.2200443871612571 -0.4558731907367286
0.9653513479133382
---
42000
71
0.48297416253684794 0.17507179481132448
4.042283222453752
0.3308238653264185 -0.21812483284661952
4.078416131959792
0.5002928884026981 -0.610773488431063
5.41908804751152
0.8079706008388288 -0.2399939532937998
3.0997965514540473
0.7521878664313696 0.645346859111847
4.833308007956679
-0.015295701759872573 0.7824330224064808
5.010269937040767
-0.6287858994173757 0.8284996349050265
5.138231791386759
0.3683271963714206 0.40756217824186713
2.0690568974268633
0.8959314824271409 0.9711367309034283
0.7627207133265657
-0.20084338912754385 0.9671118730289374
3.4146786474656388
0.562958233101688 0.2563755083900846
4.821564209824019
---
43000
74
0.281291508568121 -0.48225460265531456
2.0874344848899913
0.36205453879864463 0.22527920965711756
0.31919562760759224
0.5092557281657859 0.21359221794629185
5.657557647584119
-0.9279275683181387 0.9486585927838606
1.5356296500079725
0.9029769600184925 -0.8849415747024689
4.292037422431396
0.7508058985059507 -0.2739438196269341
4.429586524127822
0.9026627830020184 0.2986079209096217
3.8355372011023956
0.09693851229420346 0.7442115970138904
5.1349840937790265
0.621326172635625 -0.3348102155152936
2.9595410638217716
0.16085922491380983 0.09243255404849428
3.223533597533068
-0.653917127009537 0.703870485771569
4.9618540266709825
---
44000
72
-0.6695576911775141 -0.559641577084946
2.9315383572533658
-0.20411568523899756 -0.8077245226061418
1.8937764654939375
0.9310503732314204 -0.4107509394352881
2.8684711509432637
-0.7288358035090466 -0.9061857355437226
1.5183814369390838
0.25805558415743984 -0.49196945625721705
2.464930891257561
-0.36207607752552595 -0.5931032763276947
2.8115446157475263
0.17866714947058418 -0.08796097014211705
2.267375261834081
0.8399966096142298 -0.8718720096165953
4.7715914579202385
-0.8240608812377674 -0.4688500540992724
2.4764031411853136
0.3526836563507226 0.6683347341951249
3.4670363526008092
-0.0432022264691877 -0.5693599689477647
3.7238545482353675
---
45000
65
0.6519288288766265 -0.489152710916769
4.703143133953663
-0.6162723550318366 0.777631150595353
2.0664870414607996
-0.33642803372292884 0.6245786289298202
1.44647486273184
0.34790277288319027 -0.06952432263813016
2.5543960309390883
0.050083106556478685 0.6220822205262977
4.550271264881785
-0.9376543874530474 0.19276875200589794
6.114516463910572
-0.36245396312007483 -0.49077582030264205
3.7776746742799174
0.36018889486788475 0.259163154540079
4.114078860611652
-0.6163545986601382 0.22354695145704065
4.748333242231422
0.028781937944287295 0.012959664653343403
4.689857042693711
-0.7382460198520646 -0.4401561729350585
5.469541998143219
---
46000
74
-0.8859107762760049 0.504618758712373
2.142282777801366
-0.3356017937085418 -0.8103602566872998
3.320815913155564
0.6074139352659171 -0.7412696589119856
1.828414298931924
0.7702261483031491 -0.46527589915833206
4.382242650833194
0.0834167882666572 0.7481057722391546
2.0246718652824427
-0.6831282416540304 0.4657363420987877
2.749261229044704
0.9431911311936012 -0.5087019462615876
3.1650137201636337
-0.04897534952309118 -0.9864717113419058
5.120847328382598
0.28817205730082096 -0.661008475132171
2.6648180704180495
-0.8530515628358291 -0.43591855152488324
0.6375410057213209
-0.7210838131975933 0.7712996723611891
0.5702486365064958
---
47000
74
0.003919336896107786 -0.1679910712538731
4.029601598552809
0.1287672981139445 -0.10501434102049993
3.2597571589699204
0.9180685557284749 -0.38058744735513833
3.684598315459988
-0.8826421298147904 -0.40586183443335927
2.559642031064188
-0.006493648634909352 -0.1834797109090942
2.148101493211037
-0.5713264546924518 -0.9571731589217148
2.344576292374736
-0.729197812583572 0.001937145684812295
4.27253176039756
-0.4940730690615049 -0.7142005898053198
1.677416156983834
-0.5978323715286222 0.6227229904088184
2.2414390665917185
-0.7780518872510974 0.36460003251900114
1.786823803727387
-0.3579993468484301 0.440406320931259
1.6481887828062707
---
48000
80
-0.3739434334005204 -0.47090967863910044
2.819243697779805
0.9276647168075478 -0.050920221553166306
5.174757798313218
0.969364686081429 -0.963429455189353
4.166425549734275
0.5680894845415496 0.7449081913917903
0.10160662448625235
-0.21863420825500154 -0.11013048936310688
0.4714744697382427
0.2422750781806022 0.7972792880610948
1.4728362148732703
0.3669089594552626 -0.6304546162834788
1.3307762730077108
0.7666721511810736 -0.043706761634072805
4.554210325516214
-0.8768985375537062 0.44630818765771446
2.618464421103435
-0.0873817515423767 0.35496820872391305
3.392388784439544
-0.9442647810609339 -0.6261183599632341
2.7796250587744566
---
49000
73
-0.8530023001218141 0.711952703691558
2.544630778634419
-0.7299800605172687 0.6100997638848269
3.303197094955534
0.14101748275749182 -0.08846502655277876
2.7463620496906778
0.26094342590381253 0.06940223969288521
2.3055801632013226
-0.12302036877898506 0.6299390194495218
4.536921027023497
-0.9037922775220585 -0.9986995463427149
0.24945495297949982
0.4591202111018635 0.33859265706142894
0.012020342821220886
-0.8089211821474404 0.6125147943675391
1.474617818083688
-0.9493626194927886 -0.5364435993602039
5.544819412679426
0.991172975502523 -0.9987815362012338
5.77232986757285
0.7302068941252973 -0.975905081464141
1.480675142046934
---
50000
69
0.1628063595588354 -0.6163202393004095
5.1767233202140055
0.7222578934954291 -0.9786619369457512
3.2000672414268276
-0.630593004963609 0.10120848810723032
5.04195674410095
-0.6020734423327597 -0.2620504432140771
0.12314498922495432
-0.25620608459897054 0.2717524229330443
4.73622450920591
0.23316773414141337 0.34341336619975427
5.041378629680756
0.46399546206344594 -0.02958084920807949
2.0475438965023507
0.9262176276225869 -0.047400622379640746
5.824394095700914
0.9871531134693038 -0.24291478907703587
4.529797900254618
0.7803813061808533 0.17655432092172485
4.1905474071558855
0.9046967455423724 -0.5669490823261458
4.61991127938576
---
51000
72
0.3819604301268728 0.5771971978702711
1.6606165765717438
0.26999418671716774 0.8641990767379935
5.1037905657766185
-0.08691214245363157 0.8586681349759107
1.4708736751328582
-0.8837770445888535 0.8658826464231681
4.474794826965587
0.792211108864503 -0.17572460218656633
5.6093095578464975
0.19542013000940633 0.8334860452657143
-0.4752143510700126
-0.690295155073848 -0.6087574140623473
4.649146921955345
-0.7736501633587757 0.6954672446814438
3.310149930619919
0.8308021344776296 0.35273361180394547
1.787130076938225
-0.26283818091839545 0.2566854521659592
3.494820990258324
-0.26115061511900084 0.4704780309527518
2.764813034291608
---
52000
70
0.04262236817099862 0.7579292030762436
4.7921287090871685
0.5667016214701988 -0.6994734844259543
5.445659947985889
-0.7322190702939139 -0.4767624786723123
1.0031992578003557
-0.13015332926838985 0.5419439962670299
3.1722648394747273
-0.5613077276933233 0.2906784399997097
3.525615233336489
0.13742085721184175 0.7412812551464795
3.875315976667502
0.8447324389467983 0.8843367861196721
1.2817216237333051
0.458403720443656 0.5092057386703638
1.1359066907388806
-0.9738983531277314 0.012715246337782978
3.982024435956032
-0.925443668602547 -0.08559017736893676
1.498045846576134
0.24062735518918096 0.52390362317
4.052527170728057
---
53000
81
-0.25167049688852017 -0.504307202727809
5.4867400305320695
-0.21952099581732318 -0.4085059261298444
4.580052751923038
0.8724328151520092 -0.7692508544339133
5.1943186734251805
-0.6240459817657031 -0.08249191866831125
4.3327145838879275
-0.4849894018663904 0.8087468450763882
3.3102036753722723
0.5015780727634067 -0.03672736353217961
3.1642501080747882
0.8813349739078031 -0.1042889542279819
5.508480037982347
0.39799746837841465 -0.47300103134929655
3.8062465409840316
0.8599291034204241 -0.43218620206330655
1.749841324273787
-0.15417864294450823 -0.13524398878532662
3.2818614267674246
0.24193436871132287 -0.7690505122758298
3.293514361629783
---
54000
81
0.22674136595524405 -0.2551371903899697
3.9069820716648134
-0.9297960774895355 0.29302887898939955
0.8445021250069562
-0.0033747646034414033 -0.7595196210901676
0.2805482949309539
-0.5962694594052248 0.37933651460521267
4.662917287462618
0.31365025332450364 0.8544166350664943
2.4917432708319724
0.4351726476805841 0.9177855344407417
3.0562358747804588
-0.9472996264123124 -0.9180445237615571
3.445830544520816
0.788743291816706 0.21677441199916334
2.647584848325809
-0.7792467042796289 -0.08016993871592767
6.078359249706623
0.15868416473413754 -0.6146509977252671
2.7525955418796837
-0.21005203074894485 0.1344698254016687
4.441723402686272
---
55000
74
-0.7538912575632969 0.8086233776577387
0.3623631467684858
-0.5502153360002036 0.6906901419128486
5.856489778059514
0.56436552969335 -0.3594016572559468
4.522666247140085
-0.07601485078266211 -0.29729968214403046
1.196736329257389
-0.37915815443918677 0.1637439574172001
1.0129947759260283
0.473464643981204 0.1643158846779831
4.748898844917165
0.3968008791562893 -0.9796785721995507
1.2351489337195316
0.36414430510968865 0.25915556627580816
5.441176136350359
-0.4232632220995169 0.9872831268101692
0.41610527152530263
0.3881208222518343 -0.4365541219963733
5.060003419286519
0.19107896416383532 0.5030373776631851
3.8803201930699363
---
56000
79
0.01617422654488345 0.3786760067153112
4.257427414675583
-0.04602193299221978 0.3575559009108551
2.145398321080955
-0.7840445119090378 -0.4855767477507859
1.0938803477057135
0.5615584948237209 -0.21522128096271514
3.539633984379045
-0.2928925644170368 -0.30987867492184057
4.281410886692371
0.19943623860078147 0.5029103688582172
6.119061522451374
-0.38942128269677423 0.4071845459194211
0.9192684870905374
-0.6074300959445088 -0.9516302570009505
2.0101492493413593
-0.08081912506162366 0.11034893088109331
2.7143414803012558
-0.4181658433058369 -0.14499693274106398
6.162530417249068
0.1864305546232681 -0.03135934233757205
6.110133239693056
---
57000
74
0.7285121104108783 -0.671147700341851
4.85395626958444
0.8501019673756303 -0.8670861558698478
2.520699200716197
-0.31215827070255303 0.7647051078081771
5.534377770192809
0.5441950526035502 0.15655695844975256
4.134099036856996
0.9580944121463035 -0.6723750582746598
4.8028134478604665
-0.1696426382856786 -0.2851552940652526
5.932392057713884
0.4103842508253119 0.8176416253953314
1.4367160027223962
0.32936522183685923 -0.46022907599028234
0.06550649513476525
-0.03559692736534485 0.5320844136782881
0.34452502910151406
0.5302644764983548 0.31563716442820705
4.6437953366035165
0.07071369270330734 0.5139050545215998
1.2685208134887977
---
58000
77
-0.9045757154403721 0.7491815605212008
6.063074153461475
-0.4408970804977274 -0.8724712237575212
0.7863304203865704
-0.6815080225533183 -0.27381097590051345
6.045487646878108
-0.33106841608286613 0.1979473143313033
0.8285900404965449
0.7425858441990218 0.30355259193051304
5.858136065962317
0.03169071432588095 0.780499551449005
0.052778816210698805
-0.6895445902177157 -0.2613569224722354
4.181793789483816
-0.6586482928365363 -0.4443924708556654
3.7738751952715797
-0.7601735342221242 -0.2636588654502505
2.8435035007947667
-0.5468006301834009 0.24554334361538396
5.933304155012322
-0.24286612236631594 0.6069628677998495
2.290484639864917
---
59000
76
0.09389669370043932 0.31157058974617646
2.1810342276536288
0.28447705776365917 -0.1181304672933766
3.4438813665282426
-0.00878902628751782 -0.032209950666129944
1.3988093281081602
0.4727347076534281 0.39313545375743025
1.4722709858391498
0.8841452841324117 0.9282116211373249
0.996813138379677
0.34401805447774064 -0.30328519051252034
0.14380160403767506
0.34009530615656003 0.6250175370263887
3.9661875005327483
0.946687843143964 0.8720921953046725
2.8453989265284436
0.47165006228744377 0.6496907361629389
1.051456878253802
0.4331415132896743 0.6999412338990879
5.507440693410977
0.3231790180491776 0.211534030843796
1.5721760853467304
---
60000
78
-0.06681534911207285 -0.7181289433715543
5.92280449633645
0.008037789053383742 0.8536649597756962
1.0714838701171683
0.7364778944163672 -0.780605816361076
5.806321149152203
0.5731551531487104 -0.7642132553239436
6.114904771262893
0.4462596518946472 0.58083604643609
2.8748018912965305
0.2223063912683098 -0.9936854422978068
1.3836633503206874
0.3271330346876567 -0.534155149106218
5.939472546167939
0.7304647283339238 0.4086785429030915
3.6045206901041063
-0.6327268710774214 -0.8925900203680811
0.8390586971291807
-0.2946090966454624 0.6193441557526341
0.41377587375832103
-0.2731109255262476 0.3977841427157696
1.5545951126200777
---
61000
71
-0.7414648796022844 0.3841033711176213
3.8892508699112027
-0.14922481236715926 0.25872652862925016
4.536150935069199
-0.3948969711236373 0.8074220522462021
5.037838706646203
0.8817524971685526 0.6959376998889047
2.39370027868579
-0.920870109549239 -0.4447499873883149
3.982097588691155
0.945463890922321 0.8972709493627673
4.681815122162224
-0.3864086746756056 0.26708006355321423
1.0640515506120476
-0.5479112953789981 0.2892962446275766
4.855335946712497
-0.738937010538355 0.3758665655665304
1.4356323080005806
0.07462048669586885 0.12943401100634105
5.319805268650614
-0.1994232236408264 0.10747418861969674
4.13990448046883
---
62000
82
-0.868873559020514 -0.6025980398972085
5.110435669038611
-0.7779099706494057 -0.3938354391982645
1.884443983576519
0.745844434820235 0.45193685058331085
4.452695820299512
-0.7011831140396741 0.7494705177251533
6.04814197720663
0.2590668836741936 0.5846829734293779
3.4864750981197483
-0.24481064445830855 -0.24293705395432227
2.7318161920198127
-0.9230926199349677 -0.8765926995754898
0.7160553035049865
0.6772805743795318 -0.7133133952712085
4.150126372218413
-0.8373087001533334 0.5007374717528559
4.306114168350872
0.6927269347915687 -0.052301249662163304
1.4198690987592686
0.6741436262724166 -0.37173086218764906
4.602665657372881
---
63000
81
-0.340227216695025 0.5240547631260756
0.20799386776267545
-0.21796644012209077 0.3416823973388444
2.4471607598954206
0.09939375434643763 -0.19104083648772624
5.329064221781513
0.9576495251457398 -0.1500276313731984
5.11734960175076
0.9125587749251582 0.6935455404323779
1.4958890972892185
0.8143232671384811 -0.6704555971211349
2.283871911912488
-0.04692357219542391 0.6493070950103723
2.6940445262197077
-0.05872028110413348 0.7197513099832421
3.1677042395465564
0.01337216529687913 0.000720243448485626
5.634892276200552
-0.2992960722144131 -0.8145962405200973
6.268564377322407
-0.9984417797882575 0.35907092180825245
1.5390301959973804
---
64000
77
-0.23304666499491686 0.6924468603140411
1.205844566561475
-0.39772300610778183 0.4807367598698713
4.9013471261736905
0.27450103330250414 -0.4862421578856669
1.4023270475210312
0.5997363189252465 -0.5032630387547127
2.915654418505045
-0.7536649554947745 0.7179739817845634
5.069239899738993
-0.557064019728213 0.3501028203273307
1.9259932915697888
-0.9843771296947275 0.5392664378784383
2.1330383603425416
-0.6629053376872517 -0.533590043883789
4.4602791011302685
-0.4919889207246972 0.11175981510891919
0.34574675540400523
0.7064220874386711 0.033860033595145764
3.0726325623319184
-0.4229439977713279 0.7496331909233408
0.793296413233139
---
65000
79
0.4341390804326728 0.058439857103737766
4.768588762764704
0.48683501711862687 0.15388389148585385
1.2388176341418893
0.1129947736866568 0.15113190406552934
2.70710900798115
-0.03915747800466403 0.43376505170483204
1.0427222534867449
0.21758458388440263 0.7926774045947336
4.509064186178648
0.2744609455951166 -0.13476019147118723
0.49763626631143776
0.03180469747995052 -0.11505837911117635
2.0878902229389587
0.6486959148759185 0.631643371467993
2.507032130298807
-0.2938834423231125 -0.28811398587056997
2.8530280375542123
-0.08053685286324835 -0.765749596932321
2.6854751711571208
-0.682222514705131 -0.14614547744385953
4.871012972597436
---
66000
74
0.21785356742057652 0.18498122089235441
0.7269061176755262
-0.36493148549884646 0.7252943307395051
5.633054932058511
0.7418207013035837 0.2610395244139594
3.4406672079092546
0.8802470145601597 0.37733456518685815
1.1336345165522257
0.44318508781764865 0.4336777106427672
5.564583409915345
-0.006322736649578987 -0.7723745820741388
1.9711638972516914
0.2911984467247665 -0.7946417422919261
1.6520301402395363
0.5110114959318424 -0.2113948086248472
4.7636816038954635
0.24058749329124363 0.3223881059239757
4.96662324567558
-0.1799666881662353 0.8209075904431836
1.3625231917829677
-0.26926075599107513 -0.5119968048374501
5.578449515988887
---
67000
81
0.48470461530826797 0.6452660994076795
2.5224434478359834
0.8881814781373982 0.7170834080598174
4.619291714177032
-0.4903836007179059 0.9020843832143065
2.2615827196033695
0.9511850212102424 -0.6171617721211415
3.4688697718071477
-0.8794865515600905 -0.7675222583447577
4.838503910258749
0.9568173075623196 0.3472048039543848
2.5450353710368248
-0.5432759127102174 -0.931682335568188
3.267054321757014
-0.7928123099173268 0.35560476630550125
2.5790315369394126
-0.5356438827812781 0.9134927388005727
3.013968886215599
0.9141091916087676 -0.6427546227148099
2.766401378647652
-0.8774433745793624 0.34808796560049815
2.2091243345847937
---
68000
78
0.15190778446032632 -0.23702483812860722
4.760915378425208
0.0899107274853346 -0.24058274314096292
0.49628701345510073
-0.52113976304743 0.795289161620644
0.8288182033876907
-0.35727134633310126 -0.9105677489329826
5.4390076504366265
0.7809145762456925 -0.744161176866374
3.9288178849570814
-0.8437833353273452 -0.8429749050557196
3.297167316975859
-0.7390221607594101 -0.1813324225866567
5.170941857430891
0.911426476318558 0.6620364161722468
1.292827799500655
-0.7778725780303645 0.7149165063947029
5.605486091006558
-0.5319433114835287 0.8037922112058083
6.001884558522864
-0.17127750376815654 -0.5072568623272665
4.439596162339306
---
69000
75
-0.12745088544775493 0.08196140952781747
3.0451038508188235
-0.3942490030635021 0.030122372845615558
5.221374844718526
-0.2733038868943327 0.6960427764512098
4.720024578903862
0.6325613767356001 0.19329890392518878
0.6374974530171826
0.9196152555559106 -0.387343701322165
1.3440046067558455
0.9657256044879525 -0.8397145350885606
5.138273057666895
-0.43549572615456733 -0.17231852027729927
1.9240422372351178
-0.10289390750980837 -0.7334986798094629
1.1004457503454699
0.8928947403500151 0.05350461623218445
1.6345527178997257
0.5476614723705235 -0.4350860007994111
0.9023250638546703
-0.256874143312516 0.2904859946777467
2.56925258526865
---
70000
72
-0.6058027182365449 0.11677645930965601
0.9200083908256527
-0.6477002740043936 -0.2126014060926871
2.610980925178059
-0.201036545013917 0.8958355055835807
6.055348145349991
0.6421157866234258 0.24301169973916698
1.0633127156599596
0.7800954552870305 0.5938979286847035
2.424738394627794
0.6017847570190257 -0.15654692243832277
4.2367464374653325
0.7169308996426611 0.2744652028201511
5.113961164611904
0.16217375137185935 -0.7584394662050145
2.1085398421486543
-0.8217473290149692 -0.45518396563646446
0.6588708637176941
-0.3258866293535522 0.8911774183772281
5.197027927546709
-0.5632541532833581 -0.8538236744374309
0.9024233103396737
---
71000
71
-0.5149819786158479 0.12362280684978433
1.6816731882674678
-0.352147611381631 -0.6929415479147867
-2.834812191993908
0.3116890360619411 0.7220438577003094
1.0283992922355418
0.20732468377891405 0.745220241217242
4.626951303653137
-0.5266337521761707 -0.011377130178480598
4.18178052850568
-0.1056587842174053 0.5317035254082993
1.3151482359750757
-0.8487276565256632 -0.4136608214015845
0.5544079729782574
0.1737794511202632 0.6262201884775916
1.445640844663469
-0.7182146368754861 0.8806888027421895
2.174145897878063
0.5295851860959924 0.5107063320707692
3.4198310357507316
0.706205039190797 -0.42267212474471416
2.4288238693941127
---
72000
68
-0.9427056408822875 0.47115456798332955
0.30480517273077035
-0.171431168572591 0.07893623909744563
2.0955255459446436
-0.3345885057114626 0.11478529844419752
4.51180842298886
-0.3447141573083286 0.9747220307885882
2.8288620441860637
-0.3108868216127052 0.9374402027288025
3.071704559909554
-0.6176131482944556 0.5046768537273981
0.7958948561158596
0.3890961687779862 -0.8891762007205615
1.226094161418965
-0.26386086052120344 -0.23482409889328287
3.9375993955754147
-0.42594377042477505 -0.6113475779167882
0.6632904374549335
-0.06343738907962121 -0.8304133072350535
1.2797279696072303
-0.6850471684378043 0.6343501357557461
2.7595682527193626
---
73000
74
-0.004616142077712184 -0.22488292791182632
0.26675737660123067
-0.018593724309377807 -0.1561689436362231
5.6815613879878555
-0.11025070248811558 0.08384691405065989
2.5919934025499245
0.7215009358344422 0.08250061026526892
0.720089399773479
0.7323714644728073 -0.9322611167720505
4.563533075611211
-0.06499758599153423 0.9599813098572474
3.7353074900802303
-0.37892359601684067 0.5851225007394948
6.189146484418084
-0.7726498416921288 -0.5815034937439917
1.0827734043559287
0.5112718293717352 0.24662661760630303
4.99038193681734
-0.9195352864768865 -0.3609373857969193
2.2665218223794295
-0.39383227811837473 0.7515122980268566
3.475610173935899
---
74000
68
0.5559297813882322 0.6240530167389802
5.927682234924979
0.6034493878248974 0.8461318581595754
2.017258462141016
0.6790757279858955 -0.5976793258605423
3.6560704743443972
0.33233659814360983 0.8309636671757414
5.471933624709451
-0.211035393013645 0.7326265297754371
4.442843766447513
-0.4886899468905877 0.30526829223530916
5.847412147019792
-0.7351044540412377 -0.38930714613344086
1.168923929920214
-0.07803727069986831 0.06053888862726591
2.3805075049638784
-0.13201335184921217 0.6725993167165469
1.1253188480033725
-0.42414499747433415 0.6809743202186392
0.44806887660626327
-0.5520806499943919 -0.23889895994365945
1.4213828582256713
---
75000
68
0.7883259139168446 0.08115909310792217
0.6665877026789033
0.9826176742367949 -0.8133517776551192
4.226838871510052
0.7072775247308283 -0.5429011481268221
4.543814277623977
0.12802067156212907 0.5615836105144343
4.276865100896358
0.011248751275032172 -0.8109128547605677
5.782894890507793
-0.6713327397225624 0.22436484361821962
4.527736072401308
-0.2890725548773761 -0.33377736290784954
6.1311360099800165
0.5090268965202068 -0.9442179400430138
4.801962980057822
-0.1770739732416223 0.3408633900597856
4.466551679467918
-0.5516124313927167 0.1488768578079354
5.835994841729662
-0.9307525183044298 -0.18832989868497652
1.231553327818884
---
76000
73
0.0998188767265972 -0.3070846504694576
1.0306028175920794
-0.025246062487779622 -0.2530274866292347
2.0310213433938626
-0.5732337336810462 -0.4035264695334083
0.1652358815205428
-0.27332605208944183 -0.9531298060099502
2.4390224989122684
0.8861578213031718 0.004561820066777168
4.456462256882136
-0.031119006150081226 -0.7514531087540349
2.9049273822166235
0.19707703544168295 -0.37618293138627834
2.83222911731019
-0.14355404261321322 0.6760244444665535
3.8963818169747553
0.537935033869134 -0.38621880336479214
2.4224413511006944
-0.40963362900120387 0.29297585443678037
1.5991670591028369
-0.7210771937498693 -0.006182486206580672
5.850499536116498
---
77000
80
-0.5448323142594078 -0.9610138347433326
3.5652400383141414
-0.8020377925080244 -0.9358305357913771
4.844965070345598
-0.6630465148342722 -0.13846890409601073
1.9593093048568466
-0.43356528216007245 0.3771075747467712
1.850457053841625
-0.7094662511163489 -0.4394645066638719
5.753440316516871
-0.49613309825398555 -0.054780000624413225
4.1005646578680865
-0.5492388190166465 -0.7333288278541257
3.7882606168557107
-0.8382986515189346 0.41896073952190727
3.4032552923293826
-0.6225923444276139 0.20818225425585696
4.378171108025091
-0.27384154328462135 0.30168159710698944
1.8286739043852744
0.9831355911294211 0.3430957861835675
2.7751572219555998
---
78000
75
-0.10180655559964813 0.38595876228027814
3.945047643819721
0.17874349458865457 0.5544601435470431
2.982615349806288
-0.6967962551485749 -0.6730502428242695
4.318052013075601
0.12345479445136169 0.527093130412603
2.5120046822694766
-0.2348763730244993 -0.5131880367150348
2.446458330373229
0.003408281007553436 0.4767642371242109
3.201871057166323
-0.5113966837072748 -0.5403015211949903
5.97800057295384
-0.10354800112101246 0.3583813739139199
4.000284603226858
0.11182385732736497 -0.7920926295454741
2.924055510641213
-0.5179941310590227 0.2620657683007357
5.7264136688606175
-0.2790282212365748 0.4893115555892178
4.6856596439884175
---
79000
82
0.8716760825927122 -0.7274133940521751
2.8348545334070194
0.8616104461587044 -0.7029538745148409
2.8200952565598794
0.9247876159461116 -0.8984489423157671
0.8713999961617915
0.516808634471763 0.7019490348705033
0.40491375275569297
0.6111879897830365 -0.5747892579053832
5.15546201883868
-0.47303423863079436 0.15262979471626975
1.8150452772366306
0.0607998987909577 -0.450641875194697
5.567881900017577
-0.5800581269100675 -0.07335275458304027
5.041878285604508
0.790905881719293 0.2229614294282793
5.943688110606506
-0.39222749857961386 -0.0572349169274372
6.170031883755422
0.8789935885802153 -0.9445861212820938
3.5233907532607507
---
80000
72
0.8189797592083007 -0.1226820848108674
1.772178847346735
0.8154553590808682 -0.37747303124633436
6.087114103235531
-0.6119264164915963 -0.8909089812202764
1.0440953878873662
0.7599955783490633 -0.10507274800371426
5.31791858627047
0.12130326078943027 0.4141334543098927
5.976003188223316
0.29814032961804693 0.6140875870208312
3.0386767820102687
0.8374859669722939 0.1800518650539054
1.506803232404149
-0.42047754897087 0.7100739496923261
0.8171917427318336
0.5806482904640854 0.40814847355894435
5.372390385727563
0.390231486474622 -0.10032421789454456
1.84089374340358
-0.40188369059505785 -0.028339168850411232
4.813994506758484
---
81000
71
-0.06257742646106713 -0.9826755846791753
2.785459078544588
-0.4790033582863322 0.7469248407409053
6.012364453562074
-0.33183201644557 0.523170284468897
5.174557300955652
0.9846820605851938 -0.5224922624575149
3.566687931645098
-0.9837278868877526 0.21444014194180566
1.7640802487144258
-0.7034690483883574 -0.27844181768605974
3.143880368628044
0.645561674033513 0.9307055955059229
4.58348862681824
0.9940426241736513 0.3005196050077828
2.6095264198157544
-0.8566987171494379 -0.625734621234313
2.746636517031998
-0.19435648569579192 0.7193883022926608
1.4899747785147759
0.3573842998053042 0.20300896668881901
0.5166335743842501
---
82000
76
0.46796549054614794 0.20981945536366622
2.268683372993802
-0.6761057373653881 0.7311714312971699
3.4162478997318084
-0.9450748626196608 0.918364197139177
2.68553053994051
0.5729807586264178 0.9509423531212207
3.667430036115217
0.7207509440649329 -0.5677029013925265
0.27258741683108845
-0.6623674454759241 -0.8135757051958464
0.42828459906992133
-0.8357285588756317 0.9671880227778694
0.40951608814377316
-0.8614528946155849 0.214436341599592
1.8958368582038858
-0.2516051077991587 0.6942918793324138
1.1484219465187175
-0.9586635042744118 -0.029771560157995043
4.856540080675997
-0.6029498094286131 -0.3098504723475646
1.710200379404628
---
83000
71
-0.19018331031649877 -0.3152629555072415
0.21588815098399594
0.3168354870772915 -0.1981522455011411
3.576635824547777
0.19024259901672647 0.7356894600416058
1.61888315540714
-0.40996327899739726 0.2296797251646383
2.4357817211288983
-0.47408026047068397 -0.06526622439643465
2.881518690366314
0.6482939928713125 -0.6699110436971385
1.3968153939371657
-0.6752840853641054 -0.29962483540922924
4.280337613913812
0.6388062633371387 -0.6182769320690923
1.6817076219814657
0.35497142123830255 0.020573317505629417
3.7938719527518163
0.22347768968475484 -0.8815996400365573
6.272921521829657
0.28281308138763633 -0.44731203441699513
3.336136975478931
---
84000
77
-0.11904126138641977 0.3551230540010791
5.186751686261633
0.2545385025151048 0.5694601357726968
5.497608129680401
0.2852456050514134 0.0033749987468770924
3.165170806411261
0.7767312895478979 -0.16158052380630702
3.379922678355711
0.6868988780101016 -0.611503476681818
2.3817112929530166
0.7389408044588762 -0.4009738853815402
0.9556549214759551
-0.861470734425235 0.6042215272354827
5.226304092032104
0.7796055226277027 0.5478240237204388
1.6368915044106522
-0.7449974932875587 -0.6939912025597724
4.104510939821059
0.8931607080540583 0.5333566298258979
5.570835299625665
0.9093630826030896 0.3774301229534842
5.314042947414275
---
85000
74
0.7030945918998014 0.1699081090469464
0.05129443316338174
0.3890670388050304 -0.13460363227502006
2.4146410505657796
-0.3409455343592016 -0.21194172173090361
1.0332122936857386
0.5155266512299613 -0.9769454921541971
1.2548095168728803
0.9113520375271946 -0.7862230236932732
2.4221786856914838
0.7411059836853384 -0.8863165749852313
5.5104513972254985
0.7958060478148534 -0.9949455503769444
0.9802722714781149
0.7974047072625317 -0.6053681226841326
0.16422883697561463
0.2917421621857377 -0.8296304679461578
5.90063952546751
0.02836644207128393 0.7853623146504204
3.3154233479741
-0.6877749985351045 -0.17917689987940746
2.728376294337357
---
86000
78
0.32267393639829123 0.3126108103964349
3.117711051507489
0.43406912983746243 -0.11114487932801112
5.854706880659866
0.09400699871157092 0.7139512885155291
5.293656989070634
0.012414752205122254 0.6547055946819391
3.1854542555349568
0.36429032473014084 0.4528465718419451
0.691950160934117
0.5514928902023185 0.31384636851014136
5.449469729803174
0.6357256496656163 -0.8230421474539441
1.1815909939850382
-0.029448255852252886 0.1493298164068073
2.3212548151510815
-0.7026295842594071 0.957021343474115
5.387589310953643
0.8694556724523148 0.0827506248024338
5.095536800547043
0.7938667614196208 -0.2059212306562856
1.0770515084905412
---
87000
74
-0.8243053342340319 -0.5346611561265646
4.705009622226663
-0.8332898576750132 -0.5432332384557602
2.910162167115832
0.19223837065968044 0.13349277381763955
2.0173316622506157
0.3444644593046012 0.6346139630436959
3.6760596457234547
0.6977166374231851 -0.5744897194890732
2.3781894927137293
-0.7062018111301879 0.9792080119310362
4.528082079724822
-0.852248461939025 0.9602690148026577
4.236717090288633
0.10401257560899627 -0.04975467962911006
1.4566165149480303
0.49328312702914784 -0.415901988220546
2.272945173221257
-0.01963075722925592 -0.11442008512708716
1.1787444379080503
0.0832633339662869 -0.8690304885825156
5.115159403230697
---
88000
67
0.4093061467812809 -0.022544247028028017
2.5410963722991458
0.27290930128919944 0.7766388002797203
1.3845952794131264
-0.6371559517296018 -0.5855116484448363
1.0096410485528118
0.8177849096403343 -0.5072646372332442
1.9674939515127354
-0.4818791601641921 0.6897752943175562
2.1575730402609112
0.305029821292082 0.010813399988206563
4.060876867570062
0.42101059744393915 -0.9886342993580439
0.735035322923526
0.06765105328025742 0.27906819106544095
6.209709354713199
-0.2941439705902803 0.5647416175655492
3.5561780172509225
-0.7860896643354651 0.583711092343674
2.153599151648625
-0.4627906596732997 0.8371317295675474
1.6527929841257833
---
89000
79
0.7893611315038466 0.21974562577103954
1.5369448256887026
0.687916483520164 0.9572047126940575
1.5462401955506122
0.39571494189533685 0.13942253594601994
0.42953955500942165
-0.4222830043171091 -0.38303958512029634
5.169870572018636
0.2353633576075223 -0.42326636258008743
4.005777568445674
0.2019350527981697 0.4339381123283998
1.3885147744340305
0.48629895417285557 -0.17202142499008932
0.9988886765021627
0.25068159187272904 0.7701273551393566
2.751973367976624
-0.5072200935433773 -0.27782126899452086
1.893227258941499
-0.9877434516595232 0.910979718495896
6.05388435167186
0.550815995015813 -0.7230750768560996
0.39413799959586804
---
90000
78
0.3631404653341956 -0.08092608006027824
0.6791939193080837
0.3863222640781794 -0.2553429554201071
0.05969687479418351
-0.5863304215021712 0.8990058197996884
5.146240266641253
0.006410352215043814 -0.8233458962352618
0.6656611875069665
-0.5515930953007856 0.6274938400388519
0.06277561420284261
-0.7521188404919342 -0.5085632849776722
5.327429000367005
0.12840779670283994 0.8064644208271637
3.7843582974765457
0.39110506281441354 -0.7350278480104697
3.328517831444583
-0.20542265851453007 -0.8939430267682477
3.467720005281003
0.4684086239672892 -0.43474940427325365
2.2305093302483217
0.7447002329994991 -0.6150029682330375
2.0983500977325393
---
91000
71
-0.2960953568926019 0.9887180872313706
1.0462578639455382
0.19419354900399172 0.9226300460216853
2.0238700291487612
0.10991654809452907 0.4907743957098812
3.674901142443985
0.07619997321731964 0.1774221897305608
3.5586119032164225
0.37114089342367934 -0.2569763527211214
0.4083652301523504
0.14001257591581673 -0.1491396115391427
2.308656726237083
-0.4936366942549333 -0.7559158872465634
3.0987265490967726
0.4349574483475259 0.18941026280637005
2.918332687826725
0.3889908024655975 0.8086619717611412
3.754480586877378
0.36570553046709353 -0.08512499964214981
1.9235318454039465
0.3308666034973999 -0.5194054655189886
4.799098406110636
---
92000
87
0.860465421224136 -0.40956914888615503
2.1037154770641444
0.8110392631877854 0.6960024313094983
5.348382998900287
0.2324997062694103 -0.4152215290445168
0.6063950010184369
0.6458679741097889 -0.4893238527779775
0.2040173228166271
0.8157980951703971 -0.28528514819347783
1.7307846847147763
0.3942677436800209 0.8382906998359604
1.632407471480418
-0.08752462692422151 0.9858688037858603
1.304833131902745
0.7299244517188946 0.48066791973073425
1.105495881306311
-0.011351996728452371 0.8853984182278829
2.9800331669580435
-0.07779077723807934 0.4658082416450087
1.3140258340598319
0.11691313655108612 0.11496259679424958
1.5391329074599067
---
93000
80
-0.2744248642781324 -0.22705029687820483
2.5464419953818647
-0.2800567273633951 -0.272147950009858
6.008382484878578
-0.8956946210010783 -0.4862510692011097
4.221936866543986
-0.774352704408895 0.8935965096764509
4.4535745235180375
0.8798419035036806 0.6192203125848008
3.1237224030446367
-0.11955526780069055 0.7060218966561468
1.1295488130892455
-0.8273597498791825 0.12194950797955052
0.8168765821774677
0.5950324100908039 -0.714906650446205
5.343866189117232
-0.5877019517721132 -0.47039960797817376
3.8199097283813694
-0.051330811733399415 0.15176204299568216
1.982217971127496
-0.006341252090982873 0.9763403667026871
2.0698520731781134
---
94000
81
0.6667199678315376 -0.10592599391013166
0.465664754141589
0.22989941299617253 -0.1514171115097022
2.681766168332307
0.6122167879449931 -0.5636497326323089
0.023112967699713494
-0.42758538571955607 0.428363494701489
1.1459693831210283
0.06419213640687302 0.1395320590574237
1.9553956539516948
0.9258350222602203 -0.9212548990327586
5.995833267751891
-0.7634722609233477 0.7122943928012136
0.9265116858908762
-0.3396516334345607 0.6848854936029043
0.7817384931770182
-0.28088541951317136 0.0874882530853875
3.7576306136075726
-0.24646779285906562 0.7560458832944172
2.6087658176159767
0.18396968289556684 0.341828729950138
4.793600013747549
---
95000
73
0.8653821505629355 -0.32236975830778947
3.758936483362102
0.6900578595968527 -0.30661420410010554
0.28772782131566466
-0.915636750712206 -0.985484117493612
1.542570317797919
0.5491759672148646 -0.5911441404665148
4.105250508129213
0.5440544266289538 -0.11291790455011823
4.553691571288822
0.17405145716339665 -0.526900233758004
1.0877012732045594
0.2222900364992954 -0.6913954269608792
6.0906169799444925
0.25611212165400526 -0.09477696159576021
3.250792500489414
0.39277758366456955 0.5033887078082767
0.5010543051808565
0.6620762393113558 0.7713902659836411
5.689138638560042
-0.04397912858531203 -0.6412682469200581
1.5411141171707934
---
96000
65
-0.4936934271549813 0.7965158613061639
2.901932337567227
-0.5039146522887128 0.7710318351418545
0.9776882938886624
-0.026889951759765846 -0.45413045209785075
2.6481363290717983
-0.008974125690301003 0.18068410781224933
0.6216428017019382
-0.5633425006866011 -0.16554994013819563
5.815594295834705
0.32739817105076574 -0.352554921823913
1.376513967269469
-0.5466534518188394 0.8492967202562567
1.6041946279531176
0.46625181527867127 -0.8004422019726987
4.921663253738982
0.6875786459478442 -3.762581210597221e-05
0.8258030398771821
-0.16058158517090132 0.5726152688802861
5.867285318350014
0.1587908518627058 -0.9844459354889352
4.683500993274483
---
97000
82
0.8135783562460844 -0.16554034544943286
3.8690763542956788
0.745461053895334 -0.17799916927975817
3.265402590597767
0.17027648014126787 0.006121258918260868
4.097392461732477
-0.497493954676982 -0.4130417075425022
1.9016920568363327
0.5481884716375691 0.0759022841263308
1.6253208769251497
-0.1914016476643549 0.894493661408317
4.0112831943525125
-0.27418085228681277 -0.39528351818348517
2.46607892808128
-0.41330843180357496 -0.8783022450654198
6.034755816182314
-0.10343344293655804 0.6231264036881282
5.638972546348309
-0.2514699792266488 0.45091145910312075
1.55801187668912
-0.26516611071261237 0.4733866208304712
0.9425364401712848
---
98000
64
-0.985270831748837 0.5011283125601502
2.780540227782196
0.878362120094792 -0.7091263750281639
1.1288570850196162
-0.7773533172466341 0.4666031267532761
6.096310286313256
0.8970461069497553 0.45479558825566624
0.664176752158963
-0.02620169009832635 0.8933721240645415
2.3536634771825513
0.7532185386452985 0.8096566722938545
2.731115075327418
0.6977985758330892 -0.8755243113820087
1.634410314237777
0.2493524060442616 0.49140821833081266
4.660952652923904
0.3399695106779857 0.7756550384337516
3.965838230540446
0.13671330551373587 0.4559744041364953
0.3383336837319675
-0.0708303685716502 -0.9967949155961466
2.6181749512056793
---
99000
89
0.7322035987819064 -0.5797089163178427
4.911349765956963
0.7099665424269459 -0.3625342945293287
2.9317025757788935
0.34092293393159795 -0.8761746414102826
6.087533608804193
0.6085909809387225 0.16557516377824355
1.6841954206043876
0.22734422784684155 0.5261091975172826
2.9192287164535236
0.45732759313708576 0.5325058369441172
2.906665069937315
0.0794766665732172 -0.48739405953908455
3.3987897074705495
0.4420197359759318 -0.681964545594645
2.544075509286473
-0.7343958865045819 -0.411406687582938
0.9882669622023306
-0.3611609299837434 0.9332407509577274
5.5732895087147485
0.33168197555299933 -0.07414696419493355
5.723007389917722
---
