100
{'run_name': '2D_rec_10_total_boids_short_chase', 'annealing': True, 'annealing_start': 0.2, 'annealing_end': 0.002, 'nr_observed_agents': 5, 'nr_of_boids': 9, 'predator_present': True, 'grouped_spawn': False, 'predator_halting': False, 'record_keeping': True, 'record_frequency': 1000, 'exp_folder_name': 'big network 5 observed', 'boid_speed': 0.0333, 'boid_color': (0.8, 0.8, 0.8, 1), 'boid_turning_speed': 1.5707963267948966, 'predator_speed': 0.0333, 'predator_speed_slow': 0.0333, 'predator_speed_fast': 0.0533, 'predator_lunging': False, 'predator_lunge_speed': 0.013, 'predator_lunge_distance': 0.1, 'predator_turning_speed': 0.7853981633974483, 'predator_color': (0.8, 0.2, 0.2, 1), 'predator_confusion': True, 'predator_confusion_distance': 0.4, 'predator_confusion_threshold': 2, 'predator_chase_time': 10, 'predator_halt_time': 0, 'predator_eating_distance': 0.06666, 'height': 800, 'width': 800, 'graphics': True}
tick
boids eaten
predator position
predator rotation
agent positions (and)
agent rotations (interleaved)
----
0
69
-0.4742355204630494 0.5421258864565668
0.9630808892284723
0.7628500808200827 0.18398517279241533
0.8262486900144946
-0.4292863493484448 -0.6659960177751778
0.8386271424301284
-0.8955722278220885 -0.23317969637885363
1.313759735185943
0.3324700901938217 0.6016495539448911
0.26609430439970544
-0.00134202175773117 -0.41141207097543725
1.2641766665042664
-0.7660092054348604 -0.9610704611903043
5.53031181086648
0.30790106797648403 0.1907569159168058
1.4976719752449736
0.9165649574129159 -0.5291127674508923
1.6305699474026112
0.14998371810923197 -0.9865609872320371
3.5456469245742195
-0.9128055996969446 -0.8594893814399744
6.170247618608964
---
1000
76
0.024645151419909632 -0.7114173288216811
0.3526385848549314
-0.594734369089454 -0.9869711493220854
1.4954933225703835
-0.9985378162896887 -0.10192191994995793
1.2710633443547499
0.928405736016321 -0.591874061928609
0.7884598158852629
-0.5805480548446483 -0.37401441313679096
0.8739524015613611
-0.35608450226237653 0.5553183633211429
0.02024161383121026
0.695258240002738 0.5426478364175387
0.2585495150874406
-0.12992943355226189 -0.927618763720955
4.491119440092818
-0.8028571001405799 0.995412917378851
1.9426195424693615
0.11279867968964946 0.8694427769644457
1.525821205114661
0.5102629478548952 0.41008985316079055
1.0855295764807495
---
2000
73
-0.12983403114622394 0.5029484580168597
0.05512543634710276
-0.3801780199250455 0.5045739259460321
3.508372698578267
0.23280191409289208 -0.8933945656656966
5.741018643699014
-0.5143657368805378 -0.7796547897826395
5.092012333761857
0.6500583730339584 0.6720952696810256
0.9223708633087693
0.997199832160582 0.2827140238040131
4.000423308280046
-0.19961841366139743 -0.30093565302359543
2.165303619817415
0.1544755364449645 -0.9657262921412331
3.2549861654276624
-0.570284432144683 -0.48301870546898684
1.9802500885823981
-0.09299154723783945 0.8439206815018553
5.6512030608924295
-0.143924916350122 0.7927518094663975
3.0962061112624593
---
3000
79
-0.1205772331773182 -0.22671198433870196
0.5022486982176532
-0.3814917946074739 -0.18638668581289472
0.3795069428341442
0.7108630906799109 0.4389121423252463
0.8346281742521455
-0.3911726882609406 0.857907137389589
2.944015781950985
-0.6018109989637832 0.6273775838835103
2.3614199198892907
-0.014704963934760878 0.5961394161055817
5.552692282103805
-0.30382686083450516 0.8321026729389748
2.1240955549743594
0.452947189808145 0.6254015185659924
6.270875707240523
-0.6833364554239123 0.6935123868021723
2.4926622308944504
0.014829785268910656 -0.9146232719233693
3.067052873559434
-0.22709640593122685 0.8171919887602809
5.056699772632512
---
4000
79
-0.17986861909117224 -0.24092876067998586
2.7948482044806626
-0.39093499954789857 -0.20837112977618472
4.056272749091746
0.6039499067379325 -0.618074118798498
3.1069419128321742
-0.9611849121214721 -0.5062361024853055
1.1701870972180446
0.07130557661648293 0.5206134824715594
1.0009765838052767
-0.6032096335766538 0.048679477666171714
4.153319561132878
0.4935662103616649 0.6253710098774002
2.745391859710013
-0.28250628868617106 -0.8767047136305698
1.798122121633484
0.1482628530624944 0.966401930596217
4.129572548207162
-0.6586045902225168 -0.17609446791539363
4.416677869061561
0.8718086333674583 -0.7695460547588096
1.042007425540974
---
5000
78
-0.30259183216413843 -0.37474817069794264
0.8039825672759602
-0.17584318268823274 -0.34156357322558095
2.4208795956346805
-0.09043578394455037 -0.7706653132259901
4.717427326091233
0.2385903690535651 -0.6469634047499748
2.018067345046062
0.561708007069929 0.7486627647080684
4.67949202066609
-0.5489746083923905 0.27248039302628463
5.614693289627527
0.17856011479258901 -0.06062324197807409
5.177058359890405
-0.7666626359530974 0.3502427176927196
2.261473680059339
-0.38724974998815936 -0.01921607090908038
5.473048578034195
0.23202645421104154 -0.7456469875121017
4.207198444096119
0.24941335138247253 -0.6946323708967244
6.213806546148339
---
6000
77
0.7977366697297856 -0.4927839931734057
0.5047669319581626
-0.43323865568645636 0.19498555788382338
1.8269622839869104
0.2652567892940853 -0.16156413335066247
4.445381940330336
0.3093091676678247 0.7006015552628789
1.1881781800298399
0.4068640598737067 -0.7671372505781917
4.6331492147558375
0.20973666184887135 -0.11385421090083164
1.8244772106428622
-0.031105396513138178 0.6557546941991971
4.194005116533267
-0.413631934263234 0.6986369313216912
3.9200819741777373
0.32866144006663184 0.4358187647424445
1.4011025110067443
0.2958856562375458 0.42778293870329837
5.1598032476074795
-0.11851462074560816 -0.05999546237987408
1.6983897274973545
---
7000
64
0.7590525044125298 0.6445276280799962
6.089648406141606
0.28999815613103136 0.7096516583561377
0.5876118591257304
-0.7967662459752185 0.8897117281056142
3.0285618833527934
0.27856379402273995 0.5593850519685309
0.09791376582402567
-0.514250971769692 -0.6212210883345656
1.3577105572861754
0.9346521093188745 -0.06257214295138268
5.483397837853687
0.0811320477324646 -0.3770316355818919
2.16689788757777
0.7715872997174097 -0.3001189445415438
2.528618304527313
0.6865014249939261 -0.13177289545668863
0.05151787032294575
-0.6908046206939513 -0.44886852358074264
4.643293612555298
0.08304173363589158 0.8741728120805188
0.855057380503284
---
8000
78
-0.6682446790786828 -0.7723082609431492
1.5898431808692908
-0.8353498267829896 -0.42846688401552296
1.168931022459084
0.9172290917586857 -0.8315658656791473
4.655701075690951
0.1706556190299957 0.44039403836970564
0.006683640944165958
0.341394516740497 0.5544853717071663
1.9245070777133613
-0.8633710705012768 -0.5560200676502235
2.0806304136099127
0.9314660024263157 0.8287928513063639
6.087209367524392
0.5324157506689564 0.2648983388185429
3.2710928336310534
0.961618885404913 0.5485292961141813
5.325028029276225
0.363095080720892 0.3109305132601503
4.302319156150066
0.5773006061809959 -0.9962646811418474
2.5012631588999117
---
9000
77
0.08147250042710082 -0.1637206699260536
1.0523055852601255
-0.4182752876844002 0.09801762602683849
4.175456893663707
-0.8658695045011506 -0.3347890118512188
5.646071913437114
0.20037414813046844 -0.7566077008937094
5.084074975832815
0.7848371523189361 0.002027821883207718
2.3947682974248483
-0.06324068254594477 0.725386501609672
5.926324034886469
0.1726813000421337 0.5002324038570893
1.076178283894162
0.9768806793667302 -0.7366765934359786
0.18537393787473988
0.6572382879697335 0.10440910485530058
0.6561684440996229
-0.586841175591793 0.9228256767138343
3.0416400076370014
-0.9429449042126238 -0.4075676577693292
3.2695876733472593
---
10000
78
0.1914755752621455 -0.7310969575149415
5.326326326427909
0.1922206666330433 -0.7754763897011054
4.163522606135438
-0.2551956763761498 0.33049005114559077
4.712408298733834
-0.6043709944276882 0.19274971547978417
6.279731044281955
-0.351936117161404 0.23014399038937292
0.9614379158041242
0.7540326162642288 -0.8798685244113398
2.354294146872255
0.8895907293484193 0.03773420144049749
0.8116958583155958
0.7544699173854363 0.9571661413778273
0.25656171899884406
-0.06607066299108103 0.03446669132929758
4.116852015414814
0.5639903274504263 0.002023466690891415
5.752342260893529
-0.6661123845707471 0.6332204792755586
6.115848163971625
---
11000
79
0.506246412661898 0.6756608315509671
0.06355045585000013
0.7880203654658327 0.36203892184477027
1.5020495990815181
0.05975022845346058 0.9800616025742069
0.1184763067728607
0.4145585830487746 0.7737755158349061
2.800944922020185
-0.022020361515173996 0.715982723839591
4.230076078101824
0.8348113253977762 0.6958073741795894
3.096648289592438
-0.4149258874336227 0.8163567820011207
1.8979849635170276
0.7795849465002043 -0.439947112357906
0.7959240093044277
0.28371441366859845 -0.21069700577422762
0.9338582464576612
-0.26496684734253234 0.08907298362665374
5.146181242070556
-0.9243128130936038 -0.8195164709117947
1.1289300731865541
---
12000
83
0.6912636464713622 0.28100647103840765
6.111976921565852
0.604778721056222 0.024444375301778988
0.8914127939683638
-0.2795061168619462 0.305991095357663
4.485789226977468
0.7772867207442262 0.4698991309744833
4.594014784919288
0.9397209822430155 0.5236921722015123
5.088394689713644
0.08040277811730986 -0.5403111111761293
5.996026924812362
-0.7778746056249272 0.9237266100843343
2.3719950067542444
-0.06720335855197349 0.5964077711229729
0.5540715111781536
-0.23430180012969684 -0.8531201345077737
2.1878114062914182
-0.34699664086413556 0.6369930087234651
1.0227394914119579
0.2514527532830125 0.8453879643781826
0.8974383525873817
---
13000
79
0.08160239779224046 -0.43536421279289855
3.899841042365506
-0.12083636845164857 -0.6284654447513142
1.7588657564498575
0.8493563025030497 0.03388707715453154
5.742623356661289
0.24933893890920722 0.5124523536437722
2.1303844545321065
-0.48686226547596534 -0.4433271035146791
2.284347256720258
0.7318984303320079 -0.7219370317553904
1.6579570593744402
-0.5880686199583455 -0.3167691536630406
2.1642694556040967
-0.5933456095822323 0.3948459202596934
2.23823811336824
0.8419642443020617 0.24160081904159805
3.1316662456772377
-0.8477640333694403 -0.6706669889657328
4.670977642407327
-0.6862611206488834 -0.9738359861398537
5.356878862970101
---
14000
80
-0.3948441278551655 -0.7437400794037894
6.2142185364523455
-0.08592393083000269 0.37649247296126953
2.897718182635546
0.5624179274240997 -0.8009110368927587
1.0965621497768376
-0.04537068541520454 0.8047655901857895
4.602642348520471
0.2708395085633696 -0.5704350187421345
5.724665931320944
0.11753133861949605 -0.7724606749995813
3.4662428337022826
0.1460152617947797 0.026424837673432337
1.5506121680391916
-0.23816974926080392 -0.10634021160375332
3.740682557741235
-0.46392345540313384 0.27257124379907394
3.8935399619085427
-0.34121243069698237 -0.11395327189670684
0.10458265712083215
-0.13680919531373903 0.2078395790137224
3.6087832104930335
---
15000
83
0.9092734476642234 0.09412233997068975
3.295658726544641
0.9343108377868283 -0.1465349997887953
0.13615790638663583
-0.33554611746027335 0.024476116688749314
0.3217447458262894
0.9913561592652484 0.39154675361411334
2.15458938275187
0.43264850631908386 0.9877905443749071
2.8270039693580724
0.6299509560023746 -0.4774934896969333
6.0751242938614185
0.5822513822862384 -0.19541099130844747
3.3295366248153666
-0.5858703992711123 0.5275441666114313
2.348256550976287
-0.4324219238605551 0.5822239101897677
1.860803212494691
-0.4029002804777979 -0.021632141993719003
2.432877253056451
0.37527227008220054 0.09750771553561004
3.335252746461766
---
16000
87
0.45212279658733195 0.9448646139997401
4.687612867995839
0.3600576017584273 -0.8386835560357286
6.257934980258862
0.15089893840914115 -0.8162270547007667
0.3712992349249502
0.021553287571087223 -0.06446129342475557
2.03363844962019
0.5247529970458159 -0.0709709208509236
0.1883438575809393
-0.5992655470280035 0.2386887781645146
3.03110838219252
-0.009095393584712234 -0.6496871535610942
0.7666077146502364
0.05076130642890876 0.31909779013578854
3.8038728716761625
-0.1994078994800914 0.7961626592167383
0.3071779596503257
0.9866712077733466 -0.8230572679988157
4.858816185469551
0.7063268207877703 0.25823030917229234
2.923718418176062
---
17000
78
0.8574111940579097 -0.26560426854393077
2.3731202396455737
0.607177299493429 -0.22902730030903573
0.1003291771771968
-0.14938320690943718 0.09355460484920347
4.548907003085226
-0.6439348308093381 0.6485249371344785
2.497800534103087
-0.3537553309880453 -0.9796100088531661
0.6704683125190929
0.015007346369176135 0.8935823724817756
3.5736929660823975
-0.4194278154493306 -0.04554827343905213
5.810458480591452
-0.6250461742740171 -0.6056161501091509
0.5414608640238239
-0.43384625342190114 -0.604765205663264
3.2148956142501603
0.44652656920449163 -0.09169864566990776
5.095042068857907
-0.500623479329802 0.596584147235189
2.4001832712089515
---
18000
80
-0.5661186343104981 -0.6451375097931111
5.4805572068284745
-0.6679063958921646 -0.7246125896206802
3.3625439194420936
-0.5079572516673879 0.8606081136195183
1.222106534631176
0.5238038583027435 -0.7296947312317884
4.093432188211672
0.5621018942928394 -0.056398484726615794
2.616113000765951
0.7605724431465682 0.3488729442449327
2.4904670148916974
0.7716734301045475 0.29082300670137584
1.1586451155793442
-0.8674047980030806 0.5021224808151314
5.074948046428408
0.13461378475254793 -0.05043400043395968
4.754857489752775
-0.2540960316235521 -0.09169093615239345
1.2787415858375963
0.17318692718827777 -0.9665991033641562
0.81358304997143
---
19000
74
-0.5414063379610269 -0.02570390221171339
4.46463913104108
-0.5581048934187448 -0.31782817477841024
4.751862236439714
0.4330900611862098 -0.20940972054205986
3.2216707112323038
-0.5279342167991439 -0.04689872500349952
5.33042783824566
-0.7675570909986981 -0.4685419455558149
3.142071601532395
0.13387583245762308 -0.3186116602664557
4.733123569437594
0.9146850080171371 0.026343477455541903
3.879490661494109
0.2088586883554127 -0.1296223733932835
2.9392985092199133
0.1546009543619391 -0.309295351217672
5.3598063262188225
-0.7704918234038686 0.5432558059279775
1.9300551280405056
-0.8178466828994858 -0.7490668026220643
1.6528824090007985
---
20000
81
0.5495252637493996 0.1511764170376828
5.3675868826377595
-0.26712571242662064 -0.1558498240118644
3.547918125122756
0.38608217294436536 0.6579187636535307
4.9362877640169485
0.5255997759332095 0.2754886933565767
4.2313231560785685
0.9599775391477225 0.32171242730599886
0.7106087759935988
-0.01602918372022289 -0.6113081974054333
3.147169370181256
-0.5012755146657213 -0.3556397817219849
5.468222991146213
-0.728897504147197 0.20522537138347385
2.7171874792335213
0.6568503307897672 0.1309525519559768
0.9390726154916598
0.8368224000311189 0.34777803293729204
0.8625020713691622
-0.32320189082853323 -0.2563111789094541
1.3974912361780962
---
21000
73
-0.02912360661646135 -0.11539516678677467
0.5371057242088773
-0.8124365587535548 -0.556357893208542
4.9619315795013454
0.266187957640396 -0.24207390032925313
1.3793377321481053
-0.14362874339933887 0.4836523991608083
3.2505395236669834
0.4865246415132676 -0.33401521056453143
4.482828540301078
-0.951705758130492 0.9238875744155067
3.734241929969377
-0.4335209892266868 -0.49308250357437367
2.375998330607234
0.09987916017051579 0.9537991580436015
4.753676144401617
-0.6941170133111121 -0.33847685208671585
3.504589018562763
-0.5533020844759465 -0.9515707527399246
0.2349920326901218
-0.16921598150420328 0.8476986792206778
3.816832134018779
---
22000
79
-0.3645507217239562 0.2585475811319831
0.39918224947843894
-0.4607995555965832 0.15121586620617522
4.395125023185526
0.7326817617331578 0.3910059792953876
5.463779508543312
-0.3494742482216278 -0.26317040430101674
4.148133543707736
-0.03967368528883952 0.1863996965456131
3.394448952063793
0.8594978848368514 0.1931557205006737
5.642353525417009
0.7125093711702578 -0.5497011022395772
1.1053256732729881
-0.3546963027657702 0.09715177216505637
0.6395371966737509
0.2949505425127576 0.40249269494683393
3.2499196920207396
0.7182251409432566 -0.23807816952667335
4.310084343661907
0.6650398050261691 -0.4670776075455583
4.284628238174805
---
23000
76
-0.6278641081527288 0.7605697451244438
4.104987346444444
-0.8547765366120451 0.7653193660996621
2.1946366193039397
0.37153098838891907 0.04257621263636254
2.7672580989751667
-0.5544479002948685 0.6587170765159219
2.3192614868743675
-0.5446406625605872 -0.43432688605232483
4.459761998614286
0.14638573755239265 0.07824587237555233
2.510952160378456
0.3009694275413101 -0.49066198433482555
3.718163586804555
-0.8394693955151602 0.5301859725026604
5.740134851509722
-0.29239588909096514 0.7140549614304429
4.587653529152307
0.7592246187176821 -0.037829094306477774
2.1580903455543172
0.6101055991913678 0.39360058843300455
0.9580024141661951
---
24000
84
-0.5719779951522185 -0.1440165486315513
5.6374488236568405
-0.768018833534305 -0.4005164762972799
2.333662553023741
0.817111419811839 -0.10315580492017101
4.210485066076056
-0.3325403897558568 -0.14729940776706787
3.084252394153859
-0.3895303969185871 -0.9948980122214102
1.313338137998075
-0.9809964784735794 0.9200283317474515
4.676617661505366
-0.8328860681768074 -0.3274979771766861
5.8181730235190345
-0.5355891354059645 0.5439586241083029
0.7516004107687007
-0.17028867391988906 -0.5530399385027563
1.2168262894444721
-0.7844329810853498 0.7561497280117162
4.173849259789507
-0.52892113931882 0.28582668333812156
1.4554536414113777
---
25000
87
0.7533936628425995 -0.2228314247369899
4.98110069846471
0.6202410536791021 -0.23350815379020695
3.10217813225438
0.18240392287307425 -0.2553023250970372
6.145396313197149
-0.25972804174793995 0.03189151375906822
0.09438846625510333
-0.9219368953325509 0.7268309261198423
5.6642081402391975
-0.5361378515617459 -0.5642638687480823
5.670124153960472
-0.8777840505162157 -0.7953012295087826
3.711936357584067
0.9990962788924831 -0.17631311050587328
-0.47794713509393144
-0.3318673496218933 -0.5634193486787907
2.453622104900367
0.212884026936115 -0.15989802621257948
3.2866830678944385
-0.4749773948355811 0.3141392801807135
1.2075966471047552
---
26000
76
0.7818710404124983 0.8264272111936941
4.340977170995435
0.7551206434694229 0.6412813343436722
1.42744321167826
0.6260872822681823 -0.6661440228380995
3.0364175276742618
0.7512809411535003 -0.9573699323282797
5.605034429697274
-0.2937121988149918 0.3414582003550994
6.0479731847725375
0.952055445515431 0.8137046981946569
0.7272981105942558
-0.7907759317841726 0.9919725100141246
1.0383738254384838
-0.7425413999978638 -0.250735388952274
5.716041502568073
0.16935043815234535 0.13886746272652226
0.21186393077826082
0.6435133729191284 -0.05015182818303073
3.188788563006147
-0.3760305133189409 -0.6903562751822353
4.9616748951907494
---
27000
73
-0.706276069510812 -0.4151689186413285
1.6815668236182273
0.5665945095343384 0.5120165548314214
0.43718920312355536
0.8731396502491598 -0.23214039524083122
3.734757147383367
0.08347223935111459 0.36479412945670947
1.6184384174993935
-0.2003708646976972 -0.8707162840140243
3.905691635682416
0.1119540979883984 0.38030474720493923
2.9962002608482443
-0.08493117569512114 0.7309488407692061
3.6730241141145124
-0.13565276448187633 -0.120446287619832
3.015802527136488
0.6284745268711258 -0.9821837257962673
0.6625611724394114
0.7047920902055947 -0.5602939128829324
0.5464950540975755
-0.33815689488964307 0.7818030835757491
1.074473034922387
---
28000
79
0.9806440152938847 -0.8953455240803004
1.408144822656896
0.7816385725582552 0.07617744742594149
1.6028130703812042
0.9076137865574629 -0.4696642924941368
0.361094494766137
-0.21220565915672937 -0.21347531768509417
0.14751718016193394
-0.41803682088849353 -0.5759911326257919
6.27565745749529
0.6514185541220698 -0.1505788364732552
5.286418505212765
0.7901972638375889 -0.2590942225547596
1.7919876398208814
0.7628537805105716 -0.028212843815797573
4.501914948532756
0.00375582110363655 -0.20980769159774945
0.6915280619535453
0.8951702705503023 -0.4440358506795978
-0.08778095023591119
0.9943857292387408 0.8635134453373743
0.9981095762817063
---
29000
79
0.08503727977847209 0.0496458245703515
4.6577253995208565
0.057664300495197225 0.011661306154095087
3.460000200878521
0.08412990442623203 0.4297043501444919
1.8122230556702723
0.21191098211053672 0.050358319669568725
6.086325515220222
-0.9235141538887419 -0.7429265145697979
0.9538392309146273
-0.06652757875997427 -0.943760452097227
3.6551470624873703
-0.41296563727080954 0.4249449976309572
2.313380476743445
-0.08046095243172885 0.04206790415003112
1.3544829561147083
-0.22707803072779917 -0.011052286228232077
3.9291480275149704
-0.549821787462474 -0.04824637316623242
0.004859708947146935
-0.2596014360992955 0.9399175163300036
2.3067664510815042
---
30000
84
-0.7882109178272072 0.19639405060331105
3.9065799513840616
-0.7436316266831903 0.23933044683856497
3.958128719133793
0.4169070947259784 0.23267511755572937
4.244627755111128
0.39003867291517086 -0.5592280145962609
3.7644694904961318
0.6777661754873188 0.06579598444291837
4.528391228587467
-0.2552534590610519 -0.12193849749507417
3.402348433677872
-0.15035144401889167 0.46056337807726877
4.256047086738038
-0.24667456538095253 -0.7612300316940299
4.619787069201756
0.9062434215885607 0.13052368051000685
2.5238800445650442
-0.3332651038272593 0.0757592746661633
4.695121934597173
0.0062481686829055 0.2517147930153102
4.962783295997453
---
31000
81
0.3902363465190199 0.22239975689489322
5.5973262094351455
0.2636338368810382 0.48047808696174005
0.606607447907745
0.5647523460326073 -0.6868569624187209
0.04094356307108793
0.19142375271149234 0.8156746772059047
0.6073627326626339
-0.29715351769502746 -0.4795864785376666
2.984817137586498
-0.17568448800859246 0.38776612174440567
6.071249479534785
0.7067639877691015 0.9066424645892366
1.2110385052628372
-0.6246308644212145 0.8966708587985744
4.143941456332869
-0.6688802072903097 0.7479965152388813
6.068304370686178
0.9366333258095715 -0.5165394886724242
1.2009564123719088
0.04765291982235091 0.9127461734818022
0.7800491490411972
---
32000
73
-0.15170212802735789 0.3857861276694228
6.121402958657065
-0.3039191771397385 0.15512291834339983
2.91434088505658
0.5486180010841788 0.30105381104096907
0.7440364258905032
0.7995566433512868 -0.14765001415553441
0.5108481647731571
-0.5921515020488584 0.4198770488737677
5.049294040751616
-0.375961032012116 -0.6502674302131369
5.005448689866619
0.1833832891913984 0.42218479401565356
5.157660802592945
0.8130462590403126 -0.012998378231172933
0.2267194536472612
0.6865487597152654 -0.8860510882862779
4.749892838893404
0.028500396980831184 0.629919421844578
4.271927013952675
-0.4095663447332131 0.19027368896482327
3.902543239374425
---
33000
79
0.6620283859273526 0.7987958281326932
1.0299091141378875
0.16481863935960686 0.0177431654159431
3.781840049106731
0.6287726419493541 -0.2427530804295519
5.875231641303569
-0.4854473339449857 -0.2633255778482058
3.4353761875522206
0.8275866406826473 -0.4203536732908036
1.5091152830207841
-0.2988393152806442 -0.8709432450060098
3.227753655272717
0.14619982316104607 -0.3701679835188783
4.05487927167762
-0.5106781452901762 0.07386393231736264
4.860319309494443
-0.36286745257404485 0.8071821652765606
1.6317088552827226
-0.9041699502210125 -0.6302611057658891
4.412466532697627
-0.5403908902498025 0.3020140628912129
2.474314820226293
---
34000
84
-0.8572134513889553 -0.9980944900264209
4.293954748637753
-0.9469661230966706 0.7985716298458336
3.102233412985351
0.16056981750399327 0.7509674321576292
4.436110262547319
-0.280174663718949 0.5066753174680547
2.8768471796761697
-0.05192915299146546 0.5453282718715663
5.5087721738950925
0.18615936362247154 0.6345910126041137
3.983193461736871
0.36086535832266464 0.8975918635595427
2.196780731209644
-0.24337432514953017 0.0993672940547542
1.8358810752684471
-0.22681433356690325 0.8361269296910047
0.6534715091157608
-0.21714086853061504 0.5049686377403138
5.421518648330603
-0.6577743017220324 0.694648237524919
4.8870184523854325
---
35000
76
0.34776500242177055 0.08527095845291827
3.452717880635428
0.31056584774784796 0.1687973741587958
4.443572758099964
-0.23499899775029195 -0.05305569446281724
0.36739299018335014
0.7650566035697709 0.4155793291129376
0.4324278621405844
0.9282800533222177 -0.2138551725536285
2.1230109407799906
0.9726140688261404 -0.3559227448582286
0.043620164346826584
0.4694898683973098 0.3741775049543669
6.051508312975521
-0.12445102064222477 -0.2647415207034219
4.324294426787188
-0.05438400085354428 0.6495560574569137
4.064602484291166
-0.8429407147790992 -0.8082140245257373
3.260801308746423
-0.9706369973069178 -0.3047469039046121
4.18895971246512
---
36000
80
0.33532091683293264 -0.7900308860341028
6.118413367654109
0.41163667935107384 -0.6276290062990549
0.641411020156947
0.24691776003270682 -0.6023308036248376
0.33081896915557873
-0.4817896983078046 -0.8388872728212458
0.3004032121884519
-0.014203757049616215 0.8505115634236545
3.144256636205408
0.9759292830620752 -0.02965793422194538
2.5734216528064104
-0.004541342315745912 -0.9448823272464408
0.35254699221746755
0.4878894253225874 -0.8285755741193991
6.211814453640294
-0.2744447328683817 -0.19120885021047423
3.796834362451227
0.995518986441688 -0.6981054765684892
3.0848672225037923
-0.27332758696649906 -0.16583623219733415
3.8994172550120423
---
37000
75
0.17469126962302328 0.3348800081740691
6.2135150930831795
0.2985357383327305 0.13249200473691258
1.1524064628423787
-0.3609634921402468 0.17119545129980182
3.323661353114389
0.02480606437301821 -0.17568646334760132
3.9698558438944858
-0.8414035686894205 -0.8800329817042681
1.0138040414934846
-0.24155840985805743 -0.4950288786707089
5.5213054068715195
-0.6314960948607403 0.3131990008450207
3.1796053367373727
-0.03375679257918964 -0.6699765168437419
3.7351517260476914
-0.9988254700873238 0.11244106938895632
5.490736477846742
0.34562499309746125 0.6868179180546694
2.6355205128658614
0.8269123685161808 -0.6189261946339655
0.9879673598675991
---
38000
85
0.27264703580442395 0.45380906481998085
1.0627368196897737
0.20506296395299722 0.3800461517146425
1.2989852288189416
0.7938700825606241 0.05024295311672267
2.5182304613272093
-0.07530844197571157 -0.8941946178126008
0.4065115999393001
0.09825118665268032 0.4690651591519671
0.627698180963181
0.15021570990654645 -0.08378542120314562
2.8824452620196537
-0.995620258815425 -0.5819768119281397
3.4279193305607087
-0.7036491579265566 0.3284742318068737
1.7227974086276143
-0.19563328337698388 -0.8656925917719196
5.239539865191731
0.2376719567627749 0.2291188704297757
0.6186781000499835
0.2802623119674947 0.9228796770220142
2.7023441673028827
---
39000
76
-0.8375618069242723 -0.7184383122652258
1.844595217340513
-0.2013028947025183 -0.6636755423715618
1.8538533862810063
0.16527578819980673 0.9346552666422616
4.43186581835954
-0.2259122176018904 -0.9527021108623791
4.7841461931384925
-0.4858368884721449 -0.9080011010196568
3.6978092525960777
0.7142243088660576 -0.9461438433865617
3.5008167534931074
0.5695355475698198 0.639254187466632
4.787942024293757
0.69891496352985 0.45104034223858613
5.95265964122278
-0.7417517295916483 0.8935203178738262
0.4297559932635089
0.560539749390498 0.8875723586115908
4.15817563551413
0.05383435614246736 -0.4090023425560944
0.4484634043742117
---
40000
75
-0.6781313935087993 0.39547061675389833
5.498958209618231
-0.8370127400606078 0.4073108179207441
3.9034497123509375
-0.5965343463818938 0.6123259623247826
3.9245949629274177
0.7673546862763996 0.49813979735838443
4.993203636261092
-0.7628318862195771 -0.14179312441251027
3.715208540125273
0.09495540577678005 -0.8641962464839629
5.232805474945284
-0.18760085571291374 0.7741687613681549
0.6131874163582065
0.19390050659470515 -0.8884823011950238
5.00939319379042
0.2205991020845499 0.25634808978551377
1.1221192357090066
-0.9240744088987304 0.3585190674849283
2.451242404365967
0.6830742849809323 -0.6741130854970004
2.0826647830214258
---
41000
78
0.4934838582922008 0.9745869825481421
2.9705575324023625
0.722246922847926 -0.9818505300542077
5.803965446834485
-0.055607546737064306 -0.06962219874509738
0.394481113416119
0.7900839270957429 0.6440895061274009
2.9017474732294595
-0.5388409744750935 0.8574471771661439
5.326740327658817
-0.12252668454371729 0.19448795868708674
5.347770723965064
0.204239105874193 -0.19288000513116585
3.794625587082235
0.7949940509650932 0.7600719843013154
0.1898638976176823
0.44320222100514184 0.4328517301459376
0.01580722874218843
0.20417572474290124 0.7970052072577081
4.749769424788623
0.02877517834986811 0.6673912537556222
2.04131262294187
---
42000
84
-0.14528631996118013 0.9062449523303218
2.3423150277835014
0.0804001437521505 0.7147104762731922
3.893738062147097
-0.6306183704431081 -0.2834366238431642
4.86525801440999
0.6056088752767602 -0.9088814103025857
2.0681201472484947
0.10654617172702405 -0.8110297158331325
0.02757353207237756
0.04556500778990152 0.386832947413841
0.5490249490159504
0.3620337283778518 0.5996185162084803
0.42175042056284706
0.7794260921941315 0.0076518165909212526
6.25942870486066
0.16828931215823056 0.3776872290405854
1.9390348755181304
0.6861984127134477 0.8494879148717226
1.1759660752575378
-0.08354062333293515 0.4571818390055331
1.2943063004534263
---
43000
78
0.9886341223061208 -0.08394379717480169
0.8287874984196625
-0.5731638710605766 -0.08209651054146491
2.241290119047923
-0.8200565152915517 -0.812305023304673
3.2900357655700843
-0.16208550451091688 -0.038755223533776154
1.3374406584197658
0.5684615202174005 -0.28590919283257904
2.7681208146526757
-0.9471568505306397 -0.03478162647369104
0.8597068411520015
0.15048589284974756 -0.490114732768634
5.30843840010991
0.7712367016832639 -0.9223449922739391
0.6584759693139581
-0.5723506271702243 0.5501496293024433
3.439410842690898
0.5454708259191791 0.22094734631639967
3.1891607691192974
0.24789535537128266 0.6518939769397821
2.033807232084439
---
44000
82
0.2986073735528353 0.9972162953673265
2.0398672368746458
0.6955626214661917 0.92167582953048
0.964915647763914
0.41354020591301494 -0.5460593610109539
4.070927043399163
0.1582074869600432 -0.811792152283957
5.528145760417281
-0.22784685973205554 0.6391535765246255
2.081327578515621
0.41651793389315384 -0.634800711366834
0.820923251824011
0.23977649743686222 0.3756383867789327
0.40885044995806474
-0.525717636379139 0.37500797443497547
5.951644863343176
-0.5858023724764431 0.03976761835385795
5.089015660394352
0.20903223539796073 -0.7578449497706791
1.072712007149386
-0.9598368110664357 0.6930019013751773
0.47556137775798835
---
45000
74
-0.49228379246166915 0.6283351992866537
2.779663651074441
0.6020293983693308 0.4754591285911802
0.5838696009562749
-0.3375409542579705 -0.3765233643179016
3.333163001899117
-0.9994231231300037 -0.15378978607343713
4.574793130375174
-0.39235281841650305 -0.4012120016777022
1.9116385204549777
-0.36697356527100655 -0.09133217072751795
4.279528114389538
-0.5800878605831242 -0.13146175392829737
2.1205604152249204
-0.604281344457581 0.5368492953274494
0.7047650295000389
0.287841175225904 -0.8799546234991813
3.7807899454167533
-0.30305417600106926 0.095500535393199
1.273852387066511
0.9703999715928969 -0.20531432110762682
4.9688138436167
---
46000
80
-0.5788271060093182 -0.9657685310060737
4.082445164748743
0.23496984409851618 0.0805273770818352
1.9924986222528025
0.3709803835238577 -0.6611293776345228
0.7168898231647773
-0.0016435651090247602 0.8087866932290656
1.363877352954506
-0.1278345961673327 0.5564171745298916
5.231733614435696
0.1710461281306688 -0.6527154851445648
5.9149428972941545
-0.5971194789647011 -0.8049158125898502
0.5635293021020891
-0.5041020128714436 0.7950425725935297
1.1322232231038658
-0.730339191649249 0.751886285084023
2.735064798716441
0.03667180015652212 -0.42428326204285866
3.919102176459452
-0.95469336452045 -0.6461076954404512
1.702637442909515
---
47000
80
-0.9346206250215174 -0.5759048702592001
1.514763144937336
-0.9267580848880105 -0.3865370725207026
5.663447366864324
0.4310284618293826 0.1844897885859835
5.291627487576985
-0.23903296379921868 0.47398939194395284
1.1482847211825105
-0.29665279607486017 0.9146339410901584
5.686883865203648
-0.937306874219566 0.23034615801243896
0.12032923335986734
-0.05538276110072608 -0.994802249027122
6.201883839616189
-0.7320671722626523 0.966240630065424
1.3963441201414604
0.210069101046817 -0.1592516710254302
1.0021924873603156
-0.10939011869508358 -0.3268977198349753
0.8329707906904611
-0.2756479894484748 0.776044524341477
3.8515559989268935
---
48000
79
-0.11758105638536283 -0.08231683534760925
5.90093386148052
-0.13592039697731456 -0.30156124083853525
5.682023780793822
0.7708905146772203 -0.640045924293123
4.247149167230449
0.30674699178105463 0.429645537129363
2.7058847461628943
-0.6542981375199861 0.0899131004039387
2.9137875907851587
-0.7229758848326987 -0.8022343517979709
2.9319836570748787
-0.5113971912602371 -0.3295511469163198
5.918214650726812
-0.4043698920712592 0.9335390540474673
5.030927404983857
0.9698749364972141 0.0508723839052296
0.08951536634254342
0.7961051457914543 0.6440874480100895
1.18484783822794
0.05934383888062555 0.983745840290329
2.7906968101084226
---
49000
82
-0.5204274485543297 0.5061064427004426
1.617229956660092
-0.38967510156329144 -0.6997848431672162
2.261407705354393
0.9502597651266825 -0.31922600399837103
0.9294574402906557
0.6307957114150303 0.7125676881551303
3.6342792770463914
-0.3033709700059781 0.48510915360829826
0.9310512727698024
-0.4972883029334423 -0.17418671568984256
2.0303886403326423
0.08038075914207386 -0.5854378956646797
4.994095012690834
0.8087382947123846 0.39912488149660463
2.6986428345647173
-0.5165479178769512 -0.34670081731384206
0.9047635939461571
-0.9508772828214277 0.3560487935040066
3.429045412307456
-0.7784584992161272 -0.06589742854236674
2.673953064467418
---
50000
88
-0.6101418561445924 0.6842329251949257
5.287111730910886
-0.6989693020034492 0.6356186224368064
0.6047653301829952
-0.4769416400076323 -0.7997808045576801
6.227707414871437
-0.2474989806412908 -0.08227425375370345
3.9076847006478928
-0.14650135992328758 -0.041388144536550084
6.183698034096917
0.4534770081027382 -0.044465017727201024
3.349455428086893
-0.1504892420697499 0.1891987186939958
1.8134635101379804
-0.6167261803041456 -0.8832508701088705
1.4615572203824403
0.7954166722477474 -0.369666513443518
1.9219540924079146
-0.5737416252103907 -0.26259771335546916
2.6797203342008116
-0.3034537157244734 -0.7155229894280679
1.1956411914090985
---
51000
81
-0.45659059302132016 -0.822689702558526
1.744523131917781
0.22367506500127415 -0.7376345094144005
0.5483886086786613
-0.7170639391428314 0.2027116650317454
1.1983830112417415
0.19372396735500835 0.9955886811983536
4.060906513708172
0.4293515766273612 -0.31275480380952453
4.9355500426311245
-0.7373541475096776 -0.4811969409428497
4.416304634565443
-0.8736747222416045 -0.44242819884872675
2.202610232496549
0.08377616365266152 -0.6603444006350236
1.783307603516442
-0.3545969060111465 -0.11293477146960587
1.6065719818012036
0.6742228739359041 -0.39264091693673253
3.404135665792749
-0.9206300034281533 0.13701343869316615
5.653061825668559
---
52000
80
0.9329978316474103 -0.031367028401107784
0.17042680760303383
-0.8176221541403147 -0.10298206505516255
3.8359859669585408
-0.6071150955492982 -0.0810029728840038
3.8226425132700435
-0.6858861994880419 -0.38820857957791116
3.642363934242212
-0.9213975708684347 0.29401816178834445
4.559730119595902
-0.3736252941348916 0.6254761093614477
6.274809297242303
0.11337267074600012 0.15750988992298456
1.6156498251188598
-0.48051810440285797 0.9674694431660396
4.476265507152879
0.5925672109821054 0.492820150827968
4.855333191782883
0.7414106990295579 0.34533645919769324
1.7716828875076294
0.6008523698616834 0.7707382569022772
3.0903828794597485
---
53000
72
-0.24087735073786784 0.07669478464906683
0.4893127157710464
-0.7183818675344056 -0.12649350216808442
4.718533019088894
0.7961190109845115 -0.14592778799316142
2.477596171245759
0.07072251347867776 -0.3757582759372903
5.691927735911505
0.11946995977989935 -0.10123380866794836
1.9955597718430669
-0.6161279999010387 -0.724518768655535
5.847034896928242
-0.6925767150312643 -0.751076697364868
4.044383461946131
-0.45105566920737733 0.9855402642326336
4.382900594080254
-0.6752845893492915 -0.20208105074928542
2.2700833843730575
-0.39002372988195866 -0.3945355423867797
3.283036525219872
0.17132969688405753 -0.5047959613384045
2.328195531230687
---
54000
90
-0.021185809815679604 -0.17663252477671476
1.7738719452431222
-0.030230880128261493 -0.46273637253295213
4.777696467394511
0.07819605019245374 0.8577711727218145
0.6489594355884956
-0.7274204853200957 0.9943736723864104
1.9382417555306528
0.2874560675955655 -0.9747534905337694
1.799361135533391
-0.9400807077418478 -0.3552725465879121
1.3562667602314784
0.8820854573178216 0.8140589721346552
3.8076901341726597
0.20845387095880724 0.7651020400019856
4.653808996439438
0.39177324841762456 0.948837455945649
2.469767043062422
-0.8816410974707041 0.08528826777151521
2.3513682015628863
0.9053531891344397 0.7897861715780743
1.8014371446680197
---
55000
83
0.08471940560914519 -0.43019252256906015
4.878120367011787
0.218106702088395 -0.5832248568266316
3.189824762118528
-0.6695829696788078 0.2642184868729283
5.836324723980077
0.30154604829326626 0.5753714989979856
1.7906996836377012
0.5665300525387844 -0.7917761448142477
1.4304117485513022
0.8674771791192901 -0.3302282555700105
0.03906536701378904
0.7666116843523891 0.05306459195967245
5.179483650647777
-0.7913193372895957 -0.6567112425693779
6.067829015514447
0.7700399600163971 0.8793679590891591
4.505218261712766
0.7974167236921827 -0.6436733109592594
2.661837696857903
-0.16791086458644955 0.0012924078024175896
2.9421866728662858
---
56000
75
-0.5923880499125616 0.5840758691203392
4.856056417169316
-0.5632370882613318 0.6016361670510413
0.7838011477780551
-0.40390552012183 0.30902300784680564
1.2597804462771496
-0.5980899819131682 -0.49772279545147036
4.3424857928224
0.8008727695909234 0.5012806669789087
3.3151677464464937
-0.034579454896462955 -0.6026880627374417
3.146337839535115
0.8328605629027689 0.7334707210795969
2.8947591995753736
-0.309556454107733 0.8075069502811185
0.38636944426839115
0.8050054826651428 -0.12744253991730464
4.225653178672312
0.35248036957263934 0.093882282796209
3.4349621229257954
-0.6306340817090227 0.05908666363690382
4.530189724036976
---
57000
84
-0.13750457065919885 -0.13070268422539458
0.9975324848083384
-0.14836323069806165 0.12807563150137988
5.192912307124215
0.883988948132897 -0.5901429952673871
5.144263208968215
0.7710710362967453 -0.6260354500742796
5.09681608305174
0.4489128237891124 -0.07022418645807565
5.163683693636312
0.7915780287084511 -0.5793765921790258
0.10798355723375241
-0.4979412755575679 -0.894773453068126
0.2981275430266095
-0.30144253041426433 -0.9995437587932523
4.026402019965035
-0.8960046742984357 -0.39398511702665584
3.452453974030889
0.5794792957446586 0.2383885625391843
0.209018790379071
-0.23444459322619526 -0.13731557166048722
4.849226435989074
---
58000
79
0.44573408223643707 0.22969922282625405
6.073371195223046
0.4178203940194081 0.23468245131104218
2.741991343594914
0.49487915650354797 0.6305740423357282
1.0352756812055253
-0.23947224779081233 0.22116751938752735
1.0845050891399195
-0.17328887724386155 0.8142937065811382
2.0840361252212807
-0.26573715696010686 0.36590217066453623
6.073241301428265
-0.27396272331009947 0.32289858249314346
5.933615617706076
-0.9928003896219578 0.27874066727193464
2.4151114401515557
0.8115618642529012 0.3412256647818789
5.960549665864736
0.1430779201065842 -0.07636599567246573
5.353451722876998
0.0080026491302931 -0.20950002899425524
3.861958119391942
---
59000
82
-0.6373444499657396 0.9228744141046213
3.150994484149837
-0.5897487461344667 0.88887278010808
4.816460122407247
-0.9307946586508202 0.29594689926962264
0.1343309148535612
-0.6382476475596546 0.49761338441927916
6.166825747725966
-0.8480299638935391 0.6358497623361513
2.7426684824096172
0.2013730432546919 0.6346900749278803
2.81050483326964
0.6371322683780842 0.5600158447417859
3.311902211462318
-0.07258731302794492 -0.1461636424317971
3.65704782977729
-0.0051951646045245575 0.2512369772115424
4.331492972340435
-0.7045270836901416 -0.6064688743267609
5.837693899183026
0.8432528499832179 -0.5777528247282648
5.9432394607331425
---
60000
84
0.687503864539251 0.3383811378025865
2.7800305794755746
0.7645702422739289 0.20931181276928112
2.344250403956462
0.46688405172834013 0.560152523481293
6.060428754748836
-0.09352762768790356 -0.7191242368731338
4.956114698604761
-0.3187716463540317 0.1745791615211703
2.0493644272912093
-0.6498456451420065 -0.9360753421742386
3.8976125109029907
-0.991682203591759 -0.6040268277419936
1.8479484829887864
0.5996725437948086 0.42814098947069595
2.9859490023439736
-0.9346661991593391 -0.12280282528647825
3.6675336061835697
0.02147964397635305 0.10975652688274318
2.04803466216506
-0.21688545204006776 -0.9923605463545058
5.660300203497067
---
61000
79
0.25329995839707653 0.7341204358210854
6.265129281737816
0.9628460539913213 -0.1642774668597231
3.6924441424763605
0.160014518245032 0.7717245024580807
3.899875309471227
-0.5205414723964261 -0.23649959899095593
4.065598097720544
-0.1522229153777885 0.7060719534029327
4.752795903088268
-0.9564653866741174 -0.8039194190315012
0.09316503814244737
-0.9893747366495336 -0.2902479010497875
5.165196910961446
-0.34240123686879154 0.24665366811792866
3.0843930311345007
0.022478398067426728 -0.28083889019303426
2.823120799347395
-0.23140681648710243 -0.63160106866991
0.7220177252023188
-0.40658004382476054 -0.38428459540873056
1.6133839163378134
---
62000
75
0.42423479877273773 0.3021770435352569
1.7633634452545859
0.7703321893240025 0.13399313916293926
2.4179098544506106
0.09353423838811309 0.9928736762781629
0.5734153347698969
-0.17159776191113454 0.149207238008276
1.0584875610198567
0.4215864318282871 0.9841512554686898
1.7019560023948967
0.9172819202014293 -0.6800617456797018
4.565419877558819
-0.36855066402432735 0.9563986588832825
1.6183642214094602
-0.028107156985356017 0.1908292928491914
0.4917296211379849
-0.16300038336717554 0.6958686155270166
2.402246713000218
-0.5248335559182855 0.3566691811741857
0.4784324961757376
-0.5146650408056512 0.2241978303818627
5.432874114093363
---
63000
71
-0.8548137565097045 -0.7417912452605643
4.1018167755561965
-0.6588672450759008 -0.9370485874452221
1.049581074753191
-0.009292848298088246 -0.6643304176803887
4.657358577622048
-0.4002079160979507 0.2270154003033689
6.222955890347897
0.1531655519803892 -0.9427159750099127
1.7498305868211395
-0.9790713667679979 0.9238083327940982
1.5099083030188307
0.41493979112038337 -0.6055632672137754
5.83312867819931
-0.39803962890525035 0.012415994704724492
0.297260395600496
0.5083357011970481 -0.2366858991435554
5.811138283669457
-0.09097219512917834 -0.569250092626323
2.5927268851331418
-0.5539810188555662 -0.712237600455921
4.132294131321665
---
64000
77
0.36134652395481853 0.8988532566527822
0.8032231403117719
0.5834939353632476 -0.9951379901377293
0.50755494963476
0.2845719840704188 -0.4115512232769638
0.2911947613873185
-0.9961849266648808 0.6695011799284292
2.3674831791242212
-0.06050500754660431 0.01683384024468248
0.861057975866478
0.8201620211837408 0.862870617006743
4.80008863376377
-0.3834012205166649 -0.7752820274626816
2.468254214519268
-0.7110344027432518 0.864690998886577
1.5431098185007501
0.7035068517371328 0.9453234417944438
0.7304104165593612
0.7547723535176715 -0.11285853344816793
4.660397646326961
-0.7101307931891341 -0.8512394700523277
6.258606568812598
---
65000
80
0.6389923512761374 0.47452341618084093
5.561335640126986
0.666532624910668 0.6293278609191282
2.810087383680829
0.9644554629679666 -0.19892650055165045
4.743580183219361
-0.13058356753968672 -0.1455708015515576
2.2093673091443455
-0.9131095933854592 -0.7596005698271217
5.151403356421285
0.879740926678841 0.5302396485418751
5.026650174398785
0.5836149521035988 -0.12159835700488122
5.634452595279973
-0.6809474222594757 -0.693786257497027
4.157352677975056
0.10452790661645352 -0.37433465616095957
1.8851416929292095
-0.6457031925152094 0.668827154018218
3.2428437365889624
-0.1034139972272381 -0.3784053693363068
5.006445307487145
---
66000
66
0.6067677032330726 -0.8327377172129429
2.0243332290157214
0.10721750627262676 0.10028404765241175
2.3074235733156447
0.9202970913165499 -0.3409158619351955
4.595620169387909
0.49683973737172943 0.5402537769797293
4.774290765067707
-0.01880475729921536 -0.9445245199446696
2.9107474356817065
-0.7081682076936748 0.779986329304414
0.8913834565360661
0.03848074700218078 -0.6348806832072144
2.567938729070738
0.015383081036820765 -0.8053484659332025
5.5915403296420045
-0.2891142862521263 -0.8303753740560974
1.1690035252663469
-0.38067463470661983 0.34461515325688497
0.6075063720342104
0.9254056544584566 -0.23301961001109156
4.139358936515882
---
67000
78
0.7695836378712195 -0.6088895191669824
1.939679500192889
-0.9199169272243142 0.9961519200786699
4.104891495552849
-0.39660444067079825 0.6096632568220133
3.8305835342808523
0.45498179289718754 0.6374755184828509
1.4404706389665884
-0.24314093953232213 -0.896188153687022
3.7749591988334816
0.03765313309952341 -0.34467750626598204
0.2805822362126182
0.9127402205580291 -0.14159298773646584
0.5509094559857375
0.6223260965449504 -0.5022462718107996
3.545206022971999
-0.8034410658962641 -0.26341201947405457
2.4315266717845416
0.07583233032621062 -0.5054580890568412
2.584884409211787
0.47512612463393344 0.37780672654458647
4.591839815973749
---
68000
69
-0.2859574738956331 -0.31670965895418984
4.790519657705415
0.9309404449856765 -0.8288961490543972
5.234680281314929
-0.8004333255214873 -0.5556844918261657
5.903249093887066
-0.8736848250631617 0.5586707139769158
4.842604967240967
-0.4210259033841383 0.048188415425705455
1.5744569379475744
-0.18259602033588404 0.9262142953627138
4.7082997653359735
0.11445576551480743 0.8444848659909727
5.232528572281182
-0.13861285929503891 -0.22832851596411094
5.048885358847804
-0.4386792354409741 -0.06487467010602789
1.1910752619730873
0.2538501505918255 0.22756314500962987
1.9263186066666123
0.5195093430650682 0.8319090223849631
4.097071342941417
---
69000
75
0.46031407692833215 0.25995891788228753
2.018864900310941
0.28738039549705247 -0.09961273233437286
4.571868995845411
0.4476582939247431 0.7349520111566006
2.4289450195930886
-0.5232380400592387 -0.8407273174226796
2.3009857755471073
0.8283379429318066 0.7368938801380859
0.3191033710205877
-0.7714108818115485 -0.0008977418154461486
4.535433499626337
0.14359152199232295 0.16436434844434802
3.30436368945751
-0.6055326247729714 -0.28160952403710177
3.7918946264920006
-0.034356605386985165 0.1302050187863984
1.8730117641825128
0.9210594662364932 -0.06524563719852497
1.250623181589761
0.07031949117973205 0.18273633447104462
2.2178145129273856
---
70000
80
-0.1847382688115441 -0.8300175332686751
5.579301234808854
-0.444741672581273 -0.4618902901382278
2.130746917817903
-0.6262495827138757 -0.24509732263244202
4.182959779824921
-0.39500519925297267 -0.116859004017132
2.3415610425700972
-0.6014428545613074 -0.66705775565963
4.985679439460621
-0.8569129658163708 0.43669868411282575
2.103716075294865
-0.5555713580023437 -0.17424417849111778
3.3476824319271437
-0.4874053856268975 -0.045826973303639634
2.5513138216684865
-0.6050050116547068 0.2818781383297599
2.4857492294384844
-0.33485659054199546 0.3288676883178859
0.5232486705231567
0.7536749920542404 0.26905845603989825
2.46266626479812
---
71000
80
-0.2778283650182226 -0.7770001643806819
1.3062300137637564
-0.052001841449182754 -0.6891118663489096
0.7295673683157853
0.08550371233905922 0.07056691244778832
3.630856500716467
0.5629172174185235 -0.5040766825226273
2.686823302734423
-0.9587128857546705 -0.7637948310314564
4.617277702560684
0.5087413726294442 -0.25617469681561233
4.439003947013919
-0.6767931340344853 -0.7960286797181321
3.5146276342210685
-0.7751566770112335 -0.9426000949615765
4.583297894653327
0.5315705503497141 -0.29982762888214615
5.236381148872687
-0.7742766675989158 -0.5150383854858163
4.53717437609789
-0.9045126693615432 0.4749358673525626
0.5573669445911102
---
72000
72
0.3396981386387541 0.7214496561796928
2.252553529537332
-0.9666763392480259 -0.37899925348412833
0.8728733668419926
0.40533650482463335 0.04448916657605595
0.7324961951835514
-0.5863204579442695 -0.31192193414162833
0.29545304281991225
-0.6140549013452641 0.02866199943214988
4.802954719189652
0.4433190807726973 -0.27909600638716414
3.077528258375094
0.7949341050861165 0.39867720199491186
1.7789883041190269
-0.3671857036691615 -0.7883495789661475
2.8266365255714865
-0.08652892343157853 -0.855222002887818
0.11886177400684961
0.04856222321892141 0.9729093950163622
0.4612127658073826
0.7863477119333904 -0.9935067299752968
4.683293414824433
---
73000
67
-0.5954371772101209 0.9552750286053968
6.224808519328477
-0.17435789210093378 -0.7046408535013973
1.2699084446067532
0.30193719299620325 0.3564239467287145
1.301773237439618
0.22388321688343488 0.1387600022914488
3.7450280420250657
-0.29247844182817084 -0.19127754518597884
1.6231973846387087
0.17651517249449422 0.49774100940856464
1.3507355005277963
0.8361723186076581 -0.5030605969666295
4.675996606135003
-0.6811526894803487 0.9365441395825614
3.347600859963001
-0.06399536016791091 0.7788208914815477
6.18807704154301
-0.5883632504965627 0.15400864326103314
5.674305939392876
-0.18855090922936688 -0.8421126093907242
3.5928113565472932
---
74000
73
0.752356104140792 -0.7080528157530012
5.292413494120091
0.630353724505253 -0.822909656295044
4.723788330887059
0.05685384476584297 0.4262503705748938
2.7351064251804926
0.7628794310966298 0.8802434983002763
2.708412162194046
0.6320229882076136 0.8207502765791631
4.157903693132412
-0.5708454080903563 -0.6679517897927677
4.099524366016096
0.981567197232402 -0.5793887016838445
0.5475450342599748
0.04139550507105971 -0.631854132113491
3.8660698203651362
-0.3067582789499484 -0.9308050164074821
4.858690371688221
0.613623204824672 -0.9765191019803415
3.536162526052281
-0.5410895458670573 0.7395338334531426
4.098731268855401
---
75000
77
0.9465207134359623 0.4051125716100013
5.569848258309607
0.3327092764798265 -0.06837701851726169
0.6847272496415542
-0.6886147729416411 -0.3129157352545875
1.2843196710852878
0.04908143765072613 -0.6589219062848528
5.870297849976108
-0.8046392195292743 -0.2562285734073553
0.9732387709562023
-0.3215903723087009 0.3268109183859831
3.0732430022733537
-0.0972363083293627 0.8776302628667997
2.80451857207283
-0.08663652803586899 -0.3580092434957115
3.7908044927565268
0.09519195245622841 -0.9758534357765787
0.17362522556017357
-0.540197805636734 0.08082193035751936
0.5003045111553384
-0.6236849187500578 0.014734060762743459
1.3882278987536356
---
76000
81
0.5145693668716685 -0.11562606597147297
2.42181112634483
-0.14740034086449655 -0.6089840605782143
0.6389240837011068
0.7996916798761963 -0.8391497208843807
2.5478939067017485
-0.16306828516538163 0.730995068066724
3.2080456373797244
0.1620808744534552 -0.3332796113708091
1.9631182450294666
0.7582649624780693 -0.9674219966921492
0.21275447398837066
0.2643428869625002 0.7247328523259583
1.5529793489817072
-0.3304840061729963 -0.530319905457588
2.0429047191051852
-0.7616404835112379 0.6623505526847415
0.580929444133111
0.04135551730550317 0.5495182797054087
5.527759371425412
-0.04822285049027533 0.3654544565489525
0.06178838663331998
---
77000
74
-0.7038844054202782 0.7971195768372957
3.724072035162024
-0.8034783851224053 -0.8243370285687532
3.9991889211488862
0.9298144870270564 0.3240625423369387
3.1737978695544733
0.4019423757638574 0.8816857852203877
1.8834103688858193
-0.38297232125684644 -0.994422642492071
2.422231548363351
0.45466143191551156 -0.32477771486866874
0.7999143053422166
-0.5949555817544095 0.6053440927501292
4.487427676890212
-0.23467483078652607 -0.3830462976330703
5.777280754118854
0.38708527626592254 0.0461779356320257
2.289866741067091
-0.45219661412749323 0.39179752320857475
3.9948882754233423
-0.6602864491473277 0.4919968001284183
4.592216396659953
---
78000
81
0.023314488024987104 -0.8896472320617693
3.730205478152139
0.058053699889208665 0.654337553315466
0.37435315656122814
-0.68784778532159 0.1876165944720985
1.8746614854075458
-0.114006912525628 0.4046492147047854
5.580311034354624
-0.5804009069520069 -0.8652880191634024
5.256848640774749
-0.4674269158921112 0.681247924504783
1.1998090814017273
-0.6952117353088769 0.4917728175920978
0.6149978480587128
0.6444160030514088 0.00021877617712730973
3.9492100044872958
0.37247229995832987 0.07454247738643827
4.402456737078044
-0.5412915802572582 -0.1484021733487902
6.0638628838517645
-0.42125445557725333 -0.5979703643578524
6.078741262904281
---
79000
78
0.9040631142842278 0.8381434953583363
6.196608239049456
-0.1852605850263809 -0.9393710329238533
1.7373794790053205
-0.45574397506585884 -0.309239696343684
0.5782204449748649
0.9340275603124323 0.9609264024388928
0.09962535585049626
-0.5614296089319977 -0.04420849871413657
6.121208090347185
-0.5077496160045416 0.41808067017465306
4.776901086985565
0.968092064125633 0.26289365479715404
3.4372101943456874
0.7081726671182355 -0.8771555693777231
1.3304735322215722
0.6845226503961281 -0.28357219273636236
1.573954251503844
-0.8832502526628601 0.30169982052531485
1.5606104771814282
-0.5015370295010215 0.8548654487250138
4.0144696717936235
---
80000
64
0.8125018900367468 0.27695869615191526
0.11300890659279683
0.9619314527605158 0.5126913362269854
3.8130626231273252
0.6955692305220352 -0.05551487570254931
1.7081525198010423
-0.5766115243420536 -0.6603112622399525
5.740086909737408
-0.39445117430702586 -0.3771338184646539
4.774026344925188
0.8087558149107725 0.21438617348308708
0.25556496728951483
-0.6986054911605952 0.16980257082793376
4.423739550265305
-0.24949584124385793 -0.6524297352361346
3.7975344126375337
0.6412015441927941 -0.37605679629037125
1.0178771698019027
-0.5401881603398992 0.8533986658461098
2.785440901476417
0.932032278286726 0.3298834408005823
1.078557939199638
---
81000
64
0.1711270037053661 0.10667297673791086
0.38335473904380646
0.06999326887574941 0.1214756449180734
1.38966747145294
-0.1869753709606123 0.4313457048958018
2.977571601051247
0.9868215007620219 -0.8072319161539191
5.440384113139889
0.15066734772259952 0.28025069240566025
4.244532799977689
0.18624362228948546 0.38408401482328347
0.5036799622525896
0.7287843511167506 -0.359405327469409
5.1500881459162535
0.6165839621970968 -0.9386103718188088
0.9430592778869968
0.12848314445881315 0.9108239622956056
4.298048161796484
0.20620653753019827 0.09696852768612783
1.3590031421067978
0.29040949608379085 0.8426290128440775
3.849460316986086
---
82000
81
-0.721945006566224 0.1403710043044643
4.560293614610611
-0.7155237826177053 0.13041216642365216
5.598759038667776
-0.05335664711271852 -0.4101779245842431
3.56038338045568
-0.428424374712706 -0.9564567087801078
0.349689227241087
-0.43004344148922524 -0.6925484651196229
6.0786680072635
-0.23253245086801716 -0.7069281742870269
2.832728279216634
0.46412423247953766 -0.9325543380539555
5.795261854703546
-0.2900184899653962 0.4530752260676743
4.048396855467687
0.6870712676628227 -0.03242548848294451
6.032762285555575
-0.11739229904471583 0.5253204603170002
2.5738521007668327
0.22104758176587624 0.2904065578659187
5.402100134818073
---
83000
62
0.12633170026851728 0.3779822493425893
2.2940736140204567
0.11119127842566492 0.36642121057363075
4.581127505115811
-0.22229505880147732 -0.904924409863283
0.7801205662754587
0.9843476574301916 -0.01922207809956375
6.136945643257833
-0.5282273253384817 -0.36350547336413946
4.181121877133695
0.25405766290168896 -0.5028815629916369
4.707530294270361
0.577442641822749 0.6324814281237716
2.9891419007176108
0.07086662416864122 0.8070776158457279
5.431435225729204
0.469942751938736 0.17122872262986014
2.3140445701389947
0.11568067092615603 0.940450059953618
2.4740541512016803
-0.8853685529230539 0.31898354563161635
4.543692452804102
---
84000
73
-0.848664907617975 -0.9147072883764932
0.19838049486541498
-0.8691635420858618 -0.9408177664315568
2.834302606587837
0.40817966456264443 0.7141422389171838
4.025954848314799
0.7014661669501011 0.5206757193421536
5.21276434706163
0.7511328630705238 0.11823513906515513
6.273361246764016
-0.26867116346706893 -0.5835972681293734
2.179838048758909
0.47136913216833964 -0.4521416088501207
5.907624708052767
0.066360516583068 0.22572505745733995
5.981617509997497
-0.8201482109812356 0.6509224436054857
0.1106579790901101
0.07727151226818044 0.3262251505608812
0.8439976368594042
0.6123413440212981 -0.26575229222942315
5.712631708095497
---
85000
73
-0.18799010240465866 0.4144622161286185
1.6857424794746767
0.0674427478458328 -0.0430806086591182
5.221780240613571
0.5282645504856938 -0.4791021273817682
3.6538742061219676
0.29083658765550885 -0.2357191194001117
4.367054277890564
0.8056802907150031 0.2826995455126689
2.04935880619003
-0.8559131547513783 0.7998403546318362
5.229279543713104
0.44558532922715405 0.3903705602494494
4.67922013576817
-0.3302294351652882 0.26162017409158556
2.46697398631278
-0.286008099472134 -0.3777183053429536
2.702136291046938
0.6938229034810091 -0.007083528551277158
1.1804489175496835
0.23636039602910636 0.8774157453477688
6.128957656473594
---
86000
60
0.37798969649649783 -0.21095931730202935
2.083134245529139
-0.6973470962693075 0.13979607671689934
1.0694333754753362
-0.7131840486397332 0.9147585156250695
4.416259757849667
-0.7021868107686356 0.11978817829096125
2.7437721751866473
-0.22175914110515854 -0.2945600681289428
0.9120187338419488
-0.9993077901312573 0.1950429805971532
4.0197962533553975
-0.48858003902075325 0.7381695380924277
1.1387845870132818
-0.7718351362252046 -0.17802362699414248
4.523414904320886
0.28477438453862564 0.6802706359666888
1.9394551411173602
0.21091110663734194 0.9228578198478832
3.533738344451409
-0.813926223202549 -0.7908365643234372
1.717926272756415
---
87000
82
0.9013574669080673 -0.7262503425690351
2.7476384435468613
0.918516653129597 -0.7560692841042387
4.1613647754656515
-0.03562934474440539 -0.26873583991368993
0.006279977262815706
0.3866288074043594 -0.8265972629072917
1.1310235769294672
0.816703157877716 -0.786302750054718
1.0218556986776925
0.19706163491838036 -0.3942681624998191
1.1769757175047648
-0.6607659039351378 -0.47559416487505457
2.951386618330541
-0.3828488744570214 0.8702874599743307
5.279158651065247
-0.7668498890709322 0.28204399179536266
1.2338890307227537
0.8963163593524823 0.12429342352225975
3.3214798293861665
-0.7773654765358828 -0.0017008178304359356
3.8356126171643687
---
88000
78
0.6695709543700337 0.5769123810384686
0.21143168363278622
0.170265870993708 -0.804844026089301
3.172384735526828
-0.3197747297204484 -0.01640187419999119
2.1975778571478832
-0.09681045450750939 -0.8459892023645712
1.3492107243267473
-0.4595959185708982 -0.4142485727705943
0.8652565172524653
-0.5263758007909201 0.3675393371187816
5.087393830749925
-0.46659996101174406 -0.7754032215604606
5.869822349436626
-0.7498658533266872 0.42796821030802523
5.242716675350235
0.1576540525753676 -0.8548281614209223
0.6960596961029015
0.19269923025284505 0.034730279646603815
2.9639050267333236
-0.006362279745174879 -0.3216867479941305
5.917241658072374
---
89000
73
0.9723947200856813 -0.8315094040379424
1.0984888610532961
-0.9674918590982665 0.9697448980453596
0.9077056056525548
-0.3943829825252823 0.7950523089474224
1.5895592472859654
-0.6470420778523324 -0.5356271538378701
1.9200549209488873
-0.39752284159951295 0.8103266362136121
2.414422619507752
0.2440471213983383 0.3854687412600611
2.4793548133354415
0.4184968345171236 0.3115056169947871
1.577362361312887
0.91258663896571 0.7881317875270412
3.4635012269300107
0.632999542082736 0.31339487088479817
3.9347799087639093
-0.13258482107081154 0.15682972211316468
3.008897042391972
0.8775423083672124 -0.788130507040649
1.4896018187794722
---
90000
65
0.7411163061549659 0.6432559992930703
0.3909691316387778
0.5995838855693081 0.41799919565769533
2.698233446111903
0.8729517616500373 0.2757964228307897
1.3790547537209132
-0.8936585076313116 -0.06935697196050893
0.3929004382064376
-0.9892943847951908 0.28637326148471737
1.9461903819390431
0.6239286556820224 -0.984214947006833
0.37143025100741633
0.8385102744273722 0.5510754548908087
1.9051021130465395
0.6532553891508346 -0.673794065788422
5.799889890810889
-0.402661575066951 0.42995431933232386
0.8689341446020746
0.22105225874541617 -0.054890285280995744
1.9882083066126413
0.713004771045382 -0.67351652879348
2.2954458599312533
---
91000
55
-0.43175647120031857 -0.6974364710644048
1.4566207832060944
0.06144782979622416 -0.1442566272239681
5.413154799654225
-0.6662484448950702 0.8496968103347977
1.6337465328949943
-0.014957121559961406 -0.30547778561145306
1.9116394640712064
-0.9146392255711628 0.9637459638843789
5.37748619646242
0.47830729231669544 -0.9275242805249002
0.2224809048105003
0.9554551600098293 0.49561642618967316
0.025516546491294534
-0.005916540469686874 -0.9063312886779645
5.820790929250073
-0.9497477384574635 0.7329869221229495
1.1983684818699327
0.5375798603888823 -0.04118018750702364
5.472548151069229
0.07681017841062289 -0.1347528331991734
0.20151374150023393
---
92000
76
-0.4099255096575719 -0.0918127214776957
3.087614877915702
-0.37839060851381917 -0.12490217536951453
0.13785390464445957
-0.14458251758004143 0.7954890604853132
4.867795642442141
0.4149839492288281 -0.5082963975474414
1.7024015199461981
0.7156115939582499 -0.9502510932472703
0.9488571844744689
-0.0501043951209891 -0.5357184997376614
2.453176769101903
0.5946326980834659 0.8243276839574843
2.2584315100555736
-0.5860383038220507 0.19561463651115796
0.5285871160246378
-0.7506643804194945 0.1960755228511903
1.7756712740175988
0.873523189633321 -0.2019806462066056
0.3947417647933209
0.7813602393975596 0.6739421344813331
0.6481385806851572
---
93000
74
0.3594593854627639 0.9451469971518631
1.991987179418021
0.3252717213075047 0.9853941908430848
2.541263627328357
0.05515615079578713 -0.26901310487343916
3.437580867746054
0.40763702726695183 0.5848977113682423
3.5689625070721194
0.5465078918581967 0.2718668195504768
0.0949650494762988
0.08303025658180457 0.3409229145407175
5.942736136982052
0.2171529326326022 -0.5975259673690722
4.574098030496804
-0.7526087417827223 -0.9905131298191265
1.3104339232308826
0.14357833748800095 0.5304362646415083
4.142300569758418
-0.5227766736450113 -0.27754224744225114
0.32868879619680413
-0.9764597123134929 -0.530020423116342
4.937345986562626
---
94000
73
-0.1981438358919397 0.7824900898287929
5.155080832516934
-0.2551943000328988 0.9809834087751486
1.5489173998373849
0.2759472201607011 0.36600068327998286
0.8621752279135366
0.6389325302142604 -0.5749232546812364
1.6046440003740567
0.5245288041730913 -0.5214876510719815
1.3011344893490593
0.13908115494047202 0.26461065753130675
4.25579058720664
-0.9813833990231979 0.3451704903400118
1.4421455879925063
-0.12850283007853747 0.5644092442617459
0.6761524618768826
0.23206614360048133 0.827831670980626
4.194021984251015
0.05887199992729884 -0.6120831865796674
6.017701958993933
-0.9019095323265746 -0.8420665879741018
2.5725373964835185
---
95000
67
-0.8657253450239321 0.1818819203757565
1.1325645092160401
0.8721268820803767 -0.6262813860843042
4.446179118019684
-0.6400132904018008 0.6104574764998634
2.3621121240443568
-0.7106153098653969 0.5386733069856826
2.9282490935195966
-0.02411624629275482 0.47459660327063896
3.904298609874499
0.9530031710301772 0.7730791258519716
4.368146759464007
0.4348068008603051 0.2817595854631953
5.3682606503056896
0.7844153695631723 -0.6750759971786633
5.408010578724101
-0.49808526979813783 -0.8484418387484368
6.039150464920202
-0.6589599808372937 0.8113654293818094
3.9368595003113542
0.875737462529163 -0.8281232118255186
0.6295056580888776
---
96000
53
-0.886851797649817 -0.5092699078623845
5.144654889471224
-0.14045217196212129 -0.16057370792810477
2.8538161815708127
0.43182995274102354 0.21129139027903193
3.579503004360334
0.8923686839353406 0.4558744988498976
1.4545828312071265
-0.6146314084142824 -0.7841892125570776
0.4349738000050465
-0.8467727504223438 -0.4169313354427112
0.8019258561805285
0.729722096472197 0.21334409973905913
2.662880322124929
0.008223014982038524 -0.2803270809637375
2.257790203349007
-0.3373522767278913 -0.3296883094293587
4.262259245734596
-0.09867553840666492 0.17706149937556664
2.0335973538833
-0.6535653943338146 -0.9726295100542103
3.9456864403851055
---
97000
58
0.3834395212146083 0.30731010514317075
5.3147223056595205
0.4338541196603509 0.2500310304354542
4.079527060515694
0.50742366521829 0.7015453971053373
5.319599769632844
-0.016937806912939116 0.773898884108438
2.098435951422016
-0.44012330422092144 -0.5178156434591639
4.732361387409882
0.4233092657068598 -0.025807384295198944
6.215246771322432
-0.5461712663000234 -0.23552765861888197
1.9235895377301118
-0.568538440575123 -0.7364676556057183
5.929456656199044
-0.3860602407498742 -0.7643679735929502
0.7176115381068691
-0.38309006794359124 0.7405107728923415
6.106107431743011
-0.573551395811925 -0.36295613375138736
2.9238871270083813
---
98000
74
0.21130766422049743 -0.4463801736747993
1.6456873433142403
0.4438141183521658 -0.8168602723247562
0.1809551485601384
0.768797165544449 -0.2833307784217714
5.560083763971829
-0.5579128903494249 0.6708154535812926
3.5738761239406625
-0.04574903815840306 -0.016081524751207735
4.347436805875143
0.941844264945231 0.6927320234474752
2.52789821214103
-0.3485823020319379 0.6158476184309405
3.678016220131349
0.7846360921452193 -0.6248740707219217
1.8986548999992712
-0.5867677626811193 0.5019242804525705
1.8641734659574745
-0.5103816191896746 -0.9082191370209617
6.2371264396423065
-0.19967019001342412 0.35960489492338893
0.7505927896610975
---
99000
63
0.16747488168169208 0.0036938908946323804
4.223597416764585
-0.8965398220889816 -0.6850974012244574
1.9663289190710778
0.8027142256737316 -0.6681616292596888
0.670328607731169
-0.4906878605719435 0.05881383553005287
5.549252064897983
0.8994203120563509 -0.11299614481571572
1.125706640067726
0.30530203749999685 0.40992292765713434
0.27799877945844376
-0.29618843461651945 0.8545252032821394
1.658824509478027
-0.03878683376252989 0.6879882479164712
0.8817581765975636
0.6434898316936943 0.8427559682996743
1.479355330055295
-0.04258320243037872 -0.8247928765380881
3.5125013482696943
-0.8214349067291833 0.07320849695453817
0.620402609706602
---
