100
{'run_name': '2D_rec_10_total_boids_short_chase', 'annealing': True, 'annealing_start': 0.2, 'annealing_end': 0.002, 'nr_observed_agents': 2, 'nr_of_boids': 9, 'predator_present': True, 'grouped_spawn': False, 'predator_halting': False, 'record_keeping': True, 'record_frequency': 1000, 'exp_folder_name': 'big network 5 observed', 'boid_speed': 0.0333, 'boid_color': (0.8, 0.8, 0.8, 1), 'boid_turning_speed': 1.5707963267948966, 'predator_speed': 0.0333, 'predator_speed_slow': 0.0333, 'predator_speed_fast': 0.0533, 'predator_lunging': False, 'predator_lunge_speed': 0.013, 'predator_lunge_distance': 0.1, 'predator_turning_speed': 0.7853981633974483, 'predator_color': (0.8, 0.2, 0.2, 1), 'predator_confusion': True, 'predator_confusion_distance': 0.4, 'predator_confusion_threshold': 2, 'predator_chase_time': 10, 'predator_halt_time': 0, 'predator_eating_distance': 0.06666, 'height': 800, 'width': 800, 'graphics': True}
tick
boids eaten
predator position
predator rotation
agent positions (and)
agent rotations (interleaved)
----
0
80
0.408048476011345 -0.2942205133832011
1.4935042452177092
0.4370557857256121 -0.3720998191540671
5.592764405023878
0.3404742853610086 0.8581351649400633
1.8955898211453839
-0.818936619403202 0.07714015652448883
2.331669788218447
0.4624142377370527 0.8964312954605028
3.0026519853577867
0.5999149992309825 0.03964750483135174
5.396516124009647
0.5972539162841344 -0.3033450345048104
0.7992088760075824
-0.15641271371889973 -0.007476978870332364
3.502379278920042
0.5635306035236165 -0.7959662107606363
1.5001827815810866
-0.01787051634763354 0.14476519251523434
2.763140699993011
-0.8509752357820135 -0.8304509068171366
5.133008023811984
---
1000
87
0.5186110316457921 -0.3553599902814432
0.5375019879976931
-0.334209314291852 -0.19439547939185925
0.5357417845111492
0.1735507126256094 0.41095210336750765
1.9772758930996188
-0.3808022761505184 -0.9607558159804135
4.367860813945653
-0.26357187927167347 0.9851038488295865
1.4260537901678392
0.35840934741226477 -0.6249682892361998
4.853616240642334
-0.13592765547788008 0.8957658189876305
2.8482902889596318
-0.32974040616243666 0.1294946220387501
3.6806856539594675
-0.48200573661130813 -0.09608747579213407
0.4789005305810452
-0.24984584777518482 0.4733853605185374
2.67678384621727
-0.8353112687293776 -0.717960002959302
0.31784238585866387
---
2000
77
-0.4693670796456845 -0.8838748558473878
5.606249715359991
-0.4947557721312481 -0.7860256889719839
3.1426738531488114
0.900798871332424 0.9663592506112365
1.6989432871843437
-0.2749762052626042 0.6023502859043137
4.025782953422322
-0.4680323016463333 0.9241686409571965
4.695488069584453
0.8569327016744336 0.45959123440854444
3.326367016703599
-0.03527900450017842 -0.1599173657596727
2.403363223300526
-0.4483744451227759 0.8658379167798426
0.9370433406139975
0.02073891195371739 0.9210680997478194
2.4163120366160697
-0.6982249146370232 -0.09134214325664544
4.0679725582823
0.5837663972483549 -0.7905509830398614
4.462370052521939
---
3000
83
-0.6664697051532489 -0.7103791289895764
0.1066547250967837
-0.6480208192812 -0.7500775371960455
4.122888673836581
-0.1846203539240816 -0.6146934004028511
1.7475087736812593
-0.32891616290710024 0.6008304575068493
5.511999212162974
-0.9891429019679858 -0.6050494375247617
6.003265779104593
-0.7383256555445734 -0.2835192314747583
0.5082784992049367
0.9051988037243932 -0.4774156567027128
0.5298223273450651
-0.8896127701267671 0.6336085616494069
4.913385445538788
0.39265412817989637 0.3603196540791036
1.2522387833683366
0.17120137398824817 0.29129102923749406
6.213409945898816
-0.5780892559367621 -0.6080609294406937
6.080923777464307
---
4000
90
0.537203303043639 -0.3257591870935886
4.488067937995616
-0.22288416736395059 -0.012492336068193506
4.413260878419166
-0.1939232602973868 0.12084706104605587
1.7582955830334637
-0.8800182026600615 -0.6382918497493881
0.4644428693245306
-0.9583084711027391 -0.9345834252975502
5.791871120579867
0.5952767026536814 0.8801117714798112
4.22189882938347
-0.198030576718933 0.09706197685653851
2.4453821029435856
0.8970032200507226 0.774762874569699
0.620189868688727
-0.6433385563411727 0.40076896106595394
3.6596705128610516
0.020972792875464108 0.08166024445370756
1.2130978866222213
0.2944618065354487 -0.13542048777697635
2.9644067180131852
---
5000
85
-0.3260956688638876 0.2809460932380035
6.187169866345446
-0.3344436306424871 0.3005598679144732
5.646289288145328
0.16914266393627023 0.8842556019538965
5.3320365673334305
-0.714010347054048 0.2697756755690503
4.454523381241728
-0.02042316612635302 -0.48506508042134977
0.6493325710009428
0.22240493750136156 0.7800714248327246
2.325216220610306
-0.10861064330912262 -0.546496496876864
4.86435697115997
0.7586386199491773 -0.29165219427714745
5.472304216315884
0.018133686218373808 -0.5279535227662069
3.4873917387356874
0.09913967858365778 -0.5429811114706794
5.869058178133573
0.19900427281362193 0.5377707718936335
2.8724717796377623
---
6000
91
-0.4914092219182827 -0.23310803295372662
6.19205514196918
-0.5734643262153349 -0.18868712210596678
4.979574278485909
-0.8384911823007924 -0.6685233862741347
3.0387576663425726
-0.5216600561589916 0.8199940785146181
1.5410140842874078
-0.8337145717615918 -0.6988187099879368
2.89326068191769
-0.9609261789909499 0.03028880812946466
5.987481062377988
-0.9135987240001096 0.6187987798243832
5.594689022242418
0.7808673239136982 0.32910086492621876
1.3380051773229953
0.48129337438707237 0.6322120708413674
5.427380916167212
-0.2850526576981106 0.22518084742663694
6.1993806022873
-0.13628993473601958 -0.7012938830300669
0.5331554041235211
---
7000
87
0.10208632480022568 0.09590992299084034
4.066186279967198
-0.19129212729838932 0.3081051359205607
1.5730775581190706
0.374932312168844 -0.0003321946946734343
5.60919540574098
0.09787357045241232 -0.32522852412903464
1.0261603858051096
0.31548057691506165 -0.24063840684838217
2.6233645371222227
-0.14993556469604813 -0.8428949325395491
4.879552650035086
-0.054750973956433954 0.9148864741674657
2.7356291405198485
0.18944224435080986 0.5739267469860984
1.5128640634094
0.9836083462915479 -0.9394070944169
3.4197975622892436
-0.27577642163396504 -0.9795353117563299
4.794845042954165
-0.21246082169308408 -0.5908746477278919
1.2050650460396488
---
8000
85
0.11909983764870213 0.5393035243069785
4.75305502830139
0.00908892000392384 0.5746221273050733
5.421607407030245
0.39385290569039166 0.4528925076219754
4.214751962425233
0.1190304526837331 -0.03166462846216948
1.2359333149855756
0.8098575461490286 0.2359014065557699
5.784337801530524
-0.9175582172671688 -0.9455354754867725
5.908238886569399
-0.7402508614214505 0.5344897067602502
3.218026059330943
0.1791864440037127 -0.6173626875478212
2.072733143863104
-0.8618211664609594 -0.1864510934316121
3.2102634113738624
0.25245954853911295 0.4031287674398846
4.884842599619401
0.6585541362636328 0.2637856790590879
6.049434521492312
---
9000
87
-0.037314167756199765 0.37451020840741334
4.913237681934568
-0.4793296858004482 -0.5711800326080383
1.659513540221659
0.55161884209774 0.401349700655127
1.805190729790465
0.9630033785490741 -0.3167575462243342
2.283989099883817
0.143058575570712 -0.265328517668
1.0305153815912202
-0.21308265463924228 0.4715368312771732
5.886677023844293
-0.7667520033350466 -0.2387833627545906
0.04431521225212176
-0.9279209811134038 -0.005439991823748061
1.2715711821663858
0.9741849309726273 -0.08710647274617107
5.321503182663543
-0.3259932537345736 -0.44205254684091433
1.3777432775139618
-0.8081550038437647 -0.4590275349410849
3.8891183571309975
---
10000
90
-0.327884213233871 -0.14641489049594586
3.2905915009606472
-0.3560247027217012 -0.1247294095297001
1.6962921410971301
0.012682764111993202 -0.8283789115448977
5.621240694335578
-0.4987006386613799 -0.4465528931983374
0.15974501603705793
0.22177781324604046 -0.8145596245756019
0.1802121905497165
-0.4197754272846838 -0.7852551125238834
2.7672759168424914
-0.3442360827696806 0.26920775810370734
5.0589986603832555
0.20336926069872024 0.37187419127290483
4.825115867831038
-0.12092022498298086 0.10432941320127753
3.0815384763603424
-0.5375028771149383 -0.3217490280285481
1.2480002357702888
-0.05425105448580018 0.08795220464134015
1.8614654065701348
---
11000
89
0.1146599105090042 -0.1610311614410274
1.5874188571372652
0.007694736093111427 -0.12345886877878738
1.222431570737613
0.4194162989331471 -0.8252887168899087
4.888652469600991
0.6340781926976993 0.11403477534680902
0.5698283003891351
-0.9209528339886877 0.9593058252460667
1.7820154561536246
0.9009086747653009 0.21127026546918326
1.2428344724206193
0.3906143769824596 -0.4481243385555468
5.425227594588681
-0.35379951734192383 -0.6215688288066734
0.8490759043686342
-0.6686176458821304 0.9553462101665514
1.430845921636152
-0.7467730216942745 -0.4249180115059762
4.6035352199155755
0.49029977559007837 -0.35790870086860105
0.8487222673710155
---
12000
86
-0.029939075534643315 0.6901206014593207
5.705399535172694
-0.24479054689684254 0.6449468675376423
5.787566525599717
0.8217833879056841 0.08985505090837356
4.005799656717024
-0.4603860025481644 0.7142108270845818
4.0496993351125985
-0.9046503703731035 -0.47443589819963433
5.440553926253522
-0.240238564935524 0.91862811524317
2.236719181500006
0.3300322960550436 0.9451854191203677
6.266451857615881
0.2228520357214835 -0.2658618565331261
4.427892977641008
0.7865335806302963 -0.47206735253416054
5.311844427825284
0.43011109911976386 -0.05544118261654238
5.109251033761727
-0.8160753782574581 -0.21304541432347665
5.296542123430303
---
13000
88
-0.27426766854028894 0.32507488165685827
3.747544353960348
-0.2415843089187517 0.33475897410321864
1.556473006749095
-0.7241381399648152 0.8880771383378723
0.9695106219979399
0.46476210018447844 0.4743909670435424
2.3745325012557936
0.3270943188162731 -0.6658332086203786
4.2314062213460595
-0.6741483528243086 0.89652681168038
1.4048031679526676
0.7950104266759352 0.6694133610943288
1.5883725146419265
-0.8320387597747481 -0.9573155434433326
4.061176177940328
0.9490649728543735 0.9376965600845527
5.980590634940011
-0.08692058784512013 -0.7343346836353147
2.547614198522595
-0.09558808599145423 0.5341644845590423
5.321593272735718
---
14000
83
-0.8125127391540679 0.971472832021167
5.578524569548856
-0.7932199914639115 0.9584893700337469
5.138056843880081
0.9900567323405439 0.8018488318950939
0.8624960004524755
0.6810490571362092 -0.04671686265675149
2.9704012616990187
-0.5158294213366976 -0.17496522158159447
4.709000642777111
0.6887145133131082 -0.7199694092989654
1.84934291474468
0.038616333672699676 0.13431390757000994
5.5201865709062865
0.6597089593532658 -0.906086918430069
2.73689724390681
0.7855758535780518 0.19392550780468432
1.3229855151133778
0.6539519962076379 0.785694149786524
1.160643283635861
0.4552303033678345 0.3131992325758077
1.6694163784343532
---
15000
81
-0.8371210102065717 0.6927836152266288
4.338791822376291
-0.8679229562633383 0.5820285420053074
4.7750107850483134
-0.34190858680910546 -0.3025636387350057
1.7683508569512494
0.03819292911430288 0.9868452194676778
2.6012730288581434
0.720093104477367 -0.926344813501634
1.8870290443712063
0.5962292449823949 0.6855163010171836
6.276015254324683
0.6074339078867789 -0.4662166158522226
0.7823543598781759
-0.07984087464468084 -0.6944472525455198
5.6731403724719165
-0.7906709423810167 0.8191162738769902
4.041389633959869
-0.7456823622271591 -0.9700078227673895
3.6281030313141507
-0.6297587186543531 -0.7749897465881881
3.4065832163549796
---
16000
84
0.3278883861195801 0.08256408988356893
5.472665410033795
-0.4423409398283701 -0.2983784408787258
4.025164303553897
0.3645193578780123 -0.36935505688208725
3.625878172108804
0.3711177413611446 0.37907281391240066
2.2931897235771395
0.6869895337698197 -0.49146385983324953
4.297304410334812
0.6126777074270808 0.24462868696882714
5.133148874960315
0.6729815241860767 0.5988995342084169
4.227701596387777
-0.13785724803724506 -0.3029916074557114
1.0799133822764304
0.8120068451891918 -0.09268057710251197
0.5022047948989288
-0.9011566267066844 -0.9518687368101842
5.466988022463151
0.14788728157580067 0.41567147027895746
3.3602928007453343
---
17000
81
-0.2455782782688003 -0.8993371024546445
0.8456855267892429
-0.9602723884479931 -0.6883722509140177
5.621580432535598
-0.8826316867014928 0.1391015604240219
2.5247623310784144
0.21540019640018354 -0.8051684843464118
2.906307745971298
0.2592468707098822 0.812923293405565
5.170662772215478
0.6994474678408359 -0.3587834334976102
6.0895048837867485
-0.9096195120922823 -0.9695713316004776
5.713930986956388
-0.5460664946782005 0.2857687958110084
3.6192573362040372
0.4304837536091268 -0.9880560473874991
3.5763736176121554
0.8048038377998927 0.9090609345634738
6.11442885171998
-0.11908194322772259 0.18397545786838915
1.699661204435202
---
18000
93
-0.7275322421466268 -0.8557336699817343
2.594171555352825
0.25751719827141684 0.8870201514269273
0.31725878935789353
-0.3908222580041094 0.7015909973984868
6.221449967254789
-0.9205526156299904 -0.09823277998848579
4.773054770486383
0.18352301245098848 0.4027668538991442
2.62251901311328
0.09403465159183239 -0.7377396356153282
0.6410634223565852
-0.7435582904044709 0.6867419987096428
1.7220656633279399
-0.608645545620004 0.0019285911508359448
5.4413464375885265
0.48350413776595036 -0.0884739497370625
0.41057578988435584
0.5592627386027099 0.7381303837087491
2.917229427939647
0.07953179469953733 -0.7446951609147096
3.2026425926080604
---
19000
91
0.5669622441202368 0.9776078457762887
1.6951908262078526
0.4640930452380308 -0.74591431185866
2.1802387124584914
0.3806132042600544 0.3988599475416863
3.933284263153322
-0.7804096551827499 0.26796672510824093
1.0302220155674089
0.2876709950885931 0.5921661029595522
1.227106819068216
-0.30905310361144966 0.09846564164623531
3.954664040530208
-0.006996344179341141 0.5901426232482825
5.721355322934286
0.5974013378476513 0.03163648312447487
3.728272114900096
0.04743988632087251 0.3318105958665816
0.3349360904696894
0.7100576070738669 -0.7948074799482996
5.649151902520833
0.7723998978401792 0.6627034845749671
1.0255176415557647
---
20000
86
-0.4000102789363309 0.027628496353773693
0.42088854638418766
-0.46447553832040983 -0.0022711246537296427
4.726991287662134
0.2991073864343903 0.7984637192745173
2.5556650243683183
0.24928510226437484 0.03649540541712701
5.540156772159137
-0.04599208251432532 -0.7637505850990768
4.1301293451137875
0.16376638529726134 -0.0008471430230603261
0.35121932138047907
-0.7276322953517781 -0.7910602773363848
4.615449066476553
-0.6950552886315007 0.7942239932008117
2.096386563045357
0.1855440512492679 -0.7736389437522595
1.1601702613188953
-0.20715207906244532 0.6482668123440452
0.9323596898864794
-0.4137685842824261 0.05343387681948254
3.963268928414122
---
21000
88
0.8359926636131322 -0.7946142730249196
2.8400281820535467
0.6700415732408861 -0.8625658540577511
2.881841845788304
-0.8160321870110868 -0.9383957897673939
4.701923476587872
-0.20938627967978699 0.1981617489267466
4.345808903069679
-0.3962190464251355 -0.9564473212373396
3.546118345076451
0.07476384503087191 -0.4208536766380162
0.24311535572555343
0.3647997188333974 -0.3873078597056113
3.650635858385966
0.5140464547380096 -0.3858788426281417
6.212787589091281
-0.6165718112066922 -0.04095403537616624
4.773392147218682
-0.7910189744918826 -0.9049231069782715
5.80810754431282
-0.6029117029938769 0.36653330001724016
4.809138620518862
---
22000
84
0.47758808914375633 -0.5971886208205699
2.6823481606151858
0.22592057115506714 -0.5767816522152187
0.29024401241432596
-0.6695533783282211 0.9879861466440979
2.9273999141679488
-0.8601067032492081 -0.7595805359199121
1.0031655865607618
-0.5024349362368703 0.502588196282417
4.0179091739607005
0.9618344255717489 0.9203667177153597
3.566205430937192
0.888563001647976 -0.5858333429369942
5.117139670528018
0.6710958608890684 -0.7255353144848634
0.7375094909193569
-0.31891321929970207 -0.5779166007812924
0.4456261254518541
-0.7959900445748818 0.1623665967052345
0.13298005185029105
0.37800372311480324 0.2517590423188123
3.241384152115682
---
23000
94
-0.4477930266219252 0.6502091862395817
3.196850603854198
0.9933330675057567 0.2570220513694393
0.35258743214914645
-0.423226587206186 -0.9926395821240711
6.158028869637074
-0.61330255029025 0.5551622498864501
5.030030460083838
0.8686872455408022 -0.5623192568130835
1.539324756031994
0.9882449734413723 -0.7360502507846499
3.516928727020444
-0.3079810516336048 0.956910428718092
5.342211762148773
-0.727064970148369 -0.5887160976915644
0.7391055849847605
0.7200837500017548 -0.1300845949360674
2.4159067009489323
0.3079151846828549 -0.4290097613002629
1.4511168311204896
-0.07475698651692028 0.9635019556138901
0.18090581253146
---
24000
87
0.19682505896845537 -0.3551228676485307
5.593254593272686
0.09012556835712737 0.07192083858670531
4.858171056519168
0.8347176876602536 -0.4149840127782928
3.1260112260928263
-0.07894624597380116 0.0766291006088469
1.243819233416005
-0.7544409735244172 -0.14988808785032254
2.8295641077834484
-0.35128884547676714 -0.0072883472318608835
5.860965474125132
0.9912441066358393 -0.5638801928985285
5.244101307032163
-0.16749635487217635 -0.09464959269724385
4.808599496692842
0.030825564048527536 -0.30963104474754866
0.8239367083275875
0.11100230367462276 -0.6217546965584906
2.350888819508052
-0.5575767073256023 -0.8881976557655514
0.6596405783737014
---
25000
81
0.4145065970139703 0.5662419029380482
3.805780117034399
0.31515587901186914 0.09846072245657427
5.194756056676009
-0.940155696170216 -0.03829201530289205
3.162547894191529
0.4301693278936984 -0.04620714279009139
4.251611939085733
0.3158371673394709 0.16545208565812003
5.80233278866355
-0.2136152384187952 0.6081603241746841
2.956495868396548
-0.3739162704472004 -0.1803528122091667
4.168155286828744
0.8421039364474411 0.9199098273307817
4.675147708714591
-0.19029389824058685 0.27445231506079226
0.020786035311266104
0.2974697927336923 0.40971055269543794
2.8623644497322056
-0.470247612116147 0.015059580581676207
4.030310402369178
---
26000
88
0.727402643730892 0.5342623452999835
0.266556590201942
0.7300465252857438 0.6451235265513245
4.186738519980933
0.7308151948958459 0.7505255706872171
0.2537688051566702
-0.623797686334675 -0.10759793715342987
2.409435728028841
0.15365221364741485 0.3177282330415627
3.219080035501279
-0.6183489965301803 0.16276480106189384
2.9275866385786253
0.004872535488522969 0.08619517125477452
5.0046452669392725
0.9366197196659316 -0.10083158274828438
6.263843273043271
0.7372564030320752 -0.04142449822075457
4.5108596895165585
0.3392698641882948 0.3443161562666874
4.201527924161644
-0.8625431851396339 -0.41058640069515795
5.384753620139213
---
27000
87
-0.4287034203985709 -0.6862237576231385
5.728053723547339
-0.3072173613309859 0.12007534023576945
3.745451959490734
0.4188326351280884 -0.44019412761894244
5.560381799625063
-0.6822536906078568 0.7510984801425927
4.0455141352592925
0.5748754101745296 -0.569743438585343
5.4424199907342325
-0.6381321993404914 -0.31799046200793746
1.1904522006354874
0.057886433045414555 0.8415375189440271
3.1798341365279326
0.9724319657596034 -0.8794996943100793
1.864712791939212
0.7002411404945103 -0.6343329089801447
1.2586831481108494
-0.183170989153194 -0.7094885909455734
2.942499409458339
-0.918341382995299 0.9588691105351743
5.214119513562909
---
28000
67
0.7245816075780518 0.7596987120434109
2.1776322218828836
0.9315897707124013 -0.8908114916553599
5.441575504333029
0.9138444208764603 -0.963032422831564
5.7849311368899485
0.060200959527357094 0.04468709211866328
0.24931639572951525
-0.6057350209447061 -0.2740579143922036
4.429221145665694
0.047501426182104574 0.9324788588165998
3.0038602820720133
0.2434951145210662 0.880721933383234
6.133794349710967
-0.32666635631338603 -0.5533250864167962
1.46707125761981
0.9091212637736041 0.8021915694468635
4.669702677649664
0.6412064314428665 -0.011019888287551766
5.316309226886399
-0.19627041877320378 0.3331565658258604
2.9493410654389773
---
29000
93
0.28395519584514795 0.37365378452593856
2.5765888792682117
0.06088864533425096 -0.10890549977151284
5.557832987255795
-0.747455697850476 -0.3814066934289406
0.9722843332060735
-0.15063228866196432 0.9667051332976582
5.625688944634213
-0.5030944541264435 0.42176425293177244
1.5303601772554423
-0.862715917554953 -0.05014586409823775
5.7946857876949025
-0.9197858582381049 -0.5592825959758293
2.2843785721262204
-0.3037019581850122 0.9944902077116767
1.2208959805024548
0.615909824510934 -0.45876000806799266
1.7526499485905687
-0.8128687783693264 -0.7069249169785058
2.2214194945695906
-0.7479491801202269 0.8934813788117038
3.907835930334855
---
30000
71
0.28241085754451795 -0.19844870817028332
5.229070421023067
0.1833901486443782 0.14922211861171966
6.0637560808298945
-0.5977369016526513 -0.6396731383345353
5.61094982471969
0.22575607469399311 0.4775490709595083
1.9709317091430165
-0.4733507445819932 0.7354689728941101
0.6528000055937131
-0.41019858436632584 -0.07200428733175529
4.051226379691775
0.7179833476322022 -0.5481916601541591
6.017140822542624
0.17497975800302518 -0.13075933581289434
4.333764566624745
-0.8542928827646307 0.8003862003048123
1.1753606448251226
0.06733555867298073 0.5728670784573353
1.6302361144589126
0.5943411919309679 -0.5129569185446832
2.850135948597778
---
31000
81
-0.7143026317395034 -0.7325270648275706
1.6327874481256175
0.35224483511504523 -0.5214024211262426
4.171766383621788
-0.9955696930706165 -0.6490889885944439
3.0639474751776126
-0.5723241713780703 0.9314574265779197
5.727111862872217
-0.5746503537267678 0.5751825396014041
0.5961171716746465
0.1327970658098671 0.6734475150575848
6.224800034485737
-0.4879104953458068 -0.9054463433660731
1.0667782685684557
0.43496258479141003 0.5219142600836397
5.1491471648884435
0.6473026743386653 -0.036881621991824085
0.121462210953732
-0.5435827485328035 0.4583698059118074
5.351423419503468
0.35937813545016284 0.7140406003776346
1.9460116360023907
---
32000
84
-0.4584695808348923 0.23843674215281713
3.995423286598231
-0.35897559046502275 0.4444054562063851
2.5155537471566767
0.4374876270311968 0.8799549027336054
3.7292515770573598
-0.7963634888354647 0.2747774676633636
4.898747359935247
0.6974589613353374 0.28521635727574546
3.7566907858096963
0.8854715049348859 -0.14024051605952756
1.4247238755770404
0.7043567551223954 0.20203480995347894
4.872979829964956
-0.1941213273968646 -0.34077763638923925
0.3426938852080115
0.5661784407671318 0.03548987003500914
3.1849403656584423
-0.7597389182730765 -0.4253380934554315
4.714088673256594
0.24864555086856222 0.5403577559335506
3.7314965177540707
---
33000
80
0.6668901563956551 0.6115868472334534
0.848025513120521
0.9629334795774894 0.7544763074703401
2.759354033507125
0.9803966010270372 0.05087012882813299
1.8283560127595697
0.7460054396254235 0.5265418873574906
1.0846774870776503
0.4357437948101693 0.5418525163621932
4.716055361028729
0.6095296855695387 -0.43722966691379295
3.1805761643005916
-0.5358872075050649 -0.8429257135363184
5.685636800181524
-0.9384063738793008 0.27725035928044856
5.662859304621076
-0.23392379533088883 0.3218168316627698
4.951144515705485
0.9966858766267694 0.721501513348216
4.786423352770649
0.23375629770626558 0.17291767850391493
5.207891128664214
---
34000
84
0.1525899687336824 0.07323443590676308
1.977123372048707
0.3267061389667816 -0.04329581258916068
3.9525944125379455
-0.0958658064337715 0.30750604963042144
4.007922083911017
-0.9579689419725677 -0.1796101776222705
0.5399921709616207
0.4528983971448106 -0.18747535506217033
1.848055178846736
0.7605980970295345 0.7951492157118442
4.177546168830957
0.8132089674586719 -0.42991240992111573
5.46892704718314
-0.81417941305254 -0.016858833047442366
6.1287626113000515
0.33516273828850374 -0.16820758603216504
2.045025653262222
0.23223333880295524 0.0021162850979310477
1.062013329835155
-0.8363666983628827 -0.5571785395678547
1.5258744959320234
---
35000
77
-0.6036501884385104 -0.7875395394929826
0.2050161982128067
-0.6165163663552067 -0.7893854355241005
5.181007392531492
0.3337901178723854 -0.7484630394478499
6.07703528257872
-0.5768763895622742 0.4789012904594614
4.376779698366223
0.7396000673028188 0.9871415845684913
0.4688799167916091
-0.6433975240525938 0.5516985760545909
6.1517405728522
0.4440587860335293 -0.5325213733553834
2.4047170937545506
-0.13776695113863008 0.6394787521595465
6.088758546711515
-0.936618163709521 -0.9545194882695316
1.2079233543305614
-0.6343543061933284 0.9646454659726224
0.7126111851556347
-0.47097854919498905 -0.3416922376903019
2.474436186436934
---
36000
79
0.3686701951472194 0.35023909893570265
4.88823347778644
0.42386710907887326 0.43050045901498807
4.758422816644134
0.07633085228354161 0.021641861834660384
5.279243375384195
0.511403438866087 -0.026457820325395495
1.8938836274199868
-0.7620535334742886 -0.36445733276278625
4.361031562552655
-0.8555850444744993 -0.42968067602170823
2.6830838425179024
0.2688916908990279 -0.1285248010875304
0.05691249999938819
-0.6490203970416185 -0.2660505005552021
6.25332496260982
0.8068567053826375 0.8023343313355912
1.1831483893668677
0.31111534010294273 0.6689827663716599
1.4356428784739075
-0.40009997041511003 0.23905300822522002
0.841600490260153
---
37000
83
0.8104666011573776 -0.19130492720029094
5.425384848650767
0.7402161879749051 -0.20213852637782087
5.8266118514984
0.21590761352023935 -0.6007598055614676
2.5690494915838373
0.7878798006185683 -0.1818831779951412
2.6541931057385124
0.13408820679355218 0.14915973065950675
3.7778363260103616
0.19514103391516605 0.7801567355858482
1.6930628780396904
-0.8354374655603372 -0.09120642015697106
2.9316357942791367
0.16600247056820527 -0.003743745413153955
3.445109071383788
-0.7184765035340105 0.1208633255610665
5.801125686010587
-0.7300539172803662 -0.7182831602412656
3.8888848358639665
0.3714818364040314 0.09715824158904544
2.8676302218650633
---
38000
86
-0.058735765398604714 0.6931353572001419
5.177034638570806
-0.13651990591692187 0.9465520337920369
3.312329235609919
-0.318767877835471 -0.5304399444113215
2.65442175995652
0.1797855952173316 -0.7850865530898844
5.789367287892782
-0.5665138344350709 -0.5545791402432924
3.3091214411555736
-0.011514816024536176 -0.5799271370003908
0.7809542829766603
-0.22738676722421897 0.6663231056072968
3.5494983061873597
0.34413821422469226 0.23175454109385846
4.566393222695467
-0.17370185191711018 0.9895455052433909
6.192896952841053
-0.04005153929528905 -0.8145208775735425
0.2941091405944185
0.6260269632767568 -0.5877547916118129
1.8261310085553362
---
39000
74
0.32337965133991137 0.46911701217542706
3.115191356060062
0.3648551584677442 0.49797322532402055
0.9616019851241226
0.3900730301482349 -0.6667539965836803
1.8256224377740864
0.5678439913064353 -0.891061176463536
3.8706046259011124
0.5924786049943074 0.9803911609092855
1.077735688279331
0.9475262378270876 -0.8795707554440377
2.2822963884938305
-0.09615418835733847 -0.79454575343744
4.6641346344723145
0.23636764803478758 -0.5357589183710572
3.0389227778452925
0.5657574190035435 0.15332196771519058
2.05773858174961
-0.163958559325171 -0.44928352006218186
0.20801857963948134
-0.8356614877200979 -0.6320490703412754
4.715432908260715
---
40000
91
0.9435341512922861 0.16244457407720753
0.4391367529360463
-0.9412587828566741 0.3645808828670037
0.5961836495613948
-0.9930352883537548 0.3374355791237743
3.718628480402109
-0.8216688692888029 0.2740437788844257
3.1598237646932175
-0.3349145253051572 0.46362882797093496
2.4172562337499395
0.2577511557983174 0.4494803330406425
3.6106089014055964
-0.0867788852958675 0.5487752078352317
5.61847867433632
-0.840807742044931 0.5921849461865316
4.263177704241459
-0.3648464519850139 0.04922814993539901
3.9092838199413285
0.8812883889762151 0.7416359383374561
4.706841704543192
-0.3071744864340351 -0.3125718940152308
1.5395900090411319
---
41000
85
-0.9491372162303762 -0.8268615638884667
1.87339329509614
-0.9889595161543161 -0.7231350677257133
4.91770594893748
-0.5411954819947689 -0.34278170484271614
3.676437354961662
-0.604966620134136 -0.17212505906597897
0.8594336262649565
-0.9852194018339571 -0.8081328963952089
0.6404993078727195
-0.20680145568823788 -0.18661891249305185
2.6861902726599522
-0.8986920038368557 0.7283318120295765
4.992155731284368
0.6517859925922858 0.448314064278442
0.7148841302525808
-0.8089928151558528 -0.1827504380525311
2.5686550370639143
-0.7006829375133234 0.9274870613671935
0.1419777910318194
0.9807274132397351 0.40880758138352746
5.311290514580357
---
42000
81
-0.30603424766989434 -0.8738989038820597
2.9113217749242097
-0.34760687905284715 -0.8805774166610599
0.7738271399062899
-0.13006193746369055 -0.5772666966778179
3.663542351810091
-0.9312451800776052 0.7456640880988465
3.4099713368006386
0.8995751626463937 0.11979887495152454
4.287024690599608
-0.9950131062256224 -0.020755839147013927
4.711879682050519
0.7370145343710687 -0.9815521441575267
5.48772794445671
0.25853533178777116 0.19136998443531705
0.6706814679810966
-0.2619494800607538 0.8357287316448405
1.878530672983426
-0.3833410617953334 0.46822143035580127
0.47288549630144683
-0.2469919012354471 -0.9495808543841076
5.201790403123078
---
43000
81
0.5785035677048677 0.6153378742528914
2.2460606851939597
0.4326085247523623 0.0009292291380628391
3.8822852650299673
0.3025767743445156 0.3493518644617006
1.5400903035270161
0.036543168805142245 -0.28627864156942084
3.2676925461394566
0.9758982391193561 -0.4551815545870403
5.14446902384479
-0.6576796758266064 -0.8323485733147133
4.660145523533046
0.041736543911642436 -0.41555868739876206
1.0977973392779834
-0.866568151307674 0.2965281037520431
2.77298971977085
-0.2671577645317857 0.25723439887394
3.4627077506934656
0.13634281727080338 0.5173675699843573
3.0913456989629893
0.48455306413106447 0.21458464799729446
2.4593819489749285
---
44000
82
-0.7450101018421661 -0.717529527929414
5.0409459849303
-0.7029885991991134 -0.7644732450191207
0.3549082002489774
-0.05174387958621802 0.5113239244575568
6.110345468191049
-0.12847909880650477 0.5650119245247115
4.266914308399688
0.8652868766503422 -0.9483391179178364
3.6314610969490273
-0.3916629134320283 -0.6532823953215845
4.030340922634127
0.295646339062779 0.029960392508033586
5.638138561035122
-0.09610096885422442 -0.7835764575786666
1.0321724987947878
-0.635972478688849 0.6388152589722925
3.6931867929825737
-0.15579373055285173 -0.869923335241474
1.9980331974646708
-0.27568255263621594 -0.7107621825009353
4.166124109078321
---
45000
77
0.02859361558217905 -0.061957012800121045
4.161334170462983
0.07972213530930874 -0.13709259149546613
0.36830850173377083
-0.056618160065867625 0.6740807508584605
1.4436612128377608
0.4572480548703627 0.021727446587007843
0.9918893593275664
-0.25267392933156185 0.12676198609866973
0.9373918256995948
0.5942179483795211 -0.11521703665686625
4.525948056906717
0.17014109568378571 -0.20452041935928209
5.433580405335694
0.22997497691882302 0.9654620293292213
3.772906186474682
-0.04990971769295314 0.14466629093567507
1.545620291673599
-0.05967207138898302 0.8762836993233964
3.4804060574034583
-0.3950915218309352 -0.8092832972973028
2.8476467033713284
---
46000
72
-0.9807275556104327 -0.023889250492019218
2.635605158025806
-0.8828903442894458 -0.03214303111237564
1.6409721220923608
-0.7793533014130661 -0.969303608555859
0.21171426622796918
0.8119590705755892 -0.4337474463046575
1.8817292150437588
0.8970348974089791 -0.3643202132278552
1.6012311408273732
-0.27732485457192757 0.9698404213283173
3.9845311687941534
0.5649489290225601 -0.16459700231805274
5.113901938160571
0.36151477470145105 0.8811175830718043
5.102531700299188
-0.9555249608612977 -0.004935098247576597
4.568466585704638
0.5985426305270339 0.09417452945584462
0.5778992728091437
0.1570918248382632 -0.4931163859679038
1.477714929572227
---
47000
79
-0.9925068703501199 -0.2783951779015757
3.756816577901017
-0.9129591922977591 -0.43606321216310046
4.760939173033733
0.3264322517510084 -0.9814960345936355
4.864405279970556
0.02759489514327122 -0.22994229728750595
2.1307942236268493
-0.14218377509997698 0.056490459651041235
0.2620088583367455
-0.24099302074101486 0.10386774406618679
5.191044897883964
0.47198272332137137 -0.710888500750765
2.2441639133730096
-0.32897821086397316 0.14298612033087704
1.6269858294333464
-0.5663320594046217 0.680579902071464
5.098876112621112
-0.25017360547232137 -0.9071827303330962
5.823601709762018
0.8082025156017376 0.7447210008702498
3.8528292361870244
---
48000
83
-0.15952380219778015 -0.44900571949377477
3.8151095161608066
-0.09326445522220389 -0.4743183140243649
1.8485418075134996
-0.1402096930269609 -0.3821947865254034
1.7195727722849767
-0.2693039787046554 0.763629516047247
0.2231523077798192
-0.11222432578032478 -0.19415645807819681
1.6312917581982163
-0.6743100063731846 -0.8881997159146815
3.9960553325519452
-0.29560027938272093 -0.6804613458393476
2.8921791083840347
0.5125109048488976 -0.4689838506969811
0.7730560868677587
-0.8562012521508541 -0.19057285581036537
1.3385566407540779
-0.8909230577650995 -0.8666951869790998
5.107380116492588
-0.9056851262670746 -0.7638563013577873
1.5499060522488284
---
49000
79
0.7827279521543402 -0.9415987768439401
4.456728323421015
0.41493732802837974 -0.9635134180859003
1.640803163091932
-0.6564912780988238 -0.9494946954935438
2.483531668360733
0.8196505172608787 -0.028525496385842897
1.538072809549483
0.443904404292639 0.16185171836194318
2.497536142783378
0.7844904771119463 0.8073524005575
2.5138962573173043
0.6010514641536272 -0.8186744024898281
4.22711204114763
0.44508141433193193 0.41987264461353263
0.338935270774118
0.6847941386713409 -0.633765714697562
3.0083765357902292
-0.4752118760624606 -0.010328170211393303
1.3328643078451279
0.3316839819850603 0.504372252902793
1.2878417187453888
---
50000
82
0.26600943626024914 -0.5978178887728989
0.028072794985096294
0.15922723150563656 -0.6275556868831513
3.332561225934355
-0.6034772900022553 0.8388137317198106
3.166353708332454
-0.35013914154128384 -0.07236172213554802
4.315691602647555
-0.8071860183377837 0.8194099843476548
0.6741791011666258
0.9450552029777112 0.5582584395936285
1.2173824108818518
-0.22852406935712513 -0.2094719866947075
4.543818460925506
-0.23065441391261515 -0.6601870777234006
2.1620952305394097
0.252242083444529 -0.6797923695868849
3.9757226880158516
0.873266140294245 -0.21096548256287395
1.896489973740537
-0.05368598133367031 0.947658996932283
5.081696153592092
---
51000
66
-0.7922575837859233 -0.7885295733175867
2.397279869815649
0.9364705562353124 -0.8331602229918637
0.5739513606267552
-0.5278967759127499 -0.737384792174924
2.24012708393224
0.7004840081722374 0.3509764810582193
0.5458601625878732
-0.2343714216049803 -0.9819377532798808
2.347056015675771
0.5704116884448001 0.28916102283513484
2.2728419313108645
0.23989425231812495 -0.5910257943908538
3.087588111977137
-0.9721436358071718 0.6590185015095411
1.4833040394933343
-0.11009189551371694 0.11695033091378128
0.3151975341287061
0.6094969617684926 0.4510705166758698
2.747994863314215
0.750669845422667 0.5336957278956596
5.532833401747221
---
52000
83
0.4289345851416203 -0.8236764004893531
5.852311709360484
0.4316660681902859 -0.9348256091678966
2.7305479635681076
-0.02126264655597262 -0.9515823974245767
3.3917519041409507
0.3757685336266984 0.972809057263455
3.0388071839306052
0.45188606422458594 0.2137678587892241
5.540910695256311
-0.7888843836010871 0.32046829224381734
4.96274128526464
0.352101314548121 0.5136256344561729
4.725481763378166
-0.8731924972257025 -0.631049297209445
1.3401559524479163
-0.8128569064715834 0.5648024605110973
2.774030384145634
0.9726755836388101 0.5917575565024011
6.126057360392445
-0.794148923850088 0.2676104164578883
3.404144254344825
---
53000
76
-0.9826725907468539 -0.4365222247721832
2.1467816205523946
-0.9671519910515962 -0.43252228812271987
0.719910629782909
0.5742331952332851 -0.7016818529174598
4.752257892918317
-0.7247538621632518 -0.31478599612701574
3.5295041692368683
-0.9092955223820754 -0.718218142197066
1.4750383906206466
0.9734939106170742 -0.8169960687232573
1.8069921969624392
-0.8536970456456912 -0.3279297533104281
2.541234578449008
0.9099209655315552 -0.6664195840338694
3.2601414783939147
0.690685522765629 -0.9573444133974598
5.647663282959121
-0.5477509379519379 -0.7339722154152942
4.37337276695143
-0.5802323403796412 0.009917582188926383
1.590374526152047
---
54000
85
0.6065780049840722 -0.6512007069985107
6.233539297545986
-0.4497732828646056 0.6750824130882251
1.2716181923875345
-0.5726410324605307 0.46581062735885775
6.200833547336627
0.3279070700602251 0.5567841782081986
4.671590730509869
0.4619700164589457 0.580308659698954
2.781753960874828
0.5094717472466628 0.7600156671918451
2.5077753302270995
0.44393602031247104 0.7517171677477239
3.5166542867078228
0.8788233443624172 0.6592924695482174
1.4367066373833488
0.3461823052988798 -0.5757263229077512
5.239274281764774
-0.8238388858974363 -0.7635784669630176
0.9207762834804925
0.9020710131814521 0.40764595990489666
3.2507943095222274
---
55000
76
-0.3653142788937918 -0.9878650454530299
1.1541995943257726
-0.3119301655029613 -0.9158331953071411
3.674534371591519
0.5668952452434607 -0.7821464804941775
4.1220631918026145
0.12645221800278195 -0.2419397587225521
1.0737760021076381
-0.9462823229680811 0.9344951990372492
0.0887965257176937
-0.948300345657748 0.7284169006957958
3.485187880815543
-0.3002326438651987 0.8205839168452004
0.23102278275072408
-0.5872495667711766 -0.7698547922165592
2.3655930846079096
-0.20871431697563422 0.16794356776667108
5.445653779594799
-0.4798887866674448 -0.6913150132397093
0.7853658332310767
-0.4914139915751774 -0.2821642283326932
2.4861334160182045
---
56000
82
0.9256533094359527 0.8566289086570414
3.632434895456111
0.8632956849455723 0.837540786283397
5.904160711029054
0.6428847824116857 -0.3844843390065459
4.841305852986469
-0.8174970757464483 -0.027375456939638745
4.306949797205556
0.01563014986611072 -0.8768535018536223
4.672260425164008
-0.5601575301587705 0.647165356755771
1.326556928780346
0.776198921368255 0.5391863231601843
5.376914363238471
0.743685313650642 0.4795592478034331
1.034085947721139
0.754155536839794 -0.36684819276024755
1.2056726817508832
0.7436795948830042 -0.3821118979026261
1.624856246229374
0.27708874138589185 -0.45782557920094746
2.6366214766264098
---
57000
80
0.05299148161867649 0.8585026109743077
3.123097129535144
-0.041106034310740364 0.9738878511546545
3.0705340519316424
-0.19722602330966202 0.2489951315630206
1.525049466581482
0.5195142035857994 -0.4496991366697519
1.5080557590034136
-0.06845749408224605 0.08591837780502659
2.0765863901369546
0.7333946068384459 0.7291334967841366
5.404375509589776
-0.22827718789094278 -0.014084297931302742
4.422247472026646
0.23825083153686022 -0.45697385698246795
0.7620201870533068
-0.7647280557928519 -0.7616943812257356
-2.0304138513209016
-0.5302623537812566 0.7105344247310802
2.0139198081503666
-0.7432304165010053 -0.7940558789020565
6.177064391514697
---
58000
97
-0.01898861675320211 -0.4093684853333996
1.511771484740995
-0.15579496501852455 -0.5556486367082499
0.0676647193125266
0.7403027369849456 0.8168051274642842
0.3085983935026517
-0.877606295426243 -0.23711162388073395
1.9248883890062194
-0.3359244836970268 0.15351153114371968
2.659729508573977
0.9357300540697923 0.806770806889941
4.1749827733880265
0.3335533276931745 0.9261035394934303
5.486773389756161
0.8293276695889564 -0.8090911952245519
5.303471361253669
-0.057769640785207625 0.7565088626686904
2.4127641076322623
0.8551823336997422 -0.49673309385767844
6.090564075882493
0.7346933556134574 0.9163229286252527
1.0376795148602014
---
59000
77
0.0398635217343197 0.8473991990248777
1.0690802310415506
-0.12086097924028202 0.8587097161234842
1.640298701525142
-0.9210496567015608 0.29789053975502283
3.1493624087496084
-0.4297667616533764 -0.6022047470063752
0.9500420489542362
0.6950939259264695 -0.7048998313333246
1.7669426943665263
0.1820316630893719 0.5856723073806163
3.206655630264077
-0.39695831416795224 0.871814221429904
6.238480071297769
-0.34016943755547285 -0.16563349055064058
1.666801987927958
0.12023241861580393 -0.048832723851677425
4.7521968174742035
-0.45180070199587785 0.9520320515848175
2.2995368576306388
0.10490787822153712 0.12109472855927629
0.545050403116782
---
60000
75
0.022900442216465373 -0.8398417992702678
3.6667933543214164
-0.9562305904739815 0.7123267836049049
4.383671220821901
-0.395121126496321 0.9023328635446112
4.173033370460898
-0.664611249859253 -0.50941094928321
1.5184285364530519
-0.7291633699051195 -0.9024896858244071
0.6752389547670106
0.6442988095434178 -0.6549066166993688
4.88993516139309
-0.9896441070110389 -0.018417656161345494
2.982239249399335
-0.9748043812284837 0.9636398956586589
6.055894599839628
-0.672629608582537 -0.6113801560213272
5.798368048439831
0.20083730497076235 0.838075664754909
2.89636112375136
-0.9755050148155382 0.4671601612349335
0.7188854296109106
---
61000
82
-0.5682493917216281 -0.4879988929043706
4.536305686708486
-0.9228015127117499 -0.014393953053149305
2.2945849916982644
0.8251615899279375 0.4183145137690295
1.2824096840767387
-0.43180248149496037 0.9442193456711414
5.754028915797531
0.00077969119701966 0.43921229992094796
0.6055875177868941
0.32468533744254235 0.8651229012407515
1.660340906819874
-0.4060823942045707 0.3045308159738644
2.121180355934352
0.14951809892709128 0.3671405414902452
1.3663789315766213
-0.8641114452825557 0.6426544237146267
3.4182291510810687
0.424420372165614 0.40383992618795317
4.36439318320147
-0.6264126428219948 0.7626409370333884
4.350778190205426
---
62000
81
-0.9805934654277225 -0.988253653326234
1.4027465284980831
0.8703829203818946 -0.8757231402507708
1.8611712280978532
0.8625940677936332 -0.9608687888085488
4.811150251515477
-0.967695531036573 -0.002536579228314538
4.2099149057822745
0.1571913141136101 0.9921484391840494
5.973208531238386
-0.2496149497066294 0.20600337089053586
3.78025393746991
-0.17509759997133348 0.35056340964603044
1.6526044528353445
0.48710593612558306 -0.8174852608927669
2.5034642332363957
0.9477790005791503 -0.9230817450321064
0.9482391609430163
0.10051199970878219 0.8312433249231481
0.020014290686561687
0.7447035462948812 0.8829708028180898
2.8575352091281827
---
63000
79
-0.8701460741985164 0.7679811582285665
0.203884565600889
-0.9432125502533195 0.8550815667186582
0.7187229801849959
0.3676838094841787 0.4403711772981149
0.6715415739106145
0.35865973024430775 0.4546503912167462
4.191725141995477
0.6419819680680567 0.5733698808430797
4.130984860396197
0.09298308354726748 0.3917714620043167
0.7506125461563959
0.9767674677050748 0.38522864218384356
1.6287333696644843
-0.4498129338510191 0.2666300321404242
5.879691139706421
0.8979997221472316 0.9712196608026966
4.271672257028876
0.8810112219851599 0.2590327108636462
4.679844769631962
0.281965363095583 0.3873387769003258
4.650195918512569
---
64000
81
-0.5647454240925448 -0.6042985942992098
1.5682230718950558
-0.5519223892436262 -0.6970591328416743
1.0965217891534556
-0.6448607052141896 0.8140295826206394
5.105453846770346
0.9740919142704366 0.17805706989012973
0.7215290075560503
0.814032334837231 -0.9472578083953292
5.234250946091918
-0.9150873947620447 -0.864424662342711
4.0064346694631885
-0.6427420090695206 0.92254490678461
4.900161786422019
-0.7852442356322055 -0.718509625670322
5.710171684021793
0.40905978790255404 0.5226264142387819
2.896449185064496
-0.4327175125220722 0.8175397626341792
3.583848164991622
-0.14292431924942378 -0.34821798070757615
0.04018590284024359
---
65000
73
0.8252801924088031 -0.585694171078256
0.5996184783444418
0.7830417451418202 -0.6076145026365919
1.3572487288203234
-0.3975539720894308 0.16668467321937178
5.29008630761359
0.7866763534801067 0.24462469070049137
1.083388911343162
0.8216084899480212 -0.10331639106255994
0.4986945707111543
-0.8540773425119437 0.4023553126331203
4.4581623352315045
-0.521607663887681 -0.2313093848637741
5.304825249571601
0.662572720435379 0.19749371547566077
3.830973223484511
-0.8476871041457356 -0.6875947978097136
5.0198866021348145
-0.33066896915556443 -0.18138955627243494
2.8239521941646473
-0.8426673270061423 0.9655690701708537
4.469429198858463
---
66000
78
-0.839112682218863 -0.8613115657453001
3.7141007129148265
-0.908417281647212 -0.9160849409548579
2.415681435866885
0.15836653333204923 -0.9049310812253848
5.131115483187052
-0.7112803843601038 0.3342338243533638
5.652807321117248
-0.5099803001485298 -0.778245092187587
5.012786369236805
0.24399603983378923 0.14873863969488668
4.0144271930605875
-0.9591513112592862 0.5172001469219583
4.242332827528776
0.48424062838047 -0.7633786913727578
4.5588129769236545
-0.7378678333454182 -0.5435923840551292
1.853933937421644
-0.614192688358938 0.4052555178398777
5.274745246600694
0.7576246248328959 -0.9569485527435844
4.546878864531047
---
67000
75
-0.32002282698864803 0.3992112345535371
4.828592438651858
-0.43398540514776607 0.8589073353386182
6.035410745408851
0.6405509311570214 0.9714035720547696
4.420209769262389
-0.32091291077527884 -0.4532326333204797
3.686969633990056
-0.8118937204357133 0.8240831825039676
4.779254349497883
0.20270686286478762 -0.05465996168816602
0.42958171520783406
-0.3352223528402964 0.8378513199102703
0.4045521346755896
0.8900189501193494 0.5711694071859817
4.347689490785329
-0.06395280995718658 0.45171212386961285
5.364391019572599
-0.07348561855465387 0.7897340861493143
0.841459973733464
0.7348861145040615 -0.3140192265860977
2.332280741414494
---
68000
79
0.998918184436841 -0.8160251750378928
5.2082143734522335
0.9023419537636096 -0.8196942848066457
1.4792446670719137
-0.4355380073729634 -0.6808436861849674
5.3359093484442806
0.7207705213695134 0.8505098680694757
6.24689574393461
0.7051032799921666 -0.8128717011893862
2.499861913554435
0.2553409012072848 0.43371424626327276
5.001782329171909
-0.056926704910486556 -0.9685741747504121
4.205366349948871
-0.9644928226761201 -0.8115397436828187
4.784882390669688
-0.16223179190861678 0.00954571317192765
3.999719878406224
-0.873525110486392 -0.7005296776246944
3.662047386084547
-0.4673686670546545 -0.8258432877526306
5.496701718011482
---
69000
85
0.33413168087950085 -0.8102862459282822
3.172507930593842
-0.5572979987072486 0.8020893609057558
3.9563005219574094
0.07065043241919547 0.1772140269909106
2.124829604381045
0.7012990624531317 -0.06111613932642502
2.8862848792709883
0.6392177383997542 -0.14017235996170496
5.384239958484246
0.17730195533101029 -0.28474609001459406
4.1545978093214835
-0.18124845345261226 0.19554060449106997
4.699709174284177
-0.1877394307094803 -0.8199698992513718
6.121283135049396
-0.3644124978585337 -0.32826058232969424
1.1500422413160831
0.1432125571036092 -0.2880049999984128
5.788809356839009
-0.373859839485237 -0.5835112942316129
3.7742738338379453
---
70000
75
-0.23435319417677522 0.05662358675899595
2.7690376689170337
0.764752485963743 -0.27592474246417453
0.1000688272711221
-0.6947540869714638 -0.6742056220145577
6.014465339861096
-0.18094589077862205 -0.5501055054726167
3.712089718116074
-0.15410255514866317 0.477183476403333
2.885100214746121
0.6579092402913226 -0.9674723714434457
1.593001437896759
0.48957236578855723 -0.8785616739227897
1.9115402921474551
-0.4552733240279905 0.5958037815340137
3.615265228262257
-0.7213828143137931 0.8967320266571535
3.3305786119533796
-0.3619093827144477 0.5603445390566576
3.4880301611034943
0.8371819460472602 -0.3334906200193186
4.366648582938307
---
71000
82
0.35363055307732155 0.4098309414622951
0.8779893314346089
-0.9222074979610968 -0.7907638199063717
5.066006911479522
-0.6801273183329539 -0.3913930705496281
5.322975378805358
-0.4376375034647111 -0.5121349366588376
4.230620416401223
-0.3204425343951 0.58197674134229
4.611606552453082
-0.4920630221934353 -0.7838037311590488
4.3560175860073045
-0.9315703505689238 -0.7920338328900207
2.9772542468221372
-0.9573898261063865 -0.6639347737549964
1.4897166035358644
0.5984173204425377 -0.024194337027132046
6.1397068269625485
-0.5700650764325306 -0.9500307878854033
1.819525908627571
-0.652982885333688 -0.5326716738996733
0.5931817463192548
---
72000
79
0.2039557407020294 0.38986660157746356
2.5783432707006977
0.0770833311532115 0.8823638728131596
0.3857862951757738
-0.7338356383168321 0.23786195573336033
0.10941187985101042
0.7025824168358474 0.46511678384643684
6.210763771231479
-0.7108206095015221 0.7456978550214531
2.108558338723247
-0.26085540678950486 -0.2016359058808273
5.437875744818683
0.949431691053729 -0.5576096799574087
4.165904638909534
-0.33955018984677426 -0.8009567182715666
0.2340823255344855
-0.5301885478193459 -0.5261463141114877
0.7522950852264803
0.9200651636349491 -0.9959347618768537
1.17970631084229
-0.8896360893995442 -0.7346812426111223
2.8631334141605027
---
73000
83
0.11381390122152694 -0.30737672875943256
0.5594527920451098
-0.7431663684580098 -0.782672506799073
1.430103414234452
-0.7438495639269566 0.8649227923303993
2.525490632092559
0.007070825225064251 0.7274329596613388
5.931359334453044
-0.8214538721485541 -0.09245770193471747
4.311789749330961
0.6707955091475718 -0.4699179906523823
2.206305699543379
-0.12408412733597055 -0.937303560031253
0.9309748609413715
0.4889468913801345 0.7474601688339287
4.245919520236895
0.8769894382171441 0.2997302576108104
2.0899204045946504
0.006144461974810018 0.5268150149468596
5.090577181446899
-0.8602915490200364 0.6630845393276298
3.9082965949467576
---
74000
76
-0.8606947523819473 0.27807363959716364
0.12667505706414203
-0.13048856835762757 0.16623251735596253
1.6825047925322094
0.4535978440561992 0.9709709737138528
5.8291854450801335
0.5041008833814286 -0.8477838145157384
0.08579551331802993
0.3625016821874338 0.34336893364110554
5.58291829401073
0.41392426278351996 -0.9349275053373639
5.481787019008688
0.45119570825231897 0.5388134956876894
3.168788653907379
-0.15529356897933158 -0.998912660429725
3.643960257039123
0.11462048953816159 0.6763985895023175
5.408693318068752
-0.07333344011782722 -0.6745096381300504
4.778754570660751
0.03692615570227286 -0.057579900998351426
3.6738905241018207
---
75000
76
0.8388771968448031 -0.468131455299469
4.563494510050544
0.7070965969081927 0.19650933392947462
4.037368823730737
-0.11295218153466811 -0.288096959732366
5.433533824098079
0.5462878138816488 -0.4517677053902601
1.0978787131549517
0.3973884168989994 0.02834388297543585
1.2364024910105558
0.7948612459691355 0.3769090043632313
5.4172634969996905
0.060314567202786884 0.9250558352712924
2.120153385251326
0.5264397664617892 -0.8482143348847045
1.7762099840830556
0.41232271648555174 0.840306286802206
0.8420028220956759
0.6745701506720246 0.03477049987692689
2.842757756022575
-0.044273161715454826 -0.21209182068883636
1.5937640405375397
---
76000
72
0.43178649619196163 0.8873787021830803
2.428242413915775
-0.8257848996491696 0.33123232619178106
5.4161695055141506
0.807577422910184 -0.4785905485685513
2.7414666745578478
-0.7967862064349513 -0.12878922720696687
2.4457608315217625
0.049762606630829626 0.6747854097714867
5.1594772322428035
0.4520022451621296 0.5614233975786767
4.283025104659183
-0.6864138732457866 0.05227358530143714
2.188244930753716
0.9887499918504137 0.1365021874890722
2.3983622776879505
0.6380444398492123 -0.6922050788065471
2.553277443626773
-0.18581380184043836 0.1009679536198578
3.858937227048071
0.6167706684586912 -0.8191244653782148
2.4699612826870343
---
77000
86
0.569864118999038 -0.32324370164009736
3.6463274044077876
0.5587312056381641 -0.47820935948792903
1.5120412168877024
0.7738397650831051 -0.7685568189527208
5.164669103743079
0.7603790052472592 -0.3457313854438916
4.613847047211536
-0.5647015157570469 -0.572107181735072
1.2233854162314763
0.15103638850879053 0.04155010839886371
5.72671782412845
-0.7194911793133804 0.20117828614207148
0.4034903543916357
0.7134570342317103 0.9435619334074299
1.3557573115167472
-0.16339516624911637 0.5753549278373621
3.08816109889551
-0.877576205487101 -0.9295898853477512
0.37075826344816587
0.7450133555814656 -0.06895890845374802
6.1985115842019205
---
78000
81
0.5677862265586517 -0.4228201819402499
6.264804062655143
0.6060663100865611 -0.44844484026900533
3.41984309114721
0.2478410711610345 -0.5575738489092439
6.175665061968654
0.8748840447913262 0.6081185337373805
1.383874313408545
-0.5172861638426132 0.6817753421264806
1.9887347982113797
-0.3688431178445972 0.38330420870694726
3.1850052516421794
-0.3090144810831544 0.07140136354676285
3.455021768433605
-0.8786545484811724 -0.4057682758444657
5.786450743160261
-0.2667681222783921 0.012925979614782626
0.3714983759203383
0.5492089463113519 0.5099350981518754
3.2455726805517946
0.7801250806215058 0.08515643986393391
5.383601007154517
---
79000
71
0.6319602544004388 0.9198948391621216
4.547327442134906
0.5278033664338064 0.8767390858447843
1.5203145633917403
0.6046981921460124 0.039453187497152604
2.6266974248581176
-0.28856802537000775 -0.7386222031950741
6.008807165922125
0.9138754777442145 0.23150730291771818
2.7511202317553325
0.11940318829096563 0.8191737971072306
1.008121691631393
0.984608354996741 -0.7847067466028681
5.323746812787688
0.8025624051716187 -0.9936773041297404
3.674176326298987
-0.9204126443649098 0.6467952975463912
6.042179280104851
0.2941896997041971 0.5030580737954757
3.615942196924623
-0.6252106313091988 0.6761510462205225
2.456930683391274
---
80000
81
-0.054749887822695 -0.4469390035027675
2.114019036936536
0.992621856092013 0.5144429433046275
2.4597266841795857
-0.9309186843575307 0.3132598806629414
4.3951930309076355
-0.1673478275258353 -0.0005071934340772216
4.009456117192032
-0.5860314795355993 0.7726375961555083
2.520997234118229
-0.31724053393145146 -0.6058870276016224
2.110015799640081
0.9097682961816385 -0.16313656655034453
1.1718951096722403
0.550480633466716 -0.48115689922811317
1.7732988139507593
-0.019613665731931733 0.47141080271800967
5.076775264478255
0.19493194407623926 0.16073458033157398
3.4737253113753237
-0.954962786771666 0.9099893995288557
1.0511181334981847
---
81000
72
-0.5807006156392722 0.7706191943537171
6.162595240876165
-0.5629891633335109 0.771137655244151
1.3286435306775743
0.12152265710128426 0.7938784089700874
0.18342842239460566
-0.36669974092098373 0.49420463350293636
1.0182020454889518
0.6014639743834379 0.8628832097022456
5.934781077849443
-0.29304045829880654 0.0631183808351714
0.44839224410937906
-0.8705636414754234 -0.8477239449805927
0.47981658459215737
0.27861178281064747 -0.38266085784789955
3.1558181987152203
-0.7189229595428686 -0.040608583889862555
2.5388532979261615
-0.764683331466386 0.06940628428631843
1.5981251426446965
-0.9144444739766401 0.690838949507597
2.1534592246478477
---
82000
71
0.44296751687348324 -0.15760626961531637
3.965685750892596
0.3145950039751374 -0.23840052189800356
0.5019464911156719
-0.2481235098748937 -0.8738950159471044
0.7641144861568581
0.3392427170586028 -0.32255644743214335
0.17243593593591644
0.09256040240369179 -0.5136130197026785
5.075441810239068
-0.8204541407576905 -0.7531800954878458
3.624838062551338
0.11647806282641313 -0.4193847749206252
4.734623317840186
-0.22655696064849776 0.5030038888503183
3.6633210372856206
0.4463662698503569 -0.2430851386094991
1.1788959003760606
-0.08296082475300726 -0.8898421225648074
5.1778685443156105
0.11348350275078688 0.814348357947857
1.810887578408817
---
83000
80
-0.03642698758472043 0.5297795409290378
1.8438140155350118
-0.1953347452606694 0.2587667789014504
1.0983620895427917
-0.33971097507591425 -0.1672479570058742
0.6756421000964794
-0.4754054921889786 -0.732154811015858
3.787368114763251
-0.3379098093808531 0.2163807919604664
0.7301829836642657
-0.09222541235953191 -0.9894215133768653
2.944075989748014
-0.97719495956304 -0.937914147186361
4.429415959298086
-0.7265213608627392 0.797942795279726
0.7921565384428462
0.4172451873734113 0.8743079076476654
2.9179814189328646
-0.4813133308544108 -0.7823270606210144
2.750117663750191
-0.1274752580069211 -0.3073662530264392
3.735805328672366
---
84000
78
-0.0659759976915853 0.6491800431074135
5.136562345653852
0.011475598944577756 0.8192202574436748
2.0484146341867087
0.3582687380131503 0.8920213554043646
2.2464435212798
0.6467906152659418 -0.797580751939672
4.7599379231240935
0.3409567683558937 -0.9430226845852302
2.329385039336092
-0.735827701889116 0.6464999944133237
5.3499730982299365
0.40005325422431276 -0.3235899002526142
5.128408976058612
0.8083422002192725 0.9481408212237016
5.416751659151753
-0.4448572822942885 0.971377440305232
4.700539711822421
0.42087340534014217 0.9522647371664027
6.2405689131631625
0.7885618345022037 0.8290190325289186
0.32558589843983743
---
85000
75
0.2449805872270552 -0.03280964089742746
0.09943375895033837
0.16850343509106883 -0.3446267540533082
0.6178326088941279
0.36542151795752 -0.2611912806996895
0.2633287155657378
0.2006470461321629 0.3747103496816392
1.814292746894952
0.14137443568005517 0.5710130257027278
3.142672754724874
0.7210558894173312 -0.8109476211318704
4.612234694752313
-0.14785737388693654 -0.2281671553376728
1.5759226981365533
0.21099010588665762 0.2635052425632503
3.8251355370917572
0.7333225356939939 0.39742601656730947
0.6796454160445076
-0.9808691610540363 0.7807614777444503
6.085962384039278
-0.5175622719016026 -0.8146371810359766
3.009028769973626
---
86000
71
-0.5891110173404794 0.3272480503057279
2.243888534821053
-0.4196296215803779 0.43470693500313434
3.2026790419106668
0.7494076286939837 0.2872351950327395
2.4210977213049505
-0.19480149571380237 -0.6010017831604795
5.05962672227424
0.9288277150180723 -0.1430527099004985
5.26705345620914
-0.3349729073895491 0.17247511336754423
3.9232526774838954
0.8180416327543995 0.3961204105491588
3.0879847703316354
-0.9317986800126914 0.34499590528609253
4.659827007080295
0.663848502831148 -0.4778405414271902
4.861928742323818
0.29890328404266076 0.7821175720921679
5.539538988828635
0.7153212285918729 -0.23824599277165218
3.575167668802023
---
87000
76
-0.33272257776077185 -0.31748504076622586
1.5960042299626345
0.807019327677013 -0.03128221164406523
1.3026909968544373
0.8144083194423961 -0.35335177126588024
5.288301191431718
-0.18616889037352904 0.6758917233329128
3.139893849515352
0.3113973934663605 -0.6419114541625914
1.300258029345577
0.4182907189951233 -0.24231963240073687
1.4609935020876526
0.6372220244025125 -0.9137750188070606
2.836964610470294
-0.3043912310242393 0.632933596454002
4.536289396697364
-0.6468121286212395 -0.2565597758490323
1.0451836739268874
0.11629184569545799 -0.24957111636599583
0.07926885074548284
0.717546404232487 0.7142446081973037
2.7257105040841614
---
88000
78
0.9617729386094784 -0.7004971363784235
3.540770015263922
0.9539258882590607 -0.69014056966196
3.2035524452639015
0.08782669938108345 -0.11029164372891405
1.2841561473549525
0.5279492244245556 0.062382841052167376
5.548432705184023
-0.901260590198384 -0.8525438915498188
2.5844852525501167
-0.27521286432006664 -0.5353032522330113
4.126367661324766
-0.3669113300355483 -0.5995563755355464
2.5531330147813645
-0.4749850976724477 -0.8354525327044966
3.106259162479275
-0.7560249581907803 -0.9593401479690027
6.267425158062973
-0.03735069293014389 0.7794325888010057
4.333205862375812
0.5749564126292039 0.2451640381269996
5.245321549419504
---
89000
67
-0.6716576844246595 0.7492194243385093
2.1023815034376114
0.29395805016688986 0.5176554908446903
0.05750704952014374
0.05373057192941977 0.5689004370513034
5.018244993964705
0.3583502477002587 0.4272608075708731
6.259862323531578
-0.3163259362164699 0.5119402753088441
0.7245977848424561
0.8298670383567903 0.7100858002381679
1.7434022402562688
0.4432791890441316 0.05904796717365437
2.4488030856012784
0.04971900393833798 -0.4953778657655009
5.091877700090678
-0.09560108585338328 0.7286476319664639
1.6727924446047782
0.5836328446241753 0.8444174046028233
5.8890464264990685
0.056071734580654224 -0.6273681465235638
2.7080023211331525
---
90000
74
0.9944295435037885 0.44764779655102993
2.336685061595858
0.8383778582161963 0.1053960384408103
4.805162401796285
0.27430039315092686 -0.19345190215851463
2.319705120928888
0.66756767470573 0.31125508675802904
4.935049506153522
-0.917333021965417 -0.08910425264013425
1.351962704942082
-0.9297670909178554 0.29494557600204063
2.371469558869958
-0.7696640768495687 0.3031990356515942
3.0080978726116
-0.748263636620198 -0.03492627355282822
1.1562855307637552
0.024622872312038687 -0.5653453689917409
4.1279525079938635
-0.6950607612402556 0.14367322837051483
0.11260024380664913
-0.16955710732762605 0.26501303909641716
5.757752823651626
---
91000
74
0.9041192595386879 0.43622935571636373
0.38229089499578417
0.9452826891672429 0.385998884175872
1.4838319363079444
0.9980385138851531 0.07710308552220344
4.452467683767293
0.2854197242517521 -0.4668572221855066
1.8736668613674219
0.29862089822545546 0.8879877187375529
2.9176770046699056
-0.16107792695732182 0.6910198025148566
0.7463639640978394
-0.9887750389439149 -0.14678840994898235
0.4839098464431304
-0.9382897086556665 -0.7633855550748487
0.6832832586828355
-0.9310917086015147 -0.7789115465469065
4.934666312193985
0.12396449082469699 -0.3623555906035816
3.385985681039208
-0.4451764124828316 -0.10682220348801819
1.8765471789487709
---
92000
64
-0.46132733360211164 0.38779622356566
3.844531959768247
-0.4613353976008425 0.34114822418089646
4.0926985527303215
-0.3432591960355241 -0.19696749286771587
4.283870333969116
-0.8777298445639862 -0.2135246035712044
2.574945290452482
-0.19469543284904417 0.528100078136284
1.849889338518075
0.9207426448179541 0.23450554788674877
0.5350694028846519
0.46272433998816875 0.06262802873027948
5.919667532350506
-0.21418651226503604 -0.3112211076362236
3.3165430040652986
0.47243632309846084 0.02896340588980842
0.03362173248196321
0.15179578156193269 -0.862625820993096
4.3528738956813156
0.5861451649797417 0.5165878549313674
4.177459391233543
---
93000
81
0.17829107845109313 -0.4001247774480427
3.0026646081088284
0.2464546255868635 0.0431308899694508
5.78501488486207
-0.7861614401431232 -0.19004029958761504
1.5492694828430578
0.9551825893503999 -0.158232659743557
0.11534629202613278
-0.6470027796461932 0.7041555659129909
4.384989245976121
-0.584970262130036 0.9127311770993719
3.683728042814301
0.45958607149313385 0.07786662085906405
0.5372479083604391
0.38010697053690884 -0.062420172050223016
2.5581644941634973
-0.7642602580880374 -0.7938093338670325
0.1664645254024535
0.6212296643354563 -0.15333484420939208
4.578378391316912
0.8332953497283588 0.8650431633640826
4.010754282296377
---
94000
65
0.8318561832015057 0.7257988292771121
2.9265681933219154
0.40592416423585465 0.981852000718886
5.06757006727588
0.5151430738019999 -0.1024522619005566
5.807547971236842
0.19546878071783 0.7452122163240782
3.8732701534934826
0.9097630570919124 0.7077367126179102
5.407259159338211
0.456337393481647 0.3065563732059037
2.2801275576808893
-0.4825314741986511 0.3104903234198387
1.8872510648708953
-0.34116632850175804 -0.2904672809516052
3.9892057759000252
-0.05357508658976346 0.9389711188717942
0.3517219121806834
0.15530394111711496 -0.01717196534506287
5.428118288542432
0.9194276392764978 -0.9884589995076851
3.3073751827383058
---
95000
70
0.426149855771453 0.38656386406500304
1.3235817482135734
0.4197678462286735 0.4184379575271453
1.751071480364657
-0.38291611609151394 0.996249360627719
4.539361110875615
0.6335824757849927 -0.9021922711299699
4.731237986781611
-0.8696741563554617 0.9921189246431426
5.664372518886799
0.27511783641342796 0.8370449169546967
5.805583515722541
0.023968861375145263 -0.9407859392862649
5.921496810478867
-0.7600771393910385 -0.6935348030303568
5.6190787526461685
0.7723328271926887 0.47854474217916043
0.9072956505610454
-0.3916360553009839 -0.16250582454720602
2.3209352591595707
0.31846199302340633 0.8731655872699015
3.608059378340763
---
96000
81
0.4562118853057194 -0.37202604529645855
0.9176257695578385
0.5098567370587662 -0.2924110358332192
2.2957297336056603
-0.8680126786157324 -0.5995655370180436
5.2800260315610394
-0.1870143629890595 0.16788166901011223
0.07801383440278187
-0.3586870543674156 -0.6950442090737005
5.550650550670899
0.977586669469096 0.6047655806780473
2.407589566183008
0.4667698602394006 -0.24632164723004685
3.2784643170368355
-0.543357577808224 -0.05274152274053713
5.6813211428985015
-0.8851689787825843 0.1819919097161914
1.2958660005253808
0.9281350507083813 -0.28541671370052596
0.15655015928059868
-0.14808547381448045 -0.07367414432044574
-1.1086195152535703
---
97000
84
-0.8672698156983302 -0.7777486395960806
1.4729937854114368
0.8346377677183141 0.8108821687755882
0.23006220993897752
0.5599719315676968 0.6951622302843616
1.3331650020280987
0.16777358541928233 0.4786963671129524
4.856448309217506
-0.5567448052364776 -0.0627761627467802
6.067414743276317
-0.8259685339369751 -0.7657348643295357
2.328632549289562
-0.8141584949881981 0.9984493277835499
2.7862771146075342
-0.5140805766019281 0.8715779793461889
0.7987174256738703
-0.7072753268077848 -0.4405126430336582
0.35255551868376855
-0.12983500665471115 0.9397474689677653
4.696971111688623
0.35429728134038885 0.13165710666035674
2.0239974573773245
---
98000
56
0.19491164167082256 -0.20466591711770235
3.473019948380875
0.3825534669112374 0.8633077401431309
2.196549863517685
0.29589672692124364 0.45971726993700496
5.914686261382428
-0.9545577301379448 -0.9301860903419549
2.240574985013753
0.9626136609091681 -0.6166624192818024
1.19250451089278
-0.6331043916574263 0.3687672027355536
0.29504582525681133
-0.043295320573306074 0.7598936369128924
0.7522120422903242
0.5576883712138716 -0.8450446925632452
0.4187895958894243
0.2677222565361986 0.4574073936656119
4.208463391115703
-0.24030877851866742 0.2702189390186439
1.689318324666183
0.6543145798159425 0.46765875661374395
5.181784935530047
---
99000
67
-0.6749315580679214 0.41656977441432963
1.779108502748255
-0.41723180667318027 -0.6211096342708964
1.7821766185359333
0.14774425146694597 -0.2722895420152824
0.21618012247529972
-0.3219177442937806 0.4433216915245102
4.422957516693803
-0.7030781827599649 0.09754861995219645
2.36404624568884
-0.6232253673618344 0.004537894378517801
4.18717784846991
-0.46687823623460784 -0.046823489800365936
3.6374039265171545
-0.9783587374482995 -0.7601346461579473
1.179146051209604
-0.1558260589321712 0.8104160630801756
2.8465699380607195
-0.06989058075999405 0.2397565305106839
1.0207193110217352
0.30167411586395826 0.07566019726492264
0.4084208028148293
---
