100
{'run_name': '2D_rec_10_total_boids_slower', 'annealing': True, 'annealing_start': 0.2, 'annealing_end': 0.002, 'nr_observed_agents': 2, 'nr_of_boids': 9, 'predator_present': True, 'grouped_spawn': False, 'predator_halting': False, 'record_keeping': True, 'record_frequency': 1000, 'exp_folder_name': 'big network 5 observed', 'boid_speed': 0.0333, 'boid_color': (0.8, 0.8, 0.8, 1), 'boid_turning_speed': 1.5707963267948966, 'predator_speed': 0.0333, 'predator_speed_slow': 0.0333, 'predator_speed_fast': 0.0533, 'predator_lunging': False, 'predator_lunge_speed': 0.013, 'predator_lunge_distance': 0.1, 'predator_turning_speed': 0.7853981633974483, 'predator_color': (0.8, 0.2, 0.2, 1), 'predator_confusion': True, 'predator_confusion_distance': 0.4, 'predator_confusion_threshold': 2, 'predator_chase_time': 20, 'predator_halt_time': 0, 'predator_eating_distance': 0.06666, 'height': 800, 'width': 800, 'graphics': True}
tick
boids eaten
predator position
predator rotation
agent positions (and)
agent rotations (interleaved)
----
0
87
0.7578525343928075 0.022078861854171912
0.26781461815571916
-0.9692997588539674 0.36331757729349384
0.38077887774534336
-0.9734610177345924 -0.42263176706406186
3.2302703412369835
0.707764821389933 0.6198238189977645
2.355844119904656
-0.20448823761878615 0.9894207270158323
0.3174962383884201
0.9995461819468305 0.4305543178247662
6.19053214518174
-0.9561764905394856 -0.43550282786992733
0.6149427965554907
0.9890228456014654 0.6409996395918872
1.9755525125900257
-0.48420656517012617 -0.619402804069627
4.932641749765342
0.2558074702303386 0.9358107124307393
0.9022030998489408
0.07995135447327686 0.68829476708018
1.0376569901180115
---
1000
87
-0.8661380582647604 0.3778565138518355
2.291712248897234
-0.4810153606092682 -0.007866879294815003
2.628582306464362
0.46230002850474583 0.9387384893711775
0.8534025054892362
0.5037312853660738 0.8111007005222287
0.9802478330835758
-0.07518416698544816 -0.9879213226626304
2.198094710824094
-0.19283300082758387 0.9047359823876581
4.782535988214585
-0.7715154623766722 -0.4194386503010508
2.934784337515689
0.05487903976726435 0.9598817389038143
4.601626445459092
-0.7975459462116974 0.9065750960017083
5.482349441381917
0.7975477072663351 -0.7725627801150099
2.246319215446092
-0.19113981005335445 -0.5345130492390443
2.2469560637779855
---
2000
86
-0.8962155226798653 0.8077320518648247
3.558868222661207
-0.8004839247507258 -0.629228165939092
0.9362946065447817
-0.4978492443443795 -0.34164656113568537
3.0882572489454656
-0.4048361715133591 -0.0076343472140593255
1.8367767235867616
-0.01790057617003389 0.45931385586440865
5.458602660846709
-0.22685530198329978 -0.5866650177640691
1.2674659406018645
-0.6760090878321242 0.9270470578385501
5.383598484841821
-0.5222524341039708 0.31583488782170954
5.047782877048637
-0.9993539272075707 -0.5056357986614222
0.024982873530382754
0.00036346396765500784 0.4701878020719863
1.965212686974887
0.9219890027679094 -0.5261059946242439
5.308587861534516
---
3000
85
-0.4922186666724517 -0.8270847306672835
1.6104990347511128
-0.5180701295297725 0.9975350457100787
5.299555672701923
-0.9534370821181564 -0.1909345333402293
5.690790170356426
0.47608872292157034 -0.3867766301502559
4.6436584632723905
0.9559618955488552 -0.4751134118006268
0.30805613528990783
-0.9332789799857528 -0.3097232865539726
1.684882497517636
-0.17838390749622096 0.14321766359494892
2.0090544457914974
-0.836608219222787 0.0913580957636599
1.885848324025118
-0.883248476624959 -0.3460950083865973
0.43167852785572336
0.6535344336871312 -0.21393901994884695
2.9240975964203764
-0.5462444433824624 -0.35742182117495425
2.3527775161956965
---
4000
85
0.5237153761432727 0.9616472884854526
6.002229250539607
0.03341054414502977 0.6289135874993594
4.372365054143726
-0.5371594117617059 0.76132724065611
3.064549142588379
0.6982573619505045 -0.3165383600881722
0.26319395532422085
0.7298820861404292 -0.8633056210765713
6.207915635321912
0.962257309975098 -0.7026244058842706
4.292325759119763
-0.5265332118544226 0.8167259933587772
1.4902317110241383
0.6430216820074216 -0.8052207107795066
2.9403229905766635
0.9760828647165651 -0.8190155487895613
2.5648204755272945
-0.9887668990385641 -0.4544630986164228
0.16109365055072944
0.14250468130152294 0.6582040459591407
2.3730801827807855
---
5000
75
0.7949003697563914 -0.9158877306489766
4.593671628736726
0.6677712388072289 -0.9807458035091199
1.1769161890385575
-0.6776324760529648 0.46429440432126257
4.543276543204283
0.34638271153501093 0.6247908688149895
1.121759732364275
0.004868136674817981 0.3595207889797163
5.256781689070431
-0.16447773272905591 0.09489930438305241
5.384159083261795
-0.4639678606954557 0.3407029219924242
0.161212387064964
-0.36700888106579277 0.6437397673884694
3.9499761012120977
-0.2154459619421365 0.7462350904654915
0.3709282931004809
0.053467630200709895 -0.8630762229512215
3.760318106514462
0.8578822340002488 0.6113601998287991
3.103068340991305
---
6000
93
0.07977723234474747 -0.08070796865786517
1.845560105892203
-0.1621465223205233 -0.20787743062117242
5.64362490282326
-0.09368691688513131 -0.69536985669441
5.153327313774876
0.9626058873099336 0.6159386541518869
5.713097585698516
-0.17607274843255566 0.4259883277899571
0.6525681026271837
0.16522803718966494 0.626762107979337
2.53866235659532
0.483163683420629 0.7632920936769397
2.836170065475491
-0.31719110954137286 0.4618771322523808
1.0681864605180174
-0.8626959670655902 0.230779010264553
4.64856513306836
0.7470607673909133 0.19774085081984324
1.7257539154822163
-0.40072252623066806 0.9092725013600154
2.94878904350115
---
7000
84
-0.47424061764477465 0.7412386624190979
0.09535215218875004
-0.6661449239564902 0.7027802423989843
5.781298851236481
-0.462499238790944 -0.6449204856071459
3.4876699912277163
-0.19645112574709697 0.16393988587589545
4.8807527984628
0.33190861860965887 0.8308639563043763
4.01294878786816
-0.03863352430948893 0.6696863677832469
1.3389023082994616
0.7946050205838114 0.12916073084646343
2.855372843505691
-0.03645067713893782 0.32556794590806387
3.094630664440193
0.7558409161271246 -0.5632056104710208
0.45569971659218744
0.6404247994797311 -0.37426816489424203
5.344736897606823
0.7145597963199538 -0.7514949780384192
4.103469393079815
---
8000
85
0.4197537163831476 0.5294464518506043
4.475466730806485
0.19461435135006733 0.9784417378286576
-1.4240249254403758
0.7543136714947274 -0.8880641761967035
0.2847809907103862
0.1952931651140536 0.4126524876670193
2.3762354990154764
0.8127161083454598 -0.2512254083796979
3.025999176709165
0.9023123848291041 0.03214121607895274
4.351732283543151
0.016340413564886087 0.2041015867785538
0.886666820684118
-0.44386871834514297 -0.4009682442410837
0.8395080500162075
0.9763557580139253 0.7270504830374068
3.030162908736921
0.23223926655580765 0.8631291160816831
5.768834526433681
-0.004420999298725671 0.33792149647526476
2.6519700353711206
---
9000
83
-0.31382832150277745 -0.19887911151528606
4.4434294393874705
-0.190349825741057 -0.2906894716391463
3.4681920549595935
0.3953645631960053 0.6935860204472046
5.583509517125274
0.3289540797082363 -0.4305335587247168
0.16425861078111748
-0.3006303255900644 -0.6620603901423516
1.8822404445529974
-0.7643760272925417 -0.19111606005714754
4.3541364022936
0.04508647576905572 -0.3169681788353206
4.019849143871126
-0.07020602887341343 -0.890504596702778
3.8122168472169715
-0.08399589507021252 0.3551750640114435
4.776984421459008
-0.763798164377701 0.219250444430192
1.2848812647121344
-0.5123683911507604 -0.7296355326818496
1.5018711835307652
---
10000
86
-0.9097900500741446 0.6861005798208051
0.32391110140765866
0.9669160556279865 0.30364269457740733
5.157852108902484
-0.8448150726275669 0.4198741585709133
2.55128811592248
0.2341258307789989 -0.7092064948738601
1.3867537891440778
0.9388239903685643 0.6238352573788276
1.8986953262248436
-0.28989273223583195 -0.41080329225538076
2.7526640099613715
-0.1910924787091476 -0.3800116977089634
4.972547496823987
0.6169762261586076 0.13791465074255074
4.312758937084995
-0.15616248314893186 0.028163151976357527
2.233680068145187
0.34053270016212445 -0.016421138074891563
5.121889020296644
-0.04555019283404438 -0.2712982961538994
2.468691510168835
---
11000
83
-0.5788621473731141 0.4905061610026901
2.5787960276874387
-0.5981740069527741 0.2470539647495929
2.7884547188086586
-0.18474388948223353 0.7538599247143342
1.7982342658678796
-0.22883139604607164 -0.2910695131896123
1.420917735784319
0.22650998422662974 0.5458866145424066
2.7070703259886963
-0.14472174745872438 0.28889037361326836
1.2945225477767384
-0.41636062357336273 -0.19739158509177407
1.131033431676694
0.5877776507835458 -0.14792229493710665
5.41960808286755
-0.5429483362917619 -0.6815589561927459
2.6527647508472425
-0.5993972476903694 0.24998451457145424
3.8074852929495764
-0.8930276238992073 0.5925697131744663
3.325626518826912
---
12000
66
0.3767963075935175 0.8615705033914024
3.6973815249788307
-0.9616392931502504 0.5840066753457918
3.6613449410842405
-0.004381233336820559 -0.6741729201328033
-1.56944921235339
-0.8234332993267712 -0.7471576515030911
4.785695997063822
0.8172487841638529 0.6314611192529906
3.071441441046118
-0.4623912788754044 0.717035118895708
4.364536864423862
0.906748321764624 0.1733250264596444
1.626483824111471
0.17583997519731048 0.3683897625108399
3.262430461615873
0.13898145677950216 0.05932698098721862
2.1657752108069337
-0.42733557721252524 0.29252510722872616
2.6608154509015964
0.7563527597603859 0.44430923240055326
5.570473669481987
---
13000
80
0.10987075173845537 0.8132818704217025
4.1639077103939295
0.06115549645656446 0.8056759538121462
6.169787360542561
-0.8212325007427734 0.8914034310337338
1.706895384287007
-0.6414875621867037 -0.5973796311839126
1.1188213936311024
0.0012549105947343916 -0.43434835251066795
3.7172732392268175
-0.3389750365345815 0.96858966770947
3.7353813249232184
-0.6548716379738727 0.5092678556087787
4.011416044204432
-0.056246343317557894 0.291269397587489
5.718328236174077
-0.24522877518334615 -0.9424227978227356
3.7138289169427496
-0.6105530074160118 -0.5703101611040079
1.483598707314214
0.1460778756344696 -0.2993440298830332
4.116392960145749
---
14000
89
-0.7613585827216517 0.26602899264431124
4.122124612156563
-0.6783592003908566 0.13572751700060837
2.895745623728608
-0.8853939968583118 -0.19357481880946628
1.199031451215001
-0.9280752551631788 0.30892153235540776
3.9048933266766417
0.2014468392973047 -0.6165716845288058
2.04124592213694
0.1733036245005685 -0.7594629133676031
5.85011421566858
0.8359302715414014 0.04630097923049393
1.247734865939277
-0.9012002750643618 -0.7359723181851338
3.192089920324057
-0.15219669806226754 -0.0029645432234213093
1.7094242486398672
-0.8114217834202131 -0.6443816588454463
1.690298953682479
0.12028150666506174 -0.43299044306119727
3.7592558206120374
---
15000
72
0.31352098921247845 0.1920795867075629
2.9627643201649563
-0.5327923575729809 -0.45360472211887004
1.2971755149777584
-0.20722706807544078 -0.2440892876406245
0.3639406906458884
0.6776916495691121 0.08729056975514836
3.2239018518309495
-0.31460869764768246 0.7183791515641947
0.35798709041452526
-0.018846756496346477 0.12046064594755426
4.436225597563865
0.18605218336439708 -0.3612593017854436
0.02814882066484037
-0.35921819849819503 -0.4650926364279489
2.2714515013551813
-0.24256482685910408 -0.16458191424325114
0.034220141592529174
0.13942590818521877 0.9369622938319301
0.5825620871142991
-0.5060536158971176 -0.6441810724034077
4.187846015537827
---
16000
79
0.3752108128086878 0.43601005270668475
2.100975191115495
0.8409022409381401 0.4467187866200576
5.019170532375317
0.18761827109701515 -0.8336559951784236
5.119425788882036
0.030740692367984015 -0.34928813292594146
5.2420182829205535
0.5840646640988596 0.019585751944097455
4.200594136277614
-0.19144150600599558 -0.3652235171983509
4.034316666154554
0.2165562067734344 0.8235132708425774
2.5610019607809926
-0.05113693963431346 -0.8184854070615984
6.135155515227734
-0.07347184650776598 0.5616064539097876
3.202310604667354
-0.7625298792185664 0.4317858895516491
6.230610939022482
0.9757345621238146 -0.4140937166708041
4.933381630386575
---
17000
86
0.8000443806034648 0.950344283098747
2.570560260723316
0.5824671688803531 0.7905132094812214
6.019434499960246
0.7318030092694294 -0.9968310690616538
2.9182521805077233
-0.794806209709058 0.232893350062147
2.098317697148903
0.4527688497997067 0.7110566068400642
1.659952177374425
0.98772219436704 -0.3169140839721429
2.8497339376907416
-0.38848640822369945 0.4525743633350929
2.601453158674822
0.27004788470695057 0.06953469811323165
1.7445494881617147
-0.23644084868996412 -0.4415667341277918
6.12396585572154
-0.3040813616585263 -0.22066759054882232
4.040973770335199
-0.935958684959047 0.31967756842281475
0.7741651847937474
---
18000
88
-0.6961144799240168 -0.25279429613117765
3.7419653022272263
-0.3159117248284543 0.7862276254788009
0.10253549531111883
-0.22783079100569037 -0.9356958430648028
2.1132902232359596
-0.593821448481395 0.08033102155349595
2.3309017207233396
-0.5729867717015826 0.22749533866972302
4.435613776040523
-0.7256112099141917 -0.6502675052868562
1.27224146038336
0.47485424068840526 -0.5245681687635039
2.267024422184952
-0.6862628431562138 0.9277817398664037
0.19306196177255597
-0.050087629292112266 0.8203358319727372
1.5211992010340154
0.792660433307741 -0.8897043867769566
3.124065542676299
0.14435635625493226 0.3099583642604338
2.8350082660895883
---
19000
90
-0.9346322751425536 0.07735516144535994
0.19514405830462067
-0.48319794288741347 -0.18975267894566217
0.21584288456272827
0.7669742277580477 0.1552301435810196
0.46207066677970055
0.5718050367466888 0.1650038745768782
0.44185322157341655
-0.684601295789867 0.7896800473161725
-2.767401260047342
0.700124948237272 0.1412366574347729
1.0527944866862509
0.7962409522986217 -0.4987188316413369
3.2711447546524353
0.8580912580607025 0.8643195629279514
3.393771692402564
0.036970485971024106 0.33887395838196643
0.9409368402025882
0.03425426504286492 -0.7262344335978
5.693860794618098
-0.6185826498428385 -0.3013783817199853
2.22747090618532
---
20000
84
-0.24655320387714963 0.20515258288910027
2.6815499743704305
-0.2726840781411126 0.08619311676514001
0.3690343010601529
0.16755394227443954 -0.012166332238441071
2.308478155165014
-0.5076895615494108 -0.010841187215249265
0.6589045070055723
-0.3103189665610236 -0.6452470584933949
2.178964001276497
-0.07311799488427481 0.5876252056227811
2.1955038131022517
-0.0458841745981597 -0.5394707059895257
5.348149559610185
0.16650775374879098 0.82815981587062
0.4761783623773903
0.092693626731992 -0.737730212093142
4.759908660802517
0.7085282012137513 0.21277527643303162
5.1024564350413515
-0.2316724234153303 -0.08592229171589377
0.36896938445962224
---
21000
81
-0.5780708975919006 -0.8585094195469714
3.7530890364069376
0.9893165042871326 0.46930558997153116
2.913336948000431
-0.6048434402904599 -0.976262253911095
5.486732031530723
-0.2675664821532045 -0.30328556434953585
2.7994795077576837
-0.5928030661250101 0.34200188474414517
0.21548932551373579
-0.7254925648717931 -0.3464297277475302
1.393880169737649
0.5830061429206383 0.6640694303471091
0.267098535156471
-0.783369261890586 0.5430596477779677
5.813965412201839
-0.07228903962084662 -0.051039902563678
-2.5672553649875414
-0.2560835553975957 0.5656396568959453
4.4687810107193835
-0.3234243761733357 -0.3899808063808622
2.755191423618225
---
22000
78
0.751042608616771 -0.7841881332913325
0.23442251412115528
0.7661097992153255 -0.9920492834954608
3.731711657930548
0.7745435929651355 -0.37441963635039754
4.056376335888228
0.2991474599838147 -0.23083254810542733
2.3085631124649657
0.8573303978527397 -0.9409448998527353
4.431508719627909
0.587320787336181 -0.7521912880721885
0.2758073920051176
-0.23786032622230946 0.030348186345036353
1.5541096238858128
0.749893364825912 0.06038867022717596
1.252882928512367
0.21730118703723117 -0.8025082538917385
5.99940372986763
-0.9168265735265574 0.9042352596847584
2.286743332662036
-0.21310564545833552 0.9639653769684752
0.525868375296529
---
23000
85
0.8814305796928124 -0.9584188063789293
6.2088326424365174
0.8647990261322562 -0.862380546067731
3.4609097536760176
-0.09668957170085037 -0.9015655433509387
3.611294958918905
-0.7328388594641024 0.6269340718614191
0.5709950187895032
-0.7242784979141267 -0.9102733355254993
4.96893947130855
-0.3956219451476502 0.9649767270055977
4.643749750096593
-0.4908533305888452 0.08632564923432798
5.7825589091104055
-0.7786477110662071 0.7580562102281695
6.148419509256843
-0.08997751748338682 0.17086785172948668
3.228388661480291
-0.38685120561060704 0.06142442699316224
0.9722351954693496
0.50521948214768 0.45836626600969843
0.033976887031250236
---
24000
84
-0.8127213292127351 -0.32703013630081296
3.6979135758731783
-0.808307450456819 -0.3528055160762045
3.282060461639076
0.4459649486152186 -0.5403851262653385
4.590186942768887
0.24067170129269708 0.2567473929796165
5.6345991128886705
-0.027618230448609428 0.9338510357302002
2.27868574123929
-0.09668823974221562 -0.8450927537619173
1.1674394182695682
0.07134487464953106 -0.38122533446402873
1.1666696736899738
0.8752274887102534 -0.05972033729688231
0.5119444463154492
-0.6617837027210612 0.43545533612086057
4.9908767710395905
0.11476017852053946 0.49236821135886627
1.0324118346895181
0.416215158140483 -0.12949094740564135
2.802120817907534
---
25000
90
0.8246816135652354 0.3476774812986031
2.482557012686062
-0.16065441302821176 0.0097112181709438
3.5753226548439647
-0.5866235044871573 0.6402339304426224
6.109819940388874
-0.9337068693155908 0.7265593798776484
0.9557873759969491
-0.9031157048539293 -0.6355908087112991
3.724810670025362
-0.28747739768139047 0.18703881303158723
3.6079632354699127
0.8934719247185747 -0.5585590910872295
5.979809809188566
0.21134161118335335 0.8416630169669701
0.16433228164211577
0.4424158940612841 0.2769835628206889
0.652434807732754
-0.5689608274923478 -0.636013767091738
3.3096520461110215
0.4469588791456412 0.12176925012288634
0.49506415131048165
---
26000
83
-0.8156998797934997 -0.42060501556551305
5.321180671086054
-0.8126171987399335 -0.4705044589723586
4.186321378127113
-0.5309226287226974 -0.9534366150945797
5.798687827334659
0.6518272980044214 -0.18051690556681138
1.752020837748577
-0.46834761291746285 -0.7951589406794612
0.793412154552656
0.19095456208158473 0.18968623975987464
0.5205958363750129
-0.7513221432182919 -0.6743205498199661
4.669601938984298
-0.5041485181838093 0.10389082187548547
4.067888355498995
-0.10908231808448153 -0.7108211733382318
3.6304671888642552
-0.5401667437264068 0.06873472463934407
5.970807828718308
-0.3470952505582163 0.22388614844522453
1.4635247685111912
---
27000
85
-0.6107222714932243 -0.8026353829832206
3.1461753662584977
-0.8014027304225835 -0.9645759795077294
1.565599141890237
0.422273830674501 0.13838212809786923
1.8532982821362403
0.3330110515319758 0.5685597533969637
3.4946410219959736
0.7549621522451909 0.3471030567837533
0.6866495311308087
-0.960240335715879 0.4901215899851603
1.3775385473591983
-0.784750397054327 0.692936489230039
2.1042410900261936
-0.9640080056915429 0.17498105759188928
5.184413331040954
-0.39861248051795545 -0.6075698084924174
1.9462671115121246
-0.6587619623870058 -0.8317544801544245
2.958799716312476
0.5825129853923077 -0.9022968991110514
1.8289170546990237
---
28000
85
0.5174778925154635 0.7533632020501038
5.026635774695576
0.11016271701749933 0.16058302536189487
3.591925401426649
-0.6016873225074475 0.42688605856486694
3.722721879999723
0.9652810558381842 0.6306554791560295
6.1472750775900185
-0.8380385329480446 0.835849540989178
4.3246630220309505
-0.9290858104884167 -0.7071494920669327
0.6661935102867114
0.6602147292192488 -0.6219152644925381
6.249554977586711
-0.9015163267057005 -0.7111189053564457
2.4932762468604057
-0.10582337468717296 0.7775551329720436
1.19589102163404
0.5451760062675874 0.4040173494895108
1.1913570427965432
0.5037301279541723 0.2898469502260258
2.694106169354221
---
29000
87
0.33511630547952237 -0.8647300081696397
5.27800759135563
-0.06815000724506702 0.82262267103122
3.687232371855714
-0.9595236178954993 0.18546505093472185
3.6010895859409136
0.04066456419021977 0.33373569573066486
2.425551522527032
-0.011198863184833496 -0.4862451973317353
5.918964046362652
0.19322577759059595 0.6490247021284398
1.8444043840150188
-0.6192618086034913 -0.4611276389598911
6.044197413817524
-0.4416070812674562 -0.5162738358970633
3.8912146197709037
0.40595980515927593 -0.6013683243830737
1.0331959754704174
-0.340760213203205 0.26258229953485035
5.296384048898025
0.7770615733873155 -0.9116623903526844
3.558429303588462
---
30000
89
-0.8219615072304263 0.2747271869672004
5.144717641363266
0.7536188297299818 0.4077918949990358
4.986695689866319
-0.538127487402466 0.24998112369357606
2.187488714148743
-0.06526488399446924 0.1288908792299266
4.885858919784781
0.5440717863151002 -0.5644161182757778
1.7368293831876427
0.5292909678384662 0.28620760726793826
3.324900822381265
0.9465844372672818 0.24954039510530962
2.2583184197840422
-0.3803972289761713 0.2628089713938655
6.239145737612046
-0.5091128007049145 -0.18969405535754974
1.7828255467286525
-0.5442887907560283 0.22452151748507512
6.272146295262791
0.8392814465570665 -0.15893683169471196
3.3860336861956872
---
31000
89
-0.5018310597811692 -0.19764297501638894
2.157168191661098
-0.176820491846686 -0.186196387596239
1.9498846958627603
-0.5466032613209193 0.46524712476710184
3.5330577340767846
0.5410179230635959 -0.5908096430941348
4.560441269788036
-0.03408113626611924 0.9376716213868543
4.4319880695223
-0.918152060369065 0.49215149589503454
0.7155783695149855
0.3787466286202931 -0.23426172372176532
3.3338155203970894
-0.6712739281561525 -0.278232847775889
1.760758047181973
-0.5980391120227709 -0.7950449303954075
2.7063084381285822
0.26194217869206665 -0.6531771480419895
3.33500812566398
0.7133714913614724 -0.3590371556586861
3.9543472495094916
---
32000
81
-0.6815167356577967 0.4413315851761437
3.3971402684832346
0.325060360658316 0.24411922591563806
6.227882868512174
-0.22019887666399238 0.8199267050367812
0.43897239758473283
0.29217825310266277 -0.5165172913946208
0.14066941594340143
0.4291589577016836 -0.3496359756164184
0.6842318160673599
0.14996982403281886 -0.5475641471271013
2.9341601632760073
0.3721318610161421 0.9635109369608493
1.865676392885086
0.32249850300217486 -0.9621302972420246
5.835716820435158
0.7872463077615226 -0.8890885096169157
3.791147209335776
0.01752481084162695 0.5130497737503813
4.5761388245207675
-0.09755103885157138 -0.4388739466259437
2.182648807265732
---
33000
86
0.9466647149086143 -0.3917322404025731
1.5322630591759825
0.4676433781271292 -0.5782978120002166
0.15867055220502913
-0.6661292269991754 0.5449931969512002
0.2848710227829505
-0.9352021478660932 0.08098919159885826
3.4242879249780422
-0.3946718084274369 -0.10568027322266961
4.7457636115783774
0.3323392584401014 0.012986559973550834
0.3523955134605634
0.27620182916871966 0.013885285985511489
2.4016451905878045
0.18853278460009015 0.06196396493108244
0.07889093568257532
0.5996606550887629 -0.40226299571254087
1.2668918261815945
0.6394205815997404 -0.804069188681729
1.820859496128028
0.6233498390218553 0.29099660719345427
0.15578120633809256
---
34000
73
0.8994486739159521 0.32125950438354745
2.061705640425903
-0.7240982714206357 0.17520383868720715
1.6980493513211785
0.42704657372368887 -0.4987273008511671
3.045306599465447
-0.8387027452814471 0.35932918209436804
1.8022749905178221
-0.6998408571492607 0.030907481568915072
1.6748379701722902
0.28690725885376905 -0.035865015079471374
3.8030143221537545
-0.5997208951700312 0.9770139757471752
1.20046919426861
0.2523193863482781 0.2509395740871955
3.128553001302455
0.6489815802238486 0.8339936092089097
2.967210542285877
-0.7689037979338179 0.8735645249582248
3.833206525088449
0.653043726726898 -0.07067915536625849
6.055851029659423
---
35000
89
-0.29190232181415304 -0.042592048806537025
2.6206780183071503
-0.16853384389591006 0.0420684382455728
5.250431341622651
-0.6674594311766785 0.10744167876555961
4.730431382453304
0.7040854561970993 0.7324574886543939
4.72762191734083
0.7368960394229762 0.42176819216823463
5.581269923169654
-0.446719548052006 0.19370908780226975
0.7334170208675159
0.6498818389951871 0.7285901504595216
4.481628517818898
-0.998843264629006 0.4951854860102353
5.428747125775038
0.1061294253127193 0.7365860634457331
2.4056334875449776
-0.8324783609122707 0.1481271249977831
6.276658665136793
0.46018605318833505 0.6592639911172244
3.7680439627407525
---
36000
83
-0.5446759510025642 -0.719272729382606
2.9093098624446085
-0.5344746869672898 0.4913894182850138
0.7421559726615365
0.7927765520094254 0.6396771063615614
0.25191910677444973
0.1375215282274274 0.3650982991897668
1.398702955455068
-0.2300425982088982 0.07414882879719004
2.0627116216251418
0.7738820997492004 -0.9884273566833234
0.31615303959589625
0.3970200411747228 -0.48726844325426255
4.2073450233399345
0.4791550946457021 0.13936910314151724
0.5160600086683287
-0.4535594704408359 -0.9104307652666138
0.4089611032895899
0.3725315011984096 -0.9706289875679114
4.472691323849495
0.43661681141494524 0.5486171303303181
0.5573757220619315
---
37000
90
-0.6274899533583516 0.2571521734117369
3.1769612316905804
-0.4110948669877511 0.38991928690788563
5.272266655190748
-0.6222448240675194 -0.5850357248723635
4.237304074934173
-0.4519131510348597 0.9287569790313216
4.826902038422041
-0.9278003258691665 -0.37768335183991414
2.729402186790254
-0.7126955388518245 0.4710913809023088
1.9857053139373857
-0.8388637682853733 -0.4093577305032512
1.0913374744710866
-0.34297140626978756 0.45678515411409487
4.078233707004763
-0.9387300584354455 0.14147429865327152
3.332911057366034
-0.20371142155960145 -0.41739726643919417
1.362094289589142
-0.38838991338957646 0.17509418256361625
4.1082245132985085
---
38000
84
0.7494127421881815 0.3190667295595469
0.6604137564778556
0.8005697556394591 0.7892796436217495
5.149016284148222
-0.30275035989200016 -0.6352123022768166
3.408572809711319
-0.971667183437852 -0.6352112058109805
3.392030639313078
-0.17226799628395384 -0.20234677652000044
1.2716036893555627
0.4803459718228251 -0.7670164355488158
4.3756355605446124
0.0126913630820941 0.26168883132994103
0.13800146949562642
-0.9234584141343236 0.8158834640836513
0.32036485649093205
-0.10777581918593349 0.21821930518437435
1.2173451162776718
0.48769100691857414 -0.8366566704516625
5.943029673311157
-0.298888490084782 -0.5377453239298217
3.4770016932325696
---
39000
85
-0.8221772460327174 -0.26599118555207846
2.6456427610706053
-0.766557069609904 -0.05209394031491721
5.691830587512899
-0.8028397407464779 -0.6814377609537781
0.30814585058067134
0.5705201429701643 -0.5165903588440425
0.8542876910841857
0.9988356041907667 0.850805052586478
4.867928267633825
-0.7009765077061275 0.5308981823985843
4.520241670612168
-0.7915792135742336 0.2150515089436772
5.401493009027507
0.5916566188447139 -0.4514523495911823
1.3138253812043477
0.3658576905407053 -0.19158637854592686
0.48138117320861706
-0.9130759079939545 0.9245375054293525
4.288210870076081
-0.442251642835389 -0.39393722667437797
2.0668675564383427
---
40000
87
-0.6073339288203122 -0.3975321851141761
0.013163403362446147
-0.7089289639918299 -0.42003806660346893
2.805000092062328
-0.7565139121122817 -0.18311527959983875
2.0994933030469296
0.4197221493424608 0.5200727116061823
3.0226378364259956
0.48437935153132294 0.0017022678115130984
3.5292526935453603
-0.9261926120894464 -0.7205447502970512
3.7175498364161585
0.4566321380171491 0.547679658258182
6.171987687154228
-0.3723275708628204 0.41774879385124936
1.4092657369576553
-0.07581852709789938 -0.07465632179492353
0.24982382125501346
-0.970996735891191 -0.8360057423163075
1.2979878845594301
0.3021143140603041 0.918398132728028
4.5623353867806244
---
41000
76
0.9528636559717544 0.8889591246249633
0.26346066833630566
0.8721740303818432 0.8636733000907306
0.07017933946266819
0.18744044279231 -0.778648194453462
5.49768572967429
-0.8817145087992362 0.5397772925139916
5.310145130358867
0.4109700072190114 -0.11210369131764801
4.660754534942487
0.7314339968933135 -0.5443976276216814
4.679694278865662
-0.967453410377476 0.6724465252101479
3.0505749687654884
-0.8204217492238851 0.8633210551947591
6.23086074981287
-0.4675133081107306 0.3188320471545665
4.719357739827817
0.6637331453007445 -0.7253973451747294
2.291987692180127
0.8064651157639993 0.3795401158612011
1.1364495376202361
---
42000
81
0.3541204207645716 -0.45020832583049536
0.49488125052725734
0.3061298925171124 -0.5464952500420376
5.198922065767084
-0.6561892865937629 0.729406118980972
1.4156584581688278
-0.2799548752812886 -0.22762765716596042
2.6645174686752124
0.09260860582292604 -0.39962572225598586
1.9510001996699664
0.5359078717462353 0.2199266948400775
4.158432575481515
-0.28174088960624927 0.2637990855534184
5.4533834700305075
0.02316266736378987 -0.6012054450021481
2.6774304246822433
-0.3281100640944959 0.021806262956537873
2.2455263400992598
-0.2856336747141752 -0.3985926897245843
0.3286506200807917
-0.34610076637642717 0.4834924624492193
4.996349997885639
---
43000
73
-0.4861599377271727 -0.5770032409665724
4.9960105716410865
-0.22845616567518262 0.7997854817991351
1.0876908843381052
0.39606378899656663 -0.4859845351055331
5.663686595717175
0.6306648192757633 -0.11004147068969854
0.7472366142150211
0.5524402652455678 -0.5754352024512677
4.415753970039822
0.5890022834380677 0.7745164423923941
3.1861544350515114
-0.2775310434291458 -0.05220941737277027
3.2928875528649293
-0.9298815135407542 -0.029798444207479218
5.73655605941921
0.5692902323029994 -0.3757271043257405
0.027512321018702046
-0.3114186798427484 0.829798043078127
2.0503714339013657
-0.3210225130211262 -0.6284117780669426
5.201161135427723
---
44000
69
-0.03316390647035024 0.12825906664506379
6.1976669422611295
0.11039691865588833 0.12321671552952515
1.9153958201163208
0.993668542610983 -0.9094369910243684
1.4564231295996262
0.9565272544454596 0.34884720100221656
3.68687131209463
-0.5497419517335009 -0.6953219447163625
5.41292706147905
0.2600746720663927 -0.3088225387628406
4.310141062579037
-0.5593008551785315 -0.6328403359660354
1.1572557812830526
0.1871515509592461 -0.4846265599314537
4.435312492272353
-0.7329190288456292 0.2702581663929426
2.0150016132758433
-0.8712132459686047 0.6427176826376255
2.954405639806164
-0.6071365173584239 0.4158901014101808
0.04326376554235267
---
45000
83
-0.5618965383712744 -0.1883763689372017
5.972062664161987
-0.4530065609318012 -0.14156144925547434
5.479147236075454
-0.44141165274369265 -0.3011237605883025
1.0023041657236709
-0.5835027330953019 0.4854812016913043
4.0733802129817995
-0.7606581274880355 0.7461257096083492
3.617892445793318
-0.42244217668356665 0.7276279354791005
4.767953491101352
-0.17332585390981542 0.9900295688149164
2.4782088463968925
0.5849567510717277 -0.18632285522513978
4.301802573279415
0.33120819898959825 0.9034839838952535
3.0291500087368863
0.34020546555997855 -0.5150557173919006
1.5168386053903138
-0.71558423930694 -0.19177675872754085
4.79514684735863
---
46000
76
-0.590224893210279 0.20992176541173538
3.426612431407291
-0.31725168449396207 0.6721038763867506
3.570098771418748
-0.7578648053949381 -0.45411369505173543
4.742063111018899
0.9091052112247742 -0.39492985002729764
4.571842477959219
-0.9713886896235714 0.03331496637552391
5.5177082591299795
-0.4103965904380363 0.6722964255410876
4.984533715262782
-0.4166702906500041 -0.42940827293250244
4.000242712911756
-0.6253492547635584 -0.43568674084874104
5.0909625259975275
0.09631868245150108 0.39118619684303924
3.914070507970318
0.6108467125839282 -0.4700807503110378
1.5903971817109284
0.824035208547853 0.9669263935841526
6.134315639732354
---
47000
91
0.5992424388937596 0.2944010978760173
5.5469069675926175
0.5324782313438678 0.3928585224748428
2.6434619352223176
-0.4658616075039171 -0.13729493730801473
1.1929878634958468
0.9248640799743196 -0.4254894812299336
2.181524317311701
-0.7539075520336772 -0.4325964691021503
2.3905598667846313
0.7150117655630439 0.10506586630520418
3.5220170756531353
0.9359460093524394 0.6073462591015537
0.9621202346231374
0.4389369406560451 -0.1584833728080958
4.654126663910369
0.19854054911820349 -0.05449578264676662
2.786169170288481
-0.38060898230107637 0.6554995360002396
1.2506142720566942
0.8129286740088045 0.019147072390767933
0.09904345987644181
---
48000
84
-0.5113444358097718 -0.9192113091152996
0.21599518220551456
-0.48104727899335276 -0.9126997231341439
3.3678130431574758
-0.42602824665147054 -0.40759962328274785
4.943450246442809
0.8136489098995472 0.41314065869105254
4.741845847425892
-0.2905615904931521 -0.01266240723616175
5.754313834262483
0.23080498040567277 0.46105053018648523
3.261375963221318
-0.9393422428017665 0.4208120590766607
4.941281280029071
-0.6406623223733403 0.23470501244544287
2.63901621791382
0.22789900188521023 0.03534209905421373
0.9260292495956568
-0.27146478874516494 0.5584057275178222
2.3840012704864444
0.467830614361154 0.8668439076547445
5.3670013132282826
---
49000
86
-0.17025571119391594 -0.9699196186403568
2.116948617604098
-0.1768097907204288 -0.9107271404868731
3.6078138173147822
0.6512261601807974 -0.45807875542331267
5.6629571094246
0.1775368392911586 0.045182544619032344
0.17511153483510267
0.6995160561686681 0.4364543465968582
5.204866328010391
-0.29638473049425645 -0.19425462953251027
3.1798743266609995
-0.4623951854735596 0.7771082133015034
4.28868429314215
-0.8631066016050849 -0.956748960925609
2.6060010434262244
0.5545433427947086 0.3859861765206357
5.517351176970077
0.4469828470446122 -0.8678189540459473
3.6135163220651787
-0.057678894379557845 -0.8724889668449253
1.5888847040771399
---
50000
74
-0.677562996585098 -0.6066841146061712
0.4196809402288388
0.9447398724766408 0.1670467106867916
4.668656269733055
0.9171507259390923 0.7108472499824284
5.848859742515458
0.07230380162785274 0.03677238098415526
0.2455291283347636
-0.8357262637499104 0.4955435617320493
2.931728885671724
0.5478857802397846 -0.6841701051762024
4.967238894179252
0.77642134654775 -0.10243543612485127
2.1911928759826553
-0.6295998475292851 -0.7968080071593704
3.170228906713527
0.6181873386046747 -0.7137320024615098
0.041311395124981054
-0.751461189848111 0.8029762884749071
2.371739443645266
-0.7641874961670038 0.024767135697633044
5.2425369526636345
---
51000
86
-0.4949589647039354 0.558847736761398
1.6299688111254544
-0.3710785450112022 0.45664211588854703
2.8895551362984815
0.948884472933797 0.34984423118291325
0.4951242028422804
0.1782355704579754 0.34432324610850495
6.162669152577881
-0.5959386350554687 0.4374580978858962
5.896849781250396
0.8670757000592733 0.2301043550115038
3.3065536789222447
0.01562560299291561 0.801314790044539
0.599913185978405
0.2005648881377907 0.06599554793511822
2.2210827187711555
0.4711415064526643 -0.1650604027377518
4.116154862997904
0.5309698267975084 0.8619747850567568
1.0320006238961383
0.46307588057359184 -0.0047018681139868596
4.6611048117067835
---
52000
77
0.3399439022608996 0.08872736401440286
3.456917923316973
0.12233193808046378 0.5832768262992083
4.450419590587395
-0.6031064147378896 0.8463536041892161
5.06170905100036
0.7954841824281276 0.7931787206661427
5.834803259738751
-0.7273612904383424 0.7417544848278188
0.19589076506511316
-0.8244049987456444 0.33352209198749133
5.672463193925079
-0.7977078126178359 -0.6932954414808447
4.32456767331497
0.5986732090501238 0.4904733137590428
4.370718325364933
-0.10608359383019357 -0.44331394156932286
3.424657414268359
0.8389529746524836 0.06924165696562766
1.5678020135934432
-0.2725749845362425 0.8749146562090953
6.238538897835013
---
53000
85
-0.210631535934675 -0.9499820113726805
0.33502683499375124
-0.044113544948787685 -0.38763828057326594
3.013119874541659
-0.5674979596234276 0.5926903697915447
1.1390351650672272
0.7795804332215688 -0.2591225890107904
1.005138683118826
-0.30441061520395485 0.9799555360659057
1.6579188342130298
0.917963773684466 0.27636286593215414
0.8889972299995579
0.7444426170731621 0.7912678367262659
5.1463573984876625
-0.6801471251579528 0.020043205056642772
0.007440496232910654
-0.13987624412030983 -0.6923842493463876
5.265928455103859
0.5671764395518832 -0.19993571841471597
0.4799104362387627
-0.5208591485647139 -0.4952576975016832
2.4300863607288345
---
54000
74
-0.9099042445516434 0.6680697550410141
4.171930706578856
-0.4038776055054075 0.9424280166810532
0.3246537838377366
-0.8855684047339301 0.4384686242532741
4.683238763292
0.6608667152166627 -0.5376311381139343
0.10168404821561339
-0.018548802390977174 0.09094367813089854
-1.4307210757198907
-0.7303715626418368 0.11839594149037348
5.886022487306584
-0.13677855327619454 0.48979030317630257
3.1467403954471918
-0.5411491491625491 0.6760498315952436
2.8343505488505185
0.3464012757581031 -0.10178906358061335
0.9349001421695879
0.41648446552851537 -0.6658717648137384
2.282750456925821
-0.969221401683199 0.20917450543378707
0.7905044524538525
---
55000
75
-0.6301012339252712 0.6777887785031395
3.936087395508494
-0.5092076837341617 0.741854238512478
5.770931419489627
0.7437343591855733 0.436238026377081
2.347190170897364
0.407712830912015 -0.6221559206518182
5.333163118827644
0.6569662563374803 0.5044382983143689
1.670123515092457
-0.8465552904967851 -0.5587844351027063
3.355522570100705
0.8103092458144748 0.5982938399596929
4.044380527701732
0.4981995254359883 0.6196538018268969
3.495061865980176
0.6690078549407362 0.4829044388810422
3.444329048961114
0.5158059909823811 0.4495714637243068
3.375981605145819
0.7050814743507411 -0.7063150113584908
3.0683668478634303
---
56000
81
-0.5983034625577958 0.4029426501650148
2.9081933678250333
-0.7453387140023722 -0.06590266531424557
1.799851100795581
0.8036899557781633 -0.8714869804465761
0.17756523711076877
0.8709620086772076 0.17366648934612386
2.124898173953935
-0.1715936873039793 0.7657416270842025
5.331941681509685
-0.26057149702141796 -0.263144325163626
3.7247789235978637
-0.9688051014925398 -0.792195569806166
3.479287075472559
-0.8816005122115337 -0.03668540743301884
1.077376270066071
-0.7822960296632742 0.4172694711566198
3.5175694133481494
0.0540113469405628 0.4912179231846489
5.061773105467259
-0.9246721766872583 -0.1023655066874569
3.022748672433556
---
57000
82
0.08285847805914204 0.9289019388652481
1.0849892691830572
0.5957207026807149 -0.8220217997837361
4.518772730995279
-0.10734818276065308 0.3615719269586649
0.7815754215720752
0.8444065317240443 0.11554310974603603
2.630415262210808
-0.8480588515510377 0.3409090133870795
0.39464452061342836
0.9660154352919925 0.2581561635973604
6.273662195826605
-0.2931362421704979 -0.8883986451494945
3.6150564328678083
0.9271859772511648 0.15727825484149383
6.074206536501572
-0.7096935169189724 -0.19126550318269753
4.3142267861541175
-0.10588646738696059 0.07907419040052965
3.8886122663279394
0.7329842688572407 -0.9676220398299719
3.292629166984211
---
58000
76
-0.041069272392912554 -0.8093126171959527
4.868760018700665
0.3966957757683667 -0.5595770042478312
3.12774660136167
0.9750564938324328 -0.949853496609511
0.3758292521920108
-0.21334249732381125 0.9355203188229111
1.3002280395307535
0.5986424898707923 -0.6127922928217984
3.3048409647479033
0.4944974291291094 0.03495645149040085
1.7012377921999144
-0.34272256829754794 -0.6315394658695092
4.696484773757186
-0.17527615468883045 0.8383660227113849
3.578185250374289
0.8654466311954564 0.8645531561506629
0.7331986023222381
0.5791595614841584 -0.9066055169742695
4.096126297684693
-0.8105568429408762 -0.7798608485216549
3.551408224585625
---
59000
73
0.22879186705294188 -0.2749023476112953
3.345763314447715
0.4971303196882748 0.22662621695285173
5.5876479656672124
0.8610407823759567 0.5818752995264914
4.2605729546671185
0.41395556157766494 0.9033190617497459
4.916150041379256
-0.5834313904606419 0.6256971436834096
2.710597516683425
-0.06852411929625024 0.31982574693108956
3.090896418913645
-0.7834474429180364 0.9592890483594041
2.9290451706729437
0.8344801173631303 -0.4936261799496844
4.600402862269899
-0.03396937414817676 0.6160572703323962
3.050458766867634
-0.48076981658219164 0.011432996850122862
4.176952622956194
0.9912189110775715 0.3866846766580318
5.825182550069514
---
60000
82
-0.4579516122421339 -0.283497811310588
3.473148739941804
0.2634970167969957 -0.33615326796994727
5.606905232349763
0.30958304403252135 -0.37870377776301944
5.248429047324437
-0.4005183584494921 0.7242471175226893
2.928651878704641
0.7627509631332823 -0.5347554772075128
3.3593104843602184
-0.9411041761960467 0.12271221891775547
3.4740119367544917
0.4620874483172921 0.9420077475368174
3.5573662515668323
-0.3803146610642302 0.1578694394119387
2.0311638077504783
0.42770348694405697 -0.4446817181314528
4.030044861457801
0.8405266701428034 0.7275063679714627
3.8106648752006604
0.024179726524213893 -0.14685750540568987
0.3159656201744365
---
61000
85
0.7863177415477156 0.8771255336552676
1.2959905028687773
0.9318245790272568 -0.6825075239411589
1.936238095096873
0.5968782188890508 -0.6212332629063925
4.769767746356803
-0.7312269425716931 -0.3966071201710136
5.72457136219354
-0.2018050568865379 0.11970981296525027
4.225058626407345
0.830317109456705 -0.9261651705373515
6.000483069228744
0.6537624992579596 0.14965565909251738
5.141711750730212
0.5699223302830989 0.736547324969077
5.678816822689218
-0.7784327734760169 0.9753287129484844
3.626739774210937
0.9446861556809635 -0.28523188618535594
1.4297008744302984
-0.8296900878543881 0.8901368342833589
1.5577418240097494
---
62000
86
-0.999206425875607 0.9349816426756081
0.928395238636514
-0.6881131125018584 -0.771158998322023
2.1442942127670506
-0.41291683827327397 -0.3249286601276671
5.408040485501354
0.5965101928547674 -0.5022514016179705
5.203933683004868
-0.9627908909064659 -0.5560154163425646
4.487634689687283
0.5633364612158082 0.4393146885328788
3.9596446132540057
0.565272404365822 0.5758598833049228
4.449829838810279
0.38780184534656226 -0.335480049339406
3.3924668587897804
0.6329295743125533 -0.7584374897206047
3.0167721782079164
-0.8130477363332114 0.21316552948597675
4.172217349613623
0.5321287762136897 -0.43148127108461254
4.154573463127037
---
63000
79
0.1927152914786374 -0.9888105100113416
5.97402911156733
0.2489148468885592 0.9205786269642896
0.16826655997820072
0.21160059122184904 0.7438883561205438
1.7111816006181906
0.39202636436628296 -0.6302562113609796
3.344377181227305
0.19930133101563002 -0.44653774735087914
2.0995422640604477
-0.292984695094273 0.13061051587006914
6.158675557954289
-0.09250344857839274 -0.4619637821869736
0.18383709138546145
0.3908513883833009 -0.5475430090409488
0.9307900337082025
0.6219606943376896 -0.31081471782256753
5.315982837148727
0.9678138844890942 -0.2751408082192274
0.15183235884724322
0.4039785691264078 0.5581437937639272
2.300572785974719
---
64000
78
0.15387510134048044 0.49466868144929
2.060545005087632
0.6310476247585534 0.5562596059968014
4.4456931930411
-0.5754356462929263 0.421982060489655
0.7535438628242703
-0.1719260927648999 0.9438441523198162
0.5552564428684024
-0.0454343375989772 0.06321430362265881
1.6300008504822738
-0.33933709934007444 -0.12194583847825634
0.7658409424012254
0.1434319339558825 0.21713527886765083
5.933615075683069
0.1466620541923909 0.00660815516705459
4.238092721142176
-0.18037064699623462 -0.949348145161359
1.6218449039845697
-0.6366768807559622 0.5372354541163454
1.429322161578586
0.43875493811998556 -0.06301205483745573
5.273412779044842
---
65000
85
-0.17539548154106357 0.17483518990085858
1.4926307335946813
-0.21574122294326545 0.18321456317300985
1.7743701853245937
-0.194412079928368 0.5381993339402023
5.59725868471445
-0.4092257011979008 -0.648357691565042
3.49183728051099
0.12980247419180282 0.4933793275784434
2.635919321604513
0.634309644667171 0.18329262420485168
1.552201160554041
-0.2985214799788535 0.00997599684354148
2.1259722765639824
-0.29610518034309297 -0.2491977171908064
2.67581970456766
-0.30042416006625583 0.11601710320092476
2.785932305261558
-0.9025915941218615 -0.5882882477830561
1.276811510980647
0.1382434349757712 -0.3285887287724407
0.7094996013617711
---
66000
83
-0.9279793986501057 0.13448784076532258
6.202339980388851
-0.08462392056382101 0.28010801053811984
4.919404390971121
0.33862605242725596 0.3735444990336053
0.004072595419979841
0.39339966669815396 0.711074208013725
0.36787445172739286
0.4563315782347512 -0.19150226123913705
0.02054248309392026
-0.9819063431740177 0.26791352636749804
2.0305357665403614
-0.9274130611585183 -0.802705846630337
6.004741337777394
0.6220253566000025 -0.14564595761234048
0.13754240828422137
0.26548096717621367 0.5588616585663626
0.2430659172966374
-0.48880048388899733 0.7454805451755903
0.37399658589871265
-0.025787494696144934 0.260861731212863
1.2803260977536999
---
67000
86
-0.8784704375971489 -0.3002239352393585
2.0117645872157133
0.7279372918147664 -0.447894365061535
4.406309119692104
0.4944260136875118 0.5024260369231399
3.994205647200439
-0.7011644147112093 -0.26627010016330027
6.277699184464989
0.1120926195673961 0.7561884196210894
3.825020914830356
-0.2921937400379103 -0.9845352924692363
5.69511305094208
-0.9865812430750164 -0.5053324924175631
3.6564032010254355
0.8955205157334155 -0.2031342714138237
4.4166625716383825
0.7977328162009459 0.2429814692044848
0.3237985677357367
0.10102738694552331 -0.8500722844838748
4.964490067364253
0.9399247529336509 -0.26584181047842037
5.701797648205883
---
68000
77
-0.13791331793657555 0.8846880795567963
4.433749906140465
-0.2271388878302515 -0.8153803055881286
4.977288765870458
-0.18304693336145017 0.8556903048299178
1.5668289767185613
0.7580391478478794 0.7133813609799949
0.3467151428852828
-0.5667043245090607 -0.5279933204598316
0.7592862514070777
-0.47600023291960936 -0.7819238134497846
0.056532769547753325
-0.7069202642917607 -0.5231975357683749
3.6004358777230925
-0.4927909037834284 -0.7764025097051825
4.403907716008969
-0.6841987835833795 0.5759832631885957
5.556267116235555
-0.8460900720993253 0.0413485955874489
1.338871883022355
-0.038815673679668906 -0.4538399522925288
5.3750283250439885
---
69000
80
0.08750323351382393 -0.5615126752322929
4.649328336505605
-0.9257281390190948 -0.5648805224122868
3.621730617178085
-0.9135962850912187 -0.5003450529187372
1.829336695666643
-0.672393965941415 -0.5119522711631437
3.0789997233952553
0.6178614380796533 -0.1345396959662748
3.938302902561616
0.708029997981858 0.853794722094858
3.914763089827683
-0.3966411677224056 -0.8352214685370103
2.939557743719803
0.6050561830140943 0.9334241812505577
5.503872658541475
0.29142303121277513 -0.6214251430010374
5.909970973307407
-0.376480448646651 0.8841597691040921
5.812491203926152
-0.0990010598195186 0.34609263400965773
0.5001319066139436
---
70000
81
-0.48025968607311204 -0.572816112626596
0.09018693888635854
0.04669666766009403 -0.9286792168274473
2.5632674173096053
0.8490873163035102 0.7045653758178991
0.0450034952066769
-0.04233220203213975 -0.40601607302615117
2.9778588465743576
0.07389301289012142 0.5648421967944018
1.3295336186413236
-0.6953502465445155 0.46607495340846056
3.2263717912275762
-0.9544867421961825 -0.8371226541824164
0.47685766405661223
0.76367445124841 -0.3090666114877881
3.568596489156831
-0.5530683429502202 0.24827376463580791
4.925230125368141
0.9772187701699385 0.3234424710882093
0.9395914015852926
0.6261992048506839 -0.6976877439174116
3.6972492355270914
---
71000
86
-0.5029037912751535 0.0009570692073804996
2.871895289758794
-0.4462210633809356 0.18106922533243283
1.5165995877893534
0.24964073598342204 -0.007617147381205305
4.138545925566692
-0.8661102077530952 -0.2939010758010064
3.9790571790305043
0.6716911353725133 -0.567422146571852
5.6837529605665065
0.07889017077962762 -0.7312390085141353
-2.2853061136865187
0.2580023070440048 -0.6450294434325351
3.2412365852538976
0.8575893553265581 -0.3681496843768344
0.0072437409958521215
-0.432057004252293 0.9787439762706862
3.434522708637232
-0.10304263429245596 -0.23285486608949688
4.297591477610794
-0.28183295249617796 -0.9893293549290557
4.126787017329663
---
72000
85
-0.6080469171875884 0.8830403777475966
0.38895254402707635
-0.4252731827427115 0.8136055396944649
1.342500576013209
-0.09940783676447945 0.25412487928426014
4.319080676510531
0.12289530459186787 -0.9067007939366288
5.984311926312134
0.35693881037062897 0.7705780703119225
4.614070198980671
0.7261712435506849 0.6588866305205825
3.4646816477209645
-0.3561567235001427 0.36165358195578784
2.148465357930241
0.08093495887985842 0.8157998047162168
1.0722388885788199
0.4045987973170291 -0.2042637752513513
0.878411677656219
0.1861721816457621 0.5541880760721227
3.394312514927286
0.33536238977311733 -0.9758605074724513
6.178432906145372
---
73000
86
0.10672149108183207 0.19587114532142674
3.429066760577649
0.7996710906337221 -0.9626284802092837
0.6227383293508337
-0.3191204069146155 0.1385268971646686
1.891569295877023
0.07817410624115848 -0.03637061007269243
0.5562373142550037
0.6424493493956446 0.6125873837398439
0.5364674693712059
0.9001824360367853 -0.7654573097973636
4.164456190975958
0.17163090029435585 0.12664026000700696
5.871304391719878
0.6789616354391941 -0.7277438360326255
4.850494495337726
-0.42197614660642646 0.24330286180439958
2.199739492451493
0.5655663335040673 -0.038416997354394314
3.9390979989645034
-0.23904380738896147 -0.40932927715624823
4.216938308370422
---
74000
81
0.19595163856215697 -0.03013540832680136
1.631285142325225
-0.2724972044451647 -0.069946194590782
4.4874663082532615
-0.6395544455690682 -0.22561153804169026
5.33161857921452
-0.45587750719666076 -0.43104578600787025
0.36229101271622
-0.31387674733448584 -0.6960789348573979
4.843616318167194
-0.1983639841974853 -0.5515350272532435
2.9662338999667206
0.746798880022371 0.1517621862307919
3.621963710181876
0.8657823865535148 0.451450257262418
5.787161958280447
0.002621243264787375 -0.5286249728091983
5.2858565018645125
-0.19274424456147 -0.6650347172718188
3.2494882277008132
0.8141325200591389 -0.700160556316887
0.3887967202447369
---
75000
85
0.24520641081366865 0.24877365884137284
5.619141156385396
0.13404549835515714 0.14364824237153676
2.951876264063138
0.16435012852592717 -0.2203995101186449
2.239865302258294
-0.5459801355571752 0.3942757346283503
2.757898462522168
-0.16696723853012782 0.031682391438998925
4.03017961363339
0.09046485345511834 -0.5330368576777071
5.211832455648568
0.08923935389864393 0.9271579507993469
6.153508831023623
-0.334981101803238 0.33997099713213075
0.15864642036433096
-0.048211161626267665 0.5376955819253402
5.880658596996702
-0.40198370625044366 -0.6005419867744701
4.9092318177590215
-0.3447513535096213 0.7384258839587703
3.316236318178105
---
76000
88
-0.259389115233694 -0.3366966425122461
5.298752387600911
0.245035901026526 0.4071928169426085
5.900716175763931
-0.5627539761906007 0.26345898173537463
3.625883026208731
0.502881561609521 0.9880790847828707
4.22775874757736
-0.8272293639766998 -0.8312708606370148
3.695870537659684
0.31087608742838285 -0.6391346431972528
6.154555511679316
0.7741807616684148 0.5697981154558565
1.901017519304692
-0.1531600145946763 0.6545093316378235
4.293008775545839
-0.24871803485131624 0.4221329948242268
3.843112399953034
-0.2230086172134351 -0.7505240060044218
6.0372368001927486
-0.5727157092350702 0.44831331520576695
3.97935304096515
---
77000
85
0.04640916592488892 0.2178634427050749
2.562970934799911
-0.08284432490531433 0.3254415097467787
1.734656996549095
-0.9847320174045018 -0.05456798538935555
5.255028536592328
0.4659654119631951 0.3657121162856738
3.1892591842524247
-0.12882227806126592 -0.33564787583970307
4.989909599639546
0.519783619123131 -0.479516691470841
0.8334057908570522
-0.9103187140960476 -0.33080135558898793
0.23233054847395707
0.98750629801562 0.8760114480583819
0.4525346076379142
-0.2742738367922701 -0.6231404570091769
5.8740794608561515
0.3826627231833843 -0.41804808211873246
0.7755586412775521
-0.15964068432911077 0.11125904139752818
0.7989680337078786
---
78000
79
0.5115862889590239 0.8765795864084833
6.248881423469515
-0.9669501509387133 0.9241340175276853
2.9360425720320347
-0.8504915292401314 -0.867680502179801
5.081695660819643
-0.9164214303395197 0.8837703423635754
4.313308567239078
-0.9958408646725785 -0.7885862280613286
0.722696420817365
0.16287310545648112 -0.6076807347068856
2.812681208880667
-0.38264443637569906 0.7725925711080014
4.85918994259725
-0.76887641498028 -0.9156465002926258
3.3205279925635356
-0.23871984956341982 -0.7780626892917456
-1.7135048540728162
-0.7312959055938273 -0.5624528950388274
4.760433737753958
0.9539137126150236 -0.7888433708230294
1.5539408734000313
---
79000
74
0.5399890911371006 -0.9529049439259767
3.5501935178438817
0.6459335273339327 -0.860431033999815
0.8736447921664432
0.823598584699358 -0.004888680628003465
1.0827917941019187
-0.7003610857419227 0.7599567255076749
1.2360769376362901
-0.150635348296294 -0.43370035711705296
3.216192971539649
-0.6573689891255333 0.6574624321430242
5.659541571651381
-0.18059061680614694 0.6503887411306953
1.5302527854558274
-0.8330177371013885 -0.4020926660842065
4.863163128049494
-0.92020368058199 0.6945635203635397
3.281539732998189
0.7006828279456846 0.9198178803086404
6.019027908053375
-0.8133496114772564 -0.5349372054663633
4.003698963481103
---
80000
90
-0.3543334044476092 -0.9403146277957953
0.5700902642770405
-0.9946933431671723 -0.023197939114835347
3.7952235467578035
0.5111933886622204 0.19350143484532234
1.4835869358307407
-0.6115731995984567 0.9995442452295394
0.7865167464755265
-0.5309462756255967 -0.7991810601586204
4.283570929583445
-0.6289809448575127 0.31383223923859327
2.4949486160354892
0.41342421328385576 0.8448190864419519
0.8615612175191947
-0.26274451832839396 -0.2166808673972637
0.19327314468944756
-0.7558218956847221 0.06766119395585571
4.852263768296429
0.8760051374715024 0.3409544191154461
1.183269917119024
0.7876377346517263 -0.2053147075019704
4.669246769307556
---
81000
77
0.8716340054888282 0.16559353889351866
1.9949201068001388
-0.5209426985188579 -0.8861659951488254
3.3665301108613237
0.30990758489492964 -0.6492842250860178
3.2415193986513664
0.301703718652747 0.0873481566296854
2.5792486461947552
0.41978605499960264 -0.9488430834454954
6.148708232218567
-0.16498565162849804 0.9907166516344559
1.7436487398789113
0.28768698138420085 -0.0986488641919582
1.7924943917895853
0.7777736322690619 -0.2908701842298585
4.534031248322389
-0.8617180864083861 -0.6746817696007181
0.20163418084295248
-0.8555058727828491 0.8593626479380465
4.557987680274948
-0.3642951756522854 -0.6269369187915826
0.0031704267465739733
---
82000
87
-0.468206554451708 -0.13276307074191004
3.1264012844453575
0.04036008276303086 0.5588588184008006
4.735258020867133
0.10808981303806833 -0.20625981269110558
0.19519315370902124
-0.41630951602040706 -0.3621440227550954
2.557054332730803
0.2918982957300741 -0.8834477305612942
2.066704017097379
0.11065061203962018 -0.19800336130896004
4.498389345226891
-0.36197413881527435 -0.4858640381107153
5.999594984679806
0.023324965811577694 -0.14464987146849173
3.7036107183268676
0.4794761544445851 0.2272275274026181
5.904997742987651
-0.40712736850379094 -0.6600571261363508
4.664526939369455
0.5878448585823493 0.6633879605994303
3.417025472827933
---
83000
74
0.3611590091332028 0.7170365120171692
0.545108094601756
0.286534394385113 0.24193382467291447
0.20385616941667628
-0.6023402390289881 -0.9617388105609409
4.512758064253337
-0.18619765549856224 -0.7161488702568218
1.8406521533162996
0.2344733442955055 -0.2861133686445343
3.5910448179786725
-0.5112761057556734 -0.9909336428519976
0.1153322974682407
0.20265428141358477 -0.7218041623371387
5.286724343883861
-0.25096306552281156 0.2306683877755258
3.701405590893833
-0.07644993294438052 0.14795414739174098
0.7199919000593793
-0.17140971629664614 -0.9362727309880308
3.769423555729766
-0.1319631368870178 -0.803818842413418
4.475986413978874
---
84000
82
-0.19339228970434252 0.9565867874764953
3.818108386397711
0.1529268110670009 -0.8236856842146207
6.197538178260337
0.8368369356821398 -0.710954949339401
4.044963680564966
-0.3588925127177469 -0.980468645283757
3.133811411542146
-0.12404428463718173 -0.19115529651735866
5.039776501443624
0.9628976812938731 -0.9279561220445166
0.9391893218167544
0.6914548764890366 -0.48996802917141447
4.303740703691856
0.28512454209940713 -0.6659752944217457
3.2034722667165747
-0.3847121040702891 -0.9150915755095912
3.413702655703667
0.9023390750860723 -0.8804575913903442
5.273420775781801
-0.3524724290415867 -0.5663803208428828
5.100594519865457
---
85000
77
0.4606383508950628 0.14554301852601148
0.8644647195353591
0.35406049667439327 -0.203026021806824
0.28221799806337167
0.8827258146334825 0.4102310353013801
0.6018593659750353
-0.878577403201398 0.5416181112380354
0.11090430319056743
0.6067145596057754 0.5523311760605957
5.142897274073948
-0.4179579130023975 -0.19301746653645743
0.8457248429709942
0.8190964709335806 -0.6028062516647659
1.0735433972875992
-0.32868795266255035 -0.4142810502352622
3.53139312102995
0.23757750074921266 0.8700529574773146
4.612913833106645
0.9885452359777562 0.33138077728238463
2.354982713813061
0.36276279030737835 0.11685562808752825
1.177836632121596
---
86000
76
0.19788962756805734 -0.3899899214581532
2.436894244323805
0.1066558915159544 -0.7422929204453833
1.7611652784254952
0.05892474410848137 -0.09295390143563226
2.4734548971465133
0.11602033689434267 0.8558783663439431
0.9630204667288975
-0.34922705095609685 -0.7124968693781086
0.7660945900586675
0.3611554900618768 -0.38300063234450576
4.227284954060513
0.2710318557182989 -0.6326054382640702
3.833222717828546
-0.9279678921020245 -0.5382517601561141
1.4062207352916367
-0.5983287688289151 0.5200069434972122
1.30091955901268
-0.5143777357616593 -0.023869420198122333
3.0865131135013044
0.13553538012569644 -0.63816475257429
6.127006664928725
---
87000
80
-0.4062928445497132 -0.22934000398913224
3.1672015843005976
0.8584628745451138 0.29322345380212333
2.6868401888725026
0.92784605885082 0.43260818589894123
2.644916017078577
-0.9448987087966105 -0.9688712291657268
3.5560138645898274
0.4625988536134813 0.08815398423872459
1.0310790933773646
0.9141723607030011 0.9731032868549041
2.8668266845537964
-0.5756955525552794 -0.3906759926360009
3.3435940758136216
0.8982297010460875 -0.23951577449524009
3.957391493110239
-0.9798871531267754 0.8146792685501605
2.348448353151295
0.7142648073593073 -0.5470562532853738
4.231043393764711
0.6963632047469658 -0.2917979755091966
3.783954707872147
---
88000
86
0.27158731478098946 0.7461632257947883
1.5480514512078696
-0.09935377055500846 -0.9320481607383958
2.9078753550690095
-0.6903213675249507 0.03379863207341935
3.060781393238452
-0.7596551150096176 0.245594993062632
3.974536910224283
-0.7845942209770124 -0.6634694931468386
0.03228875097610295
-0.1627846455481031 -0.5268747558200881
3.9216191238021407
0.76416246067368 -0.3248799762448053
2.696847844090522
0.8442201415817085 -0.49265206230942843
6.251054443512256
-0.27794139528821227 -0.44038464119562504
4.361167214216888
0.4610663270787081 -0.4496621248614982
1.6462485588048859
-0.8846499083739229 -0.7352683820063984
5.384328617954703
---
89000
77
-0.37442379018500543 -0.8293886895585076
4.433125569325671
-0.24824007234288284 0.10285425607253929
1.4578619098650636
0.5606479594190975 -0.06665602237380058
2.2178928813012266
0.4281103525884722 0.5686081388568186
4.637243057790775
0.1482180068512229 0.931313870600199
4.534363109029757
0.5884162022229781 -0.9329180254299314
0.2316629023734036
0.48188674922334707 0.19752280261772986
0.3083271502414071
0.33118883884009664 0.03091928346315383
2.103899448844585
-0.012208898237171114 0.6239589115412412
4.954336577003171
0.004662052949054394 -0.33774284177453506
1.9445321892405483
0.8778366024484471 0.29951721063968256
0.11548375674662381
---
90000
71
0.020587359435359213 -0.7718159692483905
0.07135285796805058
0.06427130892403395 -0.7718732911130697
0.7963280779046755
-0.02008215663524766 -0.4576812224848796
1.8245126049977518
0.9031466718001542 0.5385672249572933
5.032326987542239
0.5639800544780347 0.9804051021595221
0.3903455686193409
0.2473044189213622 0.9924232456225861
4.246099735132048
-0.4438797872622456 0.7454297438996998
4.051601573355318
-0.22717305178452402 0.5838364315538829
0.7607064214281385
-0.39973417461444666 0.9307996618886695
3.0711745352358513
0.4671542520421273 -0.758916266397924
4.992393105998577
0.5223044627944683 0.27230946826778285
6.221182598788632
---
91000
88
-0.3297922825802436 0.4468375885040761
1.5287354772463184
0.24971692055626588 0.9335675245908879
-2.0945779838471617
-0.20661224767250014 0.04458223692412221
4.470900072904368
-0.3753634198206591 -0.9303636206216463
1.6658239241470767
-0.2883065077589221 -0.9344538039094824
1.0605685607295472
-0.8773707302053138 0.2378250107591374
0.8160165937187456
0.6218145056927065 0.5920101202475002
1.8012727349517306
-0.27107064753689936 -0.7196902118851043
2.6060346351976005
-0.24813163954811868 -0.47089560837926436
0.3160122317513805
0.6042702923845081 -0.2870752286542917
5.146586103296014
-0.4892109530979273 -0.6119241458058985
3.7847836798741668
---
92000
73
0.584004284522537 -0.28828002246871964
6.14604971225089
0.29925979102021927 -0.15581654940803066
2.763385636099736
0.6091978388766781 0.04923290855127821
5.590577467082078
0.4271964886099767 -0.42226854479015685
2.1442127088383245
-0.4697800063974128 -0.9137787712421204
1.7492556038166258
-0.9837577791087009 0.7907627977466096
0.7431345054300493
0.3952411287371459 0.24261419241495408
0.8449907100290686
-0.5196074642138508 0.9173715162263847
3.6941150285564817
-0.5562901069781189 -0.08987699961607463
2.610476788627678
0.35719979387108447 0.21969928496285876
2.147833017556181
0.15445339260682975 -0.14660284825833575
1.8143723914438814
---
93000
93
-0.6591416828907956 0.07065914969719031
5.729282984079821
-0.9416394275167348 0.08526055933518661
4.662486161050471
0.12008369969206 0.05165847707620541
3.527250234942376
-0.40172568619638804 -0.6731401311545171
2.5346028127929507
0.30059535135526105 0.5694981959371507
2.647026839648711
-0.25168958836203326 0.6991731977200294
3.3154242265085827
-0.6703611057075662 0.12698698560798063
1.8169544668731374
-0.19561239741201564 0.5332466725913907
4.95784246189382
0.908259817814616 -0.18043063762405145
4.518597310252792
-0.49125609082171456 -0.581700315849125
5.192903854633915
-0.19563614680050867 -0.3767251414940069
3.911054780098419
---
94000
78
0.4919747714195884 -0.0375547356366166
0.7114847477065996
0.36439935919851185 -0.07663542166564492
2.4316569201559624
0.6504754239764104 0.5752900226570992
1.6689007516679988
-0.00847232010742148 -0.4632399637975
2.358707784401341
0.666696500958665 0.23363899129480428
0.820355255405909
0.48383256510950723 -0.981716151828504
2.074094763523206
0.39141875632459117 -0.9943271325934442
2.9544764470651055
-0.6942981738330379 0.9962126013617557
3.064747372887441
0.5999539030286037 0.6376794486612266
1.571093906171555
-0.00010896129049003836 0.15683209391129108
1.5940178324753536
0.34847538363791775 0.7608934198944816
4.481318316700183
---
95000
84
0.42460931332804214 -0.6271231544618507
2.644333611406261
0.42242212530434553 -0.5295181754773511
0.6360115700422826
-0.6736052594399359 0.4052822661799911
2.0835972362811157
0.0002422773805704232 -0.07444095049123964
4.355715935899923
-0.6539994716528285 -0.6988349620204002
0.5646684320469069
0.12033639531865117 0.517526450881308
5.821997017085222
0.25314493266631866 0.7528697012979519
3.5452455298046877
-0.6670309322603164 0.15838395318606652
5.2676273232330715
0.13057749539073232 0.5642765591895865
4.050445070457281
0.2582217631200921 0.30507215096380863
4.900340764222875
0.5581947109939134 -0.21579626178555614
2.74579140244664
---
96000
93
0.4474116451371496 -0.7802932817253561
3.7215833001740934
0.46459682361394283 0.1608267973153369
1.734952491000537
0.11855568989123674 -0.15840060663989686
0.16264706163201748
0.5690699433340285 -0.2769336848433253
2.997582386390314
0.8477794574950007 -0.7824135275088095
5.1964562411461666
0.7887684765915075 -0.12952593784438313
5.391938785557906
0.49552502373484036 0.9739958965778119
4.3887541420313445
-0.11268717553842719 0.9210962929726421
5.838276093866424
0.5452507352191155 -0.5223719938550859
4.584282175899104
-0.4828865065946283 -0.9697885912875185
0.28917810958534496
0.5998839833228701 -0.7081067020604012
6.136266688923522
---
97000
86
0.4587853817781971 -0.16918247039867346
0.019532008820358104
-0.873036279997564 0.8620009428942822
1.7087154772631163
0.684460367921961 0.6470413171977694
5.647644436096943
0.8372583617657244 -0.19864486107846246
5.4190682960055785
-0.14159273759943813 -0.5103819693828133
5.772978562879249
-0.6487243242834246 0.9329903873428069
3.2899506652595685
0.09622856223070557 0.23058172714399935
5.865429457288576
-0.197170931067847 0.1911467452653237
2.6124480610483953
-0.9745138462405152 -0.14488686773306347
3.4619986679816392
0.787420459682763 0.2372714564664825
1.423021933975634
-0.1931514709248212 -0.24624193576312095
1.6151173456423615
---
98000
85
0.1754075729315652 0.049026061313374954
5.94814463501141
-0.04837947677830307 -0.16410685754165877
0.046544238681474503
-0.2083979387504798 0.9965177839576445
5.32194667989264
-0.36226870101667064 -0.8970277519357454
6.230125670181894
0.757987137209546 -0.06738750906773697
1.859837867231068
-0.518200276096632 -0.09917856186862276
2.48368858983852
-0.7690371176365656 -0.12706816238229623
4.730367093779442
-0.8761243064596946 0.25435033943373
2.7131996153353573
-0.6262088515299109 0.23879652202609689
0.7026086227693744
0.21971141021854645 0.5180876988146894
0.7627506340761654
-0.47058000001401645 -0.05018837241845658
3.2149647489749604
---
99000
86
-0.8546317274799509 0.9308450222039438
2.7698623432542537
-0.7611069315104299 0.8629261119370356
1.4796105028843227
0.8023119500259488 0.8578789110341695
3.136822276838454
-0.2765252761383281 0.3266578776031276
5.509742264362346
0.383848370839038 -0.5257100725007676
3.168731277189524
0.9566164816103226 -0.4464708756306625
0.22382786389283016
-0.36854294152121125 -0.8747314122753662
5.141035673067394
0.7258751708769754 0.49333515545623224
4.20433232717907
-0.626304472931091 0.41805747636280255
1.528406692248053
0.6310655033437591 0.2453504882143173
0.6300041612128506
-0.8247111333993034 0.8264752322320594
6.035903257392638
---
