100
{'run_name': '2D_rec_10_total_boids', 'annealing': True, 'annealing_start': 0.2, 'annealing_end': 0.002, 'nr_observed_agents': 5, 'nr_of_boids': 9, 'predator_present': True, 'grouped_spawn': False, 'predator_halting': False, 'record_keeping': True, 'record_frequency': 1000, 'exp_folder_name': 'big network 5 observed', 'boid_speed': 0.0333, 'boid_color': (0.8, 0.8, 0.8, 1), 'boid_turning_speed': 1.5707963267948966, 'predator_speed': 0.0333, 'predator_speed_slow': 0.0333, 'predator_speed_fast': 0.0533, 'predator_lunging': False, 'predator_lunge_speed': 0.013, 'predator_lunge_distance': 0.1, 'predator_turning_speed': 0.7853981633974483, 'predator_color': (0.8, 0.2, 0.2, 1), 'predator_confusion': True, 'predator_confusion_distance': 0.4, 'predator_confusion_threshold': 2, 'predator_chase_time': 20, 'predator_halt_time': 0, 'predator_eating_distance': 0.06666, 'height': 800, 'width': 800, 'graphics': True}
tick
boids eaten
predator position
predator rotation
agent positions (and)
agent rotations (interleaved)
----
0
71
0.6168078473821306 -0.8402084426700405
5.139158499218357
0.5099892169101905 -0.9462969500877265
2.4554947568910945
-0.604841646472998 -0.689773415180565
5.688878268618652
-0.7890251482499462 -0.7027874351400282
0.6444286870581877
0.7525017549785117 -0.7306871555944242
5.288767621354883
-0.6874232729071705 -0.41224213769939827
0.21398180824050317
0.9254091627364167 -0.48085521511162505
2.2618335159141605
0.6045291307085788 0.7741884737330197
0.9668425676442309
0.5462100629581093 0.07377443035110398
2.1294839800907983
0.28179660344699353 0.2781005484687392
3.0970696621901768
-0.3465419643085576 0.013352800761103253
5.869983187573368
---
1000
79
-0.7829810501080527 -0.4040459907340009
0.04826907067435382
-0.7800367172099602 -0.600753330962753
4.996235466473349
0.8316226496363108 0.8347987729906767
4.521270577402417
0.5778491047597728 0.9831194074807825
4.882422238920918
-0.7478984797571797 -0.23884761052739617
1.916522708505278
0.9328967128845738 0.48660563606338725
0.5572636849065722
0.9102535389576845 -0.5143222006882426
2.5153854683686623
-0.6022109294213863 -0.3149780973069886
1.6557008578671795
-0.0905927813717412 0.37558403313914424
2.7941636743381704
-0.8119157208719345 -0.08262905645520743
5.928984468059254
-0.8623430916297697 -0.6260199233322263
3.87404072215851
---
2000
80
-0.48708228854031266 -0.07847455941318945
1.0723173377111737
0.506803907570036 0.36390654750565565
5.179814804623725
-0.4967001609132788 -0.3739205845515201
2.219558622980518
0.23245529057850198 0.09733204773619664
1.630957274447848
0.04287816513092591 -0.7152617605699427
1.0901520759906278
0.1786829114807136 -0.9921262680328728
2.1250811230861135
-0.29217572950485343 0.2681017176070089
4.960965395528429
0.8904643171059912 0.4766330345856559
4.405121494875329
-0.3586970163130156 0.7962440413032654
3.762457529901253
-0.45405877258475086 -0.02276741509603533
3.4796638726148172
-0.27641637151301107 -0.8190461130093349
2.850359905134064
---
3000
80
-0.8706727205429913 -0.9847602336359962
1.631743770321993
-0.7233726255283506 -0.8090107049426595
0.10014572910479469
-0.7170422218627213 -0.22733521921413755
2.5534426773460774
-0.3245208102071784 -0.8032841509592128
0.7974077631011296
0.9156208612283476 -0.6843243477121209
5.659068452300262
0.7775702967823722 0.7291488801600633
3.8571550003420665
0.833702918380727 -0.4306931610720663
1.4672851214267233
0.7285602780053766 0.8285693960532032
5.635137771087957
0.21089676238104854 -0.7752999614090178
2.638345070411468
0.9542429604808134 -0.7666543853037747
4.58661635891835
0.8267226932353109 -0.6752658879601362
-0.23953028074700614
---
4000
93
-0.45497847095534427 -0.9359539608847927
4.951459063927064
0.04609875005495104 -0.9858238739353855
3.3430147805179065
-0.5963847707584596 -0.8725389461882787
2.1275226337781596
0.5406417277738698 0.7290888087059275
3.838862809316235
-0.018070821798305402 -0.8468950866186956
3.4729079660619693
0.7715408796327021 0.9848580820523214
0.4419450199679291
0.9946833435344933 -0.30865842467959764
3.8800801382021444
-0.17183110830401654 0.19161536567093174
3.2518944212421212
0.3628587617549076 0.39840307218502635
5.233739275809229
-0.42998720037953453 0.6377351194931238
0.33437872285057146
0.15053299137175177 0.8376434589687406
0.3811720797118552
---
5000
86
-0.700419868822501 -0.9200954001065899
5.957350514120031
-0.45162863605418885 -0.7884277158581452
5.789374371032189
0.9068193118314306 0.5337652579316153
2.720572902975208
-0.3812902057894128 -0.3791810803711503
5.804011335010242
0.20677490822650066 0.2731386296745978
4.495183916957661
0.14272360861388397 0.3186975900689382
2.5317960739928163
0.93949671645895 0.9738456794158161
4.79197932697182
-0.8104775683728104 -0.23328704028774583
1.9974338934989477
0.997754883540579 -0.5647894688674074
1.88128428868169
0.7290813088206737 0.21470015979064272
5.034673126961761
-0.8459171075512095 -0.9426331387079613
1.5378608845417494
---
6000
80
-0.2909286546281102 0.5179202420943452
0.5435921259994305
-0.21448878900998147 0.4556252681704074
2.926954861409854
-0.7881470470384719 -0.4125970213376605
4.359423442448597
0.47663028777530897 0.8093116807814614
2.520138263062516
0.7879235013140679 0.6875783076379498
3.1023719194647272
-0.8377920063133836 0.9618731156639783
2.087137892136065
0.16779237203139108 0.4281661574261216
4.616757593790134
0.7042741622978057 0.43858885192164915
3.8436006703029983
0.46861265224134074 0.452923131901443
3.644852211480826
-0.7055395621204286 -0.133432630283505
5.9308697897954366
0.8228472261180322 0.8053930703062568
5.504558219450276
---
7000
75
0.13324354500725094 -0.33773022157158417
0.6559374978023573
0.26845611370613626 -0.08115684280335866
2.6723280365403737
0.209102270733358 0.006157736376903301
3.6526447197822014
0.4001043638232303 -0.35119930648001163
5.699394958707591
0.3830068882939123 -0.4359968330872914
4.1085289047734355
-0.15446348483254632 0.4518008288639578
3.536058626215416
0.35725696279195623 -0.4993641302283296
2.4540515782559824
0.0016815543172502348 -0.9251047727651424
3.7805676851643
0.32267821275229375 0.7629849393241157
2.087771882949812
0.8175677901351113 0.12295944489006105
3.9547061107321477
-0.994127415090456 -0.09197236380805204
2.3384238281657597
---
8000
68
0.44982880726814745 -0.48880589043526723
3.6556601586036472
0.42141416350288674 -0.475506588844964
3.25839479006729
0.07803767395603141 0.290309551218822
3.455087553160519
-0.34627427132139377 -0.6245077574695249
0.08610852781673461
0.5931967403295411 0.6272731625109337
1.2381402664410093
0.3834055809970671 0.5003231025936393
5.045006746162545
-0.7665166690285704 0.7568573111225724
4.21136140029567
0.6243172797663096 -0.3905643653924794
1.3492273128439072
0.0949853459778831 0.45369811628373236
5.678819995128293
0.6374653641314003 0.6313907072556509
4.379594467475434
0.11204591581431829 -0.5723105450457528
4.012155624885862
---
9000
81
-0.0630623975382779 -0.5880355527177393
5.658141348003845
0.1368765491839004 -0.33329826012731667
5.568001306561165
-0.3524907883144681 0.2704357859713894
4.728415714295147
-0.18585834017362196 -0.26920498520211483
5.690285342986322
0.5613324115642782 -0.23576583486048835
6.012798512183782
-0.7590525696897329 0.4651298622903437
4.71188839310579
0.05772486255670673 0.3294346841037671
0.0007335609799454801
0.553219047144816 -0.5828100684098356
4.72722923234103
-0.3188481866628529 -0.6543777657322624
4.54604506914493
-0.021587452991346637 0.06264200339436743
6.143591583606357
-0.7728695395577782 -0.19260471414513133
3.104733495577241
---
10000
83
-0.9411001231380062 0.30038849164896175
0.04470915188718383
-0.9990920400316874 0.043455801099937866
5.72840661100044
-0.8838056240674503 -0.798452205006889
5.086428423932582
0.976672040595823 -0.11181537230472999
5.219613654765404
0.6004230668112541 0.6987278020184733
4.935482928875205
0.250750177796155 0.762511301453546
0.3815545600521908
0.051480746123608104 -0.6949846964682457
2.588660455897494
-0.6435496872626817 0.11984431019103627
0.7430224255620681
0.9097440045496955 -0.2380261434475521
2.423632725750969
0.7079340621824454 -0.9129426012596759
0.9653406154764221
-0.6231739784484853 -0.4804523352783027
3.180209917649708
---
11000
83
0.342240011881817 -0.28699429836826496
3.2063002483394953
0.7610819938735451 -0.8058407271980784
3.428072978806454
-0.8675227685252298 0.2067700816050294
0.9574460537358478
-0.466158244571021 0.8319723182797364
3.0423587447617413
0.7052399821969598 -0.9710502756179294
3.6959444237600776
0.7177841836162726 0.21748046717463893
1.5801353707411918
-0.6451663551981467 0.16090416745838088
3.953368907061951
0.5779931528806131 0.47903896188610806
4.692172645524678
0.7724590805543461 0.24332148454286143
0.1399676980198894
-0.8452442649956032 0.049631856201231304
4.850069626606703
-0.6727733481087992 -0.1398108135406262
2.8591989357608645
---
12000
88
-0.2917574635410174 -0.24068669483252642
4.539610723141115
-0.6274079161435993 -0.06721937986715716
0.06691941151678282
0.3667570786455427 0.5116597967871792
4.125626023586986
0.8844823463182285 -0.14455751746164067
4.1820829707139175
-0.7707243935319206 0.8666075698772516
1.3776054626588987
-0.34887556772919026 0.11408102996339456
3.8596782268939513
0.10486566115020501 -0.01827546344672241
6.214143679393127
-0.6072267502177283 0.6864083982394806
0.638941660300298
0.006459378211856194 0.29535230561532555
2.223586551281172
0.655768144162755 0.6951738187234234
3.4693039199045206
-0.3537528264185215 0.01590916436562228
2.6637923153213325
---
13000
96
-0.9073356540319646 0.31498260160423613
3.2814802002628984
-0.9253119674835724 0.5065085717107874
6.154563045881783
-0.3955695170036451 0.3895722735623168
1.7215557804126433
0.034773899013705936 0.44756784597071264
1.6787057163613328
-0.8839830621095557 -0.8307972369691013
3.5622024049004946
-0.010290372290565408 -0.2707840712707628
3.6574027838458685
-0.7817619461674852 -0.9982374702190322
0.19359445858348767
0.5234358128190267 -0.8307576994367791
1.5449993388164387
0.7448428725599947 -0.21133296497872697
3.3654000160367596
0.837382605243969 0.04709283483579846
2.591142001718808
0.18854864753186507 0.5195105897248179
1.1074915117922854
---
14000
95
-0.2791656187288456 -0.7223167625891719
0.15422280176321834
-0.9495146763916907 0.670610630852566
0.23712591241280556
-0.011463002027108822 0.971778471395068
2.3878270749958936
-0.5504859351623058 -0.1425968457529376
0.16735436921117408
-0.06069907622423722 0.11820196520144671
1.6096252813782943
-0.996593676483537 0.77572820514265
3.640275953388879
0.09587644245725001 0.7491163681242684
3.34779205876801
0.5842135157103714 -0.783443905287915
3.4177150187887078
-0.6595612023184437 0.25695474183008665
2.9066297039204754
-0.23123193887081908 0.9910018210143876
4.713345458088682
0.33025205233053534 0.8786149620909449
5.279775712431768
---
15000
87
-0.41953088650503007 -0.25667066171419284
3.915895296369534
-0.7423370769163925 -0.704593699986197
3.4990878421241334
0.6187644037495751 0.8048585914927281
1.329244953766663
0.6996348420605949 0.7172368157504534
4.400600678339653
-0.5073382120996515 -0.6253873726779293
0.519480464526028
0.9247385836349229 0.6378799605899212
5.479762703283736
-0.44146834144723324 -0.31502090077100064
2.817577917519861
0.9161892799164066 0.43843377399297767
6.008431784426514
-0.11116562054136529 -0.9211647421063895
1.2480611863972895
-0.3855056178242413 -0.5955207318553076
3.7994726949140585
-0.7106387539850204 -0.30230602310740506
1.2889029594443153
---
16000
85
0.02590453605701466 -0.6747552139809173
1.3964150359092244
0.18069063858707074 -0.8169087293220724
4.5384356291556
0.9992155364406227 -0.6668054926454762
1.2320970323690243
-0.225773887392266 0.9771186542870043
3.922419837486645
0.25707633254263607 -0.17724510061534976
5.411437476875282
0.9673118770787099 0.4364260507569094
6.0896918916714835
0.5721232755514354 0.4352967079064953
2.7068654155569183
-0.8555428108115872 0.05765722831697655
4.391026166962807
0.06302729224713578 0.7616296030034804
4.6690724409705116
-0.9246290388779573 0.002578783604445925
2.66173383946012
0.9373775203450146 0.40118706039731167
3.752692234935912
---
17000
80
-0.3948990757065256 -0.9636053365675534
0.2812406262222526
-0.3091944831153906 0.7031010989094515
0.6910118013662876
-0.5634270770511267 -0.7228465203090988
1.1765191902028276
-0.22259526077590241 -0.684364484386572
0.9202936254456509
0.41289452609471106 -0.12487110537071414
4.890636420669288
-0.49405010954529166 -0.6506393605581218
6.1125132254477945
-0.4893527979543183 -0.43921045003138554
2.385221926963192
-0.5272451738617834 0.1774661523582451
3.9022980500143483
-0.36905441165701885 -0.8247197408084562
2.328073772169084
-0.43713516121458973 -0.7954291575039685
0.4900090636400405
-0.760300253232604 -0.6100044628865441
6.184119778529667
---
18000
78
0.8761284246906536 0.6887126792537503
5.2100642314031855
0.6940722305737583 0.13825946815079318
5.1740550809064745
0.9751475589362049 -0.6224111908101725
2.448934276464011
0.7348311230237573 0.21608851280981914
3.382085409537919
0.5721202644871021 0.041479694521514315
2.6031361937173285
-0.32375016680800445 -0.49034207708515887
2.2170062191374353
0.7117285301475818 0.07834366374888643
0.9411428104697901
0.9015842370455928 0.7437199393768451
4.448203893673925
-0.050315662864865995 0.5518113370025629
3.1679135770334828
0.6905056998502741 0.2994545196608458
2.0652472817147816
0.6274434817439842 0.546231960861056
3.380969536071243
---
19000
83
0.6191280973926944 0.6369007233153464
3.2895044917492138
0.928311742152466 0.9921009864439885
2.5019084218186984
0.06550210054924642 0.202575496099384
0.6934185068921996
-0.13535841186279848 -0.8818512515087206
3.394234037634856
0.3344701977139565 0.5329223696015448
1.7353139448315469
0.5892915928420489 -0.2879080373833168
2.136233960248714
0.0674125439006451 -0.42319925415109944
1.0961605515300707
-0.6207404645482245 0.32027262011838675
4.14411745706771
0.4044349341968311 0.2236227788790675
1.729497595015193
-0.8409416484682026 0.2867852452482556
1.4445844708283753
0.9757861036288014 -0.5786991596790371
1.2917844391795512
---
20000
82
0.4867232706628357 0.27348920120097236
3.057410065339778
0.5145541745818365 0.24115723229899977
1.6877754436812271
0.9576612548711854 -0.7915332265580016
1.9210890237075398
-0.01760002179288837 -0.7765075687687207
4.68126936254352
-0.09059012207279937 -0.8936666801152976
5.417691102303584
0.7241086889384889 -0.20409086580582428
3.406604155337799
-0.4674724608563694 0.175384465845324
3.1910422135962606
-0.4655028698529506 -0.3514431798062602
5.841928230531257
0.3773157817972434 0.9182780687361887
3.741509039328927
0.32599976238140443 0.7810107195112672
5.582462226410295
0.19695380060212084 -0.3539936766315257
5.624729702818673
---
21000
88
0.47501575246082617 -0.7497670938400477
5.187831436600018
0.5774106451301865 -0.9150133328929707
3.4168334161932146
-0.03215404305647277 -0.08219417199001489
4.216159583927354
-0.12717366735105906 0.6654230736115757
2.0120542706691245
0.6932686196930135 -0.7729276814922234
1.2791508953665822
-0.5250888490270915 0.15127299279933282
4.401815435261488
0.7984813480488291 -0.20614915530108285
0.02362772483568598
0.14642422877766148 -0.6083488095460291
1.331715640589616
-0.9963217423995767 0.9785529797892397
3.045021070945884
0.7627831200889432 -0.5966162499665678
0.2517389907835419
-0.01903689850187867 0.6346832687147486
1.9765769072126815
---
22000
89
-0.05444364305899954 0.5952394678065811
4.596164950419372
-0.32780512620404695 0.15733463025412528
0.4174491025923057
-0.7754405943618097 0.6726733835030398
2.018198974905234
0.16159091607160087 0.903141514550024
2.8263729892382203
-0.7711266633322331 0.6794299485288682
4.308774147839519
0.27639245111470556 -0.9584034691309222
2.9161241947570113
0.2738202651831841 -0.42998747288826106
0.9088632493774789
-0.0900133762630125 -0.7834586618928907
4.604111498580966
-0.4435799782516254 0.47805369901597305
5.397885122330313
-0.19303133652134835 0.517040577908601
5.503314345487591
0.7920808505620356 0.41711342794644446
1.4514234268718305
---
23000
86
-0.9992884324298653 -0.5550562735612893
3.509763648565762
-0.9789969478857699 -0.515277077359765
0.5930589407315976
0.7165771506057971 -0.672349238055526
0.9251317809881003
-0.8886536834517874 -0.6619545095877329
6.009577689853542
0.8867902032498339 -0.6453718965836835
0.3023917415942883
-0.4412470356585578 -0.8537131804120301
4.383218264191705
-0.5048380428680928 0.730685002152951
1.6787553744735675
-0.7311159131758426 0.911432727402658
4.005633460217736
0.7442147782611096 -0.9158694399172863
1.3831328901963822
0.9826599210710881 -0.8853896361543354
5.189960267017602
-0.08852772788112218 0.7337436504408067
5.432003041300892
---
24000
80
-0.9829050439988872 0.5660304681476813
3.24000070346273
0.9682277816075233 -0.056247785309019194
1.2267602020004489
-0.49107096708609477 -0.857128543781714
1.1203495022755945
-0.1473070513139596 -0.7788402115514639
0.19644351681084282
-0.8195425823483127 0.8338300587049221
0.9214260314427989
0.8615962895400715 -0.7902171164749092
0.21470380661225796
0.4491570220484112 0.7111725030071493
4.148200626382994
0.18937626054075138 -0.2503539200326881
1.4015286733350107
-0.16744837772973062 -0.38213482723465636
0.7725074171988142
0.3602142135453031 0.9976349850924489
4.074537602879807
-0.7854271828293685 0.640932266673868
1.3930548611862408
---
25000
67
-0.21867151871579404 0.10220651915839649
3.2715073845119953
0.2807855611020377 -0.14619394691931506
5.345892555326438
0.16032568246100415 -0.6711277170880755
5.122235637786199
-0.5474836646072342 0.7699016940970576
5.93947521426814
-0.6823448850711272 -0.39399743950015276
6.1407836146459465
0.9868214159526472 -0.923952486238858
3.7330632743151995
0.5541031592162761 0.8751406806506912
0.23708964839203173
-0.45935058687712105 -0.5249435222152011
0.8491489521071287
0.23621281618364662 -0.44972101897183747
4.027378534934281
0.04111693079473672 -0.44367707788556676
5.240945984676975
-0.5299018399359994 -0.7528818815742457
3.0283541122797395
---
26000
81
0.16411225739938828 -0.9541665967440707
4.311487905019991
0.056017887195926194 0.6571033585958245
2.2755153801130916
0.7571871924677414 -0.8821373754827486
4.1248637884893355
0.8876187440559744 -0.7857622033675071
0.30356645070865795
-0.11629994032781146 0.7644294547412113
3.2957062300046562
-0.8262305051228753 -0.1982961900192243
2.9101016784082248
0.8985096335713763 -0.7603271057662048
2.0633978644274302
-0.7716017860813654 -0.8454178797312594
3.408852274177245
0.4448563559582482 -0.7913485660790429
5.791999487493318
0.5701732127478352 -0.43666166404800655
5.615468925685179
-0.03043283396983059 -0.8081471251755146
6.2284737408700925
---
27000
79
0.8005929810055935 0.12383890665944566
1.2313867962429663
0.7546833164620399 0.09440866200429303
5.682499154804123
-0.26251076753065 0.5634298347110495
0.03322930507635746
0.9501378548695121 0.9135616966974774
1.3934787121850851
0.47559998083435084 0.12742757726491039
4.605348046493861
-0.5505705739925916 0.5050572525451615
0.3755425090005291
-0.527623222202301 -0.769677184706272
1.008196980129104
0.5374827062420103 0.3843055249880606
1.5197411177504199
-0.5867640801034385 -0.09256139551105963
5.243905149469551
0.29940170380618514 0.991896932954837
4.6754984689084225
-0.4328804933640492 -0.4669240169630685
5.637369584876741
---
28000
82
0.868571830587958 -0.7842142709479113
2.097656449545329
-0.869312291212494 -0.7917860532111378
1.1010145471390365
0.3430051234440118 0.01882235877940081
5.3320903829297785
-0.004593539861465077 -0.9392084586683782
0.36784150679477357
-0.008697416801018584 0.01597259228492008
6.0826245734637645
0.5501154822154738 0.720680040008586
3.2702467831809896
0.29277124607368743 -0.022874735098320706
1.2388007065256268
0.7505173821340613 0.5837662428198913
5.997171664951954
0.43626714190417804 -0.36212457478921695
3.908540738076364
0.06750615011503883 0.934818786159712
3.4018102168056297
-0.861645293463476 0.810180151137126
3.207024189966211
---
29000
86
-0.06337091443360955 0.07307227094698841
0.05816212154026701
-0.3302474714608161 -0.23604351910228644
1.1337887646724827
0.29722610701274826 0.053572995751597866
2.5665444245040936
0.03516438189065609 -0.28651997339079993
0.049382499126787494
0.7650849051602219 -0.173170199062825
1.9760775824773642
0.6289061709941204 0.6011933605671276
5.725406280663426
0.36293343163075653 -0.22711848475453522
4.967737116711083
0.6594540289685414 -0.13187592884034613
0.22269105128842082
0.03861688353647193 0.0359033107304305
5.496527246504661
0.11147497813533211 0.08745459517800816
2.418441083876999
0.6824423415422608 -0.39153010078064804
1.902304215315822
---
30000
81
0.9369948067638029 -0.059055836613966455
5.098050819240273
0.9004136154247079 -0.45824736656499626
3.280023843427032
-0.36544613103645784 0.22554654744007255
0.5588405258278835
0.5228149803143375 0.4073156442624415
0.020969072232208674
-0.028527965780392357 0.6754785510658748
2.7923570439990577
-0.2806531416880112 -0.9110758997117439
5.539386806776183
-0.21567816709716492 0.3873350981255417
0.6892843516215308
0.16850210942846516 0.6687924714091745
3.5903367647427307
-0.5960478020977175 0.1986530334249677
3.982930472414047
-0.9972876979283878 0.03302948235327894
5.410822230664544
-0.13732335990118766 -0.8208647700993812
3.907468085794675
---
31000
87
0.3940143241186316 -0.9086832162667215
5.233096302040161
0.3920293197659013 -0.9098144972496424
1.8018649590840559
0.0070651925969749466 -0.038419376247941006
5.508444968529432
0.43266667581140056 -0.8765434095049546
0.6881840110795503
0.7431112662626966 -0.3970749275496178
1.0570726410824225
0.619845012335455 -0.07807462880341691
5.052531066580298
-0.1447452893838271 -0.7736376791793593
4.780781362126842
0.29725902077439426 -0.6504427468113128
4.113452716300893
0.30842661169085883 -0.019074226920433292
4.290718471096748
-0.2132453016819174 -0.8932576931210287
0.0649390930377205
0.7053816620752131 0.7402385579342827
3.1681353316149243
---
32000
86
-0.6963203890364345 -0.8668093733544487
4.78902881800457
0.9402040573722773 -0.7230478462869453
1.0279236994453216
0.630305196084442 -0.5372180346198601
2.8602337694429583
0.15085269271893215 0.45919436168427114
2.9516216624121183
0.4935653714452206 0.3810593717074346
6.186387173985334
0.13175232171827772 -0.3812449079867076
0.07302387108541453
-0.6203649216175651 -0.8630304478508175
2.8096039714176113
0.6620919189415846 0.3840126077909502
3.410810419358431
0.20431760761950998 -0.7507794635874792
4.966720401861854
-0.21896915799382602 0.3444177136379335
3.8196777997027924
-0.2514911009564483 -0.27810497497891307
0.5091794532778016
---
33000
90
-0.33715116257076605 0.9525309756169217
5.9997953014922025
0.07874077105590403 -0.969189609931678
3.124347764771743
0.7592802198780505 -0.8538693081776247
6.193302282491247
0.302356010984823 0.6123788654440911
2.8011737294158783
-0.782865575332518 -0.6404537734065299
5.500415178348791
0.898118786565498 0.06937428086917403
0.48709958761194905
0.5689085543547736 -0.8209419704937919
5.244561334682538
-0.7902996139702453 0.9684865652030957
5.402383136810909
-0.12461290665980945 0.36455643906491614
3.26502244840085
-0.45582014286818767 0.0785859795400872
5.495206152847922
-0.2559713794073802 0.23579765751959741
4.998122020886591
---
34000
92
-0.6622577748743531 0.4667952581183832
0.5599474601892444
-0.9228677058569438 0.45568796884825513
0.7915670711349909
-0.31625580202184045 -0.6387920722775311
3.5035541640937717
-0.46808589944369083 -0.5494844733572899
0.19297755679555362
0.9648409393565576 -0.4954232785618886
4.388787697965627
-0.4132855806368025 0.364566696464355
2.8849545325533983
-0.16259184660586395 -0.2532354663700667
4.447959084347179
-0.09558906953706507 0.15740169713831725
1.4415420508174321
-0.43402908839776566 -0.3338989788567184
1.0409208689001153
0.3342090615367445 0.3985475059656166
3.721667074174806
0.12615108432717187 0.7985676192418975
3.8973388312907904
---
35000
87
-0.1853253449295061 0.7421966941182235
5.545266478839065
-0.17436343276594535 0.7697430672674672
0.06367768197224066
0.39661363902243385 0.6853094748286217
3.4884232163290942
-0.6339316966797729 0.6756772250947051
5.589460159533215
-0.75997153709011 -0.9036916147455964
3.6219893282701356
-0.24380135727612703 -0.6138107225497248
2.4770832715532993
0.17356797334937143 0.4807370509566157
2.585977847776994
-0.940114809330507 -0.7305952693640771
4.399927288799644
-0.10577225287750469 -0.4697932610620244
5.249910874647625
0.9052045219585926 0.4328095469700559
4.837857467720432
-0.02115906902805335 -0.8798795708921661
2.4834380969193246
---
36000
87
0.003982390683336411 0.230098618294815
5.525209395260577
0.01354594313364827 0.3268330807316591
4.0715781349087266
-0.7573449226008511 -0.3734398028558768
2.949534042088934
-0.38388932995477965 0.05291578652646797
5.044798910127149
-0.4757767147102699 -0.41153155224413385
1.0257789538250215
0.6936804857215654 -0.6291139366047687
4.03145199540497
-0.6324049800411424 0.16894666149816917
5.491809570296962
-0.37269436822454427 -0.13091578653755642
4.898761374793232
-0.10471181841495432 -0.5401433791302873
0.8451441504715858
0.8651187147920797 -0.20742542066005426
3.315734161235315
-0.9996079549224315 -0.26107219332886794
4.860689369276275
---
37000
87
0.06538206011658558 -0.5139725857660271
5.989502056727132
0.18268503117250448 -0.49809058499233294
5.567997499589196
-0.00153744521609539 -0.411768953946536
2.5352639096779113
0.39553197133281204 -0.5212478047871385
0.8652341123606364
-0.24434392712483982 0.25358219197077403
5.474009244534131
0.5149123637684587 -0.38800293143575937
2.243019704910565
0.020279150056044328 0.11253496012003965
2.338891637202541
-0.40238604037675624 -0.8980910753658
2.6914218863933614
0.9073103154713744 0.10087207130544688
1.7925083698900721
0.37157915359292615 -0.7052473588288461
4.2388928527434535
-0.4914396903633844 0.009009801702188564
2.8055861802598567
---
38000
90
-0.7543112329770854 -0.4914357036733093
2.474298116729202
-0.737275163816254 -0.4628670707991657
4.54968990323867
0.2229856231264264 -0.1726226381700655
1.6609986988447885
-0.12906294804703028 -0.009799442374307063
2.1191123751981307
0.7214713207642625 0.40608604061845904
0.31605610256830285
0.17694672905981312 0.13442762595640484
0.1425605854781038
0.40413695539862293 -0.9236174594734265
3.633806052295273
-0.536336473185298 0.10357444904896439
5.105713275691863
0.4936412875685678 -0.6196874736045408
4.279045608596034
0.6100147859746772 -0.6022005538567206
2.7895754838071722
0.06849569122200788 0.19046559263252494
5.64466807535387
---
39000
89
-0.5208396104648679 0.46041178796461335
6.074167256408998
0.6147929661210043 0.6521606837853051
4.963841048973259
-0.43978537042786403 -0.866241100868152
1.339149689205045
0.7339354024853737 0.6807885180418035
1.9262377291399702
0.9677234172670193 0.6546935604877238
3.2987399864539872
0.7580120150472642 -0.8546774801274891
1.6126862793732482
0.7783671042183691 0.7957990051385436
1.0299282444345987
-0.43774434688633995 0.70062606277958
5.814928330639601
-0.9788418329077802 -0.9757875916187535
5.349769377446503
-0.5005895276460147 -0.8610389704140347
3.339582857736736
-0.9231346165626803 -0.8502999728250233
5.0183515899275095
---
40000
83
0.504335437061962 -0.10059619164580935
4.872404711804258
0.40305433276904945 0.2554333065499501
1.440721870232311
-0.39026246894865274 -0.2507848420886914
2.2725201951649394
-0.3020007677100348 0.6457900436757951
2.301144757514228
-0.16077245422198744 0.9162523397882686
3.6353163627310874
-0.5909847387794889 -0.68378578603262
5.705431966300998
-0.5104570195602821 0.7139176448325234
4.666504469630404
0.6440064645968093 -0.5368579182705022
1.9301643657162941
0.9037371215416594 -0.480051271235043
0.3703108650792881
0.5393367151228143 -0.35603603214458895
4.085227991731515
0.7562603100818669 0.10641846178825828
0.41618302280666253
---
41000
90
-0.7751190752746628 0.01518680129107636
1.3339789289318116
-0.3006373430399941 -0.31521833634532337
1.453646296334159
0.373595711750373 -0.41094777543795663
1.9978045890242235
0.7734082457040747 0.1968740578148762
0.79760064921427
-0.5048223804915205 -0.6553790196439749
1.6011576059235004
-0.46070321220226285 0.7923283947966476
2.634412609176933
-0.7458233399947165 -0.6019688816258781
4.311858373786468
-0.5199016513512013 -0.9438599895447415
5.076402138324864
-0.11855159940896895 -0.8440730002780413
1.7265119162285547
-0.5018716800550361 0.1422861075837149
4.903766568002785
-0.2656804788195879 0.9476697236850407
2.9282391625683077
---
42000
92
-0.3481763334781909 0.48405614171441347
4.444586945406122
-0.34325107074739597 0.47710517239284306
1.9789827169487717
-0.7133530899207793 -0.265453309794219
0.8916036314025515
-0.48137085758386333 0.7725929006682217
1.491081737383551
-0.20138682861720927 0.39776999394998086
2.9634218294359407
-0.4001839074683053 0.7113374772755359
2.518124678238115
0.839750215538202 -0.5644900932745062
4.879408265884296
-0.9046424003553152 -0.8215050033450365
2.3714015949959757
-0.0785064652072273 0.34834561241057294
4.6710528421311315
-0.5705647248278908 -0.2346806723364977
2.260665059414438
-0.08112618308087272 -0.01745335011135644
5.245407396924626
---
43000
79
0.8494815590900794 0.4972396892955729
1.5321518084348895
-0.96985554808546 0.3719291213035545
2.099481043813114
0.9403770818964226 0.6520778618953851
5.70484112456
0.12251024156764571 -0.1980757864415324
2.5064579284555295
-0.7259119321297786 0.2801166367736028
3.3012740213202516
-0.3912836244472109 0.8794257525981675
2.9418681267321327
-0.800403368499714 -0.8069697081616457
1.9106320428848722
0.45584573026791353 -0.6982698398802915
4.322877691645431
0.3868295111849391 0.29092601868966156
1.7271626527341564
0.24665254904957695 0.6224561187738451
2.6640697041785275
-0.5321800452568893 -0.6257959978969465
4.578581822064405
---
44000
91
-0.7371394001575159 -0.26737045453410735
2.0436164727939015
-0.5636924302287267 -0.3934890348376004
3.7760228826813282
-0.7936287570118883 -0.5416756807013953
4.602658236743585
0.9463481045032628 -0.650350096651159
3.272356649844591
0.011711362925271439 -0.6131800132290051
1.6935474162544084
0.7670354523172649 0.5979324978728965
0.8051012140978733
0.6049053280713805 -0.71091577753381
3.686527307164871
0.9055590174027842 0.8992131469246519
2.8286687322662356
0.6009914552558957 -0.019382334516550616
1.710673371852506
-0.437512043520622 -0.836740960462699
5.687233847279759
-0.9018251229553605 0.8060870510338177
0.47813535092484116
---
45000
85
-0.32201298120746163 -0.018073088024962165
1.5549066680526051
-0.29417620414083456 -0.10191385177592502
0.7071062486506108
0.6308105608564655 -0.512337003540736
5.803584752160611
-0.09729503022569874 0.9601657666090911
2.0140669884513827
0.8737887478665289 -0.2552930459289943
4.327871337896601
-0.5569871828263668 0.9427986992206248
5.161399589314346
0.024466304581552398 -0.9033486270361175
0.7816503368289265
-0.5979739378556452 -0.6371118818385322
4.968162499545152
0.7155551865282755 0.002062031493891659
3.8482387309805635
0.12577521227090147 -0.10630479369684068
1.5071399939541728
-0.22534049839356712 0.0032070508546561457
2.658707467444147
---
46000
76
-0.19149077107463738 -0.293517479656842
0.8341243680953622
0.6642125493473053 -0.06765023731598407
2.462495354049538
-0.9079326511417299 -0.2184161738013918
5.435968743321314
0.44445342555997314 0.4508303602345518
5.292011359131646
0.03689453511404658 -0.5081647251924819
4.634137811155762
-0.2571557623109137 0.29889726661794314
4.388787473979474
0.1954822624120967 -0.9135822664055537
5.133088222057121
0.23091934917298992 -0.04491259699941805
0.11586808165160978
0.37966581037728286 -0.1815727276393832
0.30126114398916926
0.136998186146704 0.08773058791595215
6.00137967885646
-0.3508931858075506 0.22108185855616205
0.9235633250634585
---
47000
90
-0.9622550823128634 -0.9442402633807533
6.258184889653827
0.9222388070355705 0.9840704417567938
4.332574261113861
-0.5313951420470481 -0.358322227583281
1.5259587672517316
-0.9022678002211035 -0.8966371560187387
0.22131181516780796
-0.6902058257606384 -0.3329514004854802
3.5806335400496803
0.8640878404617456 -0.479164894912568
1.124560496760589
0.48510735409492867 0.7297228030886425
3.2704942872596323
0.714204215284884 0.12669492543901636
0.6557117315727421
-0.8732120772149414 0.5730151572577407
2.810490477813259
-0.8650099996479904 -0.45405155147816895
0.2650332760128782
0.6069079379151032 0.623614056290218
3.8023195142471016
---
48000
93
0.6720083289214008 -0.11886875602089922
0.5173169323498429
0.8517673116241877 -0.4474612349997759
4.303135881510461
0.8011587914683502 -0.9331515275921405
3.0216933167786904
-0.23801668940920126 0.054658822245772995
4.825947711102255
-0.43204192323980406 0.6783117977563413
0.5216783792769073
-0.8335935071521317 0.5106729890911302
5.5653941332852925
0.033897663281650725 -0.6415443733503554
3.758415195389955
-0.13318230584997787 -0.3603940328403608
4.425841319396325
-0.061434513669030785 0.15359603876389588
0.7876654253199273
0.20837412088138435 -0.652773023928073
6.099889503544543
-0.4922842024579028 0.6746972684916337
6.01818253230513
---
49000
90
-0.38460408593492257 0.04763665182948268
4.481120528047022
-0.14579311401706876 0.2547109042985811
0.42115117431758353
-0.5940171436056125 -0.41021659135747246
1.8482236404470536
-0.639261568722138 0.738345632959291
4.272875896117094
-0.5143048481010928 0.04707077672655275
2.1288200129667034
-0.5755791709169871 -0.04904265038436287
0.45974396135090423
-0.3356792859929269 0.0002667796750313381
0.6359617474817005
-0.3544068367951169 0.30658897290360626
3.783826424948958
0.41017127924529645 -0.68828861276748
0.8184370600165458
-0.8913843031942872 -0.7268840839403696
0.5052799595169803
0.7818948026044323 0.7696348229506943
3.4233966907961397
---
50000
92
0.44649598790277817 0.8917532164323151
4.318077508716251
0.7181872927832146 0.8546187571856846
2.4060641343977602
-0.698680728691744 -0.0670606466026078
2.370120453356834
0.17062207935624985 -0.580788705660062
6.116711557696464
-0.5020982130166401 0.13337939907957652
5.016793354032415
-0.6236207674391072 -0.7931240123404157
5.607865321958642
-0.9475318563336309 0.19170356223212784
3.2453939506729954
-0.16706824489990874 0.23952047549684655
2.7467729425902565
-0.9894329861083706 0.06628652853517514
4.282487675379819
0.2298320242833984 0.36437786906933267
5.980111542941719
-0.06805383846208635 -0.2580912156690944
2.68040914654324
---
51000
88
0.9173151976049485 -0.9187607105922091
3.771312875434152
0.954335311696861 -0.9706434690588327
3.2777781283528338
0.5740031166097422 -0.78267965795664
4.510970979771431
-0.26956832551771276 -0.0752704373826611
1.7057056472842032
-0.4519911841014803 0.7519946863029898
3.0006687775316196
-0.8498988918806224 0.4436357621474317
2.4583388729154096
0.1664261218105904 0.49677745684928165
2.664541442093909
0.7555767914192439 0.7329776945065098
0.47073328349950305
0.4121444819263407 0.03115750826754858
4.37109095708693
-0.22986254902595762 -0.059785119160278
2.577611636876786
0.09541987328885355 0.48257691934443603
1.1651378522319362
---
52000
90
-0.6919545568855787 0.18561445089944
3.2031373253017543
-0.6682904673793127 0.1829335882834317
5.6728008259093805
0.40325476843452385 -0.886127075624404
5.398473666936794
-0.6387488953948278 -0.15938996843497616
1.049777136840155
-0.8787766706743427 -0.4712110893357858
4.756979737898477
-0.18484527970308218 0.3762676498691271
0.6122068613171163
0.17194909688851817 -0.02619928605338373
2.2420238493535054
-0.8548488689718503 0.3612120585383545
4.767908361707543
0.5859441301531216 -0.19665938237482397
3.8049463116674342
-0.9303524761932885 -0.9422930635772783
1.5049049876369223
0.8676240456480274 0.15423954638322585
1.709388332113936
---
53000
84
-0.9245265745240225 0.630870846930698
2.03338720456589
-0.8753629608528198 0.6175668910962855
1.590464584714149
0.7017550036516722 -0.5499203671673731
2.325521113082827
-0.9658628485985247 0.5109638024014301
1.9656642013015473
-0.3558329532741802 0.7998367757129781
3.9347016308016105
0.7734844963214691 0.6908206689260707
4.798796974082836
0.18052701251620346 0.994946917095505
1.7410097481669435
-0.417420152268417 -0.7896663573003113
1.9460586824586583
-0.014063560314577296 -0.9374161989693011
1.7473131007725264
0.35389830386918975 0.9664916378515827
3.8890503200536237
0.41688528081080684 0.21715522379569177
4.544818581386245
---
54000
92
0.5922854245905707 0.9568390471104002
0.47620590251724515
0.39800899699856307 0.7648037773767076
4.131650248818519
0.5868629537863859 0.16095434077289408
2.173003564885943
0.9261461146329028 -0.48194700973219007
2.2510705436191145
0.24411565430006504 0.7267616249185236
1.4331124429486533
-0.8297446528613589 0.28038822560082044
5.838548891592101
-0.16917259135507104 0.2732616952750995
1.4439082904141514
0.7980790603203625 -0.29366592766452104
0.8777111057838951
0.8287250927098091 0.31629770482441666
0.6068992700859779
0.19278243295738012 -0.8476114589801406
0.6829919764799177
0.798342113115937 -0.11558116489242093
1.4702364251189044
---
55000
73
-0.4228683561525862 -0.18107219934308597
6.15274225181515
-0.8440518405429853 0.5226930831193072
4.613989846743044
0.6552100103721781 0.5622106407056916
4.615740843578578
-0.3474904543023789 0.3471348539238492
5.525041927607815
-0.8684797637308315 -0.4297667091713543
4.410765930736875
-0.3521737380676727 0.7595960598868776
0.735663942924127
0.6063015857374214 -0.3648494620348032
5.694938928150346
-0.06545144488424609 -0.2991032340805222
0.5434683443349444
0.1581045054520251 0.2083873323133082
5.278510678174541
0.03783142302557335 0.6129467930772334
3.2480590421363535
0.6907406012077164 -0.35216933743841106
2.267437846568952
---
56000
82
-0.12458090996165727 -0.8874032236340561
6.114601210850829
-0.7471704070427175 -0.4108019306636912
1.8661818462833208
-0.7717231505870149 0.3531802324177444
2.606407344921445
-0.6731229073834714 -0.4613541159232905
0.15950165134764216
0.8538844047539927 -0.4593677347764082
0.8771020839996808
-0.725624609178435 0.7712327031917993
4.0761786416563215
-0.391156729804939 0.2204783357623975
4.486404053077123
-0.6983465606536546 0.22948957304340817
1.5043235855944372
0.9748981378321312 -0.8698816659884345
1.590758277831199
-0.901686180472001 -0.6603388781720163
4.714972744306295
-0.6381194735291541 -0.08310927366351367
1.1247506665338225
---
57000
85
-0.34326286573290615 0.3591216461254615
5.707444211393779
-0.4857780384593705 0.9987763801304919
5.344178769833733
0.04445097181132013 -0.06421959571785404
4.49915507753917
-0.29360734429015106 -0.24555048387174444
3.957895528257626
-0.1901703379170521 -0.4642044985499081
3.7054748340256314
-0.4239339827255044 0.47179865469410287
5.472316924380557
0.25999028774147065 0.06037713288782664
2.544372347359053
-0.6746134490637257 -0.49031143838669766
2.960270056801485
-0.05448218453654477 -0.07383078559239539
1.0081656424293577
-0.182822986580918 -0.3446274454462264
0.5387423091606278
0.19099437990775334 -0.28733043312643647
4.833986517790641
---
58000
83
0.6330958175196368 0.01637150093840161
3.5173594024010715
0.7594901286468574 0.08504841473233662
2.2087748078709684
0.3366891361134191 -0.9421962923939474
5.7150668778059925
0.7576021037693688 0.9226418295018952
5.57191243296548
0.4010698435400153 0.31161096756326273
2.0394990355109934
0.6750742668180642 -0.24047574448421133
4.435041397129441
0.8205729228913479 0.9465378781711672
4.73000540025722
0.14104444192107618 0.828665940308384
2.4994688571101786
0.1823115111658406 0.453963503387347
3.5337271512521724
0.14210502449384793 0.8050824400077521
3.3718437378558948
0.8964140120658266 0.10545982127952765
2.7112227347487012
---
59000
86
0.6828693413461003 0.46817596645028825
0.7795112055445935
0.6980982362056289 0.48788955444541826
5.0707638486468385
-0.8707669839729177 0.04603733758771876
2.8541636373273755
-0.7157377137676295 -0.024734999057158324
0.6676302469861968
0.4567450765986535 0.8449735937218702
5.801944823506479
0.3703847962274709 0.9804976443455523
0.7506127404384166
-0.571822258461565 -0.17092727517857204
3.273216137730831
0.7800371387369577 0.32570911967142985
4.946705246189663
0.09432270191058376 -0.765982092530158
0.14577740799641248
-0.21349660481813634 0.03259100496713789
4.706052463247829
0.8212032777603901 -0.534556486366733
5.732721221239416
---
60000
82
-0.05960828213635191 -0.6690148153200864
2.6843245160154234
-0.016538176281233295 -0.6598862507735612
2.7937926110096694
-0.6705230974191582 0.6036623779188324
1.479487256618758
-0.13272979182111116 0.3116683227804959
3.245414962099657
0.4757186467269738 -0.20499393724356452
1.4539296117279275
0.8852865927702325 -0.3362200349073394
0.04266195458088706
-0.268920523307394 -0.7451270146263416
1.8188409595194663
-0.08665949285497195 -0.09993875726137905
2.5002706620031896
0.24045691694727675 -0.07707063054084982
3.0072282619725197
0.9571288617705509 -0.39165247427529104
1.1195761346434931
-0.26199173187996844 -0.790373113900368
4.178000081301189
---
61000
86
0.7957387024434355 0.7115342754899266
6.167645787601629
0.849704386978219 0.7229335524590852
0.3531083464078266
0.4983269277997029 0.5699293692272995
5.209700022658277
0.8237568651235889 -0.9197460359756382
0.13587762953566518
-0.6945740164685774 0.16575342314107355
2.2966509990963813
0.3433641972093693 -0.5807290593229713
1.3805689684070401
0.2224544654635768 -0.908848119160468
4.60920909559691
-0.429227049767081 -0.7262839746585623
3.3440080849526277
-0.5722629246955244 -0.32064487644921985
3.2994924630323723
-0.09525186535907317 0.6280296229764468
2.3829852703823526
0.566095455607806 -0.577821484100799
5.5645542670987425
---
62000
86
0.18100658492352664 -0.04425833010757081
3.706633373095875
0.2729536723756294 -0.08706331649627624
1.616072784468587
0.39901030229237244 0.11554339573921277
4.082115604570781
-0.7965576033137606 0.04588599673565964
0.7143441715678458
0.4930726478685474 0.3934611362983791
3.1817278144388395
-0.5530718561629692 0.6130066279443895
4.852245410489248
0.2269464409153067 -0.8438465968976503
2.2954265288738416
-0.7151929890161977 0.035791766333320624
5.263919551472339
0.7756774486680957 0.1663329858894135
5.129909711766898
-0.3126184040415322 -0.07217938295638657
5.345461774250835
-0.056055284152018325 -0.22858120098653656
0.28627197221132406
---
63000
83
-0.24874879252867582 0.23982928896328098
0.6068103537161342
0.001876090384768797 0.19348733324585596
5.313020673038746
-0.5313178302593797 -0.15413928965420426
5.520326786162921
-0.5985606409638227 0.9616955565678943
2.9588516564784895
-0.09475790432585299 0.9893467869522915
0.2189149767887546
0.762128996692535 0.5869359136014418
4.248951274192837
0.3646504704377911 -0.629308149454518
4.868803457075283
-0.6562466365817081 0.29274212104905867
1.1127859465336796
0.870885190522427 0.257172938673386
0.586630069707355
0.5253074883493372 0.7307122760221336
0.03293421613304304
0.1903271660256295 0.8819036084093812
5.434355865841892
---
64000
90
0.30271649818543844 0.44003496424477895
4.791754744072199
0.4765622805330598 0.04670166977174792
2.532001075734973
0.7082355278003526 -0.04647672472887957
4.3552482855353185
0.9286652905163646 0.17622116165803117
5.309587871016793
0.7490107125045178 0.23046989513487826
4.826604639152696
-0.20165173924008853 -0.21546432574078167
1.7351608419082618
-0.34624935400504897 0.16925857162689106
6.2153186695190765
0.630837627318179 -0.9623043122796396
0.44102947683405347
0.928901676659335 0.2892761801059663
3.482063694511157
-0.9207785249328714 0.574449965810529
4.443384371821535
0.09847954270427653 0.568305529589486
5.090019358171597
---
65000
90
0.7274636301916286 0.07032745879341473
1.4237692402358215
0.37972340621297057 -0.36559876845023365
4.091418095900035
-0.16112366450047377 -0.6124004711365476
3.083461584773959
0.010832893178264705 -0.8131951028248139
2.847090122701309
0.44806142737607013 -0.8849495479914709
0.003131823660018185
0.5333492849935906 0.19876291509544497
2.2772445906885865
0.5845349809805258 0.8275782196570259
5.669884677402836
-0.7173107591560609 0.9904166975625657
1.6323219333348131
-0.29088742276329965 0.8260487985143068
6.062672983988915
0.8340208926719129 0.9326714442597811
1.4075604128711543
0.28773581430762324 0.4160122442046958
4.8284447145883735
---
66000
83
0.35632816441849563 0.6219673483934764
2.8196129677800745
0.2789162885364316 0.42141395815126315
3.2598848778668357
0.5119707054026987 -0.04653658272238674
0.25523095111180094
-0.3622537640202058 0.4655851314448898
0.10072636440111093
0.025479539388327664 -0.04195562182879037
3.6420776760164455
-0.7315227329784152 -0.6912428614356608
1.9250130076330807
0.3665550994524098 0.6907327404661021
1.3060524705129977
-0.46388288522001153 0.2705808669367365
2.8022274839907677
-0.6088398535932412 -0.920898113000251
5.143348967469768
0.026882778816504978 0.8979044112982921
0.3672500920781214
-0.228410790149753 -0.9142172526271678
5.662051046874019
---
67000
88
-0.17847324580995275 0.1512612466348665
3.367179540889404
-0.19443795137548378 0.17158749350218047
5.7852717315249444
-0.5853957566888733 0.2039665759178942
2.875746255302616
0.8038342627576036 0.763721467463607
6.227437152149412
0.48823177795688966 0.5549490908115412
2.4892937415936816
-0.050862302915948565 0.7053160458182439
0.7876214417409035
-0.3560445470596266 -0.10951914470805786
0.4797825620178138
-0.7479641370988042 -0.9154276761302897
2.4728500896966796
-0.5314915396197584 0.6255031345892232
4.297412952073013
-0.5133846640152823 0.5391960565097956
4.10376842686461
-0.5103879272320098 -0.6868332351438973
0.8749783086785121
---
68000
83
-0.540789745600005 0.6866919883069431
0.459479105224348
0.45601756637001617 -0.293669798418543
5.307544509898302
0.323774233087548 0.08221958781477348
1.6535550479295464
-0.4782639398620701 0.10962799301825596
5.631293486755974
0.5753471613609946 -0.006300963994278916
4.6593876072489016
0.5281584678642243 -0.27391284607651517
4.234852416256247
-0.5395292437817075 0.135663406745787
0.6538036347040039
-0.7766441479379033 0.4056470273369683
3.4303393894698635
0.1323676103004409 -0.9730183239587167
6.108463822691849
0.5856211065599093 0.07033551539264336
0.9255921860076581
-0.6064496134704278 0.4985444146360952
0.8681638681845474
---
69000
79
0.48658129517032217 0.36929520132123117
5.856324592641986
0.4586030355788495 0.3816748390206995
3.067264367376821
0.14020897319156728 -0.8344831118483947
0.47907296225576373
-0.2888870521527508 0.970769071530425
3.302153477729937
-0.9543593286989165 -0.7294195427522256
3.568148136484873
-0.795545071714042 0.14117840109202506
0.12152515667406316
0.4137272901363258 -0.184593249615137
1.2714448938074732
-0.30010147705539236 -0.6180816080306585
3.213647152455808
-0.7190512024805127 0.8256452832873206
1.9808740767442128
0.4181970947762413 -0.3992415830487994
3.466831468334931
-0.5262490214925992 -0.0749420125239153
5.583063064203316
---
70000
83
-0.1459902031979078 -0.25140147803482543
2.989259475134293
-0.21368462802754656 0.029685837043422272
3.776541398144368
-0.7500271064980139 -0.23582351461253534
4.46592489302944
0.1053550513739155 -0.04785455965320644
5.179874106847012
0.09503979074501848 -0.02955455956062968
3.891592546101344
-0.2949934667129623 0.6507830554087298
3.5199101421415646
-0.51777119540356 -0.6053542737489442
0.5832904282093754
0.8477016022227595 0.8931747840137227
4.31256716437561
-0.6283895059725528 0.36256373674393216
4.336411941211329
0.1863682973131378 0.45260914107192357
0.14116097025967367
-0.3678253714461093 -0.12709369035857473
3.9810066737782392
---
71000
91
0.3418470152196552 -0.8632822426093519
1.891690390289442
0.4499016604034858 -0.9778893209688531
0.2328579874026424
0.12418474757584454 0.37493264529322845
2.505490341373598
0.16671402613876415 0.18382899187032342
5.374519892524124
0.5900957256635749 -0.5101573342136368
2.866951063908486
0.17531664640739925 -0.8140783985691904
0.9667074409035896
0.07953917082744769 0.4848499540539056
2.9097772331021403
-0.7310624374132092 -0.12723417919745134
4.727472140442702
0.6039032176584664 0.07459341994506724
0.8843414386343982
0.21064450253434214 -0.968146573396061
5.0489129759501985
0.17814625651979366 0.6979925418188138
4.213135010825939
---
72000
87
0.17846134671598857 0.6383934018384204
5.797150905899111
0.20357155399889754 0.7983211841450211
5.524548677124944
-0.8950087785591924 -0.13808473273912839
-2.242392513703695
0.29899666168444994 -0.719991687466097
5.929804979240706
0.6903551822579957 0.4977394559219689
6.152652264327694
-0.857476494744164 0.8327570964602172
6.005508658093533
0.8313347991699428 0.2377171551985447
2.128952511484706
-0.8860199105363449 0.016689394807606613
3.0970082703510045
-0.7360498922131397 0.9953078158716596
1.3519595132382234
-0.1276144822783286 0.9096310755295672
1.9412795872602047
0.7659847611998286 0.5239894282684364
0.9961344468328805
---
73000
84
-0.8108909349309743 -0.8628898822190427
4.36013911176952
-0.8621459283392024 -0.9382295162663946
0.3790346271507019
0.13666427144777535 0.059069122464956186
5.264418177581905
0.21745967568618166 0.7014997331143117
1.9816588231835954
-0.25094315468437295 -0.5605899005083989
3.7193606017803225
0.23757267056655945 0.9230903035437324
5.021324338846789
-0.5781098241926343 0.4095944964830125
4.16858195210453
0.6298840480972443 0.2740722213967823
3.8377679100454403
0.22435983745531668 -0.2982325195309298
3.6731679310075736
0.26316575120471425 0.7828328402340031
2.8646146354985147
0.09519557226858305 0.2781232492433578
3.2455216980928654
---
74000
89
-0.39363979461755183 0.06798185448673412
1.6678681687080985
-0.3438963892017691 0.1279180233118246
5.21975431309804
-0.41278266727551716 -0.33383451110674
4.309517452428565
0.49777854413484035 -0.8856835138809238
4.723319089098496
-0.26124880070101697 -0.7538126725476124
3.4339095944158124
-0.2505927332049835 0.6497038953112562
1.5981849342277572
0.18416281639511034 0.5387064425160286
-1.4784689031390916
-0.08374466675954712 0.27294937428208976
3.2626294315322726
0.16885359909925612 -0.09961498455016524
5.930260873743115
-0.4775906365303384 0.2654477508602823
2.9953646929083515
0.2822519461063174 0.7151646481817359
4.274685593142445
---
75000
91
-0.10980502208802603 0.8507075275399079
3.8547145115429164
-0.10927266077347224 0.9110192894740313
0.8977578644369544
-0.5197087665194975 0.11878680151055648
0.7859749044669107
0.5514611864862391 0.1707695988032525
0.012692733713157267
-0.46367307217897996 -0.467351407813596
2.3555075982203038
0.36944918441150687 -0.14492222749363567
0.4444192921074288
0.44119351403974505 0.6424926425665861
0.20000205942670402
-0.9141888544607008 0.032456321361514696
4.873709046650478
-0.04869860024654519 0.537053051773368
6.18076978665547
0.41793324921816366 -0.017814327532062323
3.246787791457394
-0.9327234902840935 0.4769969401012605
3.6272014642460633
---
76000
77
0.36673459735770764 -0.9993288917531523
1.1523275382750835
0.3142310302630831 0.8779718144906357
3.44354444295589
-0.0651002493657791 -0.7069171773143252
2.783272396220956
-0.29014939784506133 -0.394484469581016
4.279696337881711
0.524823221874996 0.26494393293647955
1.3693486838083926
-0.9169933820033188 -0.2682449652898042
6.216467820918876
0.34938022466289065 -0.9759437178801303
3.119778985545734
-0.6833733813688772 -0.6380823815831842
1.1361187719379533
0.9946916545811673 -0.6342801797802806
5.450193663536127
-0.49142307804074437 -0.8697282788288606
0.834982154265143
0.43977743864197694 -0.7893200379356311
3.682431536567328
---
77000
82
-0.6593313562674356 -0.7926100379995059
4.912463725723855
-0.6406845242450734 -0.8088214739977047
2.2041613952144887
0.4784013025473227 -0.553591594214736
2.2719407282594846
0.47166829140905103 0.8566701828095695
0.7909535988573388
0.2769636097108588 0.6485734438851651
0.09128858305845622
0.4342466465865027 0.00539435280147663
0.15319901406845826
0.2975851829702537 -0.3709445052453761
4.0286479444001095
0.31096908345039576 -0.04914635625314025
5.612017162312742
-0.8008273960880367 0.7639570481157626
3.8883144903813367
-0.9432976713671761 0.5710414790837552
3.5976868089407885
-0.6181066002087168 0.536873633293577
3.553913709703701
---
78000
84
-0.4246844498585975 0.6357377784090112
2.9116708809815743
-0.479865873284296 0.6140067635514195
1.7480621364982731
-0.16792675606662957 0.4827800720281671
3.3061476525670512
-0.19640685552162648 0.10627905063023413
3.4939036441417404
0.16711645053591997 0.849172177430554
1.2802201838433658
-0.3121615856393887 -0.3341568634781531
2.580622295265428
0.5368775983588587 -0.35473021354502793
2.0634171748531305
-0.12359980899624216 -0.7694356448292348
4.557776001315719
0.16121881220865295 -0.030350956567642973
4.444629652746719
-0.25156931737990706 0.9664513479711203
3.1214369293387225
0.4210989674393254 -0.8730867533109204
0.205587085683689
---
79000
87
0.8120233433356461 0.9384896121723537
5.287547898902936
-0.8336241412492236 -0.9720818003958279
0.9641715900793502
-0.6201143860237387 0.8718008023149684
4.9848280604713615
-0.3720749274744732 -0.4254570913931332
0.4305414866631123
-0.20102399265084542 -0.38563465938668834
0.2775786516511234
-0.27153177706835346 -0.7124347091628382
1.6410543620287479
-0.09958957150484729 -0.041291967374591135
3.8458789856000557
0.16993655052911832 -0.5506542426236406
4.163702376035099
0.049205559449602705 -0.035536759525499236
1.385053341503614
-0.1243891774593665 0.654184068654068
3.3263716758077475
-0.1510578837044257 -0.7744676379917693
3.8373417103414686
---
80000
84
0.8986219320565713 0.6505487476833651
5.949818866683419
0.7497373360242134 0.5697697569557592
4.777248049826808
0.5513447913706941 0.9040824347727332
2.2944532758033205
0.8629468308446016 0.5979828544157924
0.7230346765486226
0.243035613428991 -0.43361892783604006
5.97416252263539
0.2640137801534473 -0.7006819255299471
1.8586493767992898
0.508127335657129 0.5730440396795734
2.6373695592994926
0.8390249258318205 0.18636850967302382
1.0952950178625827
0.11927426976163209 0.37655772914875263
5.001710763541736
0.39732205757541006 -0.2931907507865686
4.3484842894864215
0.4956670976009675 -0.8410548522316142
1.3612632957729138
---
81000
77
-0.0038476104988580014 -0.5068897337134073
2.1456389309091044
-0.06929548335820802 -0.1731994123507394
0.42012647772356715
0.6661621050354722 -0.000939488644775173
4.691496602208266
-0.8949478136198961 0.13281972975869233
1.4539645281059785
-0.9122380873063969 -0.5630690092431649
1.3759746304481215
0.9588333797337093 -0.013824104671712942
2.3794732104181096
0.11309770426961227 -0.227979837853906
3.8154704725134296
-0.011983268796018326 -0.7331938948533137
6.059872553983772
0.7766401193043648 -0.75986025246913
2.7112829809469314
0.972203870882069 0.14009375705032626
3.548523289932543
-0.6695163559994392 -0.9055581653493323
2.8282073596062807
---
82000
85
0.3631682415879229 -0.7131737167806974
3.4707737496919338
-0.08420552333201735 0.6176617582022598
6.250784167893405
0.23297886356121378 0.8285508795951695
2.422152172571602
0.7319943132597114 0.7977359581267663
2.2934308403901467
0.8314237591221487 0.6213714798412
5.3119007869932675
0.5299924577171069 -0.9979233880579235
4.797227673092385
0.1593110021342154 0.7808369925493571
0.5767459241552881
-0.386856342653719 -0.37845081818752724
5.807169752027516
-0.6239705097967284 -0.19499522037028044
4.610559442427727
-0.2051268358667006 -0.2427228129848767
2.271681767249186
-0.039932618805688255 0.1526093283444708
5.2354496643638235
---
83000
83
0.519885587454345 -0.03629840950976431
4.623144768194445
0.506235628356887 -0.030923366284803588
6.080832206451198
-0.044693874414590454 -0.9996872150931094
4.856195020327104
-0.26833228164686584 0.48292791891875075
1.001915125445894
0.3781482298826674 -0.1319111807871553
1.8949894682635007
0.788369472631933 0.5889807023845165
3.8868543521694345
-0.35140923790917244 0.48086811046077954
5.319398922772487
0.6895693252476935 -0.705982515036015
0.35886036496443463
0.8029571316069848 -0.05254415548896112
3.3634353118897113
-0.22177771741204655 0.3821589641475059
0.8284083156342295
0.32019616789164906 0.6375116542563233
0.522852734783366
---
84000
79
0.10543505021092997 0.1615138414638179
0.24524959253533224
-0.8455770554069947 -0.1766949117392078
3.2329869443978305
0.7971149017660862 -0.14582108080391915
5.939248352090979
0.20024896634975953 -0.05281209677643739
1.0455479210524636
-0.27311192331886625 -0.5396429816467779
4.235962657478155
-0.5616373937721898 0.6466941160530915
5.653095692995181
0.7297502387352718 -0.7460696668162095
2.936828702255876
0.46873665493183053 0.07748335599659582
0.5152289976897944
0.9797698201402081 0.7404431173488094
3.1998838450731455
0.7398903313431479 0.038923607005885694
0.644019950627543
0.7959423151277158 0.3132670181837946
2.6869028015657666
---
85000
82
0.9908041268427783 0.8832562987661657
3.24331472372247
-0.9935538347211638 0.9038399300096871
3.2314553151494234
0.041607515500701936 0.9849660325261297
1.773720062007365
-0.9599615404129456 0.9614914415033544
2.9865279724021994
0.4286091288622248 0.8672481160116386
4.5205809914086785
-0.34415168530129914 0.08915040331616547
1.1896475611298194
0.48795911788319735 -0.2816224252988947
3.0850389499744866
-0.8154837673394943 -0.0679742145807891
4.9579047641825
0.4371676164709905 -0.5650320754754881
4.422283495518013
0.6362259011683996 -0.3719994773444119
1.8697504735073234
-0.706326031917387 0.9490419303772613
1.231870639835717
---
86000
80
0.9463571178605764 0.023416186155710502
3.103160962555283
0.9609448813006642 -0.004354417018091864
3.071662061993397
0.6184472999052295 0.5062188438081597
2.270990056300339
-0.52990594211359 0.11259265467513269
5.271333156188442
-0.59890881571574 0.13217084480463037
2.183457103143547
-0.24814247936608708 0.4140565404917267
1.7402261914820043
-0.9414685463813459 -0.8523684504506496
3.4173594564784224
-0.3483736960789598 -0.12416508808892582
4.75729039931058
-0.12044902161800874 0.39932317219342606
0.10193716708061729
-0.3713113669085577 0.3292754230067316
3.41622642586219
0.18164378030399028 -0.6887715019101043
0.602558159670056
---
87000
84
-0.8085936203444261 -0.8378970352876961
4.561481781555272
-0.9340034042346068 -0.6256709284748158
0.8785842011321403
0.8318933607268681 0.8538852893592785
4.1146881811227125
0.6771024438654283 0.18998349317726432
1.086360529340519
-0.49321632822253025 0.8203582183135015
4.189110172378603
-0.4418341555455207 0.6841760655851977
0.559511492557502
0.09340415837064502 0.02035025399923246
4.699488676944165
0.8653999827388404 -0.7410455251403544
0.9105800321825441
-0.4978119404967193 -0.2839133079590856
1.5521848151991167
-0.3082720384557937 0.034834446950107234
0.8319432006610121
-0.5941282079403084 0.9560034570294959
4.398241355564122
---
88000
82
0.5459852034688378 -0.4726455076799285
0.8824711687399377
0.5907498352112616 -0.44561074759591085
5.125725788414919
-0.5356680715926684 -0.18967612871733264
5.981254781397729
0.5703463725298985 0.5995986127251652
3.6532273712390007
0.053299940522996164 -0.9331816713188513
6.2318584403987
0.7900964240393359 -0.9757989487288969
1.27524879396424
-0.7436399076481017 -0.7410382344113645
4.549680136893258
-0.07835471975301794 0.5472959889243609
4.263575437285077
-0.23363674208563093 0.7834220124770027
0.8317791273828368
-0.08518403236364858 0.23305031577748747
1.7192473869653595
-0.057018855870798205 -0.885773923642867
3.737161064773887
---
89000
87
0.3661907488850349 -0.048382822912679126
1.5551099845065552
-0.55326472178634 -0.3422798364516795
5.671961095128713
-0.9009476618253763 -0.38359776205576235
4.281947442002736
-0.538025462416748 -0.12912119902758068
0.6519818970369631
-0.7894841922619676 -0.5495082869301019
2.8192012131369077
-0.07405499020841322 -0.029639629914227
1.9569249482037232
-0.004377768574000743 0.16680945383316792
3.1897783495715473
-0.7616445490454898 -0.8185196015418701
4.271239101379589
-0.988141853545304 -0.4043428697204575
4.6893100832405405
-0.6555568526724034 0.016812958070219826
2.74470002292212
-0.73856127433242 -0.21765448046493255
4.911054609442402
---
90000
80
0.9784029216033654 -0.5390990414900297
3.552273981012378
0.8712475620107929 -0.6241933986353624
5.062583503981436
0.5498121310773899 -0.466471145829552
2.685717933431258
0.9765504631436545 -0.29651717064617134
4.785469684985962
0.35863137156157426 -0.15208915819437363
5.676791099031524
-0.5312764995431443 0.8821085342964535
3.342965511693132
0.056172714489511735 0.20221601850415027
4.48906542833282
0.3418244089713095 -0.21299615383811285
1.7226697048097446
-0.6371070035731912 -0.6807256280721127
2.472304146536092
0.16536210666108286 0.14589808636797513
3.0435971441774194
-0.03823791793021632 -0.09144908250413689
0.5397426468616038
---
91000
84
0.18334026907285988 0.7319338692982118
1.2297205712809607
-0.12294187860063152 0.9707085689124736
3.194087079209753
-0.21355070446734037 0.8576612874520311
5.343925127601891
0.5810245916073298 0.014330742881954772
0.5017901874784334
0.13536683186291765 0.17896711764845807
2.0365473010976247
0.9856601278040891 0.6638933620792237
3.706966099302978
-0.5938842213507175 0.5211553627248497
0.2374040699373765
-0.6680725500394411 0.5468605456487445
0.12935547836008698
-0.1793591292005875 0.4414459596073616
5.6449364927019134
-0.7534320885721005 0.6328086287187944
1.1759289020618056
0.8943637491704799 -0.6246878713469102
1.5667320099236042
---
92000
84
-0.8866728268212734 -0.4035253290960276
0.30912618791824276
-0.9853832560976128 -0.1858196093873038
5.081959209186872
0.13230332515859677 -0.43919931548801094
0.630445434530639
0.3403092691318683 -0.6055308716085004
5.938101828272586
-0.7389265329931153 0.4412916234490516
5.620593187880397
-0.6242543973197997 0.6413304500046573
3.438863034938672
-0.01717817146897421 -0.3603369983900027
3.6691591035449673
0.6342484096621599 -0.7918192567956973
5.982224232191603
0.9901262005572343 -0.0972874388380466
0.6783396988855869
-0.5186332623909131 -0.5545675369325519
0.3185297285871249
0.4825067055478709 0.976061358096711
0.958124904364051
---
93000
81
0.681766856539369 -0.8278951716846301
4.110839483086507
-0.9395519210748624 0.17230640163370747
1.263930165764858
-0.18355793958005626 -0.107215419533245
4.773885629174588
0.07737806233396588 0.13734338222402367
4.3259870145009165
0.9729997817359959 -0.9212996766042196
0.6412137000146068
0.6367827497982235 0.8223561791416772
4.712242858037114
0.5761524502404195 0.1683099991308485
3.66712429399628
-0.0009079875695981706 0.2790300555870462
4.878825333747254
-0.03143279609824261 -0.2571243730302245
2.5730290868412355
0.060905603185084985 0.849081087596452
2.1306910702970034
0.69942254525912 0.8466394844268179
1.347647487595828
---
94000
83
-0.1853105939635541 0.09753324066010224
4.5321491471567334
-0.20613524917012305 0.07699353064475795
2.693071509635649
-0.557053175625262 0.059400829022954287
3.332914762217782
0.022133509042630235 0.8123815636432588
5.0872800476909745
0.8435784099347222 -0.6752264182126438
0.05122026719941797
-0.9514805351607052 -0.7869372055301992
3.0954830234591215
0.545762250746006 0.4163554863305325
4.89910405842213
0.1310020294415319 0.5030743282627524
4.600052823188157
0.6945268561466518 -0.10021637052685053
4.368686843068587
-0.846139856777071 0.048416966469755754
3.725034811050892
-0.8541756849992173 -0.8345706696921118
4.036735239074315
---
95000
80
0.6043293232530835 0.9064552072556902
4.433992178302732
0.6031636826740802 0.9451206672992725
2.360965858767485
0.20100722504564908 0.9782070178509543
2.014948814832498
-0.9667176419887019 0.5348014015234145
0.4453055626023019
0.5341469176566987 0.44999785643965445
5.982000985543489
0.540659333195318 0.7999368494630177
4.029317237755376
-0.7517583247136809 -0.9191308092448366
1.1598688530233643
0.2609514328381609 0.8121500362725055
0.5557582806014949
-0.03982540567647913 0.9839557997408077
6.254564919399808
0.9102736385945146 -0.846004824758655
2.415999492429467
0.8068260210937208 -0.4015436616083496
1.9572750471411986
---
96000
85
-0.4351768477365127 -0.054956416298268404
2.600720446892078
-0.2678554234558689 -0.5345724875338257
0.10535419282722636
-0.4200505862616876 0.12800465352327378
0.3604445640465632
-0.7471373976327934 -0.9678725862791892
1.0553456182990595
-0.5369455697335661 -0.2086931493810429
2.669169124207027
-0.6978842494295512 -0.026916842991632904
1.792997120643897
-0.4274812366002881 -0.1288983653062789
6.247331671796203
-0.6732686761950692 -0.674032489195377
0.8042161581276361
0.4144593209443599 0.45502317068683434
0.10096532555240056
-0.15015573504725038 0.3603654115202697
2.7655448754005234
0.5392882935685982 -0.025210740191810497
3.1495259179587953
---
97000
86
-0.08285568757761616 -0.5494122754371241
0.36322464482528466
-0.13219942922134229 -0.6011833725374262
2.01153636214942
0.29494671622163976 0.7027302180738972
5.973466043287896
-0.8053419049873685 0.07733664919827457
5.741416931378847
-0.7744169867905845 0.3704560202766947
2.154570485700498
0.6549212742201225 0.7611109611860939
0.015613692701331061
0.8180784914849554 0.7262717397286712
6.133048424679666
-0.3869352784396687 -0.7496804930718525
1.0592212034305826
-0.4565067506602484 -0.557719669924262
5.269055272905234
0.4307553939596006 0.7927590684392116
2.1577602504891047
-0.45277053055425864 -0.8201361414231592
3.5425410386732326
---
98000
67
0.5986745078844969 -0.5892158499167041
1.5727461070122462
0.44645616582177383 -0.3767096869188054
2.613283901748007
0.6967971786536954 -0.733673566739293
5.60606750645405
0.22637737493612392 -0.8516221026871218
4.589250744067808
0.9623282484490263 -0.43239076333623766
1.9650515345033766
-0.9124139250430284 -0.12767701429026723
0.754322490589213
-0.5979043562280034 -0.3761568133669432
1.2534039052260129
-0.28331185356575284 0.7188131440575253
3.4890850421599033
0.5649500150176651 -0.42705968139829914
4.851503728886694
-0.9571639598301219 -0.25985541873719253
2.406569143876278
0.10595289872616616 -0.5772287305032815
1.7435338485512428
---
99000
96
-0.7464964372077787 0.48428229361112385
2.390775155764323
-0.8318697069097094 -0.2510880183894477
1.0192888018865442
-0.0707214765432932 0.5446734569439502
0.573125168805114
-0.5839250933892942 0.740297215914749
1.041965547668207
0.013150615818963433 -0.8191161083482114
3.963796693032641
-0.639693703539905 -0.43544695780797993
3.500297954171553
0.03971891448557055 0.1701399775609601
6.184835555479849
-0.9562978650899698 -0.09821362128146413
1.9822503032115772
-0.39680778332413724 -0.7272789082872826
1.4116484177422368
-0.9964275904188629 0.6398087330339024
4.4300276725198735
-0.516997525092348 0.9901312600048715
5.420369712516932
---
