100
{'run_name': '2D_rec_10_total_boids_slower_short_chase', 'annealing': True, 'annealing_start': 0.2, 'annealing_end': 0.002, 'nr_observed_agents': 2, 'nr_of_boids': 9, 'predator_present': True, 'grouped_spawn': False, 'predator_halting': False, 'record_keeping': True, 'record_frequency': 1000, 'boid_speed': 0.0283, 'boid_color': (0.8, 0.8, 0.8, 1), 'boid_turning_speed': 1.5707963267948966, 'predator_speed': 0.0333, 'predator_speed_slow': 0.0333, 'predator_speed_fast': 0.0533, 'predator_lunging': False, 'predator_lunge_speed': 0.013, 'predator_lunge_distance': 0.1, 'predator_turning_speed': 0.7853981633974483, 'predator_color': (0.8, 0.2, 0.2, 1), 'predator_confusion': True, 'predator_confusion_distance': 0.4, 'predator_confusion_threshold': 2, 'predator_chase_time': 10, 'predator_halt_time': 0, 'predator_eating_distance': 0.06666, 'height': 800, 'width': 800, 'graphics': True}
tick
boids eaten
predator position
predator rotation
agent positions (and)
agent rotations (interleaved)
----
0
85
-0.8391972559578653 0.07023776173246991
1.234664492122302
-0.6946755573969258 0.001884578425860383
3.8140639397990794
-0.6002158656837705 -0.5604422193494581
1.0590871537641746
0.47572262429183726 0.6894378873351279
5.331160196436278
-0.22079162001250688 0.6143342441869571
6.239914976362308
0.39204441949263336 -0.7853147776084833
3.8662246576563524
-0.24158200692530588 -0.758116967154027
0.2242676603985574
-0.4892372018204337 -0.4562324516418675
2.5586187671309752
-0.1953155522432577 0.033978691652206516
1.9940646680634386
-0.4701473054201309 -0.2846242242536545
5.061170502746803
-0.9193144071039138 -0.8921465031696189
2.8355581675196153
---
1000
86
0.6576809120119996 0.05153262595363225
2.8654016736269425
0.7245354481316116 0.11664100411075272
2.3299973149011803
0.7020369311393317 -0.6738297276297193
0.35367733130812606
0.2485596136796108 0.7580184376004414
4.961806093318693
0.8153127701256866 -0.4584612402193817
2.4511355360315923
0.40135500956128445 0.7951345946940401
5.715806958763607
0.09455351075836216 -0.7081235817761806
2.694783580051986
-0.10135711418250647 0.32446978743780913
1.6689584430229774
-0.501531425191197 -0.18435156492060098
1.0003395154079469
-0.09346037266588078 -0.6210329812023427
3.1116468859032382
0.993932457098343 -0.29651227359433063
3.898342098137433
---
2000
77
0.18881063126266165 -0.8974951426969998
0.7914999670343036
-0.23771432692068103 0.8301830504334953
1.551029745400064
0.9599593954004543 -0.02250803737892019
5.6735180196487205
0.6619487058558589 0.5698057701068399
4.1357751148891015
0.803144224966481 0.0874613088237566
0.09205905263692582
-0.5367007187220947 0.02946331660068818
2.186689838756771
-0.7654219011559187 -0.5730360502645001
4.118107026119825
0.5577364390080659 -0.6631588090634398
4.177487017887822
0.5247244777200023 -0.2693017469442624
1.6135588072173395
0.40005622690567644 -0.5312470274760485
0.48650055150110827
-0.8769511206484827 0.884365834241325
0.1941498432768931
---
3000
73
-0.17780259387567526 -0.38154937343540757
2.384472206609328
-0.6672509398377893 -0.5925583239470427
3.4660729309691174
0.22887214223393976 0.1146079664648236
4.1963037172080195
-0.08014862855558683 0.9885331691762741
6.165074490555155
-0.751645276040166 -0.24727327753910383
5.726541543317555
-0.1890708255045092 -0.6386982933046854
0.632919416069277
0.1524548230634048 0.9113398439813515
3.6514323304457275
-0.37720659066287104 -0.6983991536776001
3.7760903066935176
0.37794735565369914 -0.4326585583910104
2.3895152190790947
-0.14380270958774927 -0.23581661239246002
0.21028260573886293
0.6139000967024001 0.4233869416919583
5.9313418913971745
---
4000
89
0.8576640825037527 0.5669965818918692
6.021737514670259
0.5428112538107406 0.8001354465282597
0.15528807283573087
0.9359820955043413 -0.7231770403617404
0.6626559408680546
-0.9535207670003936 0.51455163047551
2.6701235219898853
0.5507943558315981 -0.8702470213483846
5.174458464803368
-0.8203832140903117 0.5754905930371181
0.6404454929923844
0.8011652386147368 -0.04109926175458208
2.9708121162488155
-0.7923543839143808 0.9570727447961987
5.132038441489744
0.364804264957218 -0.901362854836826
5.022346658885035
-0.9997009258867999 -0.07201189510460479
4.737524812050035
-0.8007620936179871 0.47640142632231264
4.503845786116162
---
5000
76
0.8821409133313626 0.03776091895111963
1.6267973801907285
0.6572612572816559 -0.22892503898932776
6.174061551350389
-0.775111730954619 0.6255529850988369
4.507202472297541
-0.19272690790739005 0.9242674270352976
5.826845423504972
-0.6381528915560888 -0.943821763811697
5.644236761922263
0.7955802578997786 0.18598660226657104
5.221370643386098
0.7128965144622406 0.06432389606968864
3.3524956552602534
0.2838015355938207 0.9652368130897582
1.1458091840966034
-0.7653124426285388 -0.8165508967954328
3.7606159261409458
0.9599161430840792 -0.20629571062513602
6.076284355073883
0.5935674944102725 -0.39515922154807387
3.084290353990636
---
6000
83
0.11661574160260992 -0.6658057785540625
2.5802980345390565
0.025450652629812366 -0.6072215982251328
2.2871749093325064
-0.5493891625251621 -0.0027845582901305684
1.106294279696427
-0.8249315444452844 0.32450871889973926
2.346139459242446
-0.24948878810240235 -0.29878467936642156
1.4382458745249203
-0.9111322156043554 0.08622070555284445
0.616447153031336
0.3269466338519494 0.2557823085965873
2.5870044001968058
-0.02668626649249836 0.37678963198705956
5.300335238860816
-0.7520026963877128 0.45745063361928673
3.6215826311375023
-0.4365641881460242 0.1817909024112063
0.46742835540900174
-0.2891604316383477 -0.7772720500886473
1.8322986635094205
---
7000
87
-0.8221895593460332 0.13753032343567317
5.976425412932056
-0.6399889962281855 0.08188120546361181
3.592425867980471
-0.3544888935144753 -0.6454126409634012
0.2518562320236146
0.29064318055201144 0.5434205034552776
1.4917790445154484
0.10106461620678751 0.8887298505268338
3.760032067867898
-0.12155236400101699 0.35172994911747485
0.20184091234544965
-0.3710280197518726 0.5346925323604413
1.0585909494627108
-0.4032011373075316 0.9108717365778993
0.7523059364250129
-0.19984278713273473 -0.4800828385377968
0.30457465742591694
0.6246337260113389 0.9308580743913833
4.816766254018386
-0.03061833577793728 -0.19462552062466987
1.3696126682861198
---
8000
74
-0.196738445466487 0.5729890824597436
4.615866676679351
-0.2592219119304602 0.763346808989709
0.7381822638619218
-0.8772812490260745 0.7661351850861834
2.017273326145019
-0.3604119042680304 -0.3327196558324984
2.409239014998412
-0.41035829584686057 0.44650576209412335
4.958978716560269
0.2754630026990255 -0.06581989547061862
0.061548412735540126
-0.1670634982319886 -0.1259291346033824
2.3991141165031196
0.8548703629608427 0.7814408405514006
1.4261773006924159
-0.3036971187090396 -0.8400782006749814
1.0246657391608842
0.6958939755233622 -0.8453438082929943
1.4877381879681577
0.7923881924591616 -0.4772586500638798
0.9723603617263054
---
9000
81
-0.12313146467649824 -0.25641593908130556
0.5423917136437261
-0.19159161330680918 -0.2837025810641037
0.1874210214809109
-0.2018124559637267 -0.09760040058699192
4.720142350779167
0.6343682009095506 0.7055021329729652
2.3891707429867752
-0.9372387736241711 0.434653941553932
1.2742578869587877
-0.4192739806793878 -0.34101613712829126
2.8034941134286147
0.3082558987775245 -0.07180935852401404
0.16023395666165463
0.9158193181467441 -0.29216600359941775
0.09673473955961143
0.7697890763508285 0.6354697773468407
4.486959342735876
-0.26647035351875914 -0.7903524170829924
0.9735504458357562
-0.8516903243654241 0.7773471915580575
3.1848730127146556
---
10000
83
-0.3334446384813571 -0.9896387588777977
5.19636452460436
-0.3379681938153092 -0.999131458381413
2.449634772853157
-0.39623570767581456 0.8666290748465008
3.1915741720512747
0.4499465004344092 -0.6376916277656224
5.891892704608494
-0.012639444417647486 -0.8453688599687036
0.4305972397981721
0.47491210710483106 -0.45519827716883277
4.17692196699401
-0.6318864780671605 0.505597434522809
1.4359652855026406
0.2718593391402479 -0.46487891499900014
5.885104961412235
-0.18496908141486895 -0.38166918254100857
1.1330773491816606
0.37721022142325566 -0.34397818126453156
3.9324516131653304
-0.44512251528852664 0.4101502937242218
2.0824946276468435
---
11000
74
-0.917192014614692 -0.5723274028557221
3.28654981159232
0.8418452589343232 -0.514987656676627
0.22651654543414335
-0.8524287821370375 0.9841545733945285
5.165650034927451
0.3394756096620087 0.8746564321717154
3.3691091665778954
-0.5359912608894604 -0.4877593174175036
4.542527068819058
0.9684986406388116 0.6141841550891365
0.12171195925289702
0.4347030237097831 -0.7339539046347985
5.9600700091033065
0.40672034729584505 0.9324669898226791
2.477458164413096
-0.21745536752116248 -0.19288006299336677
5.879659386497691
0.26879979476560173 -0.9859285658648855
2.241672366042856
-0.9933979932758403 -0.06835936888392613
1.9810918449903
---
12000
79
-0.4405536316810358 0.20583197237167528
0.31738120246743234
-0.3747147364168055 0.2484686906586565
3.8579222905732697
-0.0545890774217041 0.084659366863228
2.449092785709259
0.11288772401602117 -0.18788045838692569
0.5292378252875005
-0.429739310852999 0.3870658661940083
0.6719149523371788
-0.2682661721870444 0.5066379784400945
2.0771224456839112
-0.8687663372363955 0.4973406697275361
3.944523023487882
0.2442038190906396 -0.16223550172841494
0.45177423724029
0.5154630795457067 0.3676219722824262
2.609570375454135
-0.6730392299394901 0.7591583905064678
3.2404594333146637
-0.11511755835475357 0.405879654795964
1.1042101307146726
---
13000
92
-0.1813995930231822 0.27230474447700787
2.4907681159194555
-0.3037159630307624 0.299363677691885
0.5913127530843321
0.31253329504181465 0.814303021214636
1.7170720874811751
0.29656276728942105 -0.006123749781934144
2.816668481926831
-0.7803667143960148 0.29417785602516516
4.5764875892110775
0.13975008548492462 -0.46240750834897876
2.629371360905104
-0.32318336007064735 0.24696126904756696
5.389879505727637
-0.14123831135149878 0.2559146219778625
4.900629905984705
0.2649997917080468 -0.25103794807157986
2.181843505710366
0.19972696490544709 -0.9358277610289211
4.395064212215647
-0.021744060307339278 0.7262494246903224
4.936960142456914
---
14000
86
-0.9479757771576774 -0.5453170455711083
2.8129970213163835
-0.9865359383283825 -0.6489637531364467
4.021002297577244
0.3453187349975839 0.4728571808995411
5.850859611666869
-0.7034094708281974 0.5395823185918389
0.6954335740485744
-0.39431405239527406 0.954149961893393
2.8940040814220236
0.6335462700369434 -0.2945585734439334
5.831355196711848
0.5699920450448605 0.0001746236053155499
1.9755114314472157
0.8951140026239021 0.5170775714380919
3.6597901984180456
0.04080166869644308 -0.6880685279290577
4.155393437118264
0.2579136420453891 -0.16924050371023075
5.672483075967382
0.9063241046638867 0.08936409132126624
2.5553126729780127
---
15000
83
0.23853073790562312 0.8843715234175715
4.105205437927074
0.22800086378361606 0.8568758880755782
0.7290798022876386
-0.17691387929006183 -0.021710443545333157
2.753125682813164
0.567898858401355 -0.02813642458751652
2.679924182437974
0.1430344071115526 -0.28339650903565006
3.4322262168888713
0.6078727420259005 0.38868443431699456
2.4447205915513734
-0.34549113455088976 -0.819332672233654
3.037464747497907
-0.39982331239414853 -0.6418431315936174
3.4549724865069438
0.727104884543813 0.62778211190314
0.6799523692158171
-0.9871916537316754 0.8121456165693905
0.5942081500371019
-0.3348232311406303 -0.1945360822181704
4.264199893065694
---
16000
84
0.6255392853481204 -0.2771404094329257
1.7297156970126721
0.5244311461230614 -0.3533640624088395
0.9139029977308954
0.6628717980787686 -0.3749521284053561
1.0561583766052065
-0.2349355190997426 -0.639848577213261
4.264424439257738
-0.04078161249764012 0.5832928313219536
0.2436369744960576
0.9555353094183257 -0.45912091486105744
1.4521282734701115
0.624072338150739 0.37810618518365907
0.5781999943212917
-0.6282749887842796 0.5939012106100958
4.1098298152854476
-0.5810603725302496 -0.8139292082871507
2.9696513929459547
-0.25605595065125264 0.5693383071201844
5.973938490766726
-0.8465616184724174 -0.2048777691117747
0.7508016949414964
---
17000
87
0.23802254689358035 -0.5143291048987525
3.211880123587356
0.22899713283816753 -0.49306674872871065
3.4994273281667594
-0.9158944574603348 0.21605707840326013
2.2337707204755892
-0.5239992378703588 0.3974877852304432
1.6400323282877842
-0.9613969900190622 -0.9341728244711198
6.094605458761711
0.19584738344286767 -0.4580914817542957
3.0341759442694265
0.9654875919539977 -0.48553119676147183
0.31187340508138384
0.35399397724385584 -0.4993637471594333
0.39927817559455203
0.31968626530453803 -0.4762696807281081
4.533259472960854
0.16889332631636922 0.5679543182158568
2.6069805365424825
-0.9985682921068475 0.1582997688551846
0.5931624175484904
---
18000
81
-0.6207372418424415 -0.030121733088065726
4.418351636717226
-0.7050613190406796 -0.026092283231369633
4.132051319883653
-0.6894905079513631 0.821732768603128
2.7514890761090456
0.826617561820537 0.6449052044237645
4.363160220123285
-0.8081008884554285 0.8540474778241599
1.5694477045975233
0.03940893079687395 -0.17002870597058584
1.0931893003960642
-0.7526403534368422 -0.6759154214552643
1.1564373067837002
-0.4185113686231035 0.3481638629789294
2.6583666020742394
-0.2679683243496657 0.6898726447728689
1.7939663399716794
0.14839037419329887 0.6363461578124563
0.39152004096191195
0.8017859978191536 0.26544954610828436
3.78274850575968
---
19000
84
0.7261788354592209 0.03539873252850776
1.9811464359733884
0.8749528749358846 0.07423764076106673
5.428319823039497
-0.9043134160939252 -0.6570042470673327
0.09499014895153834
0.10596104493589069 -0.4600905948718066
2.757804472190143
-0.8628102867880425 -0.08880270589828199
0.9988478294155492
-0.13486191822698052 0.9351249621382901
4.252055177161851
-0.36349085239769763 0.09075084796793884
1.3377352471043
-0.9435470935096189 0.6165063210905731
3.94462285255974
-0.5104933437396496 -0.28613413913212205
2.6053944937749485
0.43802725847227253 -0.48111814386778207
2.8708781031877355
0.9089575577569969 0.3881558310683971
0.15313590667671306
---
20000
92
0.01956232149627901 0.12469121179760906
4.272071914128781
-0.25770573072357483 -0.09306003111751927
5.669994166180379
-0.878672347379661 -0.698421280770359
1.390369180499345
0.774914654157149 -0.7208686764327954
4.444571585655079
-0.9477740344687267 -0.9453903591318181
5.133991475874148
0.9704231921805915 -0.44230425735574697
2.358028951942556
0.985073135446686 0.8457981495479022
2.839328001736824
0.16575917500191115 -0.9418325614004424
5.6067763371144705
0.498594050427126 -0.4027941636883133
6.0198393123249065
0.5349007663512926 0.5712268225694646
3.82779120932474
-0.17365609947561014 -0.8894261919201876
3.3100108606599274
---
21000
81
-0.038323872856967124 0.693979936202642
0.9981775595841578
-0.10478635408537089 0.7861174337373776
0.6620653958749569
0.816173125950191 0.8112257919000301
5.195977192709858
0.0316661368056307 0.7655013762454453
3.2372569155823285
0.96148362791328 0.5637972662499965
5.05237899135165
-0.5113393614283314 -0.8063210298306936
0.32881476624507844
-0.27337701144225884 -0.819482269526691
5.792153186591699
0.7416317795687314 0.8523700563265253
4.4971703664837985
-0.12645371529923752 -0.6103351977726795
0.19281143788302213
0.4758055710027032 -0.20705925832978347
5.753749091462998
0.23036824310370269 0.39288192581886644
5.270491511694627
---
22000
87
-0.3728940222652331 0.5480540721986574
4.830878236992031
-0.3777213655667183 -0.08041253166061901
1.2327675712072579
-0.4215822807378063 0.7338376213408487
1.2696349893572147
-0.199964504220926 0.6392398158947084
0.9615653804979551
-0.6851147156159227 -0.724685687423125
4.299716784776937
0.4555761819856222 0.2730853168000805
5.2019104549313475
-0.46862028240777653 0.696545385973373
0.717857086578026
0.8438830988862651 -0.6942576576214649
5.625835694443868
-0.6129842903288855 -0.18545621196990247
1.8528935047239439
0.2169180812460613 0.5943284440792684
4.58175660936707
0.8284487949271649 0.26539231133744534
4.468795463680826
---
23000
90
0.9533737899041712 0.5825632652371415
4.483430402417979
0.7326599296735272 0.691899882261495
1.3833486253009202
-0.8779182825923649 0.5913952166432888
2.0858327378981296
0.8976690796619269 0.7817014070591122
1.8678181338521451
0.6423837677531555 0.8944098083361909
2.791567307368851
0.1441351812176262 -0.4737691052467844
0.3537931933230025
0.47981858842127334 -0.20161660001444914
0.8277396962441284
0.5179107210865286 0.8143812391390038
3.923179583785532
0.867998113560872 0.9337726593535202
0.10746328629384472
0.9162919457463977 0.8392074677008878
0.6049228845741936
-0.26645270559110146 -0.8589104208085916
0.3788576819550151
---
24000
78
0.367764023669231 0.33186219986162635
0.08478927348410004
0.552420033593104 0.15771350639494802
3.1374466229871567
0.3269631690526728 -0.26556193427122027
4.000904756193389
0.782424663034424 0.145059567275185
4.7859395899439034
-0.5549470137395616 -0.3558308945831393
3.22610118944322
0.2893698129066225 0.27698167462917106
3.7587701742907242
0.19776222444392824 -0.2895445162722127
5.506262899718319
-0.9697474545617584 0.18146210205917618
2.12553026598746
0.11817969283114851 -0.7538562371059979
3.744505631089174
-0.5527135690571298 -0.3123557711329178
1.8322525508085112
-0.13689880736205004 0.7714454977438923
5.555807285202559
---
25000
74
-0.3283362522574982 0.09252552387473573
0.9093926666211541
-0.5712087673437656 0.11348073448360052
5.288425902858762
0.548498276704131 0.3439706670752952
5.146280748792152
0.6654138105950081 0.17585111159262928
5.635033525144545
0.6626302277358832 -0.5827318424153348
3.344118540852918
-0.2796868916390122 -0.6057103053495598
6.070228895091758
-0.39738948444459005 -0.8953367740190828
5.43915976412818
0.3774448711881146 -0.07582286206507523
3.0595389236717567
0.95457413808213 -0.9646233806498091
4.616857841327434
0.055802249020404954 0.6142196676052653
3.4702863534943003
-0.2047540714003483 0.9877286361438402
4.1669599660689896
---
26000
78
-0.6448160667624224 0.652413944703722
4.333815327424797
-0.5040433238288102 0.5442671757740906
1.7507550465405872
-0.8528761537454335 -0.5869652982167686
4.048312666272308
-0.7799882806779241 0.8896846147065423
4.4855501151257755
-0.21675856351212694 0.9561182372136767
4.549698708468678
0.022490856772643016 0.050331530847709804
3.7494391398177873
-0.9340468775777543 0.566940081428445
0.21510052311408767
0.18949766851578045 0.5248326129243678
1.7928808315264009
-0.5328758098735453 0.11973421035565361
6.275845388888781
0.7477857938837421 -0.5241332522476786
-1.844663510278585
0.26254629657917794 0.05202276305476365
5.10558910017043
---
27000
77
-0.48337421968197763 0.02104356238862045
4.719389824466254
-0.3276392906710125 0.2948177453224636
3.88359932592689
0.5790007025737436 -0.34563911879779374
2.254563739072716
-0.01974321831374887 -0.25524922435880265
3.8788630075439743
0.4633936711039736 0.7641758378773909
4.7657538503388714
0.8671352881214417 0.6980070084569636
1.1520225964364847
-0.17632693099593175 -0.10585066289619269
5.80319072477568
-0.6466771360861256 0.9136751148371265
2.846026314615278
0.8943703362410366 0.09834626873217762
2.8931770948325717
0.18009185769030145 0.6309342245470848
3.4061233427953175
0.7482650986993056 -0.916739672273009
1.1219886250915723
---
28000
73
-0.910430971698053 -0.16369598234420818
2.202779430614798
-0.967433271308251 -0.24909539548091758
5.455092077749978
0.5087617174463561 0.704201534855216
1.1824961583182023
-0.0071734903918033695 -0.02134724629653824
4.504817290133244
0.5904757563893601 -0.41363422668572936
1.7168386988742395
0.005759640503515944 0.720661074711948
6.133226476970494
0.1748237742512621 -0.012051957393839527
3.5523452999270617
0.37197320557712565 -0.5738668064890535
5.734697660773405
0.8665612438357759 -0.7476716211125854
0.36898579657525143
0.7753094886604378 -0.6363798411957496
2.844804236809505
0.9838645228039151 0.7673623761967376
-2.9837052304289733
---
29000
78
-0.7005370873259263 -0.04084608038613958
0.18336172012007357
-0.28860261933396386 -0.4417309818814297
2.6086081388231257
-0.7682949178609817 -0.8444714542814196
0.5592899932474218
0.1283118943276867 0.3435782809504391
1.580866123170746
-0.5740699558870581 0.3247364694980641
4.963943871065687
0.4301725507392441 0.7785758808042105
5.363375428971116
0.7184104969161342 0.06729259951051161
1.180216052506271
-0.6672361869800848 0.18922552814994736
5.623489363063823
-0.8923054571298498 -0.8788086193082142
5.511905053640115
0.981923824201412 -0.2599551869904404
0.7183362201323416
-0.45329193505834764 -0.10058356340974842
6.207635963464548
---
30000
74
0.08569571349446753 0.13791533003024248
2.380015805668831
-0.7894258456802983 -0.4478466805508598
1.439022860515479
0.07782336875175025 -0.5778325063907827
3.525639150537991
-0.7093412640239067 -0.30058960017991265
3.5959216174632918
-0.9780406857320066 -0.5892704710037651
3.901532593781771
-0.5546849462376988 -0.5850186464870039
3.2289405858775195
-0.391870616673521 -0.7224915028633706
1.2226136107784527
-0.1945254280506735 -0.9593511735161483
2.076327659897389
0.139901600879678 0.21844370383162984
3.731864638163877
-0.9488996679393793 0.7120661807357023
2.192102428750669
-0.22462850897134004 -0.3380733644187947
3.4179940771052504
---
31000
78
-0.4434314864803844 -0.87669539731357
0.3984330944694795
-0.4811667047630226 -0.5428719782449333
1.864583968783271
-0.3611246326465777 -0.9322814232427776
0.5279880116420417
0.9559947028149067 -0.7561843112654922
2.4743962322843043
0.363645953776507 -0.5014020007141675
5.35715246418202
0.8099281218886485 -0.21302177565366115
2.309851135136558
0.21042522376411701 0.2540467846383036
0.600797257336871
-0.5398980897091697 -0.45596684430552914
0.4091102223510168
-0.828969797911161 -0.6200720895485855
0.7350821777282137
0.5301331137665013 0.8767644613662778
5.906676897426748
-0.9522680821831062 -0.6360448767424371
4.897479833407206
---
32000
80
0.5419763364388918 -0.9464264459076828
3.6397411614803703
0.6541053920163249 -0.7061985327101776
5.236245360912423
-0.9421222464360937 -0.7907399135269675
1.894489042597833
-0.090052125676862 -0.09996097050287317
5.814541501454093
0.2825446360516707 0.3859638107483092
4.904649071096405
0.7118308453472609 0.3555343308332996
1.1825390220194008
0.9048899141503484 -0.6470720592428811
6.13412718820776
-0.5768204588914243 -0.8012553913105467
0.12556280737485537
-0.8191502508725099 -0.559164885632949
5.340856516513172
0.494924379317482 0.4860501717492881
0.5372267078075808
0.3563564595887916 0.8386431146324052
1.641090956426792
---
33000
83
-0.25480555643835856 -0.02114222208942489
2.88406788965987
-0.020130728571343487 -0.44865554150422393
6.095128113277293
-0.6698147117167618 -0.40862354744676327
0.2736768868489703
-0.759676564920243 -0.007366163822437434
2.7140462005662043
0.7059003994824187 -0.8427107471655051
2.1427941397659733
-0.7094448010366584 -0.20350736326857535
0.8894811951439889
-0.41757180803921523 -0.3020162991937546
2.034467338910443
0.753561506057352 0.49921060461757666
1.6043656051432666
-0.6331204719732475 0.37453880710912324
0.5718717777172753
-0.9635787049982523 -0.1535769200954825
3.605672099108981
0.8287861300250092 -0.604801980440082
1.583871160764649
---
34000
78
0.21533415556873028 -0.35287955677722
3.791554356198553
0.23774236961977044 -0.39673160425505655
0.46390156346882083
0.17575369085344464 -0.6340558573849835
1.6380506805691502
-0.8309880462366624 0.6138787945504909
2.5187784204672985
-0.23242613924246067 -0.12361723379904081
4.6847054122952505
-0.9928609912832169 -0.43284624029455104
3.8389033752843247
0.7385527634245841 -0.4335792751198113
4.671831735412925
-0.3279733445851587 -0.025099741445052698
0.3145114935052753
-0.0846677949891182 0.02352969022337123
5.786393910411869
0.3834726840384509 -0.847637296587785
5.782364058801269
-0.7697300973138231 -0.32014642124040066
2.2007355880553794
---
35000
80
0.31698831923014736 0.07268305794628199
1.25148491596146
0.3890483695556652 -0.33730618250545064
4.831364616871894
0.34494640617430394 -0.21355228647380348
2.8600231866319623
0.4398493963891427 -0.6526504555377335
0.8168274920498417
0.08481699199551496 -0.5725176337941648
3.8280162627047183
0.9954664517281583 0.20050854546437577
1.6976638365873926
0.20244431669795054 -0.18007563526979717
3.5977520772489955
-0.846813957892051 0.4434353491165346
3.825408452295152
-0.971114743184823 0.6535396507744047
0.766240260688261
0.40887369297377174 -0.16114598550802245
2.9021090155840943
0.26563931766572985 0.5278713163471445
2.3562859465490944
---
36000
82
0.5961019371752783 -0.5924885306957572
4.60704440992361
0.7522895449056825 -0.5486438294393673
0.9858138586869547
0.5640950790499631 0.9944318030940067
1.190546614524158
-0.3900307318085119 -0.48482075831218363
2.589934577837177
0.5506226410518007 -0.5231563007336755
1.3397738714434873
-0.888334085611398 0.2714539894643969
2.09350599651619
0.6359541029751453 -0.326986872935197
0.7225530105835061
0.5303209825283818 -0.697939719732214
1.0727898031934373
0.4510984535035681 -0.845420270182474
1.4188376075404374
0.7602556604449449 0.9079280284159996
2.272692111801505
0.05880524158078716 0.8634762029668314
0.4021241039794994
---
37000
80
-0.7370647155121608 0.03851436999266634
5.191568391014132
-0.6439263831715132 -0.662299856147949
0.9476122845849986
-0.9278951448791553 -0.5107833552997777
2.349201111986151
0.9097535005439747 0.0986787789397528
2.7623785985334663
-0.1981293550489952 -0.5269653779242585
3.568028430408475
-0.09674727872317243 0.21469001615695896
0.5996684891934532
-0.08263649097366421 0.43122943276392395
5.658867081356791
0.8746804680575951 0.43485148634317733
5.971542971768299
-0.6922770696023052 0.28999570516398077
1.1063707736746418
0.2717468427153964 -0.44590739103895766
2.8802974969992805
0.05119806385720957 -0.08977858360966925
5.29420156625015
---
38000
86
-0.8704855056874724 -0.799147854862793
2.644232968316416
-0.911459400309163 -0.792874049889525
0.3996684244211499
-0.9031931204405603 0.5416639209630422
3.6018020526002905
-0.8490454435354324 0.6253934095167634
2.749425189909216
-0.8833831894008457 -0.5668957301027093
1.5915763669599512
0.8673635610398361 -0.14862120051306757
0.6488044314708921
-0.7168576785695616 -0.6559625835537429
3.291641381004112
0.7276966548559711 -0.07690663079724552
3.7376592832187088
-0.7271235263091056 0.3554996073484244
1.1598608642303292
0.7134413378923374 0.5247797979991027
6.198972191868056
-0.6211078293723233 -0.8625582124877442
4.419192697068993
---
39000
86
-0.021808769374574436 0.34209111843651396
3.4214631679823997
-0.007589716864591483 0.3823018861935633
1.0605660682737303
-0.332993466464651 -0.34828934535385025
6.250987759153949
0.518612627796438 -0.49564924073168914
5.168704697914705
0.184937131145891 0.25106246588585246
3.4236009164143635
0.4596223195014779 -0.045180557372769145
3.270561008887009
0.3711944244418023 -0.25972496748924856
3.26042483424206
0.6100993834255373 0.28520766079918947
1.138521555780783
0.6413517545963143 -0.12584757010900688
0.7045670225352128
0.15908086950152442 -0.10261508739461804
3.439521007880538
-0.4411133747445025 -0.6658729565382381
6.280020789936692
---
40000
84
0.2165814930177536 0.7174570131207039
3.6942687329626778
0.724468088367671 0.5351151837614477
4.118710912464891
-0.19220814836128464 -0.10668168046432644
4.585507683604401
-0.5887003853126371 0.9790885881739287
0.815264483431335
-0.7034442449748071 0.8337717057238931
2.382907494935176
0.3303012421745785 -0.15504435753542048
5.524964266215852
-0.7711507177968283 0.6293880335102465
2.027194723521001
-0.35082009908478823 0.4543464692378758
3.6307084672193657
-0.3819983730698193 0.5074969016455302
1.720207335084262
-0.2377951095882629 0.4554840257480621
3.444680574264475
0.5516415326082754 0.19625385966727593
1.4460481031475014
---
41000
88
0.8426173722972162 0.1626328757107905
3.6724469952537486
0.8850628619632483 0.06384394611532401
1.3330798098406946
0.6868691838210835 0.45191336583663716
2.4243892688133393
0.5869857254342582 0.5992229435781574
4.989352187518296
0.15473516049286246 0.4640884905835171
4.307693468038011
0.6460876632268037 0.36675993573089066
3.085812615866157
-0.25658203821974995 0.19710536411442334
5.4243379403647
0.17833620853712515 0.3539351658159009
5.464935718628458
-0.4669040074760551 0.7776054327118489
0.7704099481835343
0.7990974935887205 -0.03508289542275409
0.5317935486279595
0.47401596743244007 -0.21104693306760086
1.7317705434854798
---
42000
80
0.8184816697871856 -0.9289545344885666
4.687052745711558
0.9339799044872584 0.8093348821246636
4.622519500839354
0.9444728684550588 -0.25860279528561136
2.5834784859859745
0.3758805496693404 -0.07607390221463244
3.678777868113923
-0.10201993927396563 0.5259639493714199
0.5360163124800674
-0.8273726187680339 0.2939673235848719
1.648357155561449
-0.842344150645317 0.360609929112323
1.6917103142736138
0.9948195502562793 0.46473811543143123
6.13043203701473
-0.9990460332470874 -0.07979936528037909
4.349406727257776
0.3561275459237392 -0.8520982296953242
0.22278257026249104
-0.9760512998280064 0.9203668512800336
0.6352482374721644
---
43000
78
-0.9260071358058038 0.04056032204914227
4.620349447492017
0.9165925126629372 -0.49027184427488324
3.2388635095425444
0.2768826425916508 0.9090156863161523
5.418831529388558
0.9124935667244016 -0.37620101253809285
1.661541179904189
0.02425845253572484 -0.5949570761926957
1.6320471606416707
0.6458868667630581 0.04732595464531965
1.6334678011136532
-0.8960294406476212 -0.6972694492728504
5.615814307036744
0.0037145383671119414 -0.5258953423876428
1.434664656371723
0.18630815194300382 -0.643037678160483
1.3697012676163745
-0.17120592630877007 -0.6474117990386311
5.1927531138504825
0.965783777006514 -0.8834321591928301
1.4775564912710246
---
44000
83
-0.4332820251137761 0.13875986519837047
4.121247527502195
-0.14117674070706468 -0.03388906091326073
5.682536524506787
-0.9676270357376691 0.5760728323436259
5.124934643644037
0.8580197172953079 -0.4020682118743026
2.2458760267170748
-0.9213036128216336 -0.089960667713256
0.036736389597398666
-0.6780411633606352 0.23849983965552682
2.400740339274715
0.2802949927566888 -0.19433511543241105
0.8343085982186609
-0.5307110763405314 -0.03886163958675975
2.8517918320225286
0.9558935530560122 -0.8164304113692956
0.9876654568971208
-0.7410850425318355 0.4462543772887159
6.271542488868346
0.8294222954358907 0.3051038289499863
5.981881042927919
---
45000
84
-0.0025481856827186573 -0.9900904277343064
2.3135582691006937
0.10746860351733806 0.8768406809839686
1.4468014346662939
0.49615822532324594 0.12492383749501706
1.3449963597825372
0.6625901296888049 0.11654828791903442
0.10938667946825031
0.7561447329335533 0.8067149327541008
6.033047021026621
-0.5777719121011072 0.47233388253037245
5.621720982175955
0.42295510993341817 -0.7363030339464367
5.449294260635156
-0.6703321035615031 0.35038904888324973
1.9625818778804174
-0.9211826957687231 0.6466054244320478
0.1492339936306418
-0.20720658014308566 -0.05207453355628544
5.555528485871397
-0.1407344553939406 0.7024143606658944
5.020237051877283
---
46000
76
0.5310332200442514 -0.3178218512789377
3.388718278397834
-0.7558595390640314 0.1683232325209675
6.2118903429746295
0.4521368372566703 0.7205397303303126
4.6295237886661385
0.4481365189034846 -0.06211734820320969
5.923868878346815
-0.7481869729761903 0.12686209581980798
5.171744365609758
0.19244280280713874 -0.04292722598310887
2.3704843603178354
-0.04500528559843735 -0.692605817007339
5.7963911300776925
0.7578891020328443 0.5544617071023618
0.6582925225745706
-0.9678836487815661 0.29004675000457797
2.0917936476625214
0.38976170895495343 0.08273151782731068
1.8813945971632862
0.05877543824502254 0.04826972448637837
1.796939252930975
---
47000
66
-0.5119043441931048 0.3630098025701152
1.1354595462935013
-0.7518874778814794 0.11769292774093575
1.8869815577421472
-0.4099046522689093 -0.9203120202521782
2.8806750237785046
0.6718070193426493 0.13241034649660333
0.2740035931324515
0.37968119432173075 -0.7264663705577626
5.227340979321919
0.8627894217832752 -0.353022742038825
1.9900256202284536
-0.020130225001455056 0.7659435673806928
2.4127068547876496
-0.4166186623360206 -0.155779224343787
1.130017698397514
0.049786412094712136 -0.8731950392946505
4.379459106428358
0.045501251621883274 0.84655372498164
3.1716547484293116
0.8287048938831769 0.982665507498589
0.0994501453750507
---
48000
78
0.03894379821954762 0.8438552629269477
1.75055832010518
-0.48348263394668234 -0.9395775750922575
4.965586107495104
-0.2541600035168661 -0.45601321926382804
5.19724049501132
-0.7124304471662258 0.9994560976185014
4.902112367906898
-0.3549179985773832 -0.8729303598092086
3.4720574750347475
-0.3372783311555844 -0.7017416005783143
5.64617401454493
-0.3841285869050927 0.685799724862886
1.6986903457333842
0.5624267071144021 0.8027334460365924
4.346176216156692
0.7811970874468502 -0.8774948213272762
5.54654707328697
0.1484147526844134 -0.08402372986026187
3.208034917491588
-0.6205105559565136 -0.4705364093286355
1.245966602519438
---
49000
82
-0.3333788344477436 0.9954531103621349
3.5729283205726636
0.22302417225236124 0.736060387277516
4.6440439878163
0.5312726319569221 0.24844024241712986
4.81759891817335
0.3861471240561518 0.6327294900006566
0.9571571789639401
-0.05786259863183267 -0.41367434939457964
1.6428520510401379
0.29549205223756936 -0.6824568668015014
1.6945110101544643
-0.5738963736652138 -0.9697393227919726
3.3672211726962598
-0.010957368212978227 -0.5992619912295176
0.7352298379259041
0.4682671071987429 0.4639889370107443
4.999107619377222
-0.9478107210401485 -0.5787355242904128
5.414660927520621
-0.3837162781423299 -0.693810691971028
6.064316988413733
---
50000
82
0.6526774963053856 0.0236010908166999
0.9501312224680292
0.7502401227909297 -0.017433470489299694
5.5899926290209825
0.4247257827680949 0.7045375083343773
0.20050526697859272
0.5049959420818317 0.7946118621228222
1.19924712945173
0.45236637751129416 -0.5324102850384478
3.3410422400614515
0.6611926277810266 0.7768064294231108
2.7987650677043465
-0.40707057708199756 0.521160662269059
1.596594122504821
-0.0358276771764959 0.7663186604148696
5.189651356815081
0.6405258040049064 -0.42997936419381344
4.308115401676992
-0.38579269845387887 0.6616003621006
0.525783681926904
0.8462342881653624 0.08017903127112201
4.70977051465118
---
51000
79
0.22408842372693907 0.31372122178129325
5.721709744915292
0.02341741422852443 0.4692316742110191
4.509106329890846
0.9458275547646732 -0.6626552749810594
1.8114948630080532
0.6555500439283045 -0.49014936767390654
5.090505779053222
-0.6936838947429335 -0.6751989370305923
3.543627197341271
-0.08560042746764404 0.13229345986194144
0.06644243016588547
0.008142875209213186 -0.5914894691911113
0.7805335262408866
-0.19604833578200423 -0.37409756856324355
0.22350567067630056
-0.7080436460687757 0.5312034064000719
5.148352367481423
0.7554367808536399 -0.3632894076884827
0.14954717597916378
-0.40306388698257684 -0.1418345704601076
1.13208508940719
---
52000
80
0.20853529565905876 -0.8693046005116234
0.7294617814469604
0.23789352760474963 -0.8408552667683827
1.2272637441036531
-0.6307358788900084 -0.298137856596449
5.650789081375553
0.6603844668747139 -0.01241950931550603
0.7248020748649271
-0.4412771626084236 -0.39009507064948623
5.799216080975389
0.8208819226427877 -0.3439924818688908
2.3695830775143536
0.6112803235395792 0.025941883431018293
1.2610084914842448
-0.08997289867493774 0.05913859830168942
3.2387488697661384
0.2596851393107693 0.435975113523894
0.8806008265502117
-0.9262137840157258 0.8381447715215526
1.9326786459969707
0.665368463109603 -0.6499392629976598
3.0798784601388247
---
53000
71
0.5545200644440368 0.004155425328839099
0.3689592433664171
0.6676212979078522 0.11444896686532335
4.93534654960481
-0.5818578874658737 -0.15877193455695238
0.6635331586601465
-0.6655942204146872 -0.27222282457278596
0.7870914023028468
0.4626207992169285 -0.5595539200372215
0.2088939004563075
-0.030753151886174723 -0.4484566406447751
6.163236208462704
-0.9481194743760628 0.3561539101803675
0.9787735139360656
-0.49943156419672097 -0.5243779570048407
5.017718250495822
-0.9831187007403155 -0.33462949649359597
6.117542235137793
-0.4260345889474578 0.20899512385847555
1.2233719840422133
0.6153549645309897 0.4632349952750552
4.098979918565789
---
54000
82
-0.12284354917028933 0.29692367913040574
0.48638805875792995
0.487829215358324 0.6107174997635431
3.793520273206325
0.7215675050835283 -0.5421737179196444
5.62681229992247
0.14382560233514158 -0.8782124224932446
1.0118897580652355
0.34320152938562876 -0.05231442229445972
2.680131503567428
-0.5898987154627428 0.010405695783200882
2.667464218355083
-0.6913576106353188 0.16024259943944064
6.112236750545497
-0.7675047691290113 -0.1364551347491835
4.70299475408577
0.3042241267875604 -0.2815300658497254
5.184225032709985
0.7525857613062474 0.7970619211437087
1.9815932384675072
0.5690120027527048 0.17302162815859456
1.513543257234086
---
55000
81
-0.9452666649305052 0.12471261952702845
5.636422075683536
0.6961379910976444 0.05781727870028852
1.4780268154366967
0.04241897549754631 -0.39835773529786095
3.230483469921557
-0.7919827744051396 0.45491647812571473
6.229118928967348
0.2500213155771498 -0.3024856892036425
4.050994019766035
0.013288204990950417 0.17558008788402948
4.466656456581499
-0.48444166517323045 -0.4823839168649524
1.5416990727480009
-0.38163563876773116 0.07318500223890666
4.739801803580929
-0.8716995505952292 -0.5955111759583238
3.957832820793622
-0.7516314963374469 -0.900901183127719
2.0984936275705115
0.766993565827825 0.14716523182362817
2.0270397291290454
---
56000
90
0.3219895009525488 0.8321825543526378
2.374178475145026
0.4010487703552326 0.7001709152355976
0.5294702860715379
-0.09757951861682934 0.9383045825780892
4.008681733594273
0.5693920281034845 -0.25762787721110325
5.143591051043374
-0.8573148643616382 0.16387290748067238
3.718988526327795
-0.29605452166976004 0.8598395848292051
1.668147198807553
0.9211068179807359 0.9355686606990792
4.184885214192578
0.23263291792537955 0.8883399831182561
-0.1526473128971278
-0.31883209740608465 0.0456058290195652
4.427151536271912
0.6947025458183881 0.8299223347843488
3.168262451072353
-0.3355483588916862 -0.5199818133125523
4.436017484595508
---
57000
89
-0.6403029816162649 0.31394081478495073
0.9792044370002105
0.32677925184064216 0.563755181282023
4.212512053811327
-0.06860969224188528 0.7688565592601939
4.2588047397778475
0.12581985514421676 0.03298744247082799
6.266411742298886
0.453066090827385 -0.014025233090536993
4.691285178585963
-0.5775122298367029 -0.23242892014547117
0.6099959146702512
-0.15459699665820248 -0.28654536940775144
1.2613507875275713
0.24487014935489837 0.6687339621134315
2.21489857444696
0.6746522267298415 -0.175445746042197
4.594196916734607
-0.17775313295429526 -0.10045049213511688
3.2783298243711956
-0.5465946441695382 -0.8983104818754841
2.698623554957848
---
58000
84
-0.1373054424619981 0.28980141704174067
0.6512454387794694
0.027048797257864916 0.32664393103755235
2.5338655558966874
-0.1906598157286002 0.15359282750644523
2.0966588026318824
-0.3863765056345334 0.10372282706766393
2.434274925144652
-0.9574303516740235 -0.6900108820721119
6.226841106262709
0.7157085656757591 0.3442940046303473
2.8334913359833056
0.17464537284550152 -0.7416355527072289
4.0055345097248525
0.5919786997632547 -0.40085413320294516
1.0219443855030095
-0.1378835040205054 0.6145192771841688
3.22238877856765
-0.2013496277288499 0.38606071608684583
4.916604740626279
-0.40342300600030084 0.12470127992384777
1.2081635777610193
---
59000
81
-0.5410879641407906 -0.25208788649429875
1.6415012275229448
-0.6322584899733867 -0.30186422158147924
0.23809299569176368
-0.002461852655639179 -0.46019276010339255
0.528076520911557
-0.04350971985719084 -0.5603307025620492
4.341836966155478
-0.3099443037947896 0.12323533961879964
4.702151038227248
0.5485337006452998 -0.3417521060797212
4.090587398110544
-0.7229385806304084 -0.28330593593086856
3.2256301975909922
-0.8465584388056391 -0.5567940722899888
2.3434996570746103
-0.5445608412043205 0.8466044633136336
3.324374100098069
-0.008481338061394134 0.8710319675605636
3.511505628427801
-0.7637320534483053 -0.6444442032168888
3.2773462730191554
---
60000
86
0.13992612359455806 0.10268235131893139
5.04271305432316
0.08142095539126212 0.11771183571433488
5.585813748517759
0.6948775336301767 0.5173571846790159
6.031931203329117
0.3950281254502198 0.8389324099815925
2.6301316626989912
0.47237879097180224 0.2549169336282624
3.476121589754131
0.6562405309886236 -0.7436498039099646
4.434884057188157
-0.06652629092509785 -0.7352193346914434
4.085929833353347
-0.5201806847254452 -0.4251745413309454
5.493833585723813
0.7604533296119496 -0.6112963562031832
4.174726411305234
0.2744022418616364 0.9788232647580825
1.9149852440155195
0.7987690840942898 0.647060024897159
5.976087360049284
---
61000
83
0.4109076154240566 -0.001407058128501424
0.5467438111826993
0.47415690471219285 -0.15958830247373973
6.191219266892961
-0.13854616918257512 -0.4738167270053946
3.952383643678046
-0.6207521823022647 0.9975359395339836
4.307071226547878
0.6219446108441286 -0.508345349141395
3.851246131618157
-0.6702726102551474 0.4420846000469355
5.237087045675601
0.9262577268155472 -0.7496346478694473
5.629759829287195
0.12089095847570362 -0.9705897486773414
1.1269617968581036
-0.8615092168973212 -0.4814601679076488
3.9070638721981075
0.36952224919731425 0.8181553592062699
0.2293696555312481
-0.9064983070669281 0.048567542115536884
5.796381629051442
---
62000
88
-0.7793690848279726 -0.998374307264172
1.8849738943416736
-0.5114574725900635 0.7420450441459985
2.2176580007288536
-0.5291490018173007 -0.45084805458674804
5.765262633710732
0.5635431179721774 -0.7781579556862304
2.2953487810775783
0.0821707678625094 -0.5681936703550691
1.0967619571381384
-0.6565340940315552 -0.53192442544039
0.9569719256584346
-0.05896042702721594 0.7894463535669605
4.864150402192134
-0.32694901557991213 -0.2610208781112409
1.0578740265135815
-0.44431066474309894 -0.9981800319296246
2.3155107061056546
0.17837230192826292 -0.5259983238529693
3.891817104515595
0.3720085767543673 -0.6762703652027905
4.5777707071345715
---
63000
84
-0.9243891370554843 -0.847060272396416
5.564970109472179
-0.9439051455464676 0.958893927181069
2.722361829321456
0.587569508914124 -0.723942442190485
1.6977943353605491
-0.7112205187934181 0.5305879355154446
4.782018678497538
0.39133870004848503 0.9019580598245652
4.497555710788361
0.7499763744939251 0.9407955860148872
4.6135995625258595
0.5372419103532996 -0.3260242235671426
5.3742958553459985
-0.8491243751744043 -0.5383663538738706
1.8134998778075415
0.10855203403100971 0.6450907331392849
6.281089125097434
-0.80212911308879 0.6822377296063289
5.868967074640436
0.1926716732555355 -0.5988216331604688
5.966510047097287
---
64000
87
-0.13103772574927575 -0.32111917958272673
3.242283717917754
-0.3013230664873925 -0.5717071193731931
5.657362609395024
-0.49255396713633154 -0.6061414378728155
4.457507121212452
-0.3170271065367037 -0.26631686221100936
4.284952997991858
0.3990891947294288 0.37431208330307286
5.19492004319755
-0.33727041489539006 -0.8024853064033599
2.6661596245922183
-0.18878492467176392 -0.2684315064826988
4.551193073534554
-0.4340343640449406 -0.02844349195385879
0.9812314373729887
-0.17488395300202375 -0.06784050117904034
1.6643903502793185
-0.08583417516579978 0.076527270477729
1.8401077780046622
0.607525548971389 0.6234722637129879
0.5289028715796533
---
65000
91
-0.055998069581330204 0.20571584206463805
1.0054836949842192
0.3817499767442 0.49776018188735277
4.302297450067864
0.432111188381318 0.8169610804582946
3.1528387035987073
0.15765633148034947 -0.6423385847814778
2.676466630203895
0.9966371140071404 -0.33446024744092856
2.299755130726738
-0.9901856267449032 -0.7922882376185287
4.761678952680241
0.9247722331785648 -0.26437403845115265
0.4957762330713251
0.8572985195637952 -0.16721543575979733
0.9254539056785038
0.6680435864985259 0.3275213646811325
5.560888644038114
0.7949225179431393 0.5044629464383297
3.17926742675306
-0.10773763209605076 -0.23675989359157154
3.564921294385768
---
66000
82
-0.7366691406784295 -0.09187519277589833
4.463383083404255
-0.6550014408405372 -0.6184906521495678
3.663856705643874
-0.9332910472722172 0.8046772612306039
5.485344027258719
0.6106191374043185 -0.6579809562897597
0.3009345552940603
0.20970656986354783 -0.9421760846866801
0.3578971893074314
-0.27041133266884465 -0.13862025383225118
2.422726690344497
-0.17620159016007264 -0.7328675360062267
4.845403363699036
0.05570991949064277 0.4393555164454511
2.805520149971578
-0.59476548199931 -0.056996081128121476
0.14278057227914154
0.2961783815392601 -0.4608409140663577
0.11059347725230495
0.0971000193227045 -0.4006299342084104
1.4241311172019708
---
67000
96
-0.8653644684017111 -0.8646172556771657
4.046801632487951
0.9712975214757777 -0.9248037017311443
1.5447669330850768
-0.0884732020910619 -0.9961915965189729
2.273390352410429
0.3875135781446276 -0.6019204074636724
5.960184336189469
-0.8040564684668207 -0.35126068797869414
3.803119080170445
-0.5253212507767612 0.4120608366411713
2.673341394363086
0.6591896400004178 0.1675900778203093
3.584670574446288
0.7430142894705937 -0.4320306860051888
1.5562070227605878
0.5482929537619999 0.9023687863729287
5.473592197833811
0.7068376713059789 0.8231882107104401
1.6979500137179793
-0.9483838456987543 -0.7338243508787077
6.110077118042471
---
68000
86
0.5385761197194882 0.8789955519011967
1.7211299529188218
0.52241137350111 0.9130253407224398
4.85315856025594
0.024494207153608918 0.3860355557400851
4.600471558474698
0.29718607740849906 -0.7193133894953546
0.0705538550577911
0.1908622609114222 -0.489381243241399
2.6722459273243944
0.8763485437874664 0.4217017355417332
2.411242592655964
0.8557985632353651 -0.7491419373245185
0.18310160209239257
0.4020203222232937 -0.02350985498296431
5.573208198079833
-0.4349801409883677 -0.4814605117720137
4.5445329847574945
-0.4839254551614779 0.5569034178217286
5.528364663492779
0.6841492176073448 -0.5355580104019798
1.5305678487130248
---
69000
79
0.0003527166930907405 0.49362245305701635
4.077697295055289
0.22056426846708316 0.7175923089122676
0.9782179738094694
-0.8125637023036982 -0.7842552854917192
3.6566815132614687
-0.7639796131494412 0.24293662134895222
5.130139386037971
0.27673967226496776 -0.8734514023029172
1.948324166155329
-0.18513809891747685 0.8377741005596182
5.3795273644095225
0.639092433694176 0.6881099952327748
4.352334383243554
-0.8598674759798176 -0.005662827052708021
4.161812402768003
0.010096837089279442 -0.412246411462723
4.217506479102278
-0.053687400451109875 -0.6604242424073155
1.0233911095527768
0.33741897905242124 0.9615064122821997
4.852071509182317
---
70000
86
-0.664830927522841 -0.8694059766027111
2.5561470400530086
-0.7711179684528303 -0.9032635795081686
2.0781382721187507
-0.6479713218896899 -0.36569589324238544
1.636105693676253
-0.06724021962750223 0.665014090661837
1.5827990786890753
0.2947279206110387 -0.4327893990675855
1.8915589752811028
0.3192535661803876 -0.054250188682432934
5.9641588763138
0.9800113317288188 0.4606756590795125
3.8275948800421933
-0.8629648547756839 0.7985111994987518
5.811169530182746
0.8220153127366158 0.8243755537491105
0.9690145377416917
-0.1459865555418959 -0.18350178713464335
3.0239357260714765
0.31143603304391804 0.2448305689055771
3.077505257106555
---
71000
82
0.5704962167191127 0.6501225544139466
2.302775147875364
0.6941325252353792 0.49391775701236507
5.359394704662362
0.38734832202642966 0.35540228825331593
1.9320882595745141
-0.07734196971138807 -0.36984208323635226
4.753006191426126
0.9356119199018602 -0.9967746759719331
0.7368543957926414
0.858203221769952 -0.3006084357234693
4.509273608713951
-0.12179772317842237 0.5516702490058637
5.751404472315021
-0.8740509980524024 -0.00982147476415181
3.5482979566628456
0.15056703569704252 -0.14282787099597868
6.078806967593519
0.41535675594784516 0.5122792878396304
1.766278763260022
-0.6949026955854973 -0.8653747528464196
0.9372361318885591
---
72000
89
-0.08614890851642328 -0.7921171501808916
5.340629273351446
-0.04017379772441579 -0.9318835981461208
0.5301457375966567
0.5864459019416511 0.4917508618658726
4.618099409023211
0.38992093138645345 -0.7314101360758487
5.081635091123293
0.8415920676125468 0.48399371008912884
1.706688098116369
-0.35606061551312235 0.47553251341146524
4.078170952544737
-0.7925671274008492 -0.28005717069014197
3.674205165792368
-0.3182867001966338 0.1446498937118787
0.19314430701235352
-0.3805354087809356 0.261014229410534
3.215405468489796
-0.4279292420471521 0.3406891997926001
0.9668188713592007
0.0397166336778613 0.18559500737943357
4.263005298555529
---
73000
81
0.32111655163144215 0.9491283599632813
6.095836964842876
0.19953998831819864 -0.9005701160200902
0.7249762513122819
0.23131180753349997 0.5622997313444644
3.4767902671709727
0.03873952314041691 0.5609381192822035
3.9229557131603814
-0.4180222529520246 0.08232129914878049
0.9882434975905943
0.712389368312319 0.5926067483437362
0.29499421136623916
0.0759311005578951 -0.1338742220356238
3.501702492117409
0.29486696833191706 -0.9826350090961629
1.457886927716408
0.35810943817792296 0.6143651884047191
3.3560538636371238
0.9525076288703689 -0.2877720419665976
5.374000356793169
-0.7253036970048473 0.2560431267825048
2.9632515961122676
---
74000
82
-0.4997079841089851 -0.5253160831738094
3.7404466171191983
-0.42041064425525937 -0.5490676996446133
1.0418243395710292
-0.48877135946360895 0.08676659749806717
1.2015462899305245
-0.20167143022693923 0.8810699094279159
3.0182822487726764
0.7529928553947068 0.7361265762980477
1.3871245788009734
-0.16883831807711647 -0.7743054798882111
5.6178871213615755
0.049159465006734133 -0.18981224102488284
0.708250302351793
0.937695785858154 0.8436779262726968
5.570907300906027
0.1711588655195099 0.10180324376912724
5.934299323370103
0.6046090190928293 0.06223681319729055
2.9144422330111066
-0.8880269519257451 0.3581125681270435
2.402124872931574
---
75000
84
0.2366890908960718 -0.3863937602362237
4.376676473171932
0.18963695076535286 -0.3157112315240751
1.7133173063310174
-0.03725465075793595 0.42399532279863245
4.09219529278524
0.6435915981447815 -0.4104102686132678
0.8475956262063287
-0.6947118913448962 -0.8812259544083194
0.33049095009922613
-0.38665772690602224 0.3535234477288769
5.077926967471271
-0.17710835108570122 0.02653582295924358
1.1414837255236394
-0.15442803652381265 -0.7011955791236784
1.3013961481557565
0.5214854744668719 -0.9278438908648358
1.4824955683441505
0.8468373622951648 -0.1572416288961099
0.8704193017074067
-0.46799678609548434 -0.7589967497587882
5.945295145168032
---
76000
84
-0.3474164513701664 0.855984473691976
1.431467243738888
-0.3839094962418633 0.7828107829032531
1.1191165743002909
0.1757239866503446 0.42608904141381354
3.6536939335938206
0.631346780496779 -0.14546089313962124
3.100428081534533
-0.01596342420834338 -0.8783766922073658
2.9027819564200295
-0.8357094594891645 0.12877549561038965
0.24383168746321804
0.8910996924444955 -0.05309433553474001
5.882487966511944
0.05928750636272752 0.17049227245357462
3.7349395022742113
0.6354095454685211 -0.4207667482321149
0.6570509710911017
0.051574142827753466 0.9868925976612748
3.7943638509978186
0.5595187485908822 0.933975668832665
0.8311006561904901
---
77000
81
0.30675768528137914 0.38949427021344807
2.148915554241494
0.1910429105612444 0.5408046120963365
3.8830919760269884
-0.5812838396212392 0.20415829474744274
1.516369431361654
0.09065483236936059 0.5173706894245719
3.1241983815294256
0.4487619860573305 0.10405671749731563
5.55751753627705
0.3287308822810356 0.054987256175530685
5.1368980013897465
0.8980335134874893 -0.5455109566486084
4.627495044885985
0.2238687478245197 -0.7417091782593885
2.850361088157972
-0.9992252638423679 -0.7533906805393991
4.626034600267684
0.7990284049269409 0.335319576732064
1.4145742168897302
0.8968758701158845 0.19285676615007574
1.9337463260050098
---
78000
90
0.9414103868226339 0.2508270664617174
4.108315949668643
-0.8788032173227998 0.6637086018450663
6.0124131985212745
-0.6758770127602177 0.9654388543303657
5.680069101956649
-0.9728375355765944 -0.9003188507174582
6.238312771624595
-0.376471674089988 0.5435757098183849
0.667180139820533
-0.9048793988898185 0.6642245626277837
0.030346442039585142
0.7982737669018185 -0.6027432551439943
4.9380203951694
0.42834173628052774 -0.6665026073675595
0.49586686427502524
-0.6719648139753598 -0.8985358193920298
2.5258986372186083
-0.2047971219223693 0.39585901575944177
3.193463121725088
-0.3235310364761409 0.03558799865385394
4.646024416885232
---
79000
91
-0.9621429229641928 -0.18999908914999053
5.6157150130635864
0.89581290698698 -0.35311927424786593
2.5033127338116063
-0.6834139296954367 -0.3776997028012067
3.0926536998592615
-0.9481125701146299 -0.13562906824291343
6.27852567178539
-0.1898070195806393 0.6270998300677311
1.3198192201830832
0.03912603519867647 0.7766118685080392
3.5672140584148653
0.45828837895662283 -0.31655250146587416
4.690693316129276
-0.15744817120288618 0.28999846008937086
2.714521691792725
0.5785393512003056 -0.12154959912673882
4.469619392625139
-0.7679649684555455 0.5391880422903488
0.9934325172899072
-0.18620423004378867 0.9659944791050014
1.5638459035393928
---
80000
82
0.26674182757398035 -0.25091430523534575
4.903400023247347
0.2247775611172574 -0.06635048283156919
5.608116571016353
0.11586632461926169 -0.17436779208213737
0.1975681148061481
0.332505629621989 -0.06611109592912617
3.990160494251069
-0.6886070836752668 0.13779476587973258
5.548098158929871
-0.14555482195487138 0.5699204468200058
5.3988489571204274
0.9813236150607798 -0.3617520258230374
1.34031678565767
0.27552528098798373 -0.2519621104645502
6.083187896813736
-0.6033455795406173 0.004694663705365469
1.2708517784977413
-0.8175856295167014 -0.18624595732422383
5.484042223313112
0.17097923137018411 0.6645181391977663
3.337801747572416
---
81000
92
-0.7390670179422665 -0.8388664972168135
6.275383347530868
-0.9801128533180613 -0.5308594077422157
1.0290078891240615
0.04020190164399046 0.9028092322393688
0.27735540039603546
-0.6311863968628755 0.5181975165158944
0.10411759291511391
-0.2650961219354532 0.06434382899119248
1.4806702168320687
-0.37118935941746994 -0.5924135219611274
1.2319770085157131
-0.7506666481380325 0.3411997265607941
3.1891826679834896
-0.18700798820976888 -0.9216902421882045
1.9560194795082522
-0.07841909894382114 0.19175567960945747
5.115752064666823
-0.4648762476369269 0.249137327694008
1.123067901178918
-0.33126201783632836 0.4003682323393387
0.3124247305588588
---
82000
85
0.41770769264960345 -0.6477270295591475
2.3395444005620734
0.3406589537774395 -0.6399733242492632
1.421404233253618
-0.6931656928984266 -0.5425381686680839
0.8755242362511471
0.4794582075139154 -0.7876784946339421
1.8497183023647468
-0.22025792848140852 -0.9923220396688599
0.877394901108552
-0.060509534789543906 0.5245433353450315
1.0269974608749637
0.2920054640002032 -0.9469998725639243
4.261736471526955
0.12454154962897535 -0.9027243531735839
4.809945967547111
0.9033302980916365 0.9343582793348768
2.7752498189762846
0.13227290008958878 0.8114569413536089
0.41042558726230016
-0.9530117463431567 -0.24403379178798573
0.7655017989171098
---
83000
78
0.3556025196391448 0.8667695078938263
2.9680515543997745
0.3161780701407504 0.9484135915305271
2.3017205477782943
0.6371615815599387 0.5453223438438792
3.7971538538493954
-0.36328304314456905 -0.6825819175327723
5.844356569341126
-0.09040999654515539 0.6772966506525693
5.097170183202316
0.5566617735005566 0.10674813445941193
6.218889574999788
0.34364953983145935 -0.5756431539938557
5.877462643629356
0.522021485853564 -0.7948692639962202
4.7650302981532695
0.7098748198217812 0.9209249930844454
5.91042007049524
0.6543578606063836 0.9167778253822927
0.029330413008515244
0.4752174806867288 -0.47901349474965205
3.700407915090959
---
84000
86
-0.03999192770963096 0.8889236249141257
3.484679740935539
-0.06503060338352568 0.870520150739634
5.915939742211201
-0.725401417952741 0.008258145983312867
5.955441553989945
0.13065236721779477 0.4186917101235904
0.5587639596368374
-0.3768534506322339 0.1907121417884299
1.3468583107322356
0.12076556118393636 0.6074487442098586
5.234231008456709
0.43958990261100434 0.22169073567509934
0.8453470700058725
-0.6438316282460108 0.798661427732296
0.7283444388882847
-0.46448326398771866 -0.5001854616916381
5.156012280698334
0.9389709169519749 0.7356122454930842
3.578619128960823
0.9624308644291567 0.08961313344392782
4.749490107416845
---
85000
82
-0.20682618957469118 0.6811581428231018
5.157761932036673
-0.20954616238078186 0.642580006807348
3.416963134673975
0.05317538869046941 -0.9168582393126126
0.9351638687089894
0.5583182029927751 0.7407409234476746
0.8489570910625175
-0.179046512142246 -0.48545104641272774
2.4453813927387795
-0.6540358254452383 -0.5026261116008994
6.065130421255954
0.3640846439709871 -0.2986779677899959
5.410726843565283
0.7560047414051714 -0.3771268891350964
3.5942842336846255
0.28457169682464845 -0.4042020795676984
4.527811133517791
0.09535690318319104 -0.5531014506359737
2.1620870932904364
0.37004179316968266 -0.5008350781694224
3.3802560701587065
---
86000
86
0.2995681451174005 -0.8574760142283719
0.46243670643775886
0.2901147538753376 -0.7971675319272442
2.4894147443271955
0.4739205926786228 0.18476029430346244
1.267057907152961
0.6405459983755051 0.7475229971538662
0.09546898831750639
-0.2505188912873927 -0.2209188637475807
0.1998877946044102
-0.2847253314036606 0.20233791758302816
4.37688095556287
0.18323141835426718 -0.15161071472732218
0.6836041244276448
0.09921441122438412 -0.0022129945814020613
1.2562529627977206
-0.9176904609612123 0.05458727601801199
1.3428317594821095
0.6399075985507957 -0.4178959848134136
4.778854232937818
-0.020351962463062166 0.07273865984354062
0.4896059992702444
---
87000
90
-0.8820651338647023 -0.7124274809950241
0.7425467666270859
-0.8100031648927586 -0.7071455566765223
1.7393859550568385
-0.3970470667609054 0.4162417805246963
6.064158628954543
0.6247734150008194 -0.05598931048580444
5.018325631112121
0.4623203706134905 0.4670958601252937
2.842051895869611
0.8303832025453578 -0.6636519495568264
6.087999753705986
0.9735879457829186 0.2548670856702211
0.053204331998220944
0.9628022721351615 -0.5476793544311147
5.596170148277048
-0.6505345369474687 -0.14396285187163016
2.1671872502188525
-0.844099154733433 0.6143133306266418
2.5384053786479157
0.15402387192285444 0.1571444634728524
4.111323440688205
---
88000
72
0.44177574225998273 -0.4298700196068036
3.1460996989442065
0.5382376732724604 -0.26407773767189274
3.1621732914869964
0.9881439762322269 -0.2935055282910158
5.373511569555452
0.3273911064833981 -0.14810865734116158
0.5137483858298264
-0.3683983958736605 0.876691432423733
3.6819204653705357
-0.008980765721406277 0.38810562926556386
3.283547548225714
-0.03210257300753243 0.31579580067623036
2.3929470885561583
-0.0828317972664622 0.7601712706371587
2.9847215023279006
-0.05878712455352371 -0.5367774929775236
3.2197956966499293
0.10730976144802722 0.970999344813856
2.979457676274712
-0.7460227413163824 -0.1060306491437247
5.902591387043763
---
89000
78
0.5249803014581544 0.7529397856908429
5.299909576386649
0.4775978595926058 -0.8085616856495502
2.8352219765952356
0.1996135533069738 0.055172978276065
0.07779087678558838
0.36022372389109825 0.8719525220282951
2.5901836649831624
-0.19527448699758504 -0.22707304090635744
3.3775351429270417
0.5148435071263276 0.2449732427029268
2.794178632730726
-0.024337521941547532 0.712532082029572
1.9900738550189532
0.8679041609776468 0.02821121320281517
5.924789155083768
-0.6637901931944973 -0.3109055144775111
4.851848452381257
0.8463779365856269 -0.6794724239886449
5.095881184980574
-0.2663519803423423 -0.3048190824382865
5.031782871758691
---
90000
85
-0.6158659836818694 0.3491740039271479
6.218685982055911
-0.575312439558188 0.48459664856590956
2.7119228916231988
0.552699274363456 -0.07702095378386956
0.04592201946407215
-0.7172233806953311 0.4861321751272635
4.059622018965233
-0.786537422919362 0.02186726682574549
5.8573952907189115
0.7854921377437177 -0.6520169578281575
0.296197980068742
0.9325935842355046 0.6729240885748304
0.18435912240416918
-0.013187081064567868 0.460768442299898
6.231254339320481
-0.6910716874474864 0.7423929968105071
1.929592891148733
-0.4271936722299447 -0.6052987675640649
2.8266685212161713
-0.46925348255427735 0.2784011409247953
0.02908006831951404
---
91000
90
0.693294480428904 0.49623301228358524
1.1721556705179883
0.8503524950075525 0.47498842136289215
5.953198142385089
0.8107590214071956 0.5185587255036714
4.7642880997684385
0.5685436183343021 -0.11891188642714953
2.7201226251793633
-0.11680837030693975 0.1919921319435215
1.1811682920285589
-0.6785641387427976 0.7356997899168194
5.909588289229328
-0.7270746774939342 0.16298203422443705
4.205338400778858
0.22935170017495649 -0.7950821713208597
2.553646098557432
0.27427998875394677 -0.8277413883574157
4.402632375932604
-0.06168855703591182 -0.41610211733889974
0.3576679233471438
-0.5775149054343861 0.468219705444759
1.210806780347748
---
92000
86
0.8868834821400537 0.9287070607535355
1.6512314646500528
0.7707863856880838 0.9089448314961309
3.367774085585147
0.044766800988247334 -0.3850398909134536
5.964488289053473
0.4106878309782004 -0.3677718665997775
6.177352058851748
0.35289587589741994 -0.1498199044757162
4.833687395945978
0.5098119186863683 0.09909547489095481
3.5367184043779556
0.48557762274703853 -0.29143178461229513
5.7748365819874845
0.47362250528612665 0.6342333994192827
0.285361977630858
-0.8626086255104769 0.4114371765908464
0.0076477384342181765
0.5427774861601748 0.9237771840153753
2.0095016133081156
-0.11837584079496742 0.20701861534470067
0.5943022783178575
---
93000
79
-0.13424229547002364 -0.5150822010320093
0.0035523977984794897
-0.151795648791138 -0.6087742715144102
3.89511683010229
-0.9519406323920002 0.2608762310270233
1.7251146698363504
0.2258583638221148 -0.485536031929823
2.257452517787466
-0.059272380187005355 0.7327320397997338
4.143167127568598
-0.35890107571534124 0.9775589163357425
0.6081785355652274
0.7715571055724414 -0.7636504284322005
1.319448810639921
-0.8962362368815944 0.31839017893737664
1.7528070868294732
-0.4318563941212078 0.045663652981415684
5.622496136924405
0.654983976343867 0.769712465245804
2.864337886531098
-0.6270067563639488 0.9671612580315733
1.6732513406238514
---
94000
83
-0.4361687509785833 0.9841727380315366
0.044216982028262006
-0.7332416162034894 0.28708422447230025
2.3924035966129624
-0.6161205325348496 -0.42999491618671587
4.404105882287201
0.932070177279419 -0.08081614562083178
3.2793947628735083
0.07298695564508302 -0.5461219554087352
3.276651890064116
0.669437699498371 0.2475305509847282
4.266594150807412
0.5569313563136824 -0.11908194088227615
1.4301372822376939
0.8229942848519611 -0.12816959829703362
4.019804114737992
0.8285484605851381 -0.0835849086753795
3.4902210436290426
0.3704211389840358 -0.3401519403584665
2.937424849100757
-0.5300085506779086 -0.6629232598567147
6.047852685615037
---
95000
85
-0.9206422530327496 0.2398174733687167
0.08949175008528955
0.6253560238352205 0.7433124144927409
0.6920470213011178
0.16983679760413298 0.7618050435490551
1.6519276757698904
0.36337848108272286 0.6335702323358732
3.117417576146876
-0.6069703868796122 -0.895799489255383
2.652200448835279
-0.12813229167552406 -0.7880221436378878
3.2247491268446904
0.8970523887334758 -0.764973651814701
4.529318926282903
-0.5532897749183561 0.5192966329799096
4.520049467091359
-0.18099004268148813 0.6839960185239105
1.6933013123809957
0.31821959518402176 -0.025820037939173843
2.9335803178229627
-0.29017082327750676 -0.34062080945362855
5.2001371107913394
---
96000
77
0.8601914058516565 0.8160753382518051
0.08792207048744984
0.692940102036985 -0.902839427080768
1.770341538024475
0.6382294342987118 0.9821482439562932
5.734246705417208
0.6254263671168455 -0.6216643057390663
2.992375812278448
0.8661567046408856 -0.09741236184466674
2.942256802712902
-0.07595958802112016 0.7488596223090906
3.70849691724836
0.1409902067391239 -0.5534524742763338
4.91640162976043
0.28531878229382784 0.043340644718187285
1.8169899348992127
-0.2479994275100108 0.7964983920145802
2.4207875534169467
0.4253473864072721 -0.2756875878586047
1.1902865770620208
0.5023542505744979 0.42015486930338497
2.119383315649361
---
97000
81
0.9641725265754385 -0.4350891870806408
0.17813100685990715
0.9773580229011403 -0.40944698841666866
1.1450232224882342
-0.15612910718461526 0.1466211736553027
3.5169787048812857
-0.2616342478701169 -0.5820492331100943
1.0278349573415513
0.07620764536922112 -0.873905249997098
0.2076069421170823
0.5042160635287929 -0.9105203571181439
4.380271056073864
0.8769135957145927 0.2750769036916008
3.50461346172366
-0.5358285541238536 -0.25460481249207256
0.5632470644888583
-0.6824143240295814 0.7902727798143871
2.4149652225359484
-0.962539062526451 -0.2731928539898356
3.12324425318888
-0.9606686914263228 -0.9401015991264242
1.1853357649641358
---
98000
91
-0.19044943509442003 -0.018188425989442706
2.0001566112628915
-0.13239055340386918 -0.06366908198834553
1.540604731315664
-0.8068794613033785 -0.22284864178584765
4.603100145589362
-0.6418749002527956 -0.07525493635850294
0.024537704499635993
-0.9130516054199268 0.23010179909973888
5.78580778435852
0.34878515857987485 0.981909167166939
2.809344144803405
0.6604218721210865 -0.18964047013452667
5.269156745723339
0.5351677842409894 0.4434494641123385
1.133457279663876
0.037626898248430594 -0.9770875153462726
4.402266490790791
-0.7323114098251206 0.31774788049199276
4.035200052457184
-0.3639725667723254 0.2079075191820767
4.108920208931209
---
99000
84
-0.744591184578402 -0.9768022595040955
2.6250622314925134
-0.6714786259798501 0.9428625303297721
4.77848899715918
-0.27313719584088914 -0.018760806710369407
0.024126568626445355
0.1448917452069015 0.6906874714816724
4.9615558449795305
-0.6140306060606714 0.5515916519331721
2.1675398729586055
0.07232247346885341 0.6813812358908596
1.9355870308525125
0.19446442259529095 -0.2734313876443237
4.26135782393116
-0.3680285807351379 0.8411711596572474
2.6227282501769684
0.08768429028938945 0.4556228538408555
1.6449389592411832
-0.5457739955916652 0.4719194770980404
1.473965287183507
-0.9063566348267045 0.8864216377633433
5.788147353780553
---
