100
{'run_name': '2D_rec_10_total_boids_slower_short_chase', 'annealing': True, 'annealing_start': 0.2, 'annealing_end': 0.002, 'nr_observed_agents': 5, 'nr_of_boids': 9, 'predator_present': True, 'grouped_spawn': False, 'predator_halting': False, 'record_keeping': True, 'record_frequency': 1000, 'boid_speed': 0.0283, 'boid_color': (0.8, 0.8, 0.8, 1), 'boid_turning_speed': 1.5707963267948966, 'predator_speed': 0.0333, 'predator_speed_slow': 0.0333, 'predator_speed_fast': 0.0533, 'predator_lunging': False, 'predator_lunge_speed': 0.013, 'predator_lunge_distance': 0.1, 'predator_turning_speed': 0.7853981633974483, 'predator_color': (0.8, 0.2, 0.2, 1), 'predator_confusion': True, 'predator_confusion_distance': 0.4, 'predator_confusion_threshold': 2, 'predator_chase_time': 10, 'predator_halt_time': 0, 'predator_eating_distance': 0.06666, 'height': 800, 'width': 800, 'graphics': True}
tick
boids eaten
predator position
predator rotation
agent positions (and)
agent rotations (interleaved)
----
0
84
-0.6077294618143964 0.7888784583888497
0.48756005628581844
-0.5869655851181333 0.5684312191830466
5.464097727094092
0.07223026664865627 -0.2681615239894191
4.847928747202447
0.21655412992565612 -0.43823731133185756
4.814913073208335
-0.6067190269043818 -0.25102699455060995
5.327954366210325
0.017920941779371483 -0.0045528829887925525
1.59735489590358
0.8182176034445929 -0.8259937686088287
1.7153492991022585
-0.5073409206386162 -0.014408630195661692
5.919318114166897
0.03657785824700879 -0.7832824759775046
5.429717803677718
0.5791750869067468 0.33888419167382816
1.7838889511379588
0.9508653066617364 0.40510695368722066
4.814745158405945
---
1000
88
0.9229197065837421 0.7225446207459426
1.7517016868649646
0.9487450487292721 0.767480758679986
4.1869726494197765
-0.19143924916661237 0.17608375197482407
4.984867196467194
-0.06613266263249809 0.6171240799886988
3.118546189293599
-0.7205778297384919 0.4715653967199374
0.2928745328626201
-0.5255219116409939 -0.11244201218214281
3.252580123725905
-0.7478234165545566 0.7675996866086336
2.9077709335945965
-0.6419413771800143 0.24224866873044437
4.925910829170796
0.41638402140968056 0.7700694029090671
3.169174659233569
-0.19504944488450773 -0.13020571849819315
3.1386555222788735
0.17855929028234968 -0.8312621455083872
0.7158263833606737
---
2000
86
-0.6634666289102086 0.26108929870630504
0.47821410570660594
-0.6321992294242416 0.17222996076135594
2.895100285550636
0.8943712462654464 0.5680946767803204
0.19053541685149078
0.22126370308722582 0.4011493337351066
1.6223008716386573
-0.736889108152841 -0.09198134174013857
0.9566571448645114
-0.38580462116293246 0.5815156264773981
3.414270806655849
-0.1628342513607317 0.5103080399613334
0.09176897903942649
-0.7442064331697414 0.11159397563779283
1.2607614449198898
0.5856462201948022 0.19192482714969625
3.3910557359463587
0.3843691031743638 0.747343622657785
3.2740900238831836
-0.3141505397032716 -0.9319047985074043
2.6374801857021275
---
3000
88
0.7149351149132517 -0.20960077591588047
2.0448551776364314
0.8374106450985354 -0.25504121967612575
0.9233054034581123
-0.5747385664205332 -0.6448864345764267
0.30392680304263653
-0.4205669024597313 -0.39507969362209583
2.415785023861784
0.9526419121850593 -0.2993578809360604
2.8329287791637885
0.9326262057841717 0.9829496056250864
0.6990898360214448
0.5471789338578316 0.6847299144921458
0.5078487610804832
-0.32372662453508894 0.6475525800643905
0.7164419122670305
-0.8263082644270474 0.9337747853275327
3.762816764144053
-0.3291087459568809 0.43342433031538047
2.8834727254166426
0.11598852842732543 0.2948339792833995
1.8346644852310625
---
4000
76
-0.3790148929993793 -0.40592896008037693
6.214210923828981
-0.3199695328885921 -0.6126419919307754
0.4399673830714663
0.1301058484145764 0.08218330055072584
1.2136460008945553
-0.08822540213707897 0.3995875421342944
0.7101278047012354
-0.44304623321138975 -0.13612161204550774
1.2479703968550417
-0.8791387832222918 -0.3549128942149848
4.093640405721058
-0.12418753238619469 -0.474311843798922
1.7717952853848455
0.3718803228603668 -0.8494319659534314
1.1142998519775826
0.50446060554117 0.8019239694588227
4.293248794394086
0.5187572986346535 0.18878153864453678
4.183937920954892
-0.043311083697517086 -0.3786175508263313
3.2810693147322807
---
5000
86
0.9974814965586034 0.17039736818720055
3.8832110353793023
-0.8570462018404326 0.10262396767904179
6.0302450547671755
-0.5833933166576787 0.623750867283645
4.647840955311436
0.7044451150763356 0.7980251462517866
2.1163053596936887
0.014028298344717048 -0.2100859794240763
5.814252866868932
-0.35502967935689483 0.356002228562992
4.048686432116968
-0.774810832728273 0.8445944717770273
0.6740178718296663
0.4353452380537012 -0.5905054789884071
3.7970107231055055
0.16425896528149136 -0.6567791187733146
4.025933201115077
-0.9415771065832458 -0.3887754386320895
1.5688299449115268
0.08867845481714626 -0.606132588300605
3.6002536414919577
---
6000
88
0.6621386092548721 -0.8169565337010237
0.5962287915146859
0.6065106651947817 -0.90911853776411
3.3435563374937773
0.3249846818915185 0.8626738248386646
1.4512799526380995
-0.8868818973350081 -0.8006505467956132
0.8361642848468298
0.8414639554506045 0.8766306569422355
2.53993271763479
0.6388827450716338 0.46422825167992815
2.168472468659898
0.6505609882711405 -0.5675049901868938
3.330646475282931
0.27123338047366596 -0.12453018693633496
4.603977290621969
-0.9009708002552423 -0.3866601107090487
2.3422846857292114
0.7912665651936129 -0.8308633018323073
5.726581002403881
0.4411573250986314 0.8792833285321398
0.45613838557943165
---
7000
88
-0.6587484813937615 -0.11181552574947168
4.907767322667701
-0.6958691531137096 -0.16080344327739973
0.3797311727499135
0.25338521273846565 -0.6392661571720013
3.1200023658390945
0.34976357998654756 -0.24095816691739674
1.3561678068690197
-0.8433552526441408 -0.5980792439110386
2.099031384086728
0.7407531164661942 -0.49141665122993144
0.06499916104080494
0.6707745272941087 -0.4902451745390185
0.6644805208423152
0.03714621013963172 -0.632250877748959
2.2174945191828623
-0.7243591711811326 -0.9236285434392164
0.31404604455260987
0.9394120119062728 -0.34664578339152513
4.003891296111047
0.6960846121654605 -0.5500011080385611
4.203942032616303
---
8000
83
0.685914848917922 -0.7211814564380802
5.067477513074902
0.3166351045489273 -0.7126068508116283
5.69113055109055
0.3136445900648849 0.632355920756701
0.5943369844799058
-0.9020260761600897 0.8804322620544437
3.189717231684221
-0.9954217122971454 -0.3214680040670419
0.318035745953245
0.3299065791779031 -0.6015960420960369
0.7291251761101707
0.8684268040674212 0.04025009674600509
2.151046499460196
-0.9678231523913992 0.430297670122051
1.6266401860015813
-0.33803386810487485 0.7751727998904503
5.677892604351667
0.14778217188104673 -0.13241777812645
5.822946690130889
-0.3937912595213994 0.8636570485489293
3.1675109908144687
---
9000
79
0.7119621896919507 0.8409755640049102
6.244379275772278
0.4063430239941812 0.8369047578569635
3.307529143867277
-0.5376318231269245 0.6603049810033357
1.777957857757995
-0.5271949043363244 -0.10787894073451387
0.4564182288386389
0.699748239817449 0.326334862931296
5.802317372205061
-0.16990574479755866 -0.6596034766944111
1.9179968367458127
0.37841041219306826 -0.8650908440253412
1.6717570909183177
-0.15776690427921564 -0.8014456824923475
3.541094089642761
0.15445923883649207 0.7347982856823008
1.5100401061104805
0.5482301862580343 -0.7780754530838425
5.529721475012214
0.4268474952625533 0.938074712710664
2.063706740689229
---
10000
83
-0.4360161753087076 0.28363037700413024
1.1393206315565716
-0.46446558951055017 0.25546221222703636
4.882914150595632
0.7045036306831098 0.29229933808201947
2.449135994318196
-0.18895300572412987 0.6290118241728014
1.8537429041542515
-0.7737510554342185 -0.6219011609120495
3.9947453694796984
0.9788134577335557 0.36779279311432495
1.712323048752003
0.11137804957856755 0.5053941636313162
3.1695204850200716
-0.5742824289802042 0.7431871511667433
1.577823638948404
-0.6917292163912107 0.7737232796439376
5.047053356920697
-0.7875366590499182 0.03746676989978072
3.413331027539086
-0.5166569614838656 0.7851662292549237
4.4525834958360555
---
11000
86
-0.49914863058165443 -0.3007550466526842
2.200978265943926
-0.490758115011397 -0.4603581413239905
5.400097927248761
-0.22855909875804828 -0.7112874066922255
2.9165589698110868
0.6870818559287275 0.4483443370601829
0.03655003094562126
-0.5605936276844223 0.16421863571067602
0.5927905259440367
0.49185821896776866 -0.2435220990273226
2.005788584526882
-0.022342127144796907 0.13761520207454656
6.238017586260746
0.07875413912920168 -0.14996471557995952
1.2911722768932927
-0.3536692241338485 -0.5180170921120237
2.9160930292830702
-0.2025543449819506 0.2927328842409651
5.409884058500423
0.8509141430031945 0.43387648340103097
0.9844986909811766
---
12000
91
0.8359282438630392 -0.13028623687135193
4.035592723958494
-0.9958883111127252 -0.49532819445224874
1.9350521185777119
-0.7267095459063648 -0.6137952786642114
6.053479233999317
0.11083566265213121 -0.6740714414032876
0.7399484383264125
-0.8340336270890636 -0.9351425351716305
1.8489261239611352
-0.31452496289786797 -0.7839476846441342
1.7767173177035014
-0.45442855890520495 0.7749258440890452
4.167914863662424
-0.6871756532210321 -0.03344598934654262
3.3147831614993155
0.4098611595135077 0.22708634797562907
3.3499007896120414
-0.06439121139326447 0.18142166455028316
6.186464428816002
-0.6155475437236718 0.8868717905041547
4.835453917930275
---
13000
86
-0.8921439159025433 -0.5309825456329492
3.674434096443356
0.5209816922501616 0.7618372943215851
3.00969403267284
-0.07082744006901018 0.8778445598615213
1.1534280769631442
0.8295720105666936 0.2710757797923752
0.0119916144821266
0.517749873373938 -0.9370514739489741
5.375748326597507
-0.9262823204550877 0.6910942196047607
4.6810348826707235
0.4850746005331093 0.30936350721665157
1.9823008773524977
-0.6477187808604041 -0.41533242825480365
2.4431242071399595
0.8088012990897403 -0.12093919608236059
3.331055494816513
0.4306056736463675 -0.9350952496257636
5.203291387266831
0.020481754209707895 -0.8145889640631732
0.42441212966972053
---
14000
93
-0.8865219191682815 -0.34020829633220717
2.1433596297267656
-0.9466271225709055 -0.34873578597238997
1.3317218609218004
0.6139200717477196 0.9746817037113923
0.4705046697211035
0.5862649210378719 -0.44031181769991273
2.90910601579348
0.5046727552712417 -0.7605904565184141
1.0089938416050908
-0.2268711560896047 0.7006873448372599
3.622191059147835
0.5998922276000854 -0.5733996994747583
5.906977637227735
0.3061317544382665 -0.9544356695648615
0.48762205837426276
-0.7906781845888993 -0.6556897787435818
5.263690701391927
0.5310540752560509 0.6364262167836141
0.4088541560106096
0.4913793317198794 -0.02555201617110453
5.219024614668046
---
15000
84
-0.7996190290965173 -0.2264857140169448
0.4743668883900434
-0.6446211697161481 0.021841751088530054
2.649255801616733
-0.2574857926318225 0.6456816968257889
0.582004991090594
0.6654752078194676 -0.28722579458257974
5.499634466863928
-0.3536125803372334 -0.8970972857573103
4.687714505893027
0.10765088890436424 -0.13147925517492276
6.214634478763918
0.8135160499300277 -0.30226015021462804
1.1383070909048607
0.13643200595366084 -0.04109587002254193
0.11084015985552931
0.7897314199957555 -0.9721902613817788
2.38319053414123
-0.3362459716039751 -0.07266702254564213
3.5083741805173903
0.7359004166440845 0.09021754155881764
4.058205337344527
---
16000
81
-0.5115587498442397 -0.8155059104821274
0.8952134091756895
-0.6500226310861775 -0.9783742611304493
3.8005969172903056
-0.830953373428069 0.2845788650087378
0.2580466524068611
-0.7586889690229048 0.3133431010676219
3.3164776184062825
-0.21104642003502366 -0.9735388533958634
3.725805723461357
-0.3572979270486401 -0.5644237406418435
4.539547871488047
0.7856401556912902 0.9755156206452522
0.296150751725343
-0.3475612232555971 0.31996368887893234
1.7935098481029765
-0.8417252805352571 0.5319466049945564
3.786528087857855
-0.9335386379295992 -0.8865812105128799
2.1971090019701967
0.470827808033246 0.9843613079618
3.2619321773231973
---
17000
80
0.7672067255328753 0.5070622281961322
3.2775857272413345
0.7611501542950452 0.6395664231039183
2.675992954604318
0.9130903108232412 -0.049773516222680635
0.5521978450989016
0.5645565723049618 0.9624251811606164
3.49008090920604
-0.9693115092611144 0.48986256874249
4.0458395808108785
-0.21172951446811672 0.6130809401851101
0.9720523608618352
-0.9442372714048219 -0.10484671968655686
5.112720532571051
0.5437618923231631 -0.7257924010423245
4.276164346438179
-0.007950543319408478 0.26964677825649874
5.091538665213051
0.0955622544191994 0.5317442626382513
4.38173067192449
-0.21559069587204527 0.14566037669448395
5.879596950984453
---
18000
79
0.19196319002934445 0.17207018782924507
3.3999966367249765
0.17848035040833507 0.018038042903988884
5.765753054121545
0.05897860064029494 0.7646223184992254
4.805531757542638
0.5568022952540349 0.6373298081459708
2.328008563630286
-0.1254100716968577 -0.11899378095196371
2.801323669121283
0.2177812283515705 -0.7275319060841358
3.9869474286434983
-0.589880919707532 0.8934858503040713
6.178535874921307
-0.6360385464799562 -0.2863883855042694
5.556392890479144
-0.05036855980010707 0.0562112215155765
3.7041844202700727
-0.4279184389305895 0.4625291773749464
4.791652654633791
0.22030717696580543 0.47906989627905616
2.7184794674723163
---
19000
92
0.41887223288922404 0.41838791111291035
5.401384939627845
0.809655302097178 0.31897192885892556
5.745215136549466
-0.2786154673225817 -0.023763173357225727
2.445608154067224
-0.8622971930490745 -0.7696849524918726
4.837555469519353
-0.9402948773368351 -0.45323243930876833
3.846330325490549
0.5494328829242554 -0.5104302697449574
1.1265600886983433
0.4390809157425286 -0.08046804981118638
1.1091597397704813
-0.39261596010220545 -0.5371881827872365
4.324442267104779
-0.40387378554538117 -0.33876611172794235
3.112753525536073
-0.4058084994305261 -0.47666143998666843
4.894643714036887
0.8673678950651154 -0.6107356551248249
6.235865708952497
---
20000
76
-0.29175380982823457 0.8561157726363126
2.9907349492562743
-0.27280357263022126 0.8491362851240122
1.2697454879924868
-0.2540082104316403 0.7346244327614951
5.017525831354711
-0.5530492140075498 -0.8801232356746679
0.33383880785495634
0.9679227166132087 -0.7877207629185831
0.6083726496437567
0.18458199915491091 -0.1048413034478041
2.1858980393640577
-0.5211360868067085 -0.8430781802941008
3.2218950796329713
-0.42218932784731805 0.20435210549447438
0.2710562257775262
-0.6956939739065933 -0.23515716118599275
5.424042255284777
-0.3473683621055682 -0.28169268569458533
4.5689100798791085
-0.9644321872874942 0.4425651206045772
4.112922233336988
---
21000
77
-0.640553314425139 0.16439035495062607
3.0153376222016894
-0.717540715592897 0.464863419056844
4.904212016802119
0.6391604014217427 0.970203633249802
0.9327148346303389
0.10393697748643071 0.9423814357416702
0.7644562402775135
-0.8758691661414233 0.3977998685664471
3.287364386441328
-0.8865888496502808 0.540217898951339
0.8128909685613612
0.9113069917277226 0.576788880732545
4.86782785704481
-0.6757865941863839 -0.5482031934200953
3.662071910211746
-0.2435653954290005 -0.5310945891176321
2.9606969731899486
0.822035391490628 -0.8788743546718417
2.9168935901373594
0.7178250531001192 0.13776933777549297
2.641546961311912
---
22000
93
-0.6520348712061497 0.7703063227903921
0.6709460324074429
-0.6451489439355607 0.7750221599802456
4.11289169893126
-0.2165047855821782 0.6962728939765026
1.4304445535749144
-0.5502441081231477 0.5794518503478564
3.114329966317026
0.8184890455179171 0.6478077365892974
1.8756375293226881
0.652245525843735 0.37282503355406027
4.341642031375756
0.19126340645624196 0.19716294685987784
5.267748949025968
-0.6905234967865579 0.6663622542792498
2.137362842634195
-0.8855687198525147 -0.93238501792637
1.9197624462534781
-0.6221752953906867 -0.38555990739652324
3.244306752576146
-0.9428167589625723 0.9743838460986679
2.1782214592811133
---
23000
79
0.9215253414641852 -0.08508107938287152
6.078174757292732
0.7149691799108078 -0.0032215075252789646
2.011400697136569
-0.7566516893748261 0.04447851228350094
4.334157940800952
-0.3853609955800708 0.6785615660490468
4.892264130512235
-0.3092578257857886 0.6863078635953141
4.785580560304117
0.7209516727959187 0.8653954787310487
2.2880200675865825
0.046377326885497776 -0.9182086839612356
4.470217239941375
0.5485027826357769 -0.9062654561608581
2.8747836974898484
-0.5134886204854885 0.5662116274384752
0.7587933715258983
-0.6803577715695108 0.8233996764359932
2.4970878314326006
-0.8812851690355396 -0.10556838822338027
4.384201461821599
---
24000
89
0.5190999318338491 0.6596228208547327
5.116116074112886
0.39601978049277886 0.9301191969823632
5.988568558329123
-0.27639721893226116 -0.5953768530293055
5.453846589482677
-0.7608110998898235 0.2406984350743504
4.833434590809394
0.059264049645719394 -0.23316235927133366
6.134300124745506
-0.10956271326550118 0.3456826936196658
1.9045253555283406
-0.13313060501458635 -0.36889289564957994
1.015703268228525
-0.2630060315491226 0.01966699629353057
5.065607191845081
-0.37370307109138967 -0.2731566823690764
5.81581182539173
-0.3233058963085924 0.9541251460658408
5.279858432045141
0.05817050552832735 -0.49475251053689995
0.0011844978224431202
---
25000
84
-0.15571107656487057 0.5289553960151316
3.016214832583226
-0.27744910305170223 0.5980476579720609
6.200389676306471
-0.9652362781952297 0.3695362950018957
5.413426581519075
0.7642375425591705 -0.9826520566977157
4.750396418271413
-0.7786810204035775 -0.7553113837499285
2.5992662630226
-0.20986968939355827 -0.7438776400536375
3.567075374019118
-0.7955003553145671 -0.10422682016581869
5.491891487036168
0.39036518543958376 -0.9047884700753095
4.356771571614043
-0.800260679609702 0.4279623658975661
0.34631966832765126
0.44092008888156153 -0.5585361023691814
3.1190105049931587
-0.309347916038343 -0.5429314844323644
2.5233984352942773
---
26000
89
-0.6028093185655986 -0.24270137333393793
5.341896516548414
-0.49569275886532727 -0.042148191243529975
4.649562191124953
-0.357494550431918 -0.02538365814114325
2.0157967570980038
0.18621269590905848 -0.11995802764209015
1.773149378280472
-0.36762199807704743 -0.022006845588158727
6.1677218486285375
-0.9524149368393827 -0.33388924734221903
5.55014931599024
-0.8061795272824014 -0.7458233175242516
5.898953928757793
-0.15534481651143542 -0.9880566494903344
3.47392792859356
0.4114837236407823 0.005137084988450436
2.733780599105075
0.05573821900475498 0.38369157662973113
4.286527372252302
-0.4238714842194394 0.20594054359631858
0.1501172067414407
---
27000
93
0.33623979167835083 0.9025843656342352
5.555797765278726
0.3484512330302322 0.8989119458754978
4.419055854586427
0.7128805999537605 0.8118391889273084
1.0799671363374879
0.09386524114334231 -0.6462000524741753
3.4982887511452123
-0.1328059345666738 -0.5597988528033203
5.901160674969772
-0.41705057042299487 -0.8409831837863176
2.048191405812142
0.04972021406280396 -0.7087032875627112
3.426383685072129
0.5063636931175518 0.43526282762683693
0.4751362232217522
0.6280825947485142 0.8736776845637336
4.595399897664021
-0.994026887355064 -0.6395921711686725
0.9364109924986206
0.7393611023472657 -0.5926145053337175
0.9520585059521114
---
28000
82
-0.40613570477376354 0.4463053685403243
5.075232830352149
-0.5732732776555672 0.4243578515221443
4.603249992199596
-0.29955984834584387 0.39739525450555785
1.1584021012898313
0.7074918548970804 -0.8008827305117029
3.062411732319112
-0.897005742394214 -0.7200711758083393
0.3758663963065185
-0.5592043749165811 0.9190447412987499
0.24074754215062022
0.8062215540378183 0.9514945943054113
0.4881055310676601
-0.794775104270975 -0.6526651597638018
3.0720094504193556
0.06932052848558874 0.4440605701421443
2.5572356315983935
-0.10476995375460307 -0.0008281505236870657
5.171616782119955
0.7188491951673643 0.8219392154493831
5.249340711960981
---
29000
88
-0.8612790558493367 -0.7738934124638414
1.162225801642581
-0.8725601103868259 -0.7415624029780095
4.269144274892747
-0.6763186575330769 -0.4439628686002014
1.9800223417782838
0.7124665057238388 -0.9997208531293821
3.8892771555258685
0.38045366966161953 -0.5453740419160952
0.05826592606915071
0.7335412615636893 -0.890385337818268
4.112575362397422
-0.9409055871892855 0.1498900245986849
6.095597183077493
0.08248244255107534 -0.767619522550081
3.033519650968243
-0.3729574985628369 -0.26456523496707685
3.873230107351902
0.45399004023647005 0.7930357489229359
4.319582900088908
0.1431021678840985 -0.23169456218759604
3.6363882993135848
---
30000
85
-0.9216677682577662 -0.18425089766865532
4.427942958897658
-0.5690751789781017 -0.4573910633909525
0.5729201594304012
-0.37692334796501614 -0.7461465729597337
1.586553572953569
0.07066077009261651 -0.9216553309431418
3.971776616685144
0.6719933820089478 -0.4011739872824732
3.1942775382495654
0.8611462295301787 -0.6267272163783142
0.7861386261987908
0.2809078491366271 0.17828334063421783
0.11457804026947827
-0.15034773208561247 0.23332051957964212
5.6222552625634385
0.8401254355485382 0.29567271918717203
3.559248159502258
-0.1647612671284478 -0.7026626143548398
0.6568596312722228
-0.9622135331042746 0.6373892813780585
4.621916121984611
---
31000
87
0.5575636142403501 0.7195695666413365
5.560897823915936
0.25192383324142853 -0.8284325710080107
4.459680812079311
0.5390009361798941 0.9015387550061935
3.85634585930359
0.5712615863335654 0.2041770596924804
1.7099666376836602
-0.5080202738537258 -0.5109974478206363
5.28704402041919
-0.7620525034471766 -0.9067908150937926
2.198900170744688
-0.6416757402489769 0.6713568417673504
1.0608520272838744
-0.10428340235979042 -0.23537524371756316
3.4918179994554546
0.864358390304999 -0.394238071516458
4.478157463838434
0.595688856304145 0.8373326906180384
6.131311616053713
0.6431303660959752 0.949355417624126
6.11257807640418
---
32000
84
0.44351686556085895 0.5123451270583389
5.823525385214991
0.4620422305040148 0.495884552454921
4.510050446982133
0.8993428370198222 0.6821768343575842
0.2943204538499766
0.7678350176269342 -0.06931735175600123
2.7931296012704605
-0.3250866222520561 -0.8856406372987491
0.4889593118867177
0.6305825641991517 -0.9178426362437968
1.7242158416122857
0.885211877741641 0.6659676383352097
6.049975310453058
0.7578290259416918 -0.6412283881617281
6.132067073375404
0.8503418150728677 0.30585829103465123
4.03564558129637
0.2564566677394992 -0.9332158244431131
4.375094748798263
-0.9780217343858344 0.27282602950006607
1.9662217999334644
---
33000
88
-0.890020352514608 0.409950078463897
2.50892801288131
-0.5849035724403711 0.9176344327450838
5.527481427746261
-0.02779639811187643 -0.004939686198449943
0.8913840551637895
0.12539152968887896 -0.4880110291030442
5.2826298396194185
-0.6478102163317528 -0.9315424449330573
3.0068736853622218
-0.46021465275911055 0.4665869704096576
3.6201346834563033
0.07273122125067183 0.1571565128152878
4.06971106435442
-0.8481356695763935 0.08717983769792474
2.4082638354503496
0.3631488002056192 0.0747660464298779
1.3039102533935152
-0.3725897145602425 0.4428963878789222
5.977398391632624
0.7182152671631875 -0.7005828190380726
2.766909378397414
---
34000
87
-0.974138754591506 0.7268395975128505
1.4889646500846452
-0.9531017975826201 0.6652188495267628
0.8266041766800862
0.7265931944896663 -0.24646332868907703
2.4043589293763095
0.27117263182133616 0.4387534368832139
0.9916039704632418
-0.5185245689249267 0.5614854928740048
0.36267513559905495
0.8782685482105654 -0.030892075864070646
0.46316558527887386
0.16755655731964406 0.2867803467303247
1.122962375265982
-0.5985606405177644 0.2786185392398642
5.440252739780482
-0.18192625633102488 0.24108250009866047
5.534213251197878
0.1412633457298225 0.3880247575887925
2.08882727989361
0.24911489800286804 -0.7618851754297681
2.8370295536155608
---
35000
87
0.7182598052192964 0.9263755432869152
1.9027317666597727
0.6349573037210878 -0.9870858491789117
4.164988921415852
-0.22176597269390277 0.6383950684221487
1.6827343912332662
-0.06048990075750127 0.4491605163316918
2.5926955501960487
0.405565774125963 0.22277565116950865
1.2660315863896123
0.364497390590209 0.5628262547272096
5.830723709401869
0.67966108438994 0.5054891749772017
1.1682630753032717
0.9193461891799047 0.5869203314101779
5.870205443876373
-0.3466759975427378 0.70611213120444
3.131675697508494
-0.9233240432317683 -0.9545083366495658
0.900243702582749
-0.37695364037779416 0.3146024407280424
2.0269209444486007
---
36000
92
-0.9015996881515989 -0.557617431029033
4.884493667310959
-0.6970795727418061 -0.8430335250713841
0.3163045707805612
-0.908156800676907 -0.9016063645428235
2.478294896400887
0.6621853329786199 0.12427152013094939
1.4297924731485443
-0.9821470173549229 -0.16057997785375494
5.502103518426737
-0.3076378545140496 0.6833210811586229
0.2795191073181895
0.6274480319150003 0.04517565339147041
4.967974524926478
0.9070426799641387 -0.1911718364647802
1.1835621950942024
-0.5628743883811661 -0.6712551337211958
3.8981584483956144
0.8675002224750382 -0.16187497826914207
1.9032256712024003
0.17233049266203002 -0.6534068605922838
4.290627385363657
---
37000
90
-0.20305080819010765 0.43782145029496045
0.8913860543735075
-0.27217503303757523 0.42027668273202534
3.6336983709008805
-0.8921305055966668 0.3239480492768916
4.2754731248763855
0.09689634441956185 0.5311143701820249
0.22160969249334816
-0.9174091015969014 0.9266790662507374
6.089987845964711
0.7895711910750883 0.3579621931174406
1.6556427120732247
-0.611159921069559 -0.9434075430297321
5.9443246899533895
-0.40325558996874805 -0.8977620942892304
4.244119141567346
0.31910413938783155 -0.9997662450393523
2.1556628020551534
0.055183217657643335 0.3773122787186757
4.282541178208457
0.24745392865522223 -0.6522079089684031
2.7085339736822904
---
38000
79
0.494630436256801 0.11441031834996626
0.1813936322444839
0.7871242564861141 0.06787098352900134
0.24945064341553902
-0.8558095348385573 0.04784550457191544
1.349867777972971
0.2801048230623647 -0.4076650401411612
4.970177037491549
-0.8680726127597809 0.3585117684221697
4.12698602920341
-0.11549637022788836 0.23487249510644345
1.9062432329916916
-0.24656234212820008 -0.8173775584511735
5.450039429132077
-0.6384303641422475 -0.3303982743909146
3.386667569131733
-0.9231102138488815 -0.30980762489816666
1.0578937676655524
-0.9569780351061786 -0.43598434558006466
1.8174583477125816
-0.4582149511329733 0.41901874122649063
1.8472859224192764
---
39000
88
0.2832497491690035 0.9279739775387487
1.7351906253436762
0.30497778967130074 0.9947985079034445
1.898483405500901
0.005530684781270792 -0.6165148438690228
0.9294285268082643
-0.8833361564103697 0.9177970355470675
3.9426076203022227
0.41022107190874363 0.5358849922256815
0.01901120773957854
0.5576029745312387 0.40310023324215105
3.488701807767101
0.010673224090381319 0.9555951374130072
3.1210779591470796
-0.4032631534145581 0.8331130500573837
0.710970713443043
-0.135283912963561 0.5948666939471389
6.043609815787898
-0.2636834482345359 0.41691856119017406
5.686484318623716
0.6560346955461276 -0.9612353423097593
3.433242744927301
---
40000
79
-0.6231505983082443 -0.6496836495769052
2.7928618052291263
-0.5265679364858318 -0.30531996158527436
1.7486628020700143
0.886249153720972 0.8038201772366415
5.479397897736188
-0.1293094344630859 -0.2298241853653338
2.8374811957895583
0.27418330898418364 0.18676139741319858
1.0168797804677663
-0.8333774431886125 0.011070145518203813
4.043486265551281
0.15323849915081392 0.5571177905543143
4.747466431114198
-0.7434926509510347 0.1443255821622164
1.0300280277371447
-0.7280023853672789 -0.17377796459435763
5.686675694622139
0.6811306894027093 0.4897913261293177
2.418927376546974
-0.675372808153389 0.051712666264773194
4.211132720257309
---
41000
89
0.39448611174562115 0.6048099941806643
2.3669785844663456
0.16588196884850273 0.9148179643647514
1.0575538502542337
0.8843596264287206 -0.04620572606145093
1.3625775898611199
-0.8350854212454383 -0.08609997810583676
0.5336260388040088
-0.9690080353123344 0.10457403189774606
2.167632602032678
-0.5481830670538086 0.29532332671022815
1.3186689409781351
-0.12196179825780666 -0.19660263493810365
1.0596150708436056
-0.7466826386036028 0.1330645579572119
4.261779958126133
-0.7459860374669718 -0.6642038942454547
3.476174621815808
-0.9931744177777053 0.2770814994202133
5.979800832081077
-0.4391390308231205 0.1288941431679802
2.905700373126746
---
42000
79
-0.7847772697379807 0.10822076426930144
3.088204302810805
-0.9310513114203396 0.46755229841295287
1.0336726561357015
0.4223098174202391 0.6338089013134757
4.130684930726554
-0.6642380163788135 -0.34427043866002627
2.2049334215410727
-0.6778649550784127 -0.414548248001205
1.5631841266381796
0.25650728025759384 -0.5263572760773243
3.8151444111010173
-0.2222016196950658 0.4541974625060708
3.1186391865537795
0.21779300921231307 0.39469586549201385
2.1118681909023866
-0.3140980980730875 0.11260630834290644
3.1016843917009425
-0.42033004346353653 0.5020364412043605
3.5918409406478764
0.21196590860770198 -0.5111228059624047
1.9352766791699398
---
43000
84
-0.5991447229189504 0.3533508016671885
5.738486374385295
-0.5618919459960046 0.3642525502411277
4.6269170338261425
0.537823720265444 -0.7061928777754788
5.218679833412002
0.40977823177110245 -0.24766058832795781
3.297787107798655
0.23351755996316917 0.5521200067212982
2.6712377281592934
-0.39997216239805183 -0.3423721470902829
1.725997668081746
0.8815631117534605 -0.12435207581183252
2.981701229790362
0.9486567867376728 -0.08832590175683848
4.139033213766668
-0.988649042965263 -0.8446632330127307
0.9302935607023564
0.3178886950573502 0.5086043877319768
0.7885182494774936
-0.7631591146892089 0.20346444539182107
1.0613329562613378
---
44000
92
0.9389667798211776 -0.31026655180318125
2.9623773352483873
0.8912877661530536 -0.3494628429130114
6.002996004258997
0.9936212809937792 0.9886343966796857
2.924770408963931
0.611236638073199 -0.11366403070524295
5.499919842061444
-0.5278787139238069 0.009309467530246387
5.314806175874603
-0.8773353614222806 -0.030090674228171584
4.4127694025082365
0.5783733785321028 -0.057296119017362576
6.105658662622178
0.8500062137019208 0.8900603733700688
3.6825260439303253
-0.3009556136911298 0.9693035164372723
3.8794150895574644
0.1625598679816193 0.48787104356298017
4.246103048602392
0.5698478496127514 0.17549002902434965
1.5318917734333537
---
45000
86
-0.006234292198823467 -0.42752491099222434
1.2010656567095372
0.23022661451533843 -0.5792123292696019
3.31616417321872
-0.14900174915486025 0.013223640912130484
2.7996427802241213
0.44650388599058394 0.9135616946071754
0.4314113044258914
0.13875715402786565 -0.06270070213645544
6.024190846253502
0.8425538649469754 0.7334620967822961
3.4293036016280576
-0.6682790216308336 -0.2146759607950639
-0.35119181455349957
0.2146033777245938 0.49985414335476785
2.7891392847638334
0.12633084136092745 -0.5392626968369952
4.816530572266748
0.13204667237205894 -0.9105812800820018
0.6540763854395024
0.4881778623117865 -0.7588453272664866
1.9602475264858281
---
46000
87
0.01303456686048585 0.9722385311482233
3.9777694303873474
0.2804292598290023 0.9127984986858445
5.887780790890111
0.6568388201518905 -0.19048164290907532
0.8971367736142071
0.11739371712211337 0.8233863424867183
2.7304230488206738
0.08564952988774269 -0.9914971740088536
6.115149563982713
-0.38877093655392825 -0.2679194891039065
5.32023876335483
-0.06026084895892427 -0.19965411060078533
4.993119478027634
0.3544057265434051 0.9636552215228995
1.7615133947272827
-0.9274466949584248 0.32739107482858304
5.35187016395706
0.1778639370325975 0.43964522933865824
2.700881844921086
0.18450324096166063 0.2296790016477661
4.701363070502818
---
47000
84
0.973390398480239 0.27229828175685034
6.193767838458768
0.9306497314679414 0.22208344615155748
1.0617906062104439
-0.05534503503700771 -0.7429479751689044
3.6194937611035645
-0.8311310047266338 -0.5483547023542741
3.6660017754321856
0.7176119521496088 0.40000175368220436
1.3169695813212945
-0.8981403382236062 0.5566720338120119
5.710808874127931
-0.5433506400437093 0.6835870448436882
4.00878595281171
0.2609823192446183 -0.2869072597853715
2.3953026756732996
-0.2753562477529373 -0.9116244840691433
5.921724144315709
-0.7804653800893968 -0.6918638583824019
3.6629573861784532
-0.9450486604128565 -0.007598533396065759
3.6995732387040245
---
48000
84
-0.1447461047242091 0.2734857756860475
5.405321564601647
-0.28764360061081645 0.45896601934192693
1.1662261902801667
0.4500785327536971 0.8723701254655647
4.388690004680513
-0.8402923320308995 -0.9954667180788439
0.8937450488882908
0.21108873025906064 0.5867618162282241
3.839840438487454
-0.7720123106922786 0.4100619838559352
3.4097493466644497
0.11633061988458394 0.7267034672505259
1.698171594142131
0.6856318229931404 0.3321399149103865
5.140761236886334
-0.8981970062287484 -0.9508128811714817
5.139006430065967
-0.16425197193460703 -0.14338203373900843
0.46175839963086585
0.1358164066875087 0.8676415085143492
3.2591401139107443
---
49000
85
-0.4371556985293029 0.8385075323251775
5.25608417507239
-0.4237844941038313 0.9615340383421727
0.5509612117845109
-0.9124555417361903 0.9683739844858923
5.272863189860646
0.4264065242410709 0.7160546199837745
3.8116272113387764
0.4976358428294065 -0.9080080831907618
3.9468362037262184
0.599380046239753 -0.5146713562106112
1.473915273354378
-0.40908004698562395 0.7812570311707208
0.31140785230120116
0.7197208933839233 -0.7449174472690747
5.876362032187542
0.6392121891813604 0.06889885343591998
5.139400664870953
0.9324192030802614 0.7288220071125701
2.4839211810176467
0.43394361730545167 -0.6717562678779824
0.9330780157679044
---
50000
89
-0.5831930550111182 0.27738036695164725
1.3974094801936152
-0.6302193841232474 0.39313495843313573
5.124511030081009
0.8620083640834728 0.7564734060272931
5.045366953335621
-0.09231018278127665 0.7264037902786217
1.9781357314095276
-0.2172180302525722 -0.3839277418796218
3.1247128580832984
-0.737366620868465 0.7844946172526555
4.301861956412097
-0.2470304388829931 0.39292292917811916
2.773788196478831
0.19639934049085453 -0.2640039985478295
3.9695722139235228
-0.5581337332055162 -0.20766499624582643
3.2985468199144137
0.9961163280304381 0.033326183427045616
5.124119896269761
0.5654472567967438 0.4963178503877359
5.6315229368524005
---
51000
80
0.6361072506525017 0.9757346780939289
6.244514207330396
0.5328135857922754 -0.8148247279358577
0.8026601308779346
0.15179500110643088 0.7077493923267927
2.0438860664036778
-0.9698521820743166 0.8658877900054739
0.12844967393524698
0.460447997616352 0.0939129602483313
1.814270674155301
-0.29533387570888847 0.8518310649214045
2.374482882519792
0.43601003324880344 0.7124414157394402
2.929945846015163
-0.15695845513501347 -0.38910458904038164
5.650388757277685
0.5035523630347857 -0.3161303146949156
1.1648067558828012
-0.6749437559486426 -0.23172933749733424
3.624235465112653
-0.0027620131031381306 -0.25868995655985266
4.244768904049654
---
52000
85
-0.3381077157613669 -0.9487886685663784
2.044986984083084
0.036754509862300264 0.9472133370203659
2.311777807046724
0.8604790920150595 -0.33509561221883716
0.2870200531691909
-0.6258057232504163 0.0921146103921746
1.6710361102712048
-0.44341261885151756 -0.9617648059367936
1.114360346047679
-0.931846532411046 0.4220862188300948
2.3224470274590656
-0.5739812448447553 0.7144198625536567
5.745784388836821
-0.3946340270874926 0.8040648640708106
4.244650963160865
-0.6653954495572219 0.8725845167812706
1.4055459227231628
-0.6228017275381573 0.9970925507029382
5.050892483912004
0.5948075138021391 0.2158203613349852
2.0836821033876944
---
53000
90
-0.062203010952442794 0.588600232224653
1.8923909442661704
0.1923325090122323 0.7433562993642111
5.7712430029336135
0.758439452828748 0.4216981414811414
3.410786408405957
-0.4910915237912502 0.557510533281471
3.656423360489649
0.6036159953153992 -0.21727728300053728
3.0369999785966657
-0.8110634668916548 -0.8010277528497177
1.6832468783520484
-0.821924663007844 -0.33824603962797245
3.786034488480802
0.7026877234522944 -0.6851493320499592
5.986466076567304
-0.9674444128738562 0.5573631394482107
6.021923581854618
0.8626182092184622 0.03735870879188055
4.299072189928744
0.30304201978250345 0.1779148688789936
3.1697347518898162
---
54000
89
0.8295602841445459 -0.3229860065035898
3.03419050079546
0.6509385218246478 -0.1961953345873934
2.4797389772952254
-0.5204455814125213 0.359064148462757
0.48117215843634487
-0.6438761724177141 -0.5521480447392175
4.890412945333486
-0.275477883141234 0.24581024962717596
1.9678441110079055
-0.4998856680034267 -0.3461228776288539
0.049465008895904106
-0.37304772529401503 0.49479917473710483
2.403480587201834
0.9963652083851312 0.043443304148151854
1.2053392556093394
0.06562444695965228 -0.24954814803142877
1.688158642864637
-0.3375744179921618 -0.5686576648599833
2.058227602816869
0.7179403577603729 0.3549340330355855
2.8070898802233364
---
55000
83
0.458791227748741 -0.5664880820879675
0.5377598938959461
0.5004988405759832 -0.4701006404989935
5.6227527746044705
0.505418551189909 -0.26130689392538764
1.7203731048941906
0.4174791950293713 -0.5711698841589782
0.2766416040663886
0.1287426412605588 -0.7026621082327053
2.557553436907141
0.15357961764670786 0.5351770108409236
5.857931513599839
0.3619108483126159 0.4834317193419613
4.878722029473341
-0.4391347096770883 0.10957110236219982
3.2984993486769927
-0.6227751122192265 0.2825435229240095
0.6625563552436553
0.6320815925496064 -0.8077332906254273
6.049208716352769
-0.9656196108455639 0.7634123359426881
2.9656549300234207
---
56000
91
-0.77527052163918 -0.658041624183153
1.443241197276779
-0.9045741954772366 -0.6243962824782201
1.356489360766016
-0.40352931348900684 -0.6488380061827976
6.032685817851485
-0.6867175360784129 0.029468815401463684
5.374181265416266
-0.6059017837091503 -0.9015692847095529
1.2639036900541196
0.9609258317236065 -0.15842669196627474
1.403989657638169
-0.8045141252898744 -0.669685194693961
3.0812880771609175
-0.845432410530973 0.53121866497842
3.1134019719492194
-0.7196084480907659 -0.7157366606328044
5.447175710363017
-0.11292265220703712 0.6165817044065498
5.257915822154607
0.5699476783808815 0.7214371534778765
3.9480004887861986
---
57000
83
0.9694702949728002 -0.5065153451197475
3.305028734635089
-0.9468352249459184 -0.1345494446957552
6.275458292490215
-0.7151986220125642 0.541151971156369
4.824432315286003
-0.20242541311442144 0.5066592520768284
0.3141503124563929
0.7721763899967227 -0.46126315709743027
4.81633555500085
0.618290940972485 -0.1662124264316973
4.391275391949479
-0.30512036545645055 -0.7737076998780003
4.242583394289998
-0.2609419200085453 0.5940249487407002
4.064740276904041
0.1982265634549225 -0.10966559130420017
2.1877940479694606
-0.5609751034137216 -0.6554717602966889
3.683838029151235
0.24210130855722417 -0.7320272358537993
2.760017289000837
---
58000
90
-0.1669761534575947 -0.571463972032446
1.1184998490445035
-0.16263725762920328 -0.5686731605276261
5.324876956977344
0.8929778976984981 0.9315097507737669
3.448266677465596
-0.7851733408145677 -0.514801258523398
6.001801292158129
0.4496469318344079 0.28736939572835485
2.9733771173175505
0.02389730256979059 0.8314681569915734
2.8389786007216253
0.3233941522334563 -0.02015211699559239
1.8192990252042014
0.981211438416677 0.7302224936243145
5.492126460416705
0.5625328265817227 0.8385374412098837
2.804697549153844
0.15820456717772724 -0.7164089381395181
0.5852457943103264
-0.1380771389161139 0.9178863280834334
1.8630158426972043
---
59000
86
-0.5512847982204226 0.4402300277791793
4.052260017242926
-0.5926663951592455 0.5537036004987469
4.544768036998206
0.257486846040867 -0.2578476624008374
4.048612409476462
0.17955109171833247 0.17099682540155525
0.4709649145888326
0.3098951412812821 -0.4962393737628455
2.2339879278066874
0.7346364554980039 0.724276357831665
0.5152576765981758
0.09020181756689885 0.4719777290422727
2.115796863479993
-0.8509800829117986 -0.21834338394614047
1.32479651776082
0.00563181927876235 0.6054082003834641
5.4409837621640404
0.27919077930082664 0.9551750285698951
5.488337688059402
-0.6502202444262108 0.23229434927054937
0.5687018753100537
---
60000
89
-0.06856968183800145 0.8565352049724146
5.223123024937703
-0.1826382850218869 0.947829127221931
5.124738638134874
0.35222442961865635 0.8375583693782864
2.3814131431265038
0.6649800481492922 0.12969428267246796
2.434820469779819
-0.18088847429483404 -0.6844671305224125
2.7332703814237087
-0.07114222888677127 0.5970678652512841
1.4947233707467795
0.5354651364467589 0.8008323682475904
2.9852292871179653
0.6966072725524695 -0.47681714094382466
5.134866270549906
0.17597441504137334 0.7281925507845259
1.444754599081291
0.49582518323885816 -0.9270564591919432
6.056564376230115
-0.5360051400442185 0.7235008355025084
2.1298391217987414
---
61000
84
-0.44977663785666155 0.5033526042430455
1.7622411593145628
-0.5892780501258197 0.2945416218934569
3.653240272203747
-0.6933350667165155 -0.17012282680522978
0.3971259213638949
-0.6342791854172393 -0.8370021390676431
1.805166946088117
-0.2807802924755524 -0.10213532585242978
2.835503738930548
0.09052851003698083 0.7577514935063459
4.8883670862274675
0.4883895582501441 0.8423466017827576
5.390302269612203
0.11179228438846091 -0.6598497256773782
0.09473195531684286
-0.5976337272332973 0.774564885590506
5.010983215112613
0.4364644955039113 -0.950711609544829
4.076071487815811
0.539937991511423 -0.4098236474896349
3.637020601934884
---
62000
84
0.016550421098358664 -0.8661213047501995
0.3079103798706935
-0.08328725772205016 -0.9010515294583491
1.182810340814326
0.18333804703123258 -0.2373005317401971
0.5996283833604279
0.2928343433101784 -0.7110219450130648
1.275757083672688
-0.1386642841015815 -0.733191643059101
6.2648678057033775
0.7953400049749605 -0.6105857930709548
6.2293775309384865
0.598430861346249 0.36062498065363724
2.0839387077102094
-0.07193579105387612 -0.38718467410660184
5.631707017092555
-0.9248722362543694 0.01745000839296265
6.102424650955404
0.24656044963461585 0.8247739707173795
0.7351551288143379
-0.3509580192201095 -0.8699143344679813
5.866543213551122
---
63000
80
-0.7996259356650629 -0.9540059112029343
3.83819287127478
-0.8978450621228974 -0.9800511209332945
1.8300496932031463
0.8902449530706388 -0.875828620794943
3.4331171112202323
-0.24799461466718112 0.16855881320871988
2.9577981502278794
-0.9975691450748043 -0.4906560620813074
5.956076237830431
-0.37822629768292804 0.5420885182849763
3.2657869325243034
0.04227175283175137 -0.49043411331772013
2.893806276727034
-0.4653701305128384 -0.43044887533837106
4.573036831547959
0.7642900018550839 -0.2925144561895166
2.988320523030362
0.3476647602854632 -0.419401214728214
2.1867090859784133
0.9321688822285321 0.04322240334229635
6.198941053047567
---
64000
96
-0.9388366514305356 0.65299525618956
4.562608615636652
-0.9864175876166354 0.6398977164992928
6.060999845065494
0.6393465204752753 0.7299681677896438
3.6943289407857307
0.4539359206943572 -0.2417972979722276
1.4660582958978754
0.23751008459225093 -0.24314451959278888
0.2968710492384856
0.25238183082970655 0.6457674099794855
4.267107544517843
0.6601443920446367 0.7041255431363781
4.547301708168893
0.15587994152509882 -0.012197628442024166
5.73057398388673
0.04372007963682708 0.22081238402487102
3.5180371748376915
0.47642036104474883 0.6033726178056589
2.0479670104278638
0.9830986991963272 -0.9354226984803751
1.35938194374559
---
65000
77
0.07868809908656921 -0.6154197157201917
5.567853692689447
0.16370383030873734 -0.5999393823590111
0.017653031247067297
-0.4057794457524733 -0.38212764043212083
0.47643812414998976
0.963886194215456 -0.9602616240154593
1.6852369479465175
0.003859447277633026 -0.5074832332444972
2.36010885494626
-0.9921055920358932 -0.0625020937018668
1.7832798437718482
0.9462284030933447 -0.6810656572502544
5.096338218177397
-0.5923294798470262 0.22393759303505742
2.9896445665433315
-0.8585888674022484 -0.4276820616849184
5.410964965694385
-0.40470974458466547 0.6476086697444594
5.9610740015405845
-0.5986991508680356 -0.3559387124501858
5.848685354599757
---
66000
77
-0.21611949820284798 0.35034418514043
0.8219778116524559
-0.2216450977519057 0.46296941155851445
1.7998625720585242
-0.30639711811739073 0.5468443997630444
2.9144141513714557
0.9424528619151565 -0.3303424373929556
5.679234290031093
0.4885074784441997 -0.5315249178700145
5.001780117130961
-0.7824611886644594 0.02281882377652841
4.797922565499558
-0.48309755463791254 -0.14264715628963087
0.8005983889747341
-0.2877670873213667 -0.331721317320164
0.35731514876211357
0.19671395472765413 -0.4234725223887058
5.33046100401132
-0.35293739989180695 -0.14976608599962266
4.40230866393101
0.45931340538971804 0.12477876606987812
5.402452629894342
---
67000
86
-0.8098458978779685 0.12889335095610352
1.8623524586351916
-0.7869386435991951 0.40172945451651
3.2973139974160883
-0.8132928992450874 0.518998395352837
4.26099327723122
0.14017549068281673 0.5280406960562959
4.595973193701633
0.30421909823773746 0.1312570524861871
3.331518934110851
0.9030476823828206 0.13064567677431982
1.5366461891599608
0.29575738462831763 -0.2890077483031839
1.1645144482771572
0.03179165119137526 -0.90222876654129
3.1062693340966625
0.2632244668683091 -0.29855915548558615
1.6213183592450982
-0.9146004865933773 0.36077285459077507
3.7615370090047398
-0.29040995766744276 0.08590790449455385
4.8754782333607
---
68000
86
-0.563406564457377 -0.6329550114425234
3.1365456320568215
-0.9457234480757258 0.782486802502167
4.541212293128785
0.5313259771917223 -0.7639724871476287
1.1836494499933634
0.7591548644313159 0.09587344549780105
5.105768985949767
0.21496801420838016 -0.9357204984805696
3.0994224342729604
-0.582263892163801 -0.5437144027919735
0.7341880493163404
0.888445529618259 0.9097414259603248
4.926783284565963
-0.8248384909273857 -0.2549461906859307
2.7907245245923953
0.7794781108222005 -0.3933422430278331
1.9009439427286505
-0.4921879930503398 -0.16965731323608468
4.413956126042052
-0.160812034383658 -0.5122990051568883
6.1191238220366655
---
69000
92
0.22714484430455642 -0.7931736759825949
2.5907194170778984
0.22078380805822656 -0.7865494652868306
5.026357608352913
0.34779218997865896 0.15302131010832187
5.476502825860314
0.2417588245254594 -0.3332798725330192
4.938780805670457
0.09194117345248252 -0.7601736011705298
0.3556570832435284
0.16229355810668544 -0.12203636735819758
2.6543941828031166
0.5294196512637522 -0.15317503425867826
5.674054778723266
-0.6429791516087411 0.30191497507221204
1.0936563453491512
0.6443332915077065 0.14436697937403975
1.270082444978632
-0.18309287418784786 -0.10762345095019235
3.762691995242143
0.3186100300602967 0.38460438681609277
0.08129441631429923
---
70000
87
0.37635735045508706 -0.12894699982289753
1.1511306126596466
0.4195649121694095 -0.0870949149866909
3.6086170322550055
-0.1653398067774057 0.670355091605746
2.4139761127757913
0.5557739420226987 0.46616986763313306
4.047877493874063
-0.23055504066308483 -0.10973154189997135
3.122287346282035
-0.5058232876669108 -0.4160807612238836
1.1049050735234767
0.48296374977376216 0.8111070164797752
3.2872797138658223
-0.857239626904432 -0.662383440185891
2.1891989824174365
-0.46372385975778746 0.08620794891790658
3.3058465577076417
0.5416225156346138 -0.41161344361857743
5.322486683080013
-0.8045033318781226 0.6074445970765339
4.434907342709284
---
71000
92
-0.9944897400741924 -0.09890069755918336
3.3071327976338485
0.9860535122645206 -0.09579269852684189
0.8042461867412785
0.8117942648360476 -0.7462753585600875
6.066370038377859
0.6876369731870682 -0.017924944377066113
3.913382065106842
-0.9261917845017642 0.3274618563491075
1.1454746316535678
0.31214520134048407 -0.6329394603663063
3.434721548585669
-0.7053622423622254 -0.7296250669298113
2.3301601446044797
-0.8764869986886404 -0.5974332378054175
3.8847048620610396
0.4946933898340226 -0.6164650663240575
4.570953067927542
0.07013683577234285 0.8892190615708842
4.438023786954326
-0.9071589456550295 -0.9819049379929807
1.3796589014840066
---
72000
90
0.5180098074514965 0.12498992050899792
3.3677022083877275
0.13054764837620136 0.5994184594060521
4.851946309917357
-0.42209494631976696 -0.303555146342895
5.742822396498703
0.013587180739830573 0.5250100344480739
5.803722456787395
-0.30306075889719747 0.05196968829290394
4.687375560928251
0.18553641666312767 -0.901991521012024
4.651742398516786
0.9362726684133591 0.649653130368992
3.732000304190602
0.0263810989698076 -0.82686643501571
5.995853040488107
0.616263732196674 0.6912184886214104
2.0389198198377665
-0.35502050436635463 -0.3925272284787095
2.761053565567681
-0.7908236381537677 0.831239213468144
1.184573837436889
---
73000
86
-0.5503009201552195 0.7759825245187281
0.8570170254054083
-0.7180067392267002 0.9453596854330443
5.539758558821299
0.8265668437675127 -0.17832699974186497
3.443535923395909
0.09006830448086268 0.18635632045333791
0.9708101721071047
-0.8474441991447192 -0.8968765081068668
2.1605220609713314
0.8992385576333771 -0.009330254935121915
3.4326916916958377
-0.5032791562119963 -0.6344662854723422
0.3612178315638426
-0.8275533516894658 0.5571600604519036
4.633840427891108
0.22189247369354448 0.4030732719318361
0.33311575895518875
-0.5931299756516758 0.9985491084943716
2.864868859833112
-0.7644355446076394 0.21926012157638133
5.722950484709448
---
74000
90
-0.8133282713011443 -0.29304267913233756
3.455228470783862
-0.9030489660169948 -0.29815832232459505
2.0580021864741447
0.8950840651464572 0.21128391744867553
2.7173646971835685
-0.4661868548727622 0.41015168150825215
5.1385932323596775
-0.4039960079889202 0.6398819723413495
2.3389878393072427
0.5819873180922115 -0.04376537447706981
0.888911664819112
0.2773762754777633 0.14591873078485385
4.545269057102038
-0.13983158800251994 -0.12198146042026944
0.6735411629150025
-0.4785347547185364 -0.35895241471670686
1.5215091545491743
0.9444690375324162 -0.09560065993734328
3.125012141287727
0.41012106371604606 0.05097159659182553
0.40352790016777096
---
75000
85
0.13546016113084622 -0.0688188126982956
1.1480367087843018
0.09346541842077814 -0.10644731141214121
5.34987630397806
0.3345213464748984 -0.15046476600027717
0.07147554050367333
-0.6925959761126 -0.6349868730079515
5.553618304568807
-0.05893600477511478 0.07185380332315522
4.328709559983666
-0.3807531768914444 -0.6869150487262641
2.7712579133133017
0.6654252426131625 0.319332646066682
0.745846024678747
-0.6617393814142869 0.9769164129256955
0.8327090979385314
0.9991613755923958 -0.8211189648361674
4.764505043003497
-0.34546074109977554 -0.917708021228618
4.818471413180551
-0.6054881710507383 0.04113161440108804
3.1905830602155314
---
76000
87
-0.8685966467995883 -0.6454369929334396
0.7772293120679729
0.6439859770523879 0.8849136140134635
5.430884551515533
-0.9974662233127394 -0.714793242260386
1.5349945585043965
0.6382616545381697 -0.7293397691064225
6.219702760917492
-0.0053568339219973865 -0.08371887728054828
3.129192251199597
0.5903917160317729 -0.9285370937371784
1.6033569229230178
0.5190377857098875 -0.4951748613949005
2.3949026213265716
0.6675907979888027 -0.5070535302336073
0.1280799759300555
0.5896599660589766 0.7718134051170935
2.3094347416263314
0.06836275988618642 0.1023076277849512
5.5217886676871775
0.7694450308974194 0.04953654350919276
2.385006316968283
---
77000
79
0.4702218297324011 -0.6586420268091597
2.1534765241108573
0.5181876612204133 -0.7623547789472964
4.045915120570731
0.03934967015095441 0.7203259050372758
4.566355882430905
0.08208582362360553 0.14747593634911854
2.069143939996896
-0.562180594006286 -0.22538935997142023
3.7448892231549467
0.21155127956114744 0.3625082499598961
5.152026084893999
-0.8747272772422073 -0.9184416721721059
2.4181967185520783
-0.9725975618390036 -0.39260897546400575
4.466065404819201
-0.45616826761999485 0.05385125591768556
1.3452570326402569
0.4963638756238776 0.8487816189641093
3.1503518525560414
-0.8106984984382678 0.5856123815825875
0.7916926792509447
---
78000
89
-0.09767301685157767 -0.4130526127365736
2.327384696401603
0.057550339504601006 -0.585920739593458
0.6358200676071819
0.6158633183934549 -0.5570192010791242
2.9961239812571367
-0.7373617069945199 -0.7455228341033266
2.86218359930099
-0.20759331730091107 0.6874420876902134
4.119807852596327
-0.4800109091798154 0.04230968741233204
1.2383200927248836
0.5887608406492395 0.1835347154526112
4.851563470838209
-0.5961917160081399 -0.026276098793329837
2.16535324460963
0.9351025826930279 0.5371974884099893
5.362951069666333
-0.292837678942483 -0.9220780824995908
5.842952738941244
-0.26981597980790945 0.8696911123509399
1.9169855071145596
---
79000
78
-0.6638676553851598 -0.6469529485718526
0.3647374391039063
0.8767186151556224 -0.7950081878982803
2.6409578945377437
-0.10337165207646526 0.3480272292034482
0.4144548993222257
-0.33328656258454076 0.8785264921553084
0.8342553782534559
0.11423491671203137 0.010169172742138058
0.3088372608266736
-0.3501847690023162 0.5772105051013471
6.100495993914779
0.6029302315783795 -0.5773211643945771
3.4598071959448236
-0.956138136912197 -0.5526592769120358
2.898363872268182
0.7378894125733212 0.23671858133995813
5.178429631381785
0.77675970227691 -0.7670788497985999
3.8097176774706476
0.7916209612551143 -0.7602945101822137
4.291723180559194
---
80000
81
-0.5776498671079341 0.22311571531182914
2.727198270305568
-0.41828335878430967 0.155216621371713
4.686935324040829
-0.0623898501511176 0.9433606947880152
2.68648162035624
-0.5481378325344044 0.0760214474978142
4.5713165191807
-0.8970697453742007 0.1342753626928627
0.10978845315068586
0.4572243734398244 0.2914576000846108
0.8221017508476516
-0.4022754875478368 0.015836955749727454
1.1445680487800196
0.3756482389854481 0.05931224482728902
2.870679607509757
0.10082657549205049 -0.8254848765358088
5.311271641675979
-0.3722192766426887 0.634045855166829
4.140229641787471
-0.6515682168050347 -0.11857963095065632
3.5533713640341764
---
81000
98
0.577967761244202 0.33998216952467386
2.2449610429735363
0.6404007667863321 -0.6074339575041963
0.662137121146225
0.10996076995786609 0.4331358374987068
0.09313371249336466
0.3773829618843397 0.8658817554238158
0.9665925203545793
0.9046608798965652 0.9043314070240372
5.9040704460723195
0.20058432931288758 -0.20003393154374943
2.4325356212997615
-0.245627968210396 0.638911632911063
1.5643741366885466
0.3349745432640779 -0.21459450903618799
6.169275874256735
-0.7444719844717069 -0.9003864727841082
3.4484064597585506
0.1418982765674009 -0.14843648668189557
3.2486908623444384
0.08422322193500702 0.24158811121913115
2.8395486831437475
---
82000
87
-0.4873457285859405 0.31750603969522717
2.96046401618403
0.9848115222293219 0.30686152294663316
5.309989854822906
-0.019446470395694086 -0.6464816462815596
0.7995580139310752
0.8215658469654186 -0.6878660013452955
3.7378951710434354
0.8119585385064434 -0.25721958445638865
2.0850941368335754
0.3149055632345322 -0.7765189057437127
0.197835242690255
0.4335636285462396 -0.4202071773822683
0.6956065096875097
0.5640832021628146 -0.8738269014060116
3.481394242422377
-0.9390252845090831 0.8059143563641274
5.4829960382619385
0.43615175211427604 0.7286776882124798
1.7558953933111594
0.08887841367708962 0.03527865053277848
1.4667821690925082
---
83000
89
-0.7672045807722324 0.957706580835932
3.4193512853959023
-0.7720205634729198 0.759008792111277
2.4750272229539547
-0.2852644441145944 0.9983523980043246
0.8800269021563407
-0.9521885395318546 -0.9818203326471715
0.911627634234681
-0.9817618858853552 -0.21147216088686746
5.679412666299433
-0.7544233797484915 -0.40781246950327554
0.6746804276631932
0.4092277482113672 0.3618190019376061
5.845535058883198
0.009321647569829453 0.08730382898013501
2.6251480758726284
0.4488783282429362 -0.9552885755633446
3.467668396927354
0.9058096961565981 -0.9297224239941616
5.785639915926886
-0.969368255418708 0.7554366433448136
0.7120441887569484
---
84000
88
0.5791422318437406 -0.6098361055135313
4.333791516574468
0.5152865289011168 -0.8089254366959857
5.125711347180541
0.30998737900080525 -0.21436464644055075
5.091311855634822
-0.48213006393227636 -0.993153862928722
4.233430814939559
0.62262738759866 -0.1863141857610115
4.127037706603021
-0.9724039845769346 0.13948349188688786
5.267239204480467
-0.04156266341375402 -0.40191349916825875
5.849941513988639
0.5478016744721305 -0.9282608295002268
5.653654608868093
0.4326870218410798 0.5982064170169336
4.543953163370295
0.9564197030310487 -0.214900776976288
3.8805978202295854
-0.5016362596805808 -0.4058054299087991
0.6102719002514423
---
85000
85
-0.9333279229901236 0.36621373264661966
5.100067950345966
-0.957358780764837 0.3434104086692691
5.1438220050291426
-0.3857723466509628 0.4142127445024966
0.043924704768257605
0.3247650649613675 0.33581129801118365
2.241520758319804
0.6675964696053933 -0.08869097609805987
2.3069683355683184
0.8800875420665355 0.04529817293265763
5.133369343829531
-0.05467090462860445 0.1881422364276863
4.99700108662329
-0.05262110008932913 -0.7667330082481723
1.574557232384203
-0.6451821697023501 0.3183254066487226
0.42656468002842285
0.09532163920585335 -0.21634669605701043
2.12639208368479
-0.940441007547028 0.08457815921010658
0.3793885451851322
---
86000
78
0.22072179283904503 -0.911052022936051
0.9120270738792697
0.1786463263362515 -0.9055018521567036
4.321437815839574
-0.9991220542224326 0.7712715490373817
3.9077392442149
0.7725766052098823 -0.361947277962596
1.5938649765387511
-0.4534971379178595 -0.2409003167217882
3.130812724180834
0.2586172362722073 -0.09467792877177789
5.664110691229707
-0.07840405057228422 -0.08342973626920697
2.7581642218802624
-0.13532065296746357 0.9176230481800087
4.15487392093776
-0.9567359971951837 0.6452231385626995
5.034617920475724
0.41258399283891817 -0.3537602926413404
2.0471232864368254
0.47297027435894634 0.6962680557083734
0.843103145708815
---
87000
83
-0.10373991941418453 -0.10909149657037151
4.21376834726529
-0.17137276612151275 -0.061439407600972336
4.762350708973384
-0.6763427585022539 0.8911485046904539
2.9870837276973994
-0.17490763196496067 -0.09731367934179945
4.725273594842529
0.05417458036150653 0.485976327700536
5.225386786808749
-0.5449281095004335 0.9240987142558718
5.516539576627151
-0.2162923663637888 0.4071232664405351
4.0169564441748475
-0.13988177894707687 -0.5976738441699317
5.749837902783086
0.33027997781244045 -0.12215026158945373
0.7526499562947455
-0.3510724489650838 -0.9672680514064038
3.136991649727787
0.13986356387022397 0.981762684980733
6.116082921873765
---
88000
80
-0.5682204118691958 0.1577068782389852
5.600253677411223
-0.5314113894212481 0.2125010653585748
2.3629229856344702
0.41287829326132996 0.21627377325862046
0.6264301865131223
-0.3467809912277235 0.02912019942157309
2.79888365504575
0.36700146233843517 -0.25980993807995334
3.314256770204886
-0.6270810406475056 0.44817477083699003
0.669194241801824
0.044041362391663 0.3085854016802411
5.176640039095529
-0.20041170174475395 -0.7407219226460461
5.301131506697091
0.8446290485340134 -0.641395114246656
6.001894610495973
-0.8995458008141689 -0.21153486661357107
3.7341634978650413
0.5311266602960087 -0.27604466556797286
2.3039840501081725
---
89000
87
0.6586606469988827 -0.14843319288784973
2.5424497238682204
0.6161018786561331 -0.3694686054058261
4.237682889857643
0.36477562856127743 -0.08999698158770397
1.1741700132212127
-0.07076690372187974 -0.6916249112054274
1.8023856898280375
-0.18564304921083574 0.23976413261486376
5.11110315156178
0.5817868822095331 0.28932502903820195
2.942784707595581
-0.2522140548679113 -0.9320950490845978
0.4896273689007469
0.7426505123757274 -0.418507472544576
1.610293874435822
-0.759667828480903 -0.9100734200853327
2.8170957396605045
0.09882423274877553 -0.805137099691706
4.545938619584452
0.5479605814787684 -0.710056998703076
5.023771072778923
---
90000
77
-0.1659058940201888 -0.8723256638261563
3.1038299011845085
-0.07952578432463935 -0.8960773603308677
2.041317877447513
0.2570494371548586 -0.2487525518102336
3.9312306428947075
0.35678454628273526 -0.6178222160556643
4.755348475260471
-0.6705149103502897 -0.6849744650981737
2.563915015159502
-0.4258194501092151 0.9280557438827297
5.220050118049695
-0.8154926197557568 0.11071352529234826
0.40173456627588955
0.6452710580418466 0.7625078889031736
1.9511263970769654
0.22063473945154888 -0.17647114419864618
0.2889878029947113
-0.32144385837629313 0.24113192255983365
0.13389995837329227
0.5106724474861806 -0.4936532303115297
2.1044430355459722
---
91000
93
0.4686993290489108 -0.0027394263843084805
4.950126331518652
0.4354138733173628 -0.021771736093109954
2.6135961068097053
0.371020913042984 -0.5830160433624866
2.1548368811319536
0.7658841885863383 -0.8281135350953868
5.241584186952775
0.7909994892926454 0.5739903757221002
0.7231563268143599
-0.03048590736446988 -0.5050619665478903
6.151708954018923
0.209910018634586 0.16513742127575434
5.729866360477785
0.5262095917761596 0.674075846589169
1.7530780808725064
0.5730805511651551 0.40037526136677
0.09891728519109133
-0.2650878618110054 -0.6937720177763788
3.6055016471091035
0.7518466299539499 0.9145679175736371
4.824319669093321
---
92000
90
0.9798163143913927 -0.9285804249583473
2.5124079676576816
0.6761066744726322 0.5213280315062857
4.793160537805039
0.3895488904781088 -0.3445522817857849
0.9351183574418167
-0.420093551755693 0.6711813962640585
3.0231490298403703
-0.6360751362461382 -0.21621322145557678
3.177710243809271
0.678876472089243 0.8256103520792363
2.0308127940651985
-0.04629970867257606 0.6664962136196415
1.8406697284049418
0.758385582117358 0.7640826546339794
4.204817339713389
-0.6180574803829404 -0.1312349083698937
1.1996800072471432
0.5309763391013784 0.9510517402064906
1.4707262780717718
-0.4659585086782921 0.7633644113792813
1.2422004637089286
---
93000
73
0.6503277000029434 0.5738793510716821
2.3575637833247254
0.6335915260788323 0.2219967757073529
3.132528712716434
0.006773319793975701 -0.1454967568856054
5.44768208534415
0.5107599253583371 0.9327861820564554
2.6591860063843553
-0.5988534372597146 0.0003975847616356637
1.4797999494103524
-0.6564850598022862 -0.03398353248416393
5.054459312464164
-0.9022535181792136 -0.9621157114601164
3.909551523941772
-0.7906727735743129 0.9942955772972143
2.393219697856912
-0.6130013488978769 -0.4984823400581541
0.31888475024690166
-0.6828308552424258 -0.8365785888493799
1.027329204901715
0.3067058778226731 -0.10535306191658436
2.626364821247539
---
94000
93
-0.7062210522859734 -0.24389363886329535
5.813874031611927
-0.6185590367421433 -0.1757829810422027
4.601328748864329
-0.569152987105187 -0.8178908985428698
2.0157156012650423
0.47073143437581266 -0.7424195476412634
2.703042720851564
0.21442782676900016 0.277550319289307
5.376020111581568
-0.3504418035544987 -0.4522476566719103
2.9864408795617505
-0.4850680412268032 -0.6216822285758304
2.8617697230529258
0.17687388359884942 -0.7399419848527302
0.6732363723859556
0.39936423992676234 -0.1946644345160452
5.5317957252613414
-0.1937379253520841 -0.7592388730498935
1.133338532869253
-0.38396661417471434 0.06869237902967096
3.664109315722233
---
95000
83
-0.4195684228106599 -0.8093463427326644
5.263336486405697
-0.48196961171567887 -0.7370338628276756
3.1830413230308015
0.012377085183875564 -0.16917439484815433
0.8046506352304812
-0.48549145997904763 -0.9776886856680795
1.2016733530891957
-0.8944483615728127 0.7157298548502129
1.4620074701630292
-0.7121782453098928 -0.2860849768389839
2.816216920234252
0.8473444639577723 0.3579501508625832
3.6880546927743065
-0.7058590543738001 0.6823742897005152
4.8756131157708005
-0.5781477170173234 -0.3763162190477849
0.04901600285079244
0.18612600608137164 -0.7345013853445213
6.28192003584732
0.23776375916999348 0.5697131643879607
2.946984240293279
---
96000
92
-0.7728099039568573 0.9848975801787805
2.7228165451106916
-0.7459136562072458 0.9770573860521955
6.0228301480316
0.7375754312967422 0.5354416748113222
5.487302535265933
-0.8827563451199532 -0.9235864986754792
0.47527718010969355
0.9500560468561481 0.19262228259986539
5.4681871567374385
0.5367147032219646 -0.3165098125042398
2.1293439329714907
-0.7691901510373748 -0.009662610045997846
5.736939311554601
0.6152051024970809 -0.9084356834287692
3.6619974075751065
0.3050873265027292 -0.8024535986889274
2.760230530877649
0.6884541002702005 -0.08774487170402936
3.4095477867143886
0.9217785344127578 -0.5387043405358343
5.277859883365572
---
97000
82
-0.4948311246027563 -0.06413055571928988
0.4038055996406141
-0.47381290109269886 -0.15386687554659564
4.194653351651202
0.19720205151789572 0.4401804567919164
1.9528178835017966
0.6929549994020381 0.44744675622439006
0.5702523814422484
0.04880818072471706 0.3736132105165163
3.10589300844922
-0.3769250913583048 -0.17827750718037005
0.6242566148503466
-0.24264994412408106 -0.3719079897761746
3.777086333483645
0.1929738807448583 -0.2298989394412846
0.40314590017494556
0.7143932404981301 0.7601056704661778
2.663519964518941
-0.6141554093840613 0.35925973259256855
0.6179304291472727
0.06846404794141725 0.988402769425235
0.5255587034170004
---
98000
89
0.35070272766783617 0.72505339062568
0.8418456077994056
0.12310965464182393 -0.5675196565387548
0.9958408536343832
-0.30880513702105933 -0.5271433444018272
3.6328584703720015
-0.42932913379211785 0.28734790386630504
3.8589931643831443
-0.5104807432724684 -0.41028155301340113
4.182498143872177
-0.23289254415058425 -0.5449655054604092
2.008286136665692
0.9571486875532433 0.7234300351507319
5.42812449491982
-0.8475197430233389 -0.2401536805179991
0.2665978412135255
-0.15560010799551563 -0.3909072655483926
1.4048226979864822
-0.06995151537559081 -0.2362275058144343
1.4525474475819182
0.20881590604627334 0.7843537503396161
2.6370814743535425
---
99000
76
0.16503851403403888 0.1842444407639589
0.09397832272890927
0.5273166900484502 -0.5722466912727047
0.4977771047085344
0.35650912171486343 -0.5945385063487315
6.169125380929136
0.345426329778639 -0.09827864675860698
4.771718644482148
0.1430046053389748 0.8895627857015708
3.0821514160316497
-0.3898412451795993 0.4635008040047407
1.96348850763723
-0.06131648460781407 -0.3697531835787333
0.5763769928098217
0.8587831080903103 -0.8736813794440108
4.37100269817425
0.5713003942972829 0.6921353710894897
5.700335429070745
0.8562661251328254 0.430387514199573
1.456357149937065
0.35113296711519365 0.15389666471020505
5.485319060110254
---
