100
{'run_name': '2D_rec_10_total_boids_short_chase', 'annealing': True, 'annealing_start': 0.2, 'annealing_end': 0.002, 'nr_observed_agents': 5, 'nr_of_boids': 9, 'predator_present': True, 'grouped_spawn': False, 'predator_halting': False, 'record_keeping': True, 'record_frequency': 1000, 'boid_speed': 0.0333, 'boid_color': (0.8, 0.8, 0.8, 1), 'boid_turning_speed': 1.5707963267948966, 'predator_speed': 0.0333, 'predator_speed_slow': 0.0333, 'predator_speed_fast': 0.0533, 'predator_lunging': False, 'predator_lunge_speed': 0.013, 'predator_lunge_distance': 0.1, 'predator_turning_speed': 0.7853981633974483, 'predator_color': (0.8, 0.2, 0.2, 1), 'predator_confusion': True, 'predator_confusion_distance': 0.4, 'predator_confusion_threshold': 2, 'predator_chase_time': 10, 'predator_halt_time': 0, 'predator_eating_distance': 0.06666, 'height': 800, 'width': 800, 'graphics': True}
tick
boids eaten
predator position
predator rotation
agent positions (and)
agent rotations (interleaved)
----
0
82
0.5511099818910076 0.00799351580647703
2.321708209407126
0.5422046144942568 0.002106625352212156
4.577325602937928
-0.0032687191701689863 -0.9192726700782488
6.157208506819428
-0.21165323159382263 0.8925851785872362
1.3854759989542749
-0.4861237933892778 -0.0874376432087954
5.462627475431001
-0.8118284934299569 0.5131460884881743
3.6059877437073293
0.24243043784019014 0.4972850701249955
0.6800216712368081
-0.8439826098927424 -0.08400054380662188
4.2290612228544155
-0.4342246350312645 0.6896885396114716
4.857070136491123
-0.8285380372678608 0.3101269582258947
2.591435814068551
-0.17987315617498767 0.353946435202224
2.8496820077454132
---
1000
86
-0.361914998333951 0.11353137173757871
0.1366687897913615
-0.37543024202657566 0.09247307085539704
4.8400061865042545
0.13807626795201805 -0.8453899048300526
4.920748902800047
-0.2580492836011267 -0.47936825664651717
2.071618623919547
0.31349673942780387 -0.9256193981319087
2.0983481266823665
-0.928097527333319 -0.22558510776473162
5.558300865157897
-0.10448189992084123 0.2655951421008243
4.42023349755293
0.9316799989301192 0.002148931437930519
5.6380537767939565
-0.4801409216596132 -0.524637395846045
5.24442643618583
0.5277969003801134 -0.6302906515591158
1.9760325557864027
0.5471803302000073 0.22952921585293407
1.2705049110065278
---
2000
94
-0.792132110597023 0.2051470078117396
6.089305870951127
-0.8031206501001202 0.19763128498094146
0.8226065727128935
-0.34681915177876577 0.9615266967259173
1.4998144229541919
-0.45258320768322774 -0.8284954574478386
5.517692794171775
0.13633183152678816 0.749033897828835
2.223164126307303
-0.30232431616952304 0.9501972553844219
5.990749087291185
0.02048690271551642 0.09002707570461092
4.601492137131794
-0.03842268528441181 -0.935093905716839
0.24175997751921852
-0.8378950291736315 0.4513729429583302
0.6036085789230494
-0.08922213107999172 0.21496007772730397
1.2686964786237862
0.7707832808608217 -0.7755358344548705
4.3868665038199
---
3000
83
0.4140732972800429 -0.3492226383671915
4.5904029343556925
0.4318711696568602 -0.3226482553571016
1.9342745753606465
-0.38482964718373136 0.689800939070637
6.030543813697873
0.33421971528577826 0.3565319736294058
5.298368932542659
-0.5968633247487088 0.33360005100319395
4.98249660670397
0.6560009193019555 0.6842980033224633
2.546190618553945
-0.5144559851324427 0.9695666397235838
5.472769938358944
-0.07462786988553737 0.28908701812082327
2.995812139053239
-0.9748160580540327 0.7075897835183081
5.587115257296723
0.2512004401311126 -0.31000853826536673
3.2804977010798044
-0.861024537836387 0.8418210221532592
4.9199054709744265
---
4000
66
-0.4569791819715722 -0.7264368083021868
3.69093322692335
-0.4526970495501027 -0.6991349754257034
3.97034487707287
0.9058005153840439 -0.2866480435678193
2.01111218044613
0.060304492050880634 -0.9711237817392869
5.448007989718704
0.78594638554747 0.16978746395141958
3.914971109509964
0.6622678900072406 -0.6296286404372825
3.6494048071085734
0.34345895022141104 0.0626594029819117
5.812975615423249
0.28595996227080483 -0.8295578823122163
2.826526377654556
0.30618188264919916 0.7053060777418044
3.622351928398265
0.8922092321751824 -0.7029396610647889
5.474783492749393
0.4633847987084474 0.7601867831062987
1.3327407374268923
---
5000
79
0.09240884161448305 0.8279961371248762
5.20177583231501
0.10508029416262332 0.8563157686967492
4.961853872217831
-0.44483288727585435 0.37427341165397754
2.2257259069690543
-0.20726697799966265 0.8719022348619321
5.146312821855186
-0.04014621822629888 0.26455254120987703
5.836936750339988
-0.6713841393187389 0.6056351238813217
1.3332827267296716
-0.04359426255217817 -0.5189817102833291
4.2016438145874275
-0.5125361727241292 0.7947963984029065
5.212092962088041
0.7998199187365228 0.09772482255338387
2.8011993154972368
0.14676893948848713 0.3531206128802838
3.0074990137730406
-0.8481452446720242 0.6333010913751043
2.4703286725190354
---
6000
75
-0.28957043763911233 0.8780585187398735
4.858480041308715
-0.27541647055315516 0.8978828042442235
2.6397619482390304
-0.09840402939438148 -0.5568579684100227
3.0776513950872815
0.24128564294287957 -0.08122760700530732
4.935507997181714
0.7580682028841675 0.26483994164633484
6.22660802238409
-0.07939642169397729 0.5598830971347196
1.7483991785925879
-0.021492026171045446 -0.025209027511195956
5.943499464811089
-0.8812126074510767 -0.5430943789186139
0.4892509173557844
0.7808278257318437 -0.2944472291927775
1.9682306408527088
-0.34302406681905107 0.5054719878888219
5.361860621802075
-0.4388378080874146 -0.5103452550099192
1.1940795232096857
---
7000
68
0.7520098036077129 0.3328601115835296
1.2581419459962133
0.7475639016306879 0.3386527598564121
2.9924345272805795
0.3392252354344078 -0.8183088833275433
4.209458486899102
-0.8940831818141572 -0.43105013165155814
4.578432461279805
-0.8185989839505196 -0.5505304835693026
1.3281751942619708
0.8135486519613296 -0.8942485842873781
3.1022584673716196
0.10641217568292147 -0.8702334987002992
4.824458778162146
0.4153730508167606 0.008884848415802792
4.652448779985829
0.8710902347347937 -0.5071460197669473
0.2800155488430587
0.9518545667151982 0.09967693285971228
2.9200443797361975
-0.3296949180098982 -0.13403182241692832
6.161464051492619
---
8000
85
0.8814333027068774 0.7005329834708026
4.807745509388738
0.8741218463921947 0.686586221188095
5.84138653070758
0.9718866384765517 0.4193094096810226
2.179417063047283
-0.8685061629593522 -0.976663572321882
3.110087044859257
-0.2657228726666653 0.23700712074873112
1.755016094803306
-0.8308991097904311 0.07496899974198204
2.326090418346247
0.774471517337077 0.8589779814235592
1.3595646419118346
0.0030637707136822526 -0.8752309314645509
1.5130474892834318
-0.27738810553967086 0.5549289115750361
4.1255594341165
-0.2824583658694474 -0.9839497941325995
4.5390130027335465
0.8978233885920497 -0.08358612472035803
4.011117745049307
---
9000
70
-0.40619099292423383 0.8656424511905614
2.028236175289919
-0.41023615778885414 0.8645591949373503
1.5903127616401207
-0.5036586045847223 0.019819994772874727
1.634389584943877
-0.06628840923010662 -0.9451432961333849
4.947191052875309
-0.6777124603558554 0.00279215309094457
2.055825435506242
0.45710682046616224 -0.7427959503418085
1.2828809926322116
0.5069966515387958 -0.6372511859329141
0.7751652514781195
0.6968711308545983 -0.5397047212012815
3.3577863533104564
-0.600023857341554 -0.7387623079116882
4.494589397220578
0.696788414955648 0.059779642339061356
1.9628571469784548
0.7864867089785669 -0.05449457662677725
4.291343661339202
---
10000
77
-0.6929564082776417 -0.02670178329901616
5.35204422731844
-0.7109353878639381 -0.003773467105204466
3.075469613899503
-0.47406209063826343 -0.32076306532547527
2.3234752482855274
-0.7454909796799176 0.2073851634189545
5.092039367187648
-0.7366367076113706 -0.6919657925579692
3.621128329240676
-0.5186555578235121 -0.4718440061086237
5.009698150028565
0.6818834315501177 -0.3420958983195379
0.018849941964867334
-0.37042332062503247 0.9212762195812346
4.880198933850954
-0.20493360045194373 -0.8719671569451684
0.3628633511657302
0.8799334005230071 0.6022870113186731
4.9359226610646045
-0.8496539669544441 -0.5922145325203552
1.043037762099683
---
11000
82
-0.8225678607301398 -0.9666984339461587
4.21519676685987
-0.8183530799869082 -0.9475757567233813
2.7023486861365207
-0.8801832707327542 0.8040174403397085
4.708216102668968
-0.46292376639473126 0.7847414481242093
2.5459878143889885
0.038495196519335466 -0.08262398351651797
3.0556981704153525
0.682428809728991 0.6684018622073992
5.325590914916298
-0.4065410020529284 -0.5468901815021617
5.448745801533232
-0.7458268786908842 0.053031052442529585
4.403345055110906
-0.4948619461717207 -0.4032885107282874
3.2922978539918244
-0.4991637644047581 -0.22740511337031988
2.1856164807545024
-0.606463678365752 -0.7487425507853501
5.488479275030033
---
12000
72
-0.993238987687399 0.2840142977498261
2.9762815711186668
-0.9906076088067819 0.28800974864945955
0.7418028114896682
0.7298185249342777 -0.5930778006706006
5.739744007139492
-0.25925638598082634 -0.28495152199581747
0.934867361539018
-0.8330296379701171 0.445060919026034
1.073358410028808
-0.7248378488061885 0.28303181130555155
3.839344062570344
-0.8637753724741511 0.18375491930321264
5.621126297234853
0.6335809011570569 0.09314100072668594
5.449187530603782
-0.24632266624980625 -0.8871708954570232
4.485985498975816
-0.1731369291724584 0.7797094504917692
4.15925768149454
-0.7045343974407599 0.31287268992423906
1.1508806025220535
---
13000
81
-0.19335688824874958 0.5883591498114603
2.023294100636418
-0.19250473911961044 0.5872223826565757
2.4861042351925775
0.6554346706401004 0.7646197597189315
3.8502026937330216
0.2948252381117583 0.3054066321967605
4.696191307952098
-0.505180618454336 0.41140550830774314
1.927480113925479
-0.08032578799427084 -0.9243108256058019
4.206436239987161
0.8144533169677526 0.25845680555490846
3.60511653724363
-0.5198481910225708 0.9520304918584569
3.832854793408349
0.6306341213665938 0.32560142324394914
2.319503677795775
-0.5119346692416499 0.19712131674420846
1.7269020700896371
0.41583170860535096 -0.796483072686079
1.2271022224186048
---
14000
69
-0.9979625567524781 -0.5168082983634834
5.042311089967133
-0.9809028417258306 -0.5293848723932302
1.6278516625749218
-0.4317368200077706 -0.5913663595787365
2.804038030673687
-0.7052819124571704 0.708591921343689
0.027909003393681964
-0.3409292673873125 0.6606908898544828
3.8660308662610197
0.014356677696025907 -0.49369400801678986
3.819326992823181
-0.7677775382659471 -0.42146516370696163
1.3820796249909346
-0.9003074807534592 -0.15284289016982783
1.2733923026880571
-0.7953449511951997 -0.5010158529010192
0.3506763990577717
-0.09402762562926745 -0.37023198681683955
5.55853317424624
-0.11197833283693873 -0.36675501787124565
4.181063284571909
---
15000
72
0.5846210571916908 0.217150825384195
4.2667190744585275
0.5996684335735932 0.1979399359025559
1.264162426939536
0.6753235548240584 0.9170168671167415
4.976549274261404
0.3712893465326945 -0.6413034505133972
0.10417151866314622
-0.22163123297173995 -0.4454888139210085
1.709327837758618
-0.8737221948726789 0.5011715012676
4.2639435496430025
-0.09840562852017011 0.10481458270469518
0.28480383754848815
0.3178381139081611 0.38925492869999667
4.336724669574384
-0.012557718426681911 0.2239308552521353
4.807266232107033
0.32570124405960077 -0.15388420448255302
0.26391149086742516
0.9551630949203259 0.045902205724743905
0.4358725099200029
---
16000
60
-0.5800490649466359 0.8288448830889381
2.8922588612851077
-0.5509615936680902 0.8311134732697765
6.116665447210701
-0.18831426679601215 -0.12325125713373455
6.271788292557301
-0.31760353579268485 0.43780104938844694
3.4870323133792622
-0.9482479249650116 0.8284892974516278
5.553053037346018
-0.9133056644380979 -0.3136036450028221
3.0396408849597654
0.6004960855590822 0.016031154402852958
2.4673842840250737
-0.8642574256675717 0.5875169463229986
1.3794012014155594
-0.7570469043834424 0.4187824150852909
4.929924575359382
-0.7836535991029236 0.8086526281365763
2.0299920353729144
-0.3723136884430442 0.5363127607280719
2.7745405636985137
---
17000
69
-0.9640967503881129 -0.5401333689834897
2.2551107100937617
-0.957450480208674 -0.5436019597830257
6.1837552898543215
-0.2411406134344691 -0.8991033406075337
2.5324090813659774
-0.27307809042979597 -0.8739110867309223
1.214203162743952
-0.152905189732432 0.6304429148441609
1.5897381610506116
-0.12376624265746844 0.842341358984119
0.28132333293368905
-0.1483941916279576 0.986859575250331
0.09776572081917312
-0.5011303873614125 -0.42216132392008204
2.485327042037824
0.9618399114213734 -0.4314014980096451
1.374661942914221
0.1562962567408846 -0.2841093586072407
2.0989336405965124
-0.7752922590991361 -0.5285682321174818
1.4284574627587139
---
18000
66
-0.8147909901014936 -0.9105040005598648
5.865182110844053
-0.816954108876124 -0.9109867177601633
0.17505548819265027
0.26069117762487387 0.8529730375404401
4.133860530326119
-0.7904672561396293 -0.18140552307969712
6.236910388769341
-0.22425524094825364 0.9894237541536377
0.7410628147897267
-0.3259033488274488 0.8402853386608176
5.730856564812251
0.0717945377069629 -0.6669302672092868
3.802491120133956
0.8941983737473201 0.06254153596963433
4.363243187496414
0.35994896710075697 0.42583577939696043
2.854865459034892
0.3459767894304021 -0.22729770171463326
1.7869099922275717
0.4277361734906078 -0.5092817713801346
1.0915350350186301
---
19000
66
-0.8200443983770919 -0.5496440767105664
4.184281427497522
-0.8156877001124436 -0.5825993173981086
6.101589265414886
-0.8106271327640636 -0.6517299012542659
1.4833852810967638
-0.844892309950228 -0.06480131359684821
6.149915908632151
0.8097112974315792 -0.9787693656652134
4.086941938341417
-0.9975360120644067 0.23485194755513167
0.6554085854264855
-0.023446282082343617 -0.7601607083930131
0.2397105514623501
-0.6782640061443003 0.38150979081745473
5.674845993002004
0.06077339684416749 0.5057580353276953
1.1854347679915431
-0.3649067835717155 -0.9498828708427473
4.783428041413363
0.8800049658652902 0.3877300172930772
0.525281351160225
---
20000
82
-0.9067765012804456 -0.9799266388077321
2.110700032406628
-0.910848953595973 -0.9774526660312097
3.772969979407641
0.18570050271293193 0.05710148434950945
1.8671947508821507
-0.37595836509937763 -0.27076312001224306
3.981464088874662
-0.7127768209348342 -0.0744350573399305
4.833229165548204
-0.6981765445918384 -0.7238252579336242
0.5339078758505105
0.19376790610803554 -0.07245154110152498
2.5202884752792665
-0.2913387649697972 -0.10697920729665103
1.8368038694239557
0.9964475849821438 -0.1129498710640841
3.2883975056533377
-0.5525286087677201 0.7353667686609194
4.275152279998954
0.7915877939069798 -0.525070643722111
3.6450272646728425
---
21000
67
0.2817319657938398 0.09191571657887318
0.07028348612054586
0.28695594575931266 0.10231167354449479
1.2239897902342092
-0.825036547861619 0.952188794780035
4.625909723844677
-0.867267513500037 -0.9909751883154927
0.11810658495115156
0.5078492642817007 0.8699579246035569
2.9877135419700593
-0.8177488765183553 0.16536636624563458
2.7544961549997637
0.8167358825932565 -0.007576096111535986
0.3529403929043067
0.11578765784882064 0.8498873020022724
3.8009774049791494
-0.9414392916560064 0.6757006669760999
0.15802024378830293
0.6756086846323464 0.3203343155427848
2.697712767348082
0.8422195211342025 -0.3171212453711112
1.5618777001937545
---
22000
74
-0.1416177733994365 0.7767443548468361
5.726229347584617
-0.16649042300699116 0.7769802369616275
4.54731761904984
-0.6656542079612504 0.6348313405730377
1.8550911042048837
-0.031226873977682784 -0.47406277805697755
1.8540035180797663
-0.267181980072519 -0.24760192097981187
6.0223192057701285
-0.09580277169843437 0.6666378586966336
3.449364106167452
0.36957494791595263 0.48633535659694554
1.2480032476093204
-0.6335194820023894 0.7858340009604239
1.325622081482968
0.982761785687568 -0.30047775961261947
5.017558055544719
-0.8930460417278582 -0.5747446856909009
5.0819876738500085
-0.24316384427919768 0.6976140428576822
2.876368029923168
---
23000
81
-0.018549667064591498 0.6522741118151879
4.3689526520301545
-0.034263306366787497 0.647149875324305
5.694538131495798
0.1996233360970865 0.04852210512335052
3.495694673076038
0.3281946644106098 0.48676144382011993
3.8498586272908613
-0.44736704854031956 0.13355051417688263
4.186859145261704
-0.4289201980483604 0.5040375149194835
4.686693637274836
0.21591845644588997 -0.25821117479221867
2.1842843101535196
-0.09875026131446803 -0.8625539264832459
2.7633633407275866
0.15297496433048868 0.574066048770462
4.526141026195389
0.4856445120570496 -0.0446531141686545
4.928854966724811
-0.890042534515033 0.6103920322902385
0.9877888296717829
---
24000
72
-0.7084778081390208 0.8637752314902825
3.0130712889675233
-0.6790903622007095 0.8504181182992846
6.146920834445481
-0.7136079566893817 -0.6298232051221122
3.1785710450658593
0.24814536450201305 0.6137199540200127
6.272581068971828
-0.9943184365231178 0.4399045940835429
4.497295962237869
0.2073937025424266 -0.5496797035842867
5.313154630702603
0.3967892119102609 -0.5328433728557974
2.8122887525703923
0.5302499317579056 -0.6661871897389119
0.26236952729750307
0.03701683385958586 -0.6477768431358074
2.8907001061579845
-0.04022865725119179 -0.6213844621168659
5.655670538053273
0.326148871490118 -0.27073826695847136
2.5661378687364715
---
25000
84
0.5904506859744989 0.10633329267944497
3.488476094740392
0.560630977042737 0.07875178497909457
5.3884220972419365
-0.778693413745311 0.02325608125824453
0.8773995391056149
-0.22271305216308762 0.3974720800634929
2.3017797382862053
0.0450530521118574 0.15978192668876814
3.313646721812547
-0.08812669706537737 0.3422523205700464
2.8218197437498462
-0.6040032474830414 0.6108518657078036
3.883922011775435
-0.7666823850012046 -0.5177918221882568
6.10704015790554
-0.20577452767395743 -0.4651039485778362
4.922120852945029
-0.7338425642698552 0.12569512530784993
2.623607641816709
0.18785843363440963 0.5947946059524436
3.250718073007593
---
26000
66
0.875491227140682 -0.024058223427971388
1.5149391353585355
0.8734538209718519 -0.02516078237938362
2.593189540287133
-0.8303001542957794 0.7474348815695121
3.1248218323750763
0.8223912771434534 0.015220232811133298
4.79106360129392
0.32033758685155067 0.01864360778905881
5.948514153557395
-0.821670652489864 0.29492199847869316
2.3308113853190022
-0.24006734076566705 0.4893922191341401
3.2264576705165355
-0.10863709873210387 -0.9411114710602513
5.309739633881198
-0.8358544830363667 0.435302918665456
2.2487316159730435
-0.16225815512829503 0.24196125552181824
5.019766904256416
0.2961395557754713 0.26122247189340075
5.879338368721119
---
27000
69
-0.8926550519937345 0.26440280817701767
1.118538725746073
-0.8933055694585996 0.2629460703228793
1.7412244671389825
-0.06551512692597572 0.27728651237922125
0.9473443177301739
0.39938520916006137 0.855454292936654
5.518924645101309
0.6610221851936549 0.8997539493437821
0.764708598012712
0.41134358820014205 0.25894726722936684
5.4846672230998665
0.11367873045910977 0.5790538790708892
0.06624992207694191
0.533311691023648 0.7561843619180414
0.9373697520014348
-0.35157256142871407 0.4643025843319573
0.19358598449465436
0.4708857830411887 0.40894756461739507
5.853419094879746
0.1836096518875613 -0.09665478584154659
3.4631370066874956
---
28000
88
0.588445565790635 -0.983555372265581
2.83448013820409
0.5855841984941612 -0.983884505741675
2.187075988853884
-0.6813658345592964 0.004908485342187765
0.3555756608650409
-0.9639893520453061 0.04407570003842632
5.877313499409171
-0.7934901558266557 0.9531252098542223
3.2352900233622295
-0.9528569773126859 0.11211326213874535
0.8631791564637412
0.9716166702556157 0.8646361825513277
5.81819357316527
0.30105683346508744 -0.8631968525127677
1.897758551798879
-0.5794444548886295 -0.06608009218993872
4.643664919815017
-0.6795159733802124 0.12643839296115983
1.7964327304218415
-0.853571105288741 -0.8422182291706667
3.5402098153764037
---
29000
73
-0.03714737422107402 -0.8822375228563704
3.3274055102838656
-0.03834610830311756 -0.8825974484831121
1.3823077612747579
0.8347161796173005 0.1677448872600573
5.870383638611173
0.16362663393788235 -0.1578516393590823
2.4818269919092506
-0.7171596687422056 0.986718367230849
4.891519269027384
0.5292235142962876 -0.03941873712566743
5.995558670402711
0.8656178477815194 -0.3196273765996845
3.2131413313606814
0.7958806238440611 -0.8015625024763442
1.9579412148139013
0.11178180800238541 -0.2908887735011203
5.770821279183572
0.5620694848177532 -0.5579035179460442
2.8314143609292124
-0.9163712722575048 -0.823319697205467
3.7772444794624263
---
30000
79
-0.8852353707426137 0.6234369979198339
2.8941847915500962
-0.9005725482961404 0.6527806671089517
5.896854846904309
0.4165900429784405 0.9181567643951862
2.800359935369957
0.6645208833161107 0.3541647004982204
6.064552470653014
-0.9830009893001395 -0.8463426368237121
1.918450357750281
0.4742426095893377 0.9583763510376186
1.3833470220787936
0.7333496319324893 0.6220664889209814
5.50438982183664
0.9030741607391736 -0.9697931977787686
1.210114985277147
-0.4671274196507087 -0.6930582626036554
-2.0508945760434587
-0.27825526738994405 0.7195343450782274
6.053992092323397
0.49104895107352076 -0.3057832625500554
5.557392199471734
---
31000
63
-0.4724595467838601 0.06910366397675267
1.7281870852270282
-0.49200866391165554 0.057424856548289924
4.013293114072618
-0.32144605722115055 -0.9223901851777078
1.8208708650161132
-0.034580720625964026 0.036744188785810254
1.8239758668444948
-0.4576208419158375 0.14997157390377525
5.642938907078621
-0.6483543212603959 -0.11069133096166309
3.617902458275064
-0.4694630661987986 0.5339480577514598
1.595438688328878
-0.48451859617443516 0.0335973333264936
0.5962302350074014
-0.5559371589457199 -0.041117069094464276
0.3851916055665008
0.42968145614493874 0.8379292892979341
0.3509060005062823
0.061873073756198806 0.18212150397808352
4.230155522380449
---
32000
65
0.03805714859691089 -0.5346654844868473
5.2087706880603095
0.030104603796330724 -0.5592714827092591
3.3232898579160652
-0.6476330779462824 -0.14340705704613987
1.4639974658854387
-0.5865908799195578 0.4805988877310308
5.580768211136586
-0.6980502275364499 0.3290048301331661
0.4174406040040246
-0.8707634754819743 -0.06269556913795087
5.498656751147488
-0.7997824905191795 -0.7859229715579942
5.147294379039766
0.3738093572813375 -0.22723101874382948
0.3231239600329916
0.2366192481649431 -0.7671358509507668
1.9269064628120578
-0.3179336870658571 0.6530237304072976
1.450244570231444
0.5400956542852847 -0.8854704442327388
0.20093749931912264
---
33000
69
0.6272393515989683 0.8502559458725668
4.8792472325297975
0.6321036795741599 0.84998101677495
3.2157492889085724
0.7153639548567192 -0.4724683038532423
2.402617318009548
-0.9092224002384726 0.43488989653162896
4.630948292615882
0.6480225220915252 0.33059289747994247
0.02817334928422177
0.898930401228142 0.07229282524650564
5.640048027498042
0.5268019051772577 -0.9189898764008434
5.622106806173881
-0.30129806720547775 0.9027577282498646
3.8172339319422735
-0.7686076099964441 0.5563638138901971
2.4924358884717233
-0.6105074961289554 0.5463656033952425
1.1028253581790626
0.291388980554243 0.4771667319209601
5.55121455185454
---
34000
77
-0.5920325097696443 0.4186061932005662
5.114105851144478
-0.5929326425333409 0.406099458062915
3.0299454717691425
0.5483588740607354 0.01993559593358056
3.896849082748501
-0.10348261961482084 0.045170768428717416
3.8926480926601004
0.46320682848950717 0.9159392170409422
2.9644300492292306
-0.3731442479275833 0.15933403664850038
5.108652011721122
0.1274587285000769 0.3109332053047241
4.037644102882281
-0.7518840497253464 0.7034640599955868
4.718124524585468
-0.5147789040962449 -0.187185946551503
0.2822177949489708
-0.30480505977410605 0.9748584072228025
3.6137513676145536
-0.5433327048691875 -0.8196822253578592
5.554013659193326
---
35000
76
-0.9048629460922184 0.651907774111063
3.197091946258971
-0.9167257154037833 0.6430456789574674
6.272743581069008
0.928069550576162 0.639730394079575
1.9562735537396518
0.11844169823066299 -0.23072293424427628
1.9298383743316565
0.4052043821902954 -0.6730019173932639
1.2449287531488613
0.9303246145287969 -0.859713852987896
3.4782050609456157
0.13937748685984291 -0.5812118346833757
1.4988197879045835
0.0687827320233398 -0.7290598706969973
2.6805249212647233
-0.010970846415636785 0.19926771982362998
1.3252274884313024
-0.9570391285606914 0.5066718776823852
4.890705915153524
-0.9276733079105777 0.3002572437886865
5.443683416954603
---
36000
69
0.8805849500132747 -0.10400227300262485
6.067671707517935
0.8542223033694667 -0.08891698699446673
3.065672811226488
-0.3580126691390563 -0.22628816407385902
2.4771313318544532
0.17906037272073028 -0.4320725796559977
4.259935946281477
-0.6264688977508803 0.8504375624959533
6.080288776360031
-0.753109109746257 0.9940528494956681
0.646003220749682
0.829140835648705 0.6124556777547344
3.9395849669182423
-0.14297583765682734 0.9257060576464359
1.1777374163057224
0.6785008856551302 0.5264708185146237
0.7605718360185385
-0.44789600907861565 -0.8324396836859733
6.091778746461122
0.7016102834033652 0.4629684925362718
6.083558268454783
---
37000
79
0.2497718408700092 0.9537454140313575
2.430912013856879
0.2503646852562815 0.9547788365201106
3.2899107258369993
-0.1828536619348873 -0.7988133143309228
2.497722168091677
-0.6216957310316306 -0.5792752704348261
2.107210409240198
-0.8076653233678395 -0.660769753772089
3.771558148540902
0.8770350241196778 0.764839965645753
0.18620482110112313
0.6789753829328213 0.30128022706523316
0.716859108546565
-0.0952604941308601 0.5643104593016749
3.2053011886254987
-0.6789980579695327 0.9623971271344828
1.4076921790678985
0.7292109888745945 -0.8642213521324195
4.485945072894205
0.05526587883808403 0.42056400109239106
4.830546979585845
---
38000
60
-0.28186664957351687 0.2450173015753064
3.6377808055487053
-0.30740288056271947 0.256513085431904
6.150845803143738
0.8219413371187678 0.9021239536378476
0.4973862970833727
0.7260045804915205 0.7663494127383021
3.7902882487404845
-0.7327349213740981 0.5468011692937723
4.8594921093552035
-0.9924108527607651 -0.2946752153690467
0.29669294163429516
0.04934794916154072 0.19107252381482404
0.0850338809750637
0.1619862230578728 -0.5362847733615859
4.801861967717365
0.3474718471056559 -0.7156292292504547
2.8146076023582225
0.00840622835721799 0.07208757255165518
5.9315526334377395
0.5973253287964361 -0.9328396348717781
1.6611103432984846
---
39000
74
-0.36149167676513594 -0.10674245930513845
2.1128357145045036
-0.35479390389592036 -0.12991661443903468
1.6742557692392044
-0.6216569089259787 -0.0440162328348048
6.098220884191621
0.043623470055230804 -0.38648984349319854
2.7151769526166882
0.11642152677969213 -0.8366076420534838
1.5321095548320391
0.9758843289908824 0.7452955496968985
2.8821610324077165
0.5496843782224138 -0.3251904515535351
5.460626977421628
-0.4185283111895552 -0.7802837059142506
4.340667072748021
0.9732027678129366 0.26277545627089594
4.145779466457157
0.36078188826222685 -0.4011565238116361
5.099911081807316
-0.8570921198894311 -0.1523681980041277
4.746551302743786
---
40000
74
-0.9118461239721082 0.5877197697386497
5.3103390831563075
-0.9172154592686836 0.593797586471066
1.077793873427086
0.04054722791128485 -0.19793714634351603
6.044914282976946
0.9220515383845548 0.2464633505326808
1.8709297285507054
-0.10402241280870653 0.3446135750543752
3.879601630987743
-0.31969755627949703 -0.3933093857629826
4.922544512578382
-0.2990376859432893 -0.4553229234760209
1.4091092918477974
0.23846766470423905 0.9507769657160225
2.095442951328713
-0.28810994355818126 0.9831717094563379
0.23607711862114655
0.3321450441822941 -0.34344376498989027
2.0406157501455495
0.6047700950410734 0.7855933853569429
4.05437547327319
---
41000
74
0.9378809989280501 0.30211468604851854
3.8218900385488634
0.9133556497595184 0.32021723728075363
1.9656196268254869
-0.7764258393562978 0.014449448224046296
1.1065322597496658
-0.6520943153581136 -0.3113637022278193
5.20844447418001
-0.7340236139776081 0.15161032505421781
1.9370248283058933
0.9984504875201428 -0.8274312606697485
0.6439127164679359
-0.44715816748935994 0.3380361927982454
2.657495998952867
-0.7690573060310285 -0.7630699463711265
0.002394523465149234
-0.9232609350137662 0.14895670114384393
2.742900378465748
-0.7349817472612594 0.4046977286779646
5.996850760888835
0.581678199738729 0.6471302131584443
3.8365987782763584
---
42000
76
-0.40894155122437964 0.22723712063961876
0.7270244487257316
-0.39868631804908083 0.24468918421578698
1.975864105312385
-0.5022260854390532 -0.05621326285007769
3.690475014073832
-0.24410043582110386 0.9595003729354566
3.9054467384762583
0.976286982752727 -0.46269159154157224
3.203415662470727
0.40642354736532993 0.8062149818525337
5.425115328160925
-0.9257878275388449 0.11350975176898764
0.8872089487078537
0.2385872671040798 -0.3395587961757228
1.0430116496377524
-0.8091862418937009 0.1484196722756801
1.7586052222021973
0.29483827066230794 -0.9007054662959069
4.795348762962575
0.10115241489250798 0.12556381243742873
3.8850122043059825
---
43000
70
-0.7924466494908168 -0.42308517908257937
0.5189378472289832
-0.7912276164221436 -0.42096880758697147
5.901680156869519
0.8897972424609423 0.7061221735838533
0.22149772539841361
0.8938180188818424 -0.129359043796824
3.5822334315295032
0.44469213529666485 -0.714898607115128
0.6175020177613888
-0.2069562008302479 -0.23303652003502043
2.107904613254462
-0.22822380507269563 -0.9331723891366703
2.214120727192987
-0.10854963285331276 0.8933964118497694
4.062908948612317
-0.9071841848687824 0.03791946140671493
0.8201044006283178
-0.4247445247253717 -0.9339371179398663
4.470102114738371
-0.19642531454514928 -0.44207163586549875
2.3294605456911737
---
44000
77
-0.33167268290807367 -0.13868936574849322
0.025537021539644655
-0.3279132408536225 -0.15757862504748213
2.8633312942747624
-0.5122229405975501 -0.7065513074602573
0.3643034790362787
0.684837164306448 -0.063203379827621
2.437657161597576
-0.742799224584209 0.5010104960612628
4.431735602013699
0.7454148016139839 0.44418629579535573
3.4654450207480734
-0.7281982742798011 -0.565279500442133
1.5810394594937565
-0.6644330769363352 0.8110682457615532
4.4248308796846985
-0.48896556936310004 -0.975271426312612
0.11492196139191346
-0.6797888024403455 -0.5823459434438566
5.4659170924266425
-0.5356476509780772 -0.022799635020735533
0.8767117687994777
---
45000
76
-0.7010504163338304 0.3621889770956055
0.6598656763336059
-0.7090947347914454 0.39032481823149573
3.1039073463720133
0.7783620550268275 -0.4073306297125287
0.1141270810910946
0.13753946644400775 0.23501353777403006
1.1216878727362518
-0.06006424321487831 -0.14968345540935574
3.3144398900479217
0.009741611625648332 0.28887303710158246
2.904118948349992
0.5800644026677447 0.8820288684526983
2.908430732046437
0.026452029665471936 0.6011470650812847
-2.518799563252973
-0.36548145377056984 -0.5299828505082583
2.0511548678475453
0.7540412123357338 -0.5302608423927889
0.6580658787110043
-0.18322942235387973 -0.7473524279886092
6.020150919588451
---
46000
76
-0.8361873648589694 0.43859817097602927
0.34503491216461135
-0.8229629014107465 0.41333623905899086
1.044414062676263
-0.6160298755649253 0.5542620833869375
3.534001117544041
0.4479176422700357 0.22209029657156656
4.980758474243518
-0.02285095342252017 0.529048893729461
1.7745775066317409
-0.6092517684219505 -0.013013807449130596
1.4817388899246162
0.9379904947647417 -0.8695852420727073
0.46236778236840437
0.8494346801945212 0.713301334223235
2.2912564831874125
0.9373727616124085 -0.32467652320826224
2.8609475049140443
-0.50918979781186 -0.9750185060621449
0.4569002188321103
0.07852442581182191 -0.24728672323272433
4.458567043005591
---
47000
77
0.4275183510274379 -0.7037954927116628
6.26967963258519
0.4558538122206547 -0.6869213607309376
6.175936128014687
-0.3755085638559556 -0.8385377582530258
5.8377073943640045
0.35847189527279566 0.2898003538775179
2.338526269507661
0.11248485651196585 0.10061842101475169
1.6885998204713921
-0.43154623401538106 -0.11621728025087893
5.8874375622717645
0.5742680798513824 0.7961385793413402
1.7007069667427361
-0.9840087512853252 0.8300290630781226
1.1304195790352436
-0.9347792163150097 -0.4139517399861027
3.932565004659536
-0.3402170406825056 0.2672508483416066
6.164974835125192
-0.30878910145506605 -0.16917129901048172
2.9894837091631494
---
48000
77
-0.42648584503226833 0.7552971209486076
2.0847746862916927
-0.4338749820289332 0.7558562603458403
4.351699792385625
-0.6940085213940062 0.0023167618152177757
0.4188404212488983
-0.47908395191184006 -0.11260211838705883
3.4977391714076562
0.09427236748930176 -0.5164384519428261
5.146555630615236
0.17870586468677732 0.7810742278918146
5.023832861616047
-0.5756027893517304 0.5819573947349125
2.6515748130051096
0.0794179880564656 -0.3809464685706383
4.061034484968247
0.023568653992895726 -0.8447047973814297
4.6096519696467535
-0.21841911013556461 -0.5731880100001651
1.8574569081601267
-0.835658340246321 -0.3582796454714281
1.2745221751601399
---
49000
72
0.3954835997937355 0.8174328084948628
1.4028701207225882
0.39527952399596117 0.8173788011372054
4.46411829340713
-0.9363080516684106 0.03861495167209609
0.7060329908160634
-0.34449612136950325 0.12977048760561138
3.66997889866935
0.3829168944414312 0.7106560258630468
2.8871445163154608
-0.21122633509583705 0.1011934668524758
0.7257816806014254
-0.8058248054858829 -0.48844284952723604
5.498630324248018
-0.6668603324531895 -0.45034778408342624
5.2884267626064325
-0.2586687132435685 0.3783339903578133
4.782516346649487
0.3683745373891701 -0.6001177241784833
1.6238778574236417
-0.7576841278524448 -0.04357915180076441
0.9194543900260284
---
50000
75
0.442526742458378 -0.7283320791916463
5.854574527357825
0.4324220702742121 -0.7191449631703076
0.8563584199826328
-0.4574779690942166 0.5770171676171851
2.618357254805818
-0.22661719287943566 0.31514544733748734
5.708052266814045
-0.1264488955096327 0.6521332205297486
1.1700743009448935
-0.23212902043218764 -0.8324129524567658
1.7183308112209899
0.01474063085256113 -0.5410795471246982
5.5178647487931425
0.06652261438312185 -0.34777166214555016
4.918550733478304
0.7612162569719245 -0.28479076391210073
5.151340300286794
0.7141407139755006 0.7517323302152339
1.5011227900672903
0.1810382334477203 0.26355915287507314
5.579808174637353
---
51000
81
0.6288143821450392 -0.32149794305158225
2.7056099031085403
0.5797723123334048 -0.30486165705591606
3.6346667313910404
-0.7931833625769403 -0.025471544494061756
3.099247088593349
0.37967281890554627 0.5687701353729778
6.043907665915821
-0.15845206510524382 -0.9398232037117132
5.199571682322191
0.6836648599750219 0.39486204149819215
6.094992719400593
0.026712245797507184 -0.6394823537315996
4.695206963081196
0.8026405614192771 -0.1303773509199536
6.129361578739385
-0.2556491773899719 0.045488681039630066
3.224069685253875
0.340544990263417 0.9529700738091881
4.3757580475623055
0.502499274570823 -0.6188575387297139
2.6186004835969756
---
52000
68
-0.8365711133181405 0.5375439781658259
5.4006260847078575
-0.8111500068257872 0.5267781673181638
0.7520712786131245
0.628703968673986 0.47404006030758067
6.0913079780142
0.8657414993922877 0.015181694803597882
6.110836909154177
-0.2567697192050065 -0.775717616561845
4.274276355887443
0.40059385501697403 -0.7877829840563835
1.0199794183548425
-0.39638605436166857 0.9360397380441956
2.949274365038569
-0.5912064046006096 0.21181344967409949
0.9947870696610286
0.22574286939276295 0.19040474306233088
4.802467556584304
0.18122435875318138 0.22160285948891545
3.0666633890569717
0.43576386502943165 -0.4983107155922797
5.098672150832538
---
53000
81
0.7157284163944858 -0.7869171215134868
2.8284999479042097
0.71541358339991 -0.7589459757748563
2.276079097853783
-0.24846818181804317 -0.7754610362071056
3.263640165891635
-0.33786208922705824 -0.27486559140756306
0.15537677480584566
-0.1310242094036543 0.3696739292492536
0.73899059996773
0.7651441866652511 -0.5540859774774087
3.555978689326345
-0.33149167438921295 -0.7013681503137598
1.4220895621374634
-0.9988699391074493 -0.33752641589492727
4.9820424564190295
0.04941927994740521 0.4973097799921276
2.731328272944171
0.09608683555448963 -0.9870252934186728
1.9980907407010617
0.9573030909437097 0.8411073877130729
4.93902276635763
---
54000
71
0.8860665150396662 0.047964312578034254
4.564337714219442
0.8639666516372695 0.034914561937470306
0.3924701980587253
0.8643433988865477 -0.923283182617917
1.3182947203386783
0.6671004699858227 -0.01871883786034968
2.4476705557784744
0.37356128006973943 0.3154762769582443
1.7787593990450379
0.6120527402713138 -0.011264067110498377
0.8778351303931711
0.22325156000718796 0.6750208318381911
5.844970296803866
-0.004913851866202815 0.9463460551198536
2.998014219079044
0.6234476144697421 0.9919476450609366
0.7348569922894992
0.08766027033071544 0.7281986933871869
2.9476270988310294
-0.40180989488701413 -0.6386608555247939
1.6369152300922014
---
55000
78
-0.783797282615628 0.7588396923403524
3.6826388309635893
-0.8058262845804711 0.7497101147058853
2.9872699770903353
0.6364796429919156 0.8495951610710974
5.763142310484833
-0.962691180299594 -0.3977478156068752
5.17704529713878
0.8179178456311117 -0.5851304792600404
0.02054248251275581
-0.7605769461350248 -0.3365348986854428
4.222989870860489
-0.1064867078797091 0.6490016257219845
3.259738610403243
-0.948069365142591 -0.9487181717270874
0.8331966355713574
0.5137166479226769 0.7819981437196668
3.698331742828917
0.5190993577039082 -0.637582634282355
1.1841839814066226
0.5530452923307362 -0.8368231115889895
5.564301610997847
---
56000
72
-0.9590508287700611 -0.1259130238567272
4.502352093624521
-0.9611135981428353 -0.1380471372476616
3.488618217933303
0.652918403717238 0.2812176649900304
0.23150898707463785
0.314772898839624 -0.20638021724922545
3.0852450770490423
0.6417541978105519 -0.27530977807349843
5.621022840424824
-0.13639476758194313 -0.5736450949234572
4.141364930799099
0.6214848899858803 -0.5069257006543859
4.345818438916511
0.2502220215454817 -0.8638667529220511
3.4409342556951525
0.48022321102881904 -0.30813434893546077
5.805309378179967
-0.07335038625447968 0.22541956014131423
6.198172350129451
0.4280681130551569 0.2996743775128844
5.532787839812749
---
57000
55
-0.2791977407623114 -0.39661194103187986
3.981233905205751
0.37661063538886536 0.4052764639018955
-2.646336036330816
0.5435645912047807 -0.30732513289662533
0.5792394719899923
-0.6765888272103516 -0.4786061974382099
3.338815111110896
-0.13902388715158825 -0.8449913789386867
5.618917512652771
-0.3995182183312919 -0.7791000885127138
6.257396716953309
-0.203397382592462 0.9348070010413007
3.44623441107937
-0.7020824945732472 -0.5595628653641648
5.629977342847462
0.6921081420309727 0.43440227765333206
2.0938402428145233
0.24697467075205803 0.5428563935020683
2.7587365313567886
0.4838532274391829 0.8383340247068775
4.575849840135673
---
58000
75
-0.753357277530045 0.2056550114590916
1.877310320593154
-0.75407822008844 0.20537129804498136
6.221731676222183
0.49301293960552345 -0.7744328821886475
2.7020649102427017
-0.3541720938086423 0.6368199583756878
1.8889360360949192
0.29655136720821873 0.5202015333389238
4.1148472367355255
-0.5651165699586402 0.3902263453391981
2.5310513299996646
0.8752133836263318 0.6398838710960699
4.378033510212016
-0.3302381916943805 -0.10856882983675258
1.7300296333682779
0.4235618830220496 0.7298475472226872
4.3431921455544
-0.6341342522657325 -0.4708546027816379
2.498179099146401
0.6808776993054801 -0.5056183209361277
5.793086077892736
---
59000
63
0.92309232630772 -0.45828054148059433
3.622332612445506
0.9246627155299011 -0.46345697966452176
4.975102991951721
0.5246000673173691 0.9719927163544829
1.5517937638615535
-0.6200191632329957 0.2728968229674077
3.8878558620757113
-0.7951117625680715 -0.6207028881690282
2.04384136196024
0.311365865978389 -0.8990540085439548
5.323429052162394
0.14019190287764988 0.30853149861338636
1.8612755244138839
-0.7697403675176784 -0.858851320525382
2.8169161258996116
0.5048554678803169 -0.1750018176054199
3.8479963199746923
0.9979066105922614 -0.05541405829873532
5.526782647805122
-0.491579153806643 -0.23598009198140818
2.0555073843714746
---
60000
74
0.5466007784946695 -0.5142311797571537
2.2804902026419787
0.5461833541113452 -0.5082702524056573
2.0882060343550126
0.6779240158189613 0.775372244182787
2.2806724429008938
0.5576302646537898 -0.9605636555648887
3.7827396746770336
0.9969331931617396 0.6070173821063394
4.785879448919117
-0.11400075339927805 0.0952051566639538
2.2079048342429157
-0.08211037881565023 -0.19256293208381947
4.915269579851374
-0.41178210199417326 0.40050549313059347
0.2967547455052948
0.35955112977158904 0.2485320196990508
3.8179674623736135
0.6214552585031607 -0.047298571471674294
1.8319749285397897
-0.7757445220496685 -0.8907707623494026
5.761812320548069
---
61000
73
0.37447201114649475 -0.7352342226400189
0.5735003736136873
0.3513436583320286 -0.7360937142492104
1.4331897972637675
0.9068424068801691 -0.40766662326087194
2.0696538936219104
-0.2773262505831064 0.5266893965072317
2.8081036001687685
-0.03792780891016466 -0.134801727046804
1.2254698560732216
0.2430282109516715 -0.6289356241053772
1.2185181811834866
-0.05515446837282656 0.03410496923965939
2.415496452743545
0.9810253715005839 -0.7787143721918981
5.588760680328208
0.9456575403526006 -0.529542321133883
2.41984484918056
0.6887094910656226 -0.5889907106848608
2.783336769699309
0.2761874789930345 -0.4813694777333628
0.713792892819811
---
62000
87
0.1763804792462501 0.7141262477177565
4.371334709664769
0.19603579427350776 0.725808133086434
5.603167791615406
-0.6396689343737031 0.14307854461600236
5.699082873936806
0.3921455620923607 -0.991172363317304
0.49618071089051785
0.30850526580871335 -0.6070850995370919
0.13405718800435196
0.2547219002599274 -0.9937978232320173
4.696799022848296
0.7017737169226046 0.14847542656890236
1.8894981923062026
-0.526334148142708 -0.08642739185060927
0.6506599637725943
-0.07978478374671907 0.38928473604487984
4.5061988062923195
-0.20168894660788217 0.6317715315179955
0.46005059311520125
0.06624003533919397 -0.6530632195448578
5.749632123804569
---
63000
64
0.938649314859937 -0.4318244215954945
4.244229278431663
0.9448265693011773 -0.42557838411041055
2.3804171300036607
-0.1829701165613961 -0.16130263856036153
2.122119335312199
0.5058640086416176 -0.45049348436006514
5.857926383516914
-0.7006403487941018 0.24164947424375868
2.893005806025707
0.2782108916836735 -0.4462774621720598
1.4865278544428948
-0.18913241914897386 0.05528702747767409
3.4868641437591403
0.5626239002913787 0.9087105241220227
5.987577064738289
-0.5465428016969247 0.06585492314605901
2.3677820661995814
0.8121174664817783 0.6810684860929614
6.230718825680791
-0.06010389169403272 -0.444392143600834
2.7798284501704638
---
64000
81
0.9952961594861811 -0.5055433442564826
3.630587856371626
0.9838943999050553 -0.511493520275123
3.9539519170778616
-0.046242953030637454 -0.9846558811351097
2.714891140668609
-0.3157301027104683 0.6277249423313137
6.0977572446971795
-0.19709807985121647 0.822116403144727
6.047300411234587
0.11523050739156604 0.1870450670497752
5.327363317133167
0.9583961159829596 -0.6336830678770409
2.679891210075409
0.17013429759528392 0.2339309982423857
-1.4676490947132874
-0.6326107903571242 0.3595946475238081
2.9492134687812896
0.7331866667005564 -0.8858159276187749
4.9385809437025685
0.7576971198438754 -0.30560584064050256
3.07676253098861
---
65000
75
-0.7339634035790649 -0.8320445033238157
4.383586577728881
-0.7299890191654911 -0.81288736360231
2.9758650179285002
0.6831589691275786 0.3918293048324801
2.554261096310344
0.14639764795090324 -0.162733126904476
3.2692832938807115
-0.10622079770162918 -0.15699030967120636
0.5401597580006756
0.07969013506320917 0.08920812442303988
3.23429217579214
-0.5400878911470538 -0.8458292119335916
3.434442729632239
-0.06553135777335772 -0.7685025350382753
3.356307970090831
0.8923518026171922 0.5918170915844401
4.667084100988591
-0.4997927264597392 -0.4191824275503683
0.17394022123088515
-0.8432090615425357 0.5558576956664568
1.7613396416553337
---
66000
83
0.915036675662051 -0.8022060195694746
4.100710547251785
0.9143509381973196 -0.8063503183031774
0.3997759878301599
-0.1269944207977631 -0.6577533498774287
3.5162590085486105
-0.42090649030989224 0.9385060767824038
4.3620028728851095
-0.9612557083670192 0.6378624062757224
1.156992725104712
-0.02801442201735002 -0.4465556251181953
0.6975666853060503
0.05438107406588995 0.172475957489924
1.3718309533267314
0.572407395750326 0.8609616451248758
3.1447746300098194
-0.4677119734465675 -0.5896982783305257
0.33540247203197193
0.46376432487839286 0.4804380112704475
5.434681608970652
-0.6474300230272634 0.9875286128230445
1.8200297556460603
---
67000
73
-0.015259163470721405 0.8087950142365045
5.20793444333513
-0.012523379632657344 0.7944904129730035
3.2096331720189717
0.22330709809843718 -0.4551750359703371
4.001697674926174
-0.7386769384586961 0.8100089441181051
2.295844996507334
-0.9935969613162631 0.9755361754047706
3.557077882922079
-0.252933100196549 0.5588831738782544
0.16533871177531023
-0.015325221119255626 -0.2124169155015958
0.23579755659175916
0.5956025715131775 -0.8765869910752402
4.408677566065781
-0.6148803727027173 0.9318115434429953
3.590447775480486
0.19479946534873563 -0.5708022765199094
0.1397404466491574
0.45565376599966706 0.2144995960682014
0.7085653920541697
---
68000
77
-0.547763398510463 0.30075765802363685
6.098896628147201
-0.5435742995794131 0.2993583790658067
4.704867324615313
-0.11030347849961354 0.8971529077614467
4.6332160459247556
0.30421276606016456 -0.9541472416427987
4.725648296757394
-0.28645595695343745 0.052759658859395174
3.624540346018547
-0.7559888201801832 0.9897402253391425
4.6005699360338985
0.3414838202759145 0.4694873492396307
0.2491273583399094
0.7291886735407516 0.35114133725260277
3.37307356964652
-0.6452304115279067 -0.6857415019448294
4.791003269182335
0.3519654014562822 -0.6586443839435556
1.779647699095345
-0.8760973200653924 0.34286081894719445
5.889082011649091
---
69000
73
0.9582214445152908 0.35999745203679445
0.21142916493001268
0.9678242831686665 0.38068152530946137
1.6125799162388343
0.9432972542567888 0.31740379230484533
4.745561270764332
-0.326687985335886 -0.5245034884246819
1.9385055707793653
0.9413153069234093 -0.025998622169887523
1.2923530690866638
-0.08090273709046168 0.06056712981938858
5.890859127481297
-0.8160629554170502 -0.23745922675556586
2.8258442034750746
0.7826861848517044 0.42004257221279845
1.5774526084202671
0.7068136429484734 -0.8092076283867927
6.203531311923836
-0.5480151851627384 0.3835324891253984
2.9171392720180176
-0.550916940491701 0.1044819494377913
1.9738619469207617
---
70000
80
-0.5167253050219477 0.7457826026939507
1.415010298903291
-0.5257664599898448 0.7493151716455607
4.409240550778895
0.5288746213432026 -0.06540180109269209
2.192841041253832
0.4437044751808482 -0.8304596313440918
2.358916679445385
-0.9417157623133976 -0.44304170444154006
3.752347795223246
0.7087068844110774 -0.6258118182655626
2.7284003969053163
-0.6151972362983084 0.7587043632349288
2.216952280546149
-0.92163715153371 0.2671026827194065
0.5886249904541447
-0.3953608944393479 0.9701766109329718
2.5177690018470384
-0.14852018626943916 0.9063462448741681
4.863833475545575
0.6289891900178816 -0.6288047937960441
1.1358991878651228
---
71000
68
-0.5229287259191707 -0.7058986548184041
1.82334711399034
-0.5271541010716825 -0.709869708432916
4.445485765004049
-0.6556242403924927 0.5867386517995825
5.521827853739258
0.1752684000821357 0.10217130872873531
1.0972132378239126
0.19640230375880785 0.3255663963176812
4.64846886741373
-0.434845748733313 0.6519626233160993
4.509212131282078
0.05066519954378618 -0.5981094228375635
3.64581979092039
-0.9636732569869989 -0.3635595553415138
3.0986776316921887
0.37493675363260603 0.6085436974640496
4.981250303279107
0.28383825038231947 -0.14393814648055364
4.261151826037738
0.9039125053009548 0.7663391855508956
0.3116838209505133
---
72000
77
-0.31174929211316793 -0.11028178414425255
3.684620808309507
-0.2833861263063979 -0.10553966131194639
5.259990094887438
0.5512365454750413 0.8305645688199277
2.591562289609529
-0.5638692071668466 0.6358992260882121
2.99670083783208
-0.5438734933000092 0.3220879623704646
1.1844443854074642
0.01970914448328999 0.7667308259025464
5.580488171657747
0.6817862999440114 0.5754084421148887
0.9353859030540015
-0.0899371357245593 -0.4573554239151707
4.723164133648735
-0.6557135660687974 0.5831917218197595
4.341057668017398
0.8925658795948219 0.5548054026746773
3.8521248738214977
-0.1002624843536255 0.18322426634886393
5.165863210089607
---
73000
75
-0.001394804830480172 0.7641545649522873
4.66113063968772
0.050826038303156934 0.7261431029288953
5.833209107155975
-0.3554810086610719 -0.9511206818507189
2.374278264549047
-0.3356678821390179 -0.032984870963411864
0.027960532777047575
0.04629762712266883 0.6646522627856214
4.954200987309324
0.33779722022514774 0.5666146555615165
5.602208121164673
0.1087988537735072 0.8545830121388545
4.810519317418878
-0.03889566868350405 0.8384835140914197
2.043312467198394
0.5947826921541248 0.39055055077195416
1.1935745904826547
-0.21654043037305729 -0.03785007833250482
0.7136014944946352
-0.19686249475101458 -0.385073857853451
5.756129873183245
---
74000
76
-0.5187276217605078 -0.477589664318983
2.3458206880710186
-0.5272530479552993 -0.44816429794337526
5.3673112843967345
-0.4931662043187221 -0.837850336916465
1.3951828757432212
-0.4818127792733105 -0.9722952837203732
3.7037025879962506
0.6725625090435762 0.7199713585984276
3.271061877005801
0.223010729964 -0.17710902481714352
4.886942628083143
0.02003903450156093 0.26633555825718924
0.35804120264695527
-0.8812645551532774 0.0038491043854497163
4.128058798476428
0.9624006317580905 0.031864547539694366
0.20288868558962703
0.37792440086926393 0.6156492856448804
1.7364965696046442
0.24572337596910643 -0.34571860515407854
3.7230455674277607
---
75000
76
0.8128793485229866 -0.6772082023109252
1.5551817011775702
0.8107352588821605 -0.6692433035577645
2.739100689431229
-0.46212306242345885 -0.48981216969551084
2.3942039640172412
0.1364650551411072 0.8060588457538572
1.0150827339922701
-0.7200331900755363 0.11884541365905515
0.21378929785880274
-0.12476359684906498 -0.6163638826383766
2.9157445413153766
0.9777953805948933 0.754089572446902
5.573260358671064
-0.9067895698854476 0.33377563797328386
1.1674204457095465
-0.8826405288877803 0.9059875170729228
4.719222667767311
-0.1597392852156572 -0.5141351494881217
2.944820473305789
0.18804690297055526 -0.17000734060607578
1.5237264234567247
---
76000
69
-0.5895687582006972 0.7056544757708889
2.1284834369669676
-0.5770921007240939 0.6928179548363118
2.099426417858729
0.4693491109644837 -0.81914776719224
5.21580586671694
0.6100711560239289 0.9497691731289059
1.9464675557587023
-0.7892099777072912 -0.23770275526150775
6.076270719880112
-0.38086753098584203 -0.6943158124634543
2.420180942800288
0.25053903055055676 -0.8190763537597835
1.3409282966641323
0.3624191111248656 0.4336614188789565
5.889865238820677
0.6817573887259372 -0.6605379234975479
1.8624864687559866
0.9268006153849399 0.10717757778686998
0.9727861723154456
-0.1577869677974107 0.5558734024334724
-1.61799782238574
---
77000
68
0.47113756614248353 -0.25340469692337597
0.7914253272588117
0.4675984234068017 -0.2515110071596341
2.827906595324656
0.5878827751850505 -0.8766922764595634
5.754604333402258
-0.5075499430792743 0.6406927440712827
0.793839830032895
-0.0893174157674415 0.22479696444999606
4.243323039056573
0.6514675781553881 -0.7711385157344096
3.06901502582307
0.03682105327084859 0.5772803636432725
5.048613442594461
0.38128090542925835 -0.019350581147330133
5.02044440130487
0.8726395768598313 -0.4627719088134779
1.4757353355686744
0.8754181333468725 0.5469894617433396
2.563121078106443
-0.95823508263506 0.22099847469067715
4.8557194957530845
---
78000
74
-0.602514750735056 0.20786740682072255
4.791947636648518
-0.6046451834833371 0.20837940253616477
4.595087855365873
-0.6761894110782638 0.5226973970152916
0.9509821018159661
-0.8860374698331311 0.41598920057952155
3.389897144421311
-0.8687517991750446 -0.5264102934751331
4.165647406971958
0.6048048674529802 0.13499078874453774
0.5182142798805272
-0.8585491558571906 0.061030416094993045
0.7687265231046991
-0.17194801382102312 -0.22532360200081125
3.882562226064347
-0.731735628918844 0.27554255850781195
0.07278023264033884
-0.6723097948440132 -0.003942301901825502
0.6328288996155926
-0.30626921147440794 0.7063362616033452
5.215483855986351
---
79000
79
0.9512806859316398 -0.9606663046630269
4.199119395268879
0.9541072948248569 -0.9607606339286465
2.974342260606906
0.11298126672987002 -0.9203222249717953
3.4308022472610693
0.14930990164382482 0.4764271739362057
1.056786588619313
-0.05616412758053235 0.25217936836159494
3.067319389604851
0.18676116924057798 0.13428090634837314
3.7762895842614954
-0.21683058722536547 -0.1833979817204358
4.279066869172437
-0.8694114814711957 -0.9248107239509327
0.7811523506820963
-0.3142506278403017 -0.3692300016759333
4.1189774625496955
0.4203403131584643 0.8085044227995073
0.5503718577197674
0.5807975643191707 -0.18297474489747242
1.2420801091945455
---
80000
81
0.6452437576249878 -0.7503274765886283
3.4126687249575345
0.6496163885821031 -0.7507530162955396
3.2997664014971457
0.10426358182275831 -0.164127297988026
1.2434914515020434
0.28777051547811505 0.6113823189729212
2.827317466366533
0.5296752890664269 0.5725317239457547
6.009202403212106
-0.8788121934596904 -0.02506679745535199
1.0360256065714637
-0.06726046869157135 -0.09768489055907456
3.424575962953301
0.7897080907380974 0.42848435280036834
5.53996482897427
-0.8822865397211053 0.652177777906811
3.821220801447457
-0.003932606954514304 -0.7324178672413713
2.1108516543120732
-0.00875947783639241 0.1648246014114657
3.7437089967563484
---
81000
82
0.19554508371278037 -0.794560273141349
1.0480875083363792
0.2110390023218332 -0.7905029230153249
3.3731966303250607
-0.12688394412171788 0.5703799518739334
4.917540199715069
0.9567661544452284 0.33110585213596005
2.740885855849122
-0.9111203775681711 -0.19927600899297998
5.277391966072605
0.7309013671845183 -0.4425298172191597
3.6176559937301347
-0.7332366644845 0.7924482296078806
3.3124588128395542
0.4169641366355854 0.41135890260512525
4.614761816147192
-0.19390422742895802 -0.5147382605047712
3.1576993430813705
-0.6353426051838005 -0.7135799098331813
1.14603245110977
-0.9141170074439658 0.3924788413974793
5.767525683349219
---
82000
76
-0.7209949980513651 0.6723879814085952
3.7046360691608657
-0.7176262384119813 0.6718536696665178
5.57387062527066
0.938606456227728 0.8241568210376723
1.8738679426328781
-0.8493323173027898 0.052421916123519735
2.61025829911648
-0.13272730267463068 -0.27618412157088057
6.114635546265812
0.21429084812323979 -0.342366484906619
2.415745838529289
0.0884991942619534 -0.6034030718056148
0.39513746133456173
0.08257974422066347 -0.8615092118471588
4.377714704250051
-0.8405606373487502 0.9624524118773131
0.695681851796377
-0.6610592930660577 -0.2996782726644652
1.0193508218800167
-0.05929694054548653 -0.26934708010312797
0.08613869196149526
---
83000
85
0.1146805195419742 -0.9014452912269747
4.988237497992818
0.1253215611087718 -0.9147640277177951
5.613044246911661
-0.90116113985701 -0.41250874589684877
4.101420754548091
0.6417631054225876 -0.9302730522921874
4.3860493263704665
-0.06288879939315595 0.19794488185545894
6.067302488140151
-0.8276716632828176 0.24403569496436178
2.845265380710125
0.656869075951305 -0.44183838229893535
1.8149240447516304
-0.8807783475744526 -0.8819201859158595
4.430566025180491
-0.5999521233046599 -0.9777580305943535
3.2082551772020986
0.9312003250081083 -0.9449447314067352
3.2380347311913953
0.1726321074570995 -0.9668012870352465
5.694564145666293
---
84000
75
-0.6576356341839165 0.7255308461624769
5.457704328620511
-0.6712234759991008 0.7299796388415505
0.1410909676251242
0.7388915042617827 0.19170313608640932
4.338890537492061
0.9691492989851498 -0.4009256821547248
5.383077264721934
0.20548793277477712 0.11502758390282639
5.096588769277563
-0.05149604563317672 0.17715420640717258
2.346217069478797
-0.029174051725499077 0.7606216715989522
2.012379484245719
0.08286861884012785 0.1986578584898278
5.187239928593563
-0.2171479034538487 0.45429898209663544
6.061457805577179
-0.8119221309977639 -0.03425571336795649
0.8609331742279434
-0.4969936101601585 0.668794016258877
3.862059530699498
---
85000
66
-0.20546177673966218 0.2082952079235994
1.9783287323759613
-0.21379950290006497 0.20682528812230444
1.7589261723614804
-0.5946605947826955 0.28835182588036945
2.498469840595676
0.7816358218601506 0.10432427592273612
5.356529541940171
-0.7557921737635518 0.5507970869158215
5.940870657256665
0.10989822406653005 0.20746739076429152
2.1963689990043553
0.4365876854124937 0.15292108522353395
3.5214519637832575
-0.44602417008532175 0.6590489787444882
0.4437451245586699
-0.3043873863324922 -0.3414271533275235
1.189585412470504
0.6017852065731936 -0.8092287059529527
3.422942729985908
0.9788663867912163 -0.5529802533340987
6.180779679450888
---
86000
78
-0.0760585037255062 -0.7213522373063062
1.489830654421757
-0.07970937814571097 -0.7065796153392951
1.6148437949641652
0.7364610619184975 0.48375758294587273
2.1285164457077554
-0.32720111589854095 0.8639977743240195
4.250032449714521
0.1697489104927137 0.3102006598332799
6.008190285521673
0.8203790200586686 0.044808257750994826
5.9608616739797595
-0.07459727329897853 -0.4778000658730238
4.9057954900645955
-0.15289454994344648 0.7711650885135817
2.753406110357819
-0.11445273581140926 0.5424912256316021
1.7083392398993889
0.5871187388941799 -0.177035639148388
3.2522605979108654
-0.9022413622411712 -0.4223952783527284
2.302218056535657
---
87000
77
-0.38328781323443556 0.8729869010202772
1.9756200438932372
-0.37723427586515035 0.930736311658979
5.351199999833792
0.9031675830331864 -0.9646571198094328
2.841354188119009
0.31684393065667604 0.10841009671107184
5.90059402763642
0.0625751661008058 -0.4620965483426954
5.934187593638207
0.2777653433445542 0.9844032925063015
1.6875935141161538
-0.34057566073667084 -0.7865614795650875
2.2546927792773532
0.746146568340631 0.3492303614813953
2.492814113762088
0.41831389330269686 0.2464439688659748
3.427565191085237
0.2223465911708194 -0.7703472366386321
3.4838481959501513
-0.5468862956345719 -0.6484534403813198
0.7608751906505322
---
88000
73
0.17600292134008189 -0.7468050100708529
3.338270830831179
0.17444565634947223 -0.7506917901131561
1.0641007474735167
0.3443891764721236 -0.45703181960507455
5.299549529201865
0.6512087739552725 0.3407136887578288
3.4988907915794503
-0.8633164377859961 0.38970077591983066
3.716143204163232
0.8773118192762241 0.5250952284795724
0.8382915938465745
0.8255762663311355 -0.28022257597837175
1.820227113141537
0.7422975435131707 -0.041957157740993054
5.840648275826951
-0.7409119676153896 -0.12705427545450065
3.0792096595669616
-0.9667601782856633 0.3940635087233671
2.37949387693424
-0.5665911682458971 0.2733706584857426
5.422273025239307
---
89000
71
0.41063100648608386 -0.5497793052342971
0.92254812789828
0.41335575465200336 -0.5476373553439905
6.037855048190413
0.032578819821025534 -0.48308313761295907
3.065425471639557
0.8598545145153819 0.7680227370329482
6.143241797470608
-0.7483276213681292 -0.5789688035977916
2.689278693275633
-0.6049619206053036 0.19217418371315176
4.805360910110356
0.580848149447554 -0.12017436693639076
3.876277531745247
-0.8153797857238647 0.7474028519328607
1.1806860245570876
-0.5392189009600169 0.551581491327574
4.274015317523168
0.6174078118465917 -0.0245905427963459
0.2359742242829359
-0.8582717293041422 0.3701320599908446
2.572316592109644
---
90000
67
-0.015777905336437394 -0.15156685831248748
2.093330488227156
0.007405229838670478 -0.153270342506105
4.996821404681269
-0.49084833126492505 0.5560553786246807
0.3558886302478088
-0.13743421222289703 0.9412213845556041
5.10704564798937
-0.106579418441753 0.8101103357534076
1.1490261587100843
-0.7562182993005268 -0.1459507971617077
0.11674181154886476
-0.07803451936325802 -0.9725413097660093
6.152964264709776
0.3245347512651907 -0.5617392265870381
0.9341300783413526
-0.31743130276303355 -0.3175960137224701
0.6987195616160085
0.31909301926971867 -0.564620129887022
0.35439929325696884
0.2887185926079729 0.7555477247741439
0.7558097358395779
---
91000
85
0.5491373243456796 -0.6052730377698502
4.607339511709516
0.544968511919905 -0.5841797039632866
0.803594582215629
0.25902096868218927 0.8107856964700345
3.566326029920959
-0.8950550191956067 0.9405133952738793
3.9858178148210337
-0.7036139362701628 0.17969278957777507
1.8504826100661287
0.5832564703700773 -0.7813755166223305
4.165117300607285
-0.6056772151912735 -0.34329337948168037
6.153705272971179
0.6513014957804529 -0.19256043224269906
5.4943573889099095
-0.7266105745374641 0.7651861276704738
0.7198624475711783
-0.4978733733438615 -0.43086841247019053
3.7728567828687742
-0.21925258278015225 -0.24261223797201514
0.8531547427544437
---
92000
74
-0.7097923999108414 0.8832803483638998
3.7030054011581797
-0.7236095123712665 0.8859447189560735
2.080443586953932
0.6920280928300361 0.6098740768250944
3.835571200112466
0.7166693432381304 -0.37697222201238567
4.3033197025803345
0.2018397762016426 -0.4499977367748941
3.9473147356341522
-0.06831873258571461 0.5725048378336648
2.9433522051266214
0.30149955029677666 0.8894085741621325
4.591450365712303
0.304663561049899 -0.21076496019854316
3.9148801276802896
-0.22163663570738487 -0.5773000787258679
3.2903861353328123
-0.09751257280464269 -0.8654243008832376
5.605531892908671
-0.6392060496720389 -0.6102087505848847
2.158135133213144
---
93000
75
0.3663304903867194 0.4810180472526434
1.4293196353402842
0.3522873415663257 0.4725956015191319
3.494227809886161
-0.743070408750122 0.828587824880385
0.768245531747394
0.30942123702373303 0.965085760953099
5.0712252266738505
0.16831511483749126 0.7377901674174836
4.350736280912052
0.5306239106872183 0.712592270760124
3.483875981257815
-0.33193400426815306 0.9747238248001071
5.409866127200517
-0.8306614049803331 0.8705761055182478
3.3798638148836924
-0.9343051308900541 0.43506903297110466
3.395181327182379
-0.8641837037654501 0.9827017945408503
4.862128828984338
0.05185343648574203 -0.6753525910197486
3.2500022703529714
---
94000
79
0.2628548704428631 -0.13032100173870126
5.216809653804042
0.2623332411935923 -0.11855137468899143
1.6366305898167939
-0.23964590361216986 0.2878097605991887
5.319001371817903
0.1609682255125159 -0.755168956169943
6.008655545972317
0.7807220284145694 -0.405203699270516
4.376685258643074
-0.1961574187202405 -0.18156309514154126
0.541535456030366
0.09938386579636685 0.2954961793063192
3.9314486087315013
-0.2923059008345488 -0.91203374493148
1.7292372151417075
0.3648499165723379 -0.35699682451052717
4.445646305588178
-0.7791647835575317 -0.1519681731831814
2.542837457063457
0.5199785025460052 0.11445776818389608
3.710148159631621
---
95000
81
0.7869314164351476 0.8385108996726087
5.6873414358645995
0.7884715282231205 0.837535787452113
4.129331936138693
0.810602125180153 -0.9782582082700342
1.339544395972279
0.805427626950675 -0.8818111737399007
0.9555447676172903
-0.3145282659861177 0.22362806955547837
3.1996420006815027
0.15300826653703936 -0.5766051642875029
4.995650564692147
-0.3766976450645946 -0.6166118020547577
2.5365393275671586
-0.832348267480467 -0.5854000598284907
0.6023601572133961
-0.3273924819727895 -0.060542842316419196
1.79170492508198
0.15435332184034994 0.5230024632328476
3.6684349336078235
0.3888082892144384 0.9063962749344312
1.5503896706179239
---
96000
88
0.7771938529028483 0.5040649524400785
1.4230583023369945
0.7985730815275388 0.49142001737524627
1.968744198040234
-0.6453259712265363 0.08190762317149362
0.8218935694419995
-0.8877339758872139 0.7351118934175452
4.9709353963603675
-0.40132901031790763 0.5425785211235634
3.3194372570242727
-0.9202670435604927 -0.7768067543381595
2.0144929105501213
0.6317587921427976 -0.24941120450455076
0.37237895032718615
-0.37163008777242973 0.9539774760000977
5.905830282379169
-0.9146134132291932 -0.12366337051843201
0.7686305821222632
0.9123768679908714 0.28877971150378956
5.5409632454530415
-0.09888303454715348 -0.15563565278010527
3.2274338996624925
---
97000
80
0.5585427107456218 0.6276285675541501
0.307629500056402
0.5824129866864586 0.6306495540155816
5.993429773620955
-0.6872238503111741 0.19194807951023193
1.2164416746074291
0.3003283530889022 0.608429011233039
6.094115447549257
-0.5236578011470062 0.31458893931526954
3.736624182236092
-0.9874011787317722 0.16370680041163188
0.6187475081790756
-0.14431358600823746 -0.5978009027412897
4.605187369625966
0.9870472785590927 0.7191272705998769
1.6219666944879316
-0.7845166071014207 0.4909606557077992
0.05034084873894429
-0.569632273093221 0.05249068350410328
5.0957324187031565
0.4739606512413867 -0.9912319129700129
5.205042083141271
---
98000
67
-0.9123605170296899 0.2562767308789785
4.0594303644156735
-0.8907788703995779 0.2685813794957649
3.7023122862105735
0.7285024712400465 -0.25995101601963405
4.228193475100903
0.6372111978885254 0.6358805516251826
5.401787099414477
0.25408453050512514 0.3900602959123307
3.590819126589304
0.07116055702066615 0.6532608217357645
3.337330679611542
-0.5539014031610794 0.4611473944621819
6.137570848423927
0.7350961430576655 0.575670510859969
1.0940786125819706
-0.5906883766526291 0.4528358529834958
6.113872934696479
-0.40606717738967313 0.7418344507360878
5.590677761912966
-0.949072855508789 -0.1054580038330149
0.18444393937716885
---
99000
66
-0.630655781353654 0.7586151277581811
5.557796703980501
-0.5999287686922886 0.7634839182549195
6.073042215289954
-0.215750471939767 0.597000494503402
2.937395471682831
0.3379796837070813 -0.3886184772041423
5.968282859642487
0.15081321356228677 0.41920806576286396
2.969568211505557
0.7094048267948804 0.3011179034499414
6.0266110298493505
-0.42305283102816765 0.15579416272652627
0.19545248283842742
-0.6278122141114335 0.2047748539520514
5.579800658841264
-0.029534308980694035 0.9049025789281583
0.49467919913451475
-0.09005098880108948 0.3980664209635135
1.9015925015052622
0.7250850294419865 0.8418215077267542
4.137735374099922
---
