100
{'run_name': '2D_rec_10_total_boids_short_chase', 'annealing': True, 'annealing_start': 0.2, 'annealing_end': 0.002, 'nr_observed_agents': 2, 'nr_of_boids': 9, 'predator_present': True, 'grouped_spawn': False, 'predator_halting': False, 'record_keeping': True, 'record_frequency': 1000, 'boid_speed': 0.0333, 'boid_color': (0.8, 0.8, 0.8, 1), 'boid_turning_speed': 1.5707963267948966, 'predator_speed': 0.0333, 'predator_speed_slow': 0.0333, 'predator_speed_fast': 0.0533, 'predator_lunging': False, 'predator_lunge_speed': 0.013, 'predator_lunge_distance': 0.1, 'predator_turning_speed': 0.7853981633974483, 'predator_color': (0.8, 0.2, 0.2, 1), 'predator_confusion': True, 'predator_confusion_distance': 0.4, 'predator_confusion_threshold': 2, 'predator_chase_time': 10, 'predator_halt_time': 0, 'predator_eating_distance': 0.06666, 'height': 800, 'width': 800, 'graphics': True}
tick
boids eaten
predator position
predator rotation
agent positions (and)
agent rotations (interleaved)
----
0
78
-0.8415904440993442 0.002046485960603559
2.9424441305249984
-0.9488891597173487 0.5263824039801971
3.155776695723639
-0.6641936191660477 -0.22724956459900353
1.6325221425737544
0.7960915659586694 -0.10073588378232529
2.3130070324177514
-0.7572066820511676 -0.5329936518258349
6.125787078137754
0.6282021793194994 -0.7689891476324865
0.17848263034777462
-0.8968936341617224 -0.7280937091902365
5.040175425746923
-0.6513846363612789 -0.2110988698100224
4.828805312635653
0.9203546697296946 0.8278953113299896
3.3674563207818986
0.9380207937874296 -0.03045978706966007
0.03284278465463321
-0.967662945116566 0.8688043682089464
4.844780795784921
---
1000
67
0.43963091947308885 0.713934719433039
4.3246991251850675
0.451667541903582 0.8242396548901993
2.222952512507839
-0.49787728979828144 0.8702109286406297
2.052324517041126
-0.8938189432495041 -0.07956022566186535
0.8720010259614801
0.5944741518064357 -0.9493855606416277
3.9323540516872066
-0.9845931955243816 -0.6446677195415702
0.21789870753162788
-0.21415784808583588 0.7484129381174996
3.491403895091401
-0.15928539462765196 -0.5776196501437064
2.7205882134480293
0.9407379278830164 0.8779026952712656
3.7710966931005174
-0.8472985685043903 0.6248474923234419
3.250913460023586
-0.11339329135998624 0.10286150897574328
1.871963554540101
---
2000
79
0.4747032522799106 0.6186275271210381
1.9779812349901815
0.7721805807222741 -0.8023092826843946
2.639235846257188
0.5469248283576149 0.10739016650151147
6.090675493167645
-0.15519266523513103 0.3050503803586293
0.09893735414828697
-0.31859489837048827 0.3072240759009086
0.4287666682204092
-0.9772351818920013 -0.3232006283202595
3.1349464391494495
0.8353657284934034 0.7365602321473086
3.1655372051435933
0.6635500663478693 0.2077615931678816
4.36124975120519
-0.7034097666088378 -0.8571348131663138
3.8342488882638506
-0.6223615925450117 0.02457634280908334
3.293235799068193
-0.5928119073512418 0.709858711238119
5.01376580468049
---
3000
74
-0.8550810290744774 -0.8359870932013228
5.174558375881617
-0.8889898314528273 -0.8109251779100752
0.8413991059871488
0.49467221722385174 -0.6186007190296159
0.6976674112778589
-0.18454798604536693 -0.6082032147753499
2.226323025049357
0.6734132677403248 0.5441633100009424
4.45579567357468
-0.7102297593219012 -0.27574657475231695
4.128450366893498
-0.210840643830639 -0.788861234828454
3.6428467384274175
-0.026713595291040476 -0.18600541305120777
3.431878672778585
0.951326962657107 -0.10035461357236936
5.625415314284057
0.31709176723541177 -0.10497450056698249
4.120287291808005
0.26357226796636635 -0.37265213724689167
4.115024321499447
---
4000
74
-0.9940710146562733 -0.7726919114824039
3.724034925888823
0.9844978975468807 -0.650468552739087
1.6255865408296266
0.6022189138766231 -0.5222726976144301
3.2112966959032203
-0.8534712536003924 -0.3306027942703781
5.471785597479777
0.318590188882075 -0.6641594157506033
5.660291173633324
0.4696496305594538 -0.32246285370920486
5.570376598723996
-0.49100440484462565 0.14965961699205327
0.4724837382590117
-0.0025569287323071446 -0.887512285438965
1.745774208148398
-0.8799176488877917 0.19603594032504396
4.558135669478991
-0.36101900487614846 -0.8758460550501962
1.9838609900599211
-0.8137315997579594 -0.4440969904826776
4.108383088123226
---
5000
67
0.7472773190583135 0.7715843897549209
4.200048869806487
0.7044382111640695 0.9676343034161348
2.7874177474484574
0.5338360678807682 0.5464764461807834
5.248411928984404
0.3410677193177966 0.6952575691789534
5.097608075778707
0.261462698043058 0.9677313033862945
1.874635464158969
0.3372656574662317 0.8503826939153898
5.359468552400485
0.130143869034713 -0.5837036978208812
1.504413139566164
0.547780352897455 0.1323948227610766
4.35072404420376
-0.08626524692811835 0.4930850544833225
1.683144561859594
-0.3712116743870054 0.917293731143541
6.193127862172222
-0.635575708965192 0.197259542476103
1.5636194253524969
---
6000
64
-0.9583030782034465 0.7469276707776319
0.8058378748918941
0.9684213008046458 0.5586697805175728
5.285522654504771
-0.5863163210736888 0.6658396025373176
3.9252237601175555
-0.17583738387546094 -0.9314333143912055
0.12082430313927439
-0.17537875523274818 0.7053969662998032
4.656422966536778
0.2279383348356887 -0.9466370391767153
2.951350659479492
-0.4570544480345229 0.4255064727799577
0.02511236885270307
0.4640305138548154 -0.2098949025022644
4.991103705862346
0.6675011426894912 -0.048841351064009594
6.050949226415854
0.03807590892294091 0.055433554365177176
0.44593813454011677
0.65125206444545 0.0659795819869726
6.00833632050206
---
7000
77
0.18575514768740592 -0.9345178122932912
4.9308862743733854
0.18575459283742074 -0.9357485249827998
4.5672418499505305
0.956355094348401 0.35473273691339274
5.575211111243851
-0.011123931323899303 0.44833901291517503
2.245011948694833
0.8655976306774997 -0.6461371397945098
5.956472353123781
0.22418941023902664 0.15855773065286022
5.914738808402148
0.8526717419244889 0.31102168821327514
4.063942772693738
-0.18735687384556654 0.2472724402091719
3.7877900960264848
-0.16678341873593777 0.8097606316957828
5.754005363223369
0.9803368581399927 -0.7666251642694119
2.3667525771170963
-0.9372192803244761 0.5405044625974282
4.127469674350123
---
8000
79
-0.3351960121647534 -0.14905795556282692
3.1028283270445796
-0.1071420014488537 -0.4741185962993493
2.4514771696738364
0.9825713336458515 -0.5628841232166306
2.941375014167795
-0.8716607477406936 0.37339561972834523
4.585158423455142
0.5528475976482313 -0.10764311204560068
2.0634996665100696
0.07684800916718251 -0.4642256422459622
0.5595517212922516
-0.3169361435860189 0.9890363289911303
1.8415861560874447
0.1570044515466155 0.2918234349815722
3.30315663851625
-0.4722094145349121 0.6997440625741786
4.602853142001141
0.5046752744698135 -0.691290643871248
0.23273029802905132
-0.6831913257654624 -0.1161909258186133
1.4381327197409215
---
9000
80
-0.06365869718026945 0.30085769199072565
6.25402882498029
-0.040742043374796526 0.04000660136297195
1.841478150269447
0.10558709300423075 0.8768502150644776
4.1874155281264
0.8137795778313852 0.7676322874234789
5.720031943611175
-0.4102703042717304 -0.8719199679006603
1.3492672059153374
0.758880063284123 0.24251783907021168
6.244901267415379
0.2881911953150198 0.7629555503028401
4.749184391462423
0.9864751429287049 -0.4586254025244958
4.6506781341547345
-0.8170816153684067 -0.16915882940845553
0.9182563084355637
0.618076386120591 0.2984542242972009
0.9933711447543123
-0.18266991915805422 0.943281467433376
1.2110205649877868
---
10000
85
-0.7020751750873157 0.4540765327949848
2.648923181240003
-0.5148357048858362 0.37258692483863803
2.6113280894700397
0.0458853056642674 -0.5857393247197572
3.2217491244696417
-0.41656687484006777 0.7370582493877214
1.9888557160443927
0.37026298765680477 0.3952003116047577
0.9793772161762524
0.4831032534170357 -0.05639089320531337
1.8243304023142697
-0.5096232187447522 0.926334306920808
0.34420451439551236
0.5864819869661673 0.365826952254245
0.10336362036805191
0.8333146691593144 0.009189665640678631
3.094826963665243
0.2591350938414316 0.7012985794128637
5.930752046276302
0.627135565519804 0.8310551869658203
5.374818475462179
---
11000
84
-0.08088948287309425 0.9712664159427737
0.20905971714847082
-0.16920380678161204 0.8112995622037655
4.679991003091658
-0.20231922476175762 0.9376534336287131
0.959297518396995
0.5837183404298496 -0.005389400136790089
5.536473310332139
-0.8323751855880801 -0.2840731502390208
1.8420760228406472
0.4967787066346406 -0.1181411819538371
4.8791674458158205
-0.5712497127995856 -0.47460938077426973
-1.1453246185242174
0.11455369966081386 -0.7000345452726335
0.7339041720942197
-0.9200496252559586 -0.2907875207124522
1.3100449165576755
-0.19604066317858065 0.9981476667503886
4.489866168759896
-0.27851103530919186 -0.3565475218873799
4.007657933166689
---
12000
72
0.9576490041593742 0.2228835549972453
3.245092689790903
0.9479832770774469 0.22017606383706487
6.165195480138789
0.7061917084940543 0.755027088623449
3.1162254145969737
-0.6314334485846869 0.8595379567137215
4.684789420891298
-0.018077085274063008 -0.30223116605204103
4.990209087867773
-0.26321594394793607 0.15815286239757412
3.8455131544246814
0.9874772940118015 -0.07134832023493728
1.5075146645436668
0.030247160535516897 0.7475837210419342
5.814880039191161
0.07904951238169974 0.8506690774399804
4.0113526647748365
0.06028123758561796 0.4646323476059977
2.208204660842159
0.39311763580207076 -0.637954096951881
6.036833631468138
---
13000
73
0.09812790992117731 -0.5340751178888506
3.0334918009384197
0.13594036550725466 -0.5404521778841894
3.5054075036343537
-0.3561694142459183 -0.07095409294587207
6.205618699704172
0.7149612642982476 -0.8744116336324178
5.010785871831323
0.2007953354908354 -0.9354021714545422
1.9239281038777776
0.8702500268117032 -0.9699063420704992
3.327012351830933
0.20495969928175206 0.633971033685328
4.707829788090173
0.25029120817887784 -0.8307837719694074
4.492890551265124
-0.3627620727403115 -0.6166660135594485
2.813733038159106
0.597893445140394 -0.2599140027293606
0.6340246168927779
-0.6105356750309396 -0.17605234076902967
5.045227174551372
---
14000
76
-0.13692022809392984 -0.9604845323024781
1.005053238502756
-0.13885520958577194 0.5772897953583576
4.382450796947056
-0.7143564130970216 -0.5826967451182019
4.9819795537992855
0.5262436328029871 0.29635049169873035
1.0056425112258882
-0.08916249704539066 0.43372160029824736
0.24087562719520683
-0.5653982501914556 0.3096414293050564
1.6380320137380906
0.05070079473934558 -0.018157942240246066
6.062853084169451
0.05978096317140739 -0.672738362457155
5.660819515199599
-0.2909738697878683 -0.2096637202092018
4.620968474878105
0.45036427977905846 -0.31276373647965
5.136616357705195
0.39587722033155437 0.20540843683906856
2.3593679791358895
---
15000
78
0.1829907908494262 -0.4939687381198542
1.6636635063359688
0.2574199326690361 -0.63169318642522
3.7508983198998447
0.5963375006178648 -0.21502597112620725
1.1037245894279266
0.7085787796808067 0.6961386401596589
5.537825430017957
-0.8027546992245899 -0.7547690761597042
1.1132336568800403
-0.1372204573846701 0.9004247427436156
5.687028729912538
0.11266771862671582 -0.8677749993266046
3.620912667928155
0.6587417673455432 0.1838124445537115
3.5642979044457865
-0.2848523818895179 0.3475152841060671
4.234497335618981
0.78628169327577 0.8443688285263856
5.655035093376318
0.5077764059835855 0.660041711035183
1.5074029637021908
---
16000
83
-0.304300740435486 0.43023198796543727
3.3957679166497257
-0.3526456252179649 0.37924065321273775
3.719478330533267
-0.9043333878620331 0.8022500373146029
5.041110699581845
-0.8997749714058322 -0.011502621761145842
1.2077934129897727
0.6096151426653776 0.05228989094372007
0.659399894792819
-0.7653599812074723 0.42871221317494684
1.7949777498754482
-0.6055360169430207 0.4752033890787209
3.3285111493517876
0.5984452655244274 0.9933995113591005
2.5465347984397777
-0.68390875828874 0.11871456548040843
1.1448227134814513
-0.5184819549191784 0.814658901281014
1.964922681450246
-0.9138136552539682 -0.8667862299628171
1.1845182344191763
---
17000
78
-0.7375203872359253 0.028308491128784315
0.3131224278186445
-0.7395108621620174 0.17323780919895057
0.8107343747136708
-0.8495883245308434 -0.4705484283113892
5.663135961384327
0.9788499777024431 0.9707413950583241
5.22679715849586
0.5665706964327252 0.7125739793819811
1.1298027858536797
-0.8574855394225778 -0.11199694021589089
2.6365974476903027
0.9449182451625855 -0.033993089376907856
0.7958466902662833
0.8155796968760298 -0.5425527724954131
5.282376561207232
-0.8628167842312255 0.6165585338330762
0.9799335373540652
-0.21744470744283007 0.10236362112794248
5.054834427668626
0.44140067279775563 -0.8843001048809876
2.5248923471184685
---
18000
78
-0.8512099258179515 -0.08715308527976165
1.6164089114574578
0.9634823400547414 -0.291175785164139
6.274535928109073
-0.5144201343594381 -0.04002699644476643
2.888639488097785
0.7924473249953471 0.6919309773174082
1.5863984294715365
0.07994989692815785 0.9892729801760052
6.168703477479548
0.6382284278259165 -0.48457210148638996
2.997077112793627
-0.8540903407480814 -0.058261461986414236
1.100487652238085
0.022947935343209155 -0.20258768433270263
1.4263711398643757
0.23339962965591574 0.7987436470186189
6.196181939536212
0.3758891132086679 0.18360938520742426
2.8890593050873576
0.4730409214219171 -0.5665085415779519
5.255123094450241
---
19000
72
0.5201659351604848 0.4814392588987742
5.042808455862478
0.5294656221037328 0.4437382373755165
2.8120986543951023
-0.032513591988441656 0.6689415231192901
-2.45740931627185
0.8921163206684339 -0.6183064718677823
3.065650980840556
0.1261464695302593 0.4277681884206551
3.2054681462905306
0.5371147240585076 -0.6071631729989042
1.3177300123727704
0.5721122678628304 0.8838522603881602
0.45260407378336165
-0.12259073302321714 -0.6932852231911247
1.7368431039446337
0.030358527833383563 -0.5158375728553628
5.239143909282758
-0.3593052225835787 0.1879882833660518
0.4799458865890962
-0.7096189230118758 0.9933249949127143
3.9126142550548177
---
20000
77
0.5997053469287899 -0.19035809146871865
1.9573240294300174
0.6023669113536224 -0.03980183546757772
5.774308058985549
-0.3233435701072524 0.04121680702578088
2.462627492726467
-0.7908934566838108 -0.5862107121012851
4.109235376834867
0.3250515456217412 0.2571315875641642
4.544236056239065
-0.6501891080452737 0.4706625939990527
1.3585430211073302
-0.5626556905174881 -0.016332046446984785
3.0875561963347344
0.8277970074801573 0.8201502725338009
0.0021327920936586864
-0.8636240467167065 -0.817178225345262
0.04606991345309375
0.6905690772084343 -0.3050625900268994
1.147902159126911
-0.9484617424730831 -0.9187417332690188
2.818917672799885
---
21000
80
-0.6291653878287028 -0.8077521204125873
0.6772356900575606
-0.7074749434425469 -0.6974664399915133
3.2632565682340795
0.15089918457623777 0.9052669219214231
1.431244902535834
0.19997641927760643 -0.4564280081784996
1.4917232842698125
-0.913486487503734 0.7742272966323912
5.127775285521218
-0.1503277671468989 0.36105440111424675
0.7980183614552292
-0.4769518124125622 0.15478901802970912
1.6190296130019348
0.41924832766993253 -0.747023952387867
2.4477641054353576
-0.2864988327716801 0.754475427128432
2.529137806554564
-0.018346570399495537 0.23224785831057532
4.264959732468201
0.9362422750703261 -0.8000321999326098
0.883833113325232
---
22000
77
-0.03897901296391863 0.9822751429105068
0.14012955855766368
-0.3480083392223481 -0.9434257012992047
3.249361787270842
0.6035257936881232 -0.6285411804545792
0.7609522336812162
-0.005986250280428821 -0.1537184446328047
5.797118093910954
-0.7676121908234422 0.34926784319284915
5.077824181724562
-0.7624364777660851 -0.30661731891311544
5.5486846035841015
-0.6285466191877519 0.23133531160011858
4.2116950942056315
-0.1719803000144245 -0.055225520161375295
5.892727797192002
-0.857461197590306 -0.03965201083563667
3.6813418878070827
0.996164959117019 0.7864815238865716
4.725012104907378
-0.44343327483228107 -0.23453402721067632
4.617454267445695
---
23000
77
-0.8784224378820339 0.7954545572193653
3.632489478178167
0.8221496461223908 0.369517502297408
5.097711645019699
-0.8049460963863844 -0.39861918384208356
2.156763229758096
-0.034742682562914615 0.5469612989681202
3.6700709987719486
0.991745310737925 0.06165381133434285
2.850202179175449
0.2744883872250551 -0.45325798544079093
2.407218479641335
0.871866787109702 -0.5921074476962952
5.119076650952088
-0.74107390539991 -0.7416901523426632
3.0247362922050423
0.25930435085550463 -0.5971174222182493
1.6504285236588094
-0.4687128292964483 0.9253310007914232
5.139640416372632
-0.2452871922904695 0.907853369781945
1.6710986349431467
---
24000
79
-0.5942573310719365 0.11686780369350352
5.501020488542728
-0.594529116952265 0.12086730478151247
2.9787983926508383
-0.1593451260708778 0.21688520540002945
3.038225489785229
-0.5785136880024573 0.8987055112789581
4.767415137600208
0.11308191035017749 -0.7204619004149958
2.3832999698298556
0.0815438129486995 -0.10820260283134271
2.335812421275344
-0.5325656272071176 0.5744591779999749
0.9772562101597027
0.10243587966429352 0.7125570031398182
5.328582187815389
0.7380012582790753 -0.451478776313739
1.2105927706262118
-0.8927403700269125 -0.2565156814275462
0.7571883265830426
0.1750354559352924 -0.1672134659907678
5.331467419443497
---
25000
75
-0.6069148442323155 -0.5208783033700681
3.644197633032467
-0.9667244912566094 0.886510961852926
0.12387932936705592
-0.3248431034024301 0.5596382627440839
5.558999428285095
0.03083316650617251 -0.4562220854040625
3.9162388428898227
0.29157190266839283 -0.20864067697474245
1.2430891650425
0.7857543130298005 -0.40348193440078806
2.932783263883193
-0.10632865158212695 0.468259084919701
3.602243468510581
0.4640384708097758 -0.908837539394227
2.0477578107375747
0.6144712634586406 -0.20858371410783
3.1749072361306885
0.8830269569208843 -0.9464843055695255
6.12292525674282
0.7597516225508768 0.8852276179391968
4.772962326110484
---
26000
65
0.45508663323458315 -0.692879145882812
3.562161938866118
0.3728415690306296 0.5172561443412941
2.0841117104468223
0.19308920442701347 -0.7291730348821249
0.5584328885423409
-0.8122418893830432 0.18431168808676793
0.46345531166477105
-0.237449366308094 -0.7754875694639299
0.19182640803884876
0.2277845938948235 0.7133184057563714
5.59288303951754
0.340308640451261 0.8847115377406363
5.348352996751322
-0.0839396826139933 0.6830375977319745
3.78100940054874
-0.027596349529582863 -0.851199366789998
1.6085760283525468
-0.6793932597851174 -0.5429915683292867
2.7838161811756814
-0.48864997903584123 -0.3135148945838009
3.8708652650502966
---
27000
73
-0.6667496633880984 -0.03991403881074107
4.728933345817852
-0.6858924392659618 -0.07074233149050745
1.1503667197378364
0.04710010950326002 -0.35347841666040886
0.6645031896519367
0.47016055318778033 -0.691148465679715
2.258167910162773
0.5669420862248569 0.28779681401356655
4.570491731618223
0.07937390805218869 -0.23436132596762532
2.009784533747901
-0.007868336749482636 0.2584982185895734
1.6225026807671385
-0.15667399142291935 0.038971112810387704
2.6332806383276885
0.9841801098461792 0.9518504809008541
0.3298993465167288
-0.4591813932332401 -0.5401778909058973
2.0773633993800145
-0.042427826796643045 -0.4463407697315131
5.075599016226787
---
28000
81
0.6683859945585323 -0.8986544822239015
2.1896507966631824
0.6578183338155958 -0.8890346751888043
6.08745110416961
0.6123420306131593 0.7886338753460719
6.053998698236423
-0.6156249921687899 -0.03430267619968801
1.416423785262551
0.04293191972228779 -0.8233755988235358
3.0464823078574366
-0.17746559774728132 0.6084410442704571
2.1929883845615725
0.9397284229117244 0.38983314148677733
0.8126100714017959
0.37735233144305136 0.6762397358133392
5.773668228723991
0.9296522239420382 0.04824421922123481
3.1300426275520072
0.5188426128661197 -0.09345250912440928
4.941689121885883
-0.6940109098938607 -0.5606469583890306
0.6846337573641721
---
29000
72
-0.08342037670069782 0.9568978469606355
3.4106163627715786
0.2651512079710634 -0.9431478236242716
4.216181850645264
-0.09343100734177788 -0.34486471036488436
1.1660253515461312
0.3989301558018948 -0.468626294842094
5.796070774186714
0.23706523504473923 0.5899879299048495
3.336819659606803
0.27834028611875783 -0.5082498807452454
3.820850766629083
-0.4499492309477484 -0.9258475643936405
0.20145419955936017
-0.22026689391543258 -0.2691186451658522
1.4170701866403714
-0.9402376064517906 0.42731596744294603
2.476448691715415
0.25517647681159467 -0.15778787700608493
0.28248474628995
-0.43830138628313275 0.9545892812839708
1.043575809028999
---
30000
84
0.907453104146279 -0.9008536954648687
0.9692696521309989
0.6686291697133682 0.9535459462586258
2.910898785413252
0.44581988074836376 -0.9230395711848718
3.8429376693739874
0.5017185087840379 0.8610197352265576
3.10190704058256
0.42800507180363334 -0.5744055760422602
2.250983790886602
-0.05764912391160523 0.5973023077002579
2.3353660713448043
-0.5913636491482646 -0.374642768064612
4.939689431819662
0.3406422969224629 -0.19871160647805008
4.105232803401187
0.7417216828064246 0.2946662243455867
3.598260110076567
-0.1354957685589061 0.0029435450381400455
0.876789647430054
0.30129108185315984 -0.21389750532951685
3.8857615146359867
---
31000
79
0.001437338583729915 -0.06229879140451386
0.2912293292441055
-0.11836938806243891 -0.18140769300764925
4.416048932037646
0.8820114850841543 0.1359437757805818
4.992766816469226
-0.718051361379985 -0.22842441332772695
0.3586756052749971
0.23038948110748095 0.2749811296260282
1.4760599155248855
-0.4649626960599925 0.3568709258936307
3.4858173821223017
0.04637416798561963 0.8869654299565455
2.8594105823327096
-0.6874733344088205 -0.6763816005026805
5.111882147936977
-0.8220536613366556 0.8938888218141523
6.208042298189712
-0.31162446257881626 -0.9825626807186982
0.563601878921351
-0.8475987655595392 -0.31191379164958855
4.238263885440333
---
32000
83
-0.8932311295686893 0.6235835497191666
5.245703307169066
0.9074111279459346 0.6382326237730732
1.9928124590606249
0.007688690452550061 0.842244107541793
5.080736177607071
-0.7663760458343355 0.4550667401588959
4.8708411393238285
-0.6286922298405628 0.3362667765979365
2.9806537837719587
0.9112226084971261 0.4632901185157157
5.923729342834615
-0.4317278588420688 0.9149899212977977
0.02901871393922928
0.8346552410935572 -0.42079847517510816
0.7381196055455357
-0.30669075031071547 0.21453790129421427
4.97129039510098
-0.28438929297554116 0.24422456380255342
0.9573681234738007
-0.10838595751100943 0.6072791014255079
5.04018866292705
---
33000
74
-0.051306963005559376 0.9696060507274173
2.2730600189604147
0.8992109694985971 0.4063715146876351
5.569818150480585
-0.18705396898357435 0.18645340194708068
0.8065112868111104
0.8376221494614935 0.43218468476282046
6.168767065878658
0.556207514089351 0.14224084915371715
5.699539234694162
-0.9244812164237406 -0.4810298916945176
5.522983211899447
-0.5104911416275855 -0.2067479048754008
4.99590231502862
0.6781328025833248 -0.009601488798368737
2.351226226070887
-0.671324787572292 -0.22080527434970681
5.404722633293306
-0.6227944424311991 0.011558664284364313
2.54271235985441
0.019043738096806564 -0.7130722883328554
1.9953660837138152
---
34000
81
0.13421243563895377 -0.6863994254484042
2.7382314694108043
-0.08119477167174993 -0.8547351303062473
3.780817926037585
-0.4026828812876175 -0.09138456299758954
2.534446567193699
0.9859915917378375 0.09472242885811365
1.9511569994808466
0.42537610328650727 -0.0009307355798449132
3.0757405181307043
-0.050310912970550056 -0.35269790564184234
0.4883428545055102
0.414017744385059 -0.0839284529282942
4.896478224640862
0.3583771336794946 0.4710732033998902
5.757880522394965
-0.7369324698368922 -0.475648209436827
3.2955766987863484
-0.4534288105747062 -0.34550882139063527
2.7282729169327142
-0.5714606920433766 -0.1868077647930735
1.85216724503257
---
35000
77
-0.6017465898032505 0.8868241749367752
2.3696095675400857
-0.505303198519504 0.9090221964400356
1.404350321020897
0.3539494819320831 -0.4930122365012135
4.147687134314289
-0.6929574479806953 -0.956911182344531
1.9701946128041108
0.9509100920503825 -0.15238591888921982
2.533138791753503
0.40330159556680467 0.5264241890543708
0.9053569083443982
0.11187976421594423 0.2609936946156654
3.7073772980357953
0.5130153700494435 -0.39412398300941054
1.0076182911861533
-0.5583805112905887 0.3405536355170098
0.08055267653743314
0.9004993730452775 0.4237419672894672
2.806271092268175
0.817655777530266 -0.4872007724293882
3.6144768163865324
---
36000
77
0.8105915994404869 0.07941438716501215
3.248112757275288
0.6923198016441652 0.4618074030200457
0.19770738424528034
-0.6399246816077022 0.9206536325723629
4.666551532944304
0.5607516566036611 -0.23803436240826742
5.6000153512979525
-0.6493003492231494 0.14994311142039118
4.86259212224133
-0.3035200443225733 -0.44339460335667324
3.977663624320737
-0.018687200842024153 -0.22884664256530277
4.33151400074578
-0.21839310665878575 0.7779432719148258
1.5406778517046869
-0.6322115069893024 0.40826966877292026
5.878230908117771
0.22783045592988774 0.3022677072232283
3.189333323915241
0.7778760781964806 -0.9340206534214879
2.097696407651658
---
37000
70
-0.49651345372208316 -0.5623795696993954
0.9619435079284683
-0.2629077359335933 -0.17185498304894908
3.4203932987404393
0.2405573292822517 -0.5053705556183431
4.335364258424532
0.8154841959592446 0.16219769655137123
3.694856711240827
-0.4654471405015734 0.36043755649740905
4.987097641012935
0.8773976868020796 0.0778417513537341
3.013105829839221
-0.5530933209248224 0.9859681330748854
1.8582885293107179
-0.9899777607160001 0.8811517480368319
2.553702818079353
-0.5949000385994521 -0.8779470409658238
5.897909363989292
0.6172885857414767 0.010073797306519944
4.100449398691132
0.29758421091030185 -0.5691106502323743
2.434347840497617
---
38000
82
0.1792883215247289 -0.7985849249869716
0.5270561093648936
-0.42169793702459674 0.12483934398485164
3.1611213252149746
-0.814834655617702 -0.7064072482004553
0.5032556473519598
-0.3539352814322232 0.3124053234796965
1.0327281125384005
-0.5839602443936951 -0.5696096715030199
1.2300330789128022
0.33741094053575893 -0.4135010086786105
2.3685230466932277
-0.6518119844360486 -0.992476461065734
4.889549428196707
0.438659929834048 0.5884701866314932
1.7482242987007606
-0.4423924269890255 -0.17375202190812122
0.8422111419910898
-0.9286240474399787 -0.09685375529611712
5.851202443849529
0.56330825742872 0.22302683470126944
1.7935397115859057
---
39000
68
-0.5858295903020263 0.018560003217902268
0.6741987244501599
0.4167280839204625 -0.25752693393419046
0.4008763670334255
-0.5988104347530282 0.6928030105971013
6.280620941606096
0.2117864618748333 -0.6133743692647086
0.7795154028357301
0.8284874323501406 -0.9688954671467458
2.8000155968794544
0.3683427474415174 -0.9128504393484684
0.8296504494751389
-0.631944361800476 -0.3834306584309796
3.2744698801100096
0.6453900142534765 0.3954298146377301
2.763741436633384
-0.14005066411320216 0.2848874800412946
0.5867119748805125
-0.5164853830591228 -0.7728271174787462
1.0332758654167442
0.8921973224045637 0.23244169572196616
0.051849341413526595
---
40000
75
0.3112210948295042 -0.11480444883533342
4.799276022749407
0.34100230265202974 -0.18567954600668096
1.2720428586067811
-0.7977248236323283 0.8215507628426301
2.2725255343714075
0.10215314524280897 -0.32806631830029553
6.08776929273886
0.9998680959445474 0.3335039055066288
4.500546694066028
-0.9610551137299327 -0.05851010599668114
3.3334497457992667
-0.4970231450917778 -0.5613050176189414
2.0540023107887606
-0.05240124479507548 0.13620605564011046
5.736561083726457
-0.6042626150730452 -0.4122552701604025
2.9712067983116386
0.324652460748345 0.20612127608279585
1.7238409901687746
0.4592385416865619 0.5227402166469983
0.1618536769451513
---
41000
74
0.6118974637398567 -0.9854126584885545
5.470197429732466
0.26744205990865155 0.5330371946845952
3.3592153338805266
-0.3308578988126235 -0.6897550971048672
4.179610474082956
0.5401300956982427 0.23190323229688253
1.9483521142833453
-0.6294481719589891 -0.6788555492449151
0.024394065976101942
-0.4271197395689522 -0.4651852292362533
3.080206507586639
0.44379226414454837 0.31586981207248344
6.1908404480841694
0.0029648681783514194 0.00903458373764162
3.7034583392586393
-0.9830726631409425 -0.7154559547103576
0.30139699541291787
-0.32168785233780833 0.24310487504958112
2.443512571049128
0.8984035532289236 -0.8393253522730909
2.7921321809848934
---
42000
79
0.06627061202574683 0.9035366450382771
2.8219220600382564
-0.6726709580784066 0.931206542588683
1.0071702094917194
-0.22488805836647416 0.3989616345215481
3.722204979664304
-0.6997460971971838 -0.1349707725735719
5.648970203682399
-0.7957532112027743 0.5559905987827554
1.6011528471301038
-0.36689507901776636 -0.3514138178673606
4.442767469462405
0.25182093929828075 -0.6889919915174482
2.1672064537894222
0.06037680802262602 -0.3817028501358266
1.0767474613662733
0.15459708438949737 -0.3778049940343105
2.4946484966346167
-0.20413267721388031 0.9713540629401644
3.119477075185702
-0.15760615216051008 0.8497918675104789
4.6209310259117125
---
43000
75
-0.9746344738437771 0.2580932038531279
0.9809616146625753
0.9134099594794874 0.2646886436230013
1.817975824862967
-0.7091955866804879 0.1426741885710951
0.38401281405811627
-0.6476896946119972 -0.06716398368475202
4.275596939490321
0.8489817639299561 -0.5860501645090329
5.458595378352297
0.9265735141907672 0.6477124315289706
3.474870327727536
-0.1448604779819335 0.7165987649053288
6.088237820288461
0.5336932663266122 0.6328101027605367
4.868305947511241
-0.4996784687750484 -0.01178378095433826
0.18641729614646518
-0.5714168160648523 -0.6064910268923862
2.2932982667283075
-0.3805315878351251 -0.5945469712129037
0.8278394252002403
---
44000
71
0.21163623194286435 0.9743329581248246
5.623128717796694
0.3290083944375751 -0.8681371579744889
1.4704547589968868
-0.30674113834074973 -0.8350196512927962
1.2051934699163862
0.3400831384079726 0.4290587123666375
2.265498191198658
0.6286227113078137 0.3838562973338787
3.050892625584842
-0.9312503024645024 0.06826521061783129
4.602731967857948
-0.6808208219214025 0.8575282495921244
4.689164322586463
-0.25203176037847386 0.31073006177799317
3.084872342012262
0.2508304262130928 0.14496766952661386
3.711683073595359
0.5887453255283667 -0.9190889836722508
2.592406233084544
0.3975993568991394 0.274192315709081
2.9667803732730347
---
45000
82
0.46949037639119995 -0.6867317520562612
2.4571758246193824
0.6682562679116036 -0.5780459164654043
2.8686735555632765
0.9420384241768962 0.7707432220902178
4.281088985080005
0.07989814009325649 -0.043539571207889836
5.2372782213211995
-0.5438871476898922 -0.2811261870609784
6.067853161959486
-0.47663707194291344 -0.24638712478791983
0.6754915840362274
0.15315983219097373 0.5142649109661033
4.999850492254782
-0.10546699078438385 0.7714120224716327
0.9578969034449969
-0.8653663454822897 -0.07683203264936449
1.64875755976247
0.17250748676999372 -0.5493638164749551
0.49888937450401016
0.06677087063630859 0.2034999782081777
1.6294985135575137
---
46000
74
0.37943758287273677 0.5752392069814903
3.1451795737764416
0.2404859633734784 0.4158359919693441
2.3841823396704367
0.7360110397882309 -0.6836546568482058
4.603274037479783
-0.6935761267362364 0.49935961805419954
1.6165955283181077
0.2449440662271854 -0.49213517298656584
0.820576337417406
0.654143818167216 0.3229849509664317
5.417115046456412
0.537189987469047 0.2739877802231238
2.1353838585117586
-0.011636184044991529 0.17510909894044116
2.2607551276160187
-0.3229995715959751 -0.3106833235027172
0.23831336620728294
-0.0535956917913901 -0.16209824041059426
5.211765626896867
0.5492888554069814 0.2353744171742735
2.9766502936298505
---
47000
72
-0.7878250730884124 0.45282679480504573
3.3894467341069747
-0.8042136915906581 0.47724712813378095
2.634283649150116
-0.34118489359630483 -0.5266347755373292
4.60828952657916
-0.07088765881113475 -0.5318811182377977
1.7784072432239428
0.08635040375644461 -0.9663406742544915
0.9265536569468242
0.7351587378478429 -0.6354052587019714
1.8976476730499154
0.7627330145675084 0.43740528443778914
4.527089020588047
-0.42550565244739263 -0.8218022938927168
3.269997515018356
0.067366226203058 -0.3613413651168001
5.8234654209940535
-0.6767579478611752 0.8253363657597581
4.580907836124633
-0.22615891777711408 -0.6082921991122046
0.6568628050974405
---
48000
85
-0.31168785951106376 0.6517416907705054
2.810670767660438
-0.8995744299278644 0.14810375028397962
0.7523414565872661
0.9889863220883968 0.5570939726940334
4.885501700160406
-0.40347164126258495 -0.8133209664114049
3.22031723143978
-0.15472151749897806 0.5089735986747748
5.928832268529497
-0.13832550954201464 0.46522172939869777
5.671336964437694
-0.45714608807493357 0.9791892458648233
5.322576898200855
-0.7336273131581815 -0.7818130693211538
1.795956716366538
-0.17157890805457077 0.9426649804137922
5.746762687422041
-0.6387479752105552 -0.9328687940997036
5.837891394914678
-0.28033008008701926 -0.5023014846418041
5.269645454878699
---
49000
74
-0.3196401850293805 0.3992644697148808
5.263231677575351
-0.4276005699694293 0.49880603831563564
3.8937713268857683
-0.6182452172853137 0.17297779318909973
5.848413985332869
-0.16065144388606284 0.1871537131021353
5.890303920310521
0.5871908038510522 0.7576887190862144
6.094750635892683
-0.05202365734466414 0.2673878418744727
1.873343690883991
-0.3125864269873555 0.8586583773689305
0.07373082939153797
-0.4931185736595841 -0.49302588701603306
5.493654493281558
-0.8581334420423361 0.0683908006550786
2.0692051365859205
0.36886408726840303 -0.09653918427708205
2.647325290063635
0.31325185680190504 0.6478635474096209
3.9109808283334218
---
50000
63
0.13936526628933593 -0.029839923191979558
4.60180469885618
0.12521694006320008 -0.059119989738881024
5.15779482080286
0.5091254491683181 0.047557980602314136
3.276355518923471
0.37688436092426164 -0.04207011921405032
4.882621466258667
-0.34794661154925466 -0.4848732971280328
0.25784992806068363
-0.3967757604045864 -0.3755153967653228
4.7672276862553336
0.30279691747432796 -0.557133980375703
1.5520745997029368
0.737618904896843 -0.21872989403036455
0.00217013973166047
-0.047106786593519315 -0.5134038359397879
5.218030934496945
0.19713660319158996 0.03428398024513066
1.3394701856923916
0.0429494024349672 0.082629012638755
2.245914590556483
---
51000
80
0.04182833366363671 -0.4278701751129086
1.0513558023750629
-0.113346672144475 -0.369822664138733
4.31858361821906
-0.13207067191600086 0.7319508035912862
0.39575512343332164
-0.02683709775166974 -0.42128840364387937
3.8896376811796634
-0.7162296134051941 -0.21650788789625547
5.493535769138029
-0.376062090833566 0.8707405127570678
0.43675690560213365
-0.6052086925019033 0.9353681681122313
2.0869171799436206
-0.5131328641094807 0.0004440352578150286
3.944174828019218
-0.183760838694148 -0.24029723947539644
0.23596060251354323
0.8460818355036303 0.19308894694798873
0.42542318452063466
-0.19433752996277429 0.2288501111137866
1.2596137836222034
---
52000
79
-0.7361460112765493 -0.22715083116564738
3.0409141873657815
-0.32861767583149853 -0.10767123185638286
4.981524879549197
-0.23280860918669083 -0.223762271617098
0.20361153874566185
0.6810779147057571 -0.1245239007094302
0.7004504618151506
-0.01645731256039589 0.5961826073762797
3.874929837954837
0.16498690256718856 0.8186920231189383
0.24456181534822097
-0.09464667150983122 -0.8252588618302804
0.039923573651261535
0.11855337173810916 -0.059869918868946194
0.4909202871844265
-0.911782547783002 0.13089082823507708
2.020353500096337
0.5742333779096572 0.4165331323042716
1.1007493633067238
-0.12857516141909267 -0.1032111802316833
3.673903425331517
---
53000
78
0.4820599582989418 0.9272160347718477
4.717387533503468
-0.045763410889936344 0.8294356520965984
4.305624453622872
0.5710019903962124 0.15594178640058687
5.356072409953835
-0.6702491981219318 -0.1610463026448047
6.237657758814304
0.42952026955480227 0.5339718602890934
5.177825957384974
0.20319806414932695 -0.17193345280723257
6.280343008815702
0.14704997581292376 -0.8018571582429233
0.5167995300075079
-0.5766534252287188 -0.61691145692469
4.3735029131498795
0.07485043622488681 -0.6185493313737809
4.681153126064869
0.37529303525283225 -0.2638296088016453
2.5558862916846756
0.93125961904171 -0.3684615674326063
3.0807366035919133
---
54000
80
0.040752405577602235 0.36667964665333913
3.970742006600032
-0.6737324121086837 0.4838854538841961
0.36563052116395145
0.2485646378413019 0.6221567594940637
5.840294407070547
0.41033293417335115 -0.11618541696877299
4.108066793774207
0.5355000879477564 -0.44871903017857895
5.34089106068667
0.4366332689654581 -0.34941711006773646
2.006316337348359
0.5627782896661282 0.14518057036590548
2.0893044287790703
0.6196940972533853 0.32227252014401164
2.744644900325607
-0.04878380456423703 -0.03769521672286681
4.362308876540385
-0.11383301775966737 0.6784145515383121
0.25642858562532833
0.5084886235079845 -0.31755586515780426
3.6751015684932904
---
55000
77
-0.8756510340417377 -0.8530419122380138
4.179266886514886
-0.3029346428111409 -0.2632559874925681
2.0002965682090617
0.2595719288813721 -0.27533590598003627
3.316601855789056
0.47230343938224517 -0.6690766806851605
1.4346633193620155
-0.22604546333911474 -0.7032048001560676
1.4571838681703229
-0.5817047012431443 -0.5162684057773341
1.9850672016562125
0.7915070009174758 -0.7514592671158523
2.9651278971743835
0.7667522150201614 -0.4081075569987056
0.12664902580692594
-0.40495494095758 -0.2725058200768465
3.669807907905507
0.2942985513992453 -0.7422687420812942
0.6145896026513347
-0.16115447806852365 -0.053452911099374764
2.939907854146493
---
56000
83
0.8108234085132257 -0.6408706944853256
4.326093910982005
0.9523867052476479 -0.5118300934820474
0.8452579398156024
0.3881259034233503 0.7209218967547874
2.0478573297949434
0.7640445224414534 -0.7182835725833895
0.5430275470201327
0.46583698843301313 -0.788445735756261
2.756281234727868
-0.6180428588232025 -0.045889078932064196
3.651159371781352
0.8730878188728123 -0.49477761550873045
6.157379758798533
-0.5785633649048773 0.5674513043773217
5.032382096640063
-0.19787210303550312 -0.9253688061772012
3.216204076720709
-0.20051385588871382 -0.9826728994066252
3.609363901650574
-0.13005483769535328 -0.7817360217937854
4.979121588211961
---
57000
83
-0.02669944897799079 0.7691852792791406
4.339690246240679
0.004016655861112089 0.3807549491473441
5.294548218703057
0.37838111944980285 -0.09389519421735054
0.12526644444151191
-0.4803814212983654 -0.45759186034843935
3.580019743723561
0.5625676354574713 0.11616687486287666
0.6600037940340684
-0.451611378888617 -0.09019206855382522
0.021456518605081243
-0.2602035311135202 0.1848760130015707
2.572684831583251
-0.21018890228831116 -0.1959746618907946
4.485494876373216
0.1919132416488977 -0.43760317793765735
4.172381911028118
0.14403959088653662 0.993260442693296
3.7605995165235058
0.576697916830205 0.4556040768508828
4.899443595235897
---
58000
65
-0.2696532848659352 0.2836172521104807
1.370430362664114
-0.5823122814993197 -0.4458584447405902
4.476476592619333
0.49395742172175783 -0.27321220649257105
3.5791264935837876
0.9603537515105842 0.1161740813261601
2.983779219498037
0.9889032538054014 -0.25621321126279245
3.252518346109203
0.872522771792059 0.586158357330332
1.162161477890849
-0.7181381131092398 0.7813335984170097
2.2441763598903135
-0.4822112448578064 0.13690007232183649
1.6492318480735442
0.7441324234353104 -0.46452056716340334
6.223838054667329
0.641921777746017 0.2568433985791169
2.5146256738738755
-0.653915964366269 -0.181532301053579
3.5378593532929035
---
59000
68
-0.9001817739181114 0.08906235251362857
3.3993003353711906
-0.9194756407906987 0.0599103056390994
0.13404760722503095
0.05354678288955171 0.08770148483082871
3.1936828367756096
-0.5564130836902349 -0.31532597295341225
5.573160290180562
0.21222500593136237 -0.24508180412032893
5.234612559903935
-0.018119547161349354 -0.151560464000326
5.281934355047303
-0.7430988583033195 -0.5856634231141351
4.476959636857574
0.5128105959181739 -0.7404812700458797
5.52261538065924
0.5862671277393063 -0.8924317159556258
3.189714280476535
0.0030325511643251903 -0.9265216689727728
5.636448725100183
-0.9366341795730493 0.26361841685303794
5.004116251703678
---
60000
80
-0.5609429904010157 -0.14810979806077057
4.124847615980109
-0.842385750505614 -0.36682758440937535
3.9281665158126664
0.5361808198961332 0.2244846686798147
4.981761747332247
0.5350147321228128 -0.9003900812780625
2.150023478406677
-0.24231356307227622 -0.04007124231475416
2.259958468462572
-0.06481151209122867 0.850839027059097
0.4894731074329304
0.5280671686394642 -0.3747282451685369
2.1433317492516384
0.8051735096947258 0.8743874858895089
5.199322324496978
-0.842917303282078 -0.060815719068122845
5.566201550396927
0.17042107238070625 0.7677139394917045
0.8040891840894666
-0.37866529320465786 0.48896692709978035
2.958434297990781
---
61000
77
-0.3550357221049853 -0.8707419597306315
2.5320901627654187
0.34524824539286264 0.9645731868944244
1.1486709233877042
0.9399647323268536 0.5310587142626855
3.2304789958584257
-0.2003544969332563 -0.1996910314772443
2.6610434548370323
0.2321119004130075 -0.9213785637750882
3.751785082371547
-0.5875248725091543 -0.13971750438409689
5.184004700637749
0.04265967786816171 -0.5911331844149645
4.551093049786962
-0.9958819251565532 -0.3686624934689431
4.913667748635984
0.6536295736911809 0.4319784379721669
0.4367641464568648
0.30915168802903076 0.5966634880992873
3.2087275007621585
-0.10203763058531516 0.6130119641334323
3.8474900762237914
---
62000
84
-0.46126284598656786 0.02196260962273308
1.6785953980838226
0.7783755007693265 0.27469755087544545
3.4753270679434696
-0.5555700241459531 -0.5024246914829139
5.513760188084518
0.11879477173722575 -0.5098728337454739
5.485935482636075
0.6615932991239024 -0.3313858458109764
2.6509957625276117
0.1111349387049434 0.44223707434685106
0.8479716964819257
-0.8060799456089994 -0.12689197713978373
6.194815879047919
0.1527042517037005 0.5753636033647587
2.026546223659114
-0.9094201692875694 -0.32660089167785483
5.023469933016787
0.20285095876132272 0.3767618539545712
0.7275718841389498
0.622395516815145 0.45126849141068004
0.797882849811721
---
63000
68
-0.08543530970140438 -0.8683135361957927
4.893465769382486
0.7183223782968374 0.27451891046412835
3.952489818946236
-0.9374907895813618 0.3067121095878913
1.823964799260299
-0.6666272882325259 0.21040819664794275
3.8546037194116005
-0.3641354659467545 0.3987652880405254
4.1516275370041225
-0.6627293885195904 -0.46565947992110646
2.8788493120810035
-0.977871190544657 0.09925307176741585
1.4938805212833088
-0.46078714992152325 0.8368314030079966
1.935575647901329
-0.4906709510715079 -0.879946050895908
5.414028466779633
0.6320018917446796 -0.9705629133246506
4.853898093808433
-0.0737635486900162 -0.680131896322078
0.3758274339156431
---
64000
77
0.6172051111049006 0.09951757052479146
1.0727996441581267
0.519483445765396 0.11773737423951157
3.577586036681666
0.12843129566161363 0.18057779295492868
4.047482662868346
-0.914801692273447 -0.8076734262495603
4.1266261914299935
-0.4718341053809999 -0.8351408215271957
3.8803036842289256
-0.9249910062783161 0.7529114549178255
2.8692620851382475
0.5652302980041098 0.47550476691699006
3.4755855273744647
-0.9583939645273181 0.6891829490557457
0.14428112537355653
-0.15612908297748831 -0.2880423116005987
1.6926018195669874
-0.5241959030069137 -0.599380271665408
4.474646842572891
-0.27775666772966234 0.23712839745311126
0.5824377911595509
---
65000
70
-0.14841179216303751 0.40289121442770875
3.6216888177841833
-0.014715764220758053 0.9283174327960475
4.11640974727111
-0.8833846313519486 -0.06569741897591119
1.906942220030138
0.3005359920845715 0.8950215706396065
4.334708356966172
0.601544082206423 -0.8467761982218596
3.7119255687496615
0.17482294241881857 0.5318732270137736
2.7462576483202294
0.952813031131102 0.6186484851141545
2.079044002308433
-0.19807596049843457 0.591855153726493
5.278704120287122
0.17564589856322887 -0.9814009190946889
1.890852100923924
0.6100267928150589 0.5581801285575043
0.1641941188559901
0.9858277048584938 -0.39694230372412176
2.804978631597254
---
66000
83
0.8076133768490231 0.08931811220138557
2.8116867171673463
0.42150765170762683 0.8226095120037966
2.7662153454471285
-0.7430146909082932 -0.6296829349480263
3.2492549814811946
-0.38000231237971427 -0.23579250852129297
3.995003936281
0.3189200453149861 -0.07566490696968155
1.1464702038495433
-0.5370833896230688 0.26849676043948517
4.193882660893762
0.32592335612011647 0.2441992293177151
2.63129615339623
0.8608774327213355 -0.455532833499838
2.216547548159075
0.5261758351651674 0.9683003791981865
5.712044468939432
-0.05459549707773466 0.32251621227509336
0.4966540409327056
-0.9710467061483201 -0.35094187242930874
0.7031101115777654
---
67000
79
-0.6396994333653132 0.68377238439705
3.214465240471396
-0.02255948253739412 0.6265256426955802
2.4016990755646397
-0.05418144512083367 0.8725108001167499
5.865571455575414
0.6544095154905052 -0.3778685485365203
2.55915958729228
0.5727351619022374 -0.17415537324664818
3.042514723347936
0.30820672830409895 -0.5222810108749573
1.2474864206754859
-0.15689751115281692 -0.7474188090227007
4.674469348312572
0.725933266642549 -0.23783037805586799
3.7829338239340506
0.3873847026913261 -0.40332923183379565
2.918739376778136
-0.2836655963842773 0.7234303103511532
3.323886973808575
0.6673856563863669 -0.6031237932062588
3.2724581958372836
---
68000
70
-0.0770926325618671 -0.4329526215642842
6.119403450503215
-0.051849651853826687 -0.40383596526502924
1.3608587426484853
-0.12502839030376095 0.15576795813365965
5.070850747576248
0.184263585710051 0.004409623766556538
2.492098361190391
-0.8754080748861715 0.3650942437777829
3.995857402160924
-0.28221422974524557 0.9084644590539557
4.921520531686225
0.4136976329997621 -0.08424691460327714
3.752734758995836
0.9549084832103084 -0.38711424747423107
2.2635197285191913
0.048820371309409465 -0.9485947020928409
1.5547225065589823
-0.4618419002434233 0.8239908593288078
1.16826454111414
-0.8670436760689949 0.6079674794149933
5.174771832619449
---
69000
73
0.43981037284959285 0.4326077639515025
0.5044398634471868
0.03145333562081439 0.32924503111520276
0.3907714477516082
0.9632720143255243 0.8424161916518983
3.9243984684079036
-0.18455611244223494 0.5148241759631496
3.6592764016337282
-0.7263685772646347 0.5633752252045491
4.4177264898746715
0.005782795873634897 0.6078046367622949
4.770399605253206
0.4707020675586175 0.7304565737009849
4.140691538658815
-0.63192009806954 0.37406307676814016
5.967483735901746
-0.9167221525290484 0.7686242725817024
5.3812735734511685
-0.822609492902722 -0.8932512128627564
5.005721409075376
0.017544301342173444 0.5534108568768418
0.0754439585094504
---
70000
72
0.6607546438829759 -0.6706116225275404
3.683826755410253
0.6033544088211437 -0.6875016085103768
3.1996149294841416
-0.378488805126548 -0.9270787637182984
3.32299869519984
0.718740942376547 -0.34530793720310815
0.7497978408305661
0.7490468185754934 0.033968198149219905
2.7153851689174813
-0.23188053552287713 0.4864113924352558
0.012692703267204841
-0.5355709194997528 0.47306022082316507
-0.4545744803936269
-0.6295121914465523 0.5356334130777933
0.5299903294485286
0.6895532203117724 0.5735511397315078
3.9580737759430855
-0.21118570232233635 -0.15387601447361962
6.084034206343743
-0.9974820002287088 0.7629725527136146
3.2917193119506605
---
71000
71
0.8622405271175303 -0.7574808776616493
1.436747729322259
0.9055477081574641 -0.8741011141370233
3.0605454624017447
-0.5673524588893567 0.6022052576261202
1.5182893120938399
-0.9623704131955998 -0.3704285583517082
4.885348801576713
0.33305795084283896 -0.2980286240589336
1.0933916256181844
0.4925736852204195 0.07807688573149557
3.529747087298812
0.8425855168264521 0.024236088606557633
5.040672666184096
0.07890666938969156 -0.7492284190662395
3.6859749020667065
-0.595673884780265 0.06322036270708635
0.6164547567492118
-0.9461019477325436 -0.476549879900476
6.131982162350021
0.5510094585874538 -0.9207519092334491
4.697913908407566
---
72000
78
-0.5678694271774405 -0.07774464416115219
0.7429042581250188
-0.7099779212210505 -0.03230102992573894
5.617828888915642
-0.5100906396466617 -0.5523035407233801
0.09633959521232871
-0.7131943023498303 0.8606634196361739
5.569141172743268
0.18670182061210044 -0.4219425857147184
0.03168048125426193
-0.1924930735113304 0.44281158905772994
2.5088974133471647
-0.3504918850980746 -0.3177466813100412
4.259491101543374
-0.7633746402795 0.6881844455863797
2.3054264874217187
-0.8567742786901438 -0.29510429626900825
5.157012639973466
-0.46413044048793445 0.10870892949709805
4.066519059986703
-0.31207977854998914 -0.12523951565304717
4.625604598168478
---
73000
73
-0.2597626838037511 -0.22781667844223882
1.959399103544979
-0.02668219418247069 -0.4425439543912481
4.914985937627337
-0.59689476002683 0.5395578412101494
2.9002447663520208
0.6427109070709806 -0.8116404935139652
3.2461103180818993
-0.48246846654520886 -0.5465294876858491
1.4000097463165986
-0.03138633206750295 -0.6241939049981162
4.47093498896011
0.3708202246688977 -0.6334776288156775
2.850506511273224
0.6395964518036863 0.3082177181958355
2.8429144689161028
0.40469749887933276 0.7275366211868162
4.8219254790024575
0.8632985426051327 0.3929980808065466
5.674988730707079
0.11301450825177056 0.8085085660678935
3.7593166675494283
---
74000
85
0.623657929691538 0.010484813945557607
6.072641886214351
0.6841504401676445 0.9700143478729193
5.7797635615225085
0.9672065257642322 0.8876738849445664
4.759020506500077
0.03627428877178438 -0.6499771242190158
3.113488760561383
-0.16120124810070513 -0.747789173164983
5.48678190122976
0.06246961204284462 -0.4127813644420606
2.8375436446616407
0.6887598921868229 -0.037422121443756465
4.538697253537584
0.2046343464732598 -0.9659617261738742
3.2499985538802596
0.8518170522790737 -0.7441553446628814
3.9248178172329444
0.7301872693876059 0.936812570319869
5.882362064885084
0.9227801860377849 0.8209025835931696
2.5914238272159986
---
75000
75
-0.13210561665792228 -0.8667817649501592
6.214928185524857
-0.16851749349374623 -0.8818592455147053
5.691500697139354
0.3480013484202257 0.9833378558497887
5.741743503576346
-0.3194835758896597 0.08299875056375913
1.3597890566646864
-0.646061560552358 0.33173667908711296
0.21941266910868595
0.7390501178444321 -0.19421704919909513
4.041797942828722
0.9688707790760505 0.31598042353331035
6.057520574553309
-0.6560206398347299 0.18779547090468549
0.43252686483805913
0.1771272353679082 -0.19039364708585843
5.438927876239055
-0.5697875214635305 0.23463461045335496
0.9147332310073102
-0.27188683001263514 -0.7835606196691841
4.187863616948334
---
76000
77
-0.7736987096518039 -0.7543678324438376
0.0674867173241333
-0.7529494920305262 -0.9136209113372867
4.413564582325923
-0.7089032548499286 0.16677049887270193
1.7263514062856453
0.9302148971534545 0.1568316523579421
5.283047690808081
-0.42304267523169353 -0.7494146303223075
2.2643377144093613
0.5478305532948605 0.1433581501040194
6.0163171283724415
-0.6632272161816315 0.5343270286037171
5.230800119019262
-0.6825291826329419 -0.8432814423395533
6.01878514454319
0.8199496810778557 0.16145466178992618
0.30682343355925656
0.9572830808613895 -0.5027025130957639
2.394538386802818
0.08479010834024003 0.7261390183509238
4.388521142135477
---
77000
65
-0.9236033401491943 -0.29844577838593866
4.644282080451841
0.230415539633973 0.4359870851450388
1.0552863719615262
-0.3448506694551666 0.27253145860875716
3.0529300530492964
0.8465937268939264 0.6547584206183568
0.7104644512632854
-0.7350006820835848 -0.18454466324671737
4.049071967584552
-0.5950006124923756 -0.4734554019899294
2.8364260112072186
-0.07036639556439264 0.9102680691779862
2.107446230984884
0.19377680986284132 0.10158167711018126
2.532430456456005
0.44738461728436696 0.2531749682240107
1.3745011850819706
-0.027839213715517806 0.2166456636445116
2.1088625050857717
0.12790626633360383 0.7325118890285058
2.5939346458665975
---
78000
66
0.0959546519575058 -0.7411250937807069
5.501145182976555
0.5699301229504095 0.6936268068709708
2.9284194940114903
0.439792430356723 -0.9522582962112699
4.7389141811026985
-0.7660321030199736 0.38820220110435805
4.164338627992627
0.6458571553625216 0.5482965204059816
5.893438854527547
0.49924003178220516 -0.8926847170353035
3.3555523646871936
0.0644777842902923 0.8288330897270165
1.1611276896624885
0.29163581230067515 0.9142928085426633
5.756202058952549
0.575639232767432 0.3937135466836002
5.899822144014725
-0.32498734595332085 -0.9057381790088812
4.006773127617864
0.1304306007823838 -0.3905356455183778
5.050339908420941
---
79000
68
0.4448678527979661 0.061041341200967304
6.117158251704012
0.9113331177418016 -0.2721643555545467
5.677601411875993
-0.7720971520759866 -0.7479348421457042
2.415631870898708
0.1053907200523163 0.24220218294900211
0.6200531487679344
-0.9694616602087018 0.3270477540131611
3.684719737329708
0.7095557756060203 0.45694021090664805
5.235948465439676
0.16200753329850062 -0.2909454102282993
5.907895503750456
0.47690051316409526 -0.9435139267511281
0.7298576604795315
0.5989798283301849 0.31450480415033005
5.083777617294692
0.8612935452599972 0.597975511410699
4.99687210673353
0.2863463115033065 0.041817760354073114
0.6902384873947423
---
80000
77
-0.29129270021264353 0.12280830566446727
4.2302309165216085
-0.27057167552209743 0.5251058642722255
0.8815383154398706
-0.7407459477228525 -0.1145958863087691
3.284102421583049
-0.7120774883843797 -0.20966917608912483
1.2584494495949325
0.9767841566217093 0.30528763921496993
2.2744261590406696
0.34753395908362916 0.623806181119566
0.7547015408370354
0.5363095441130985 0.6667827955637142
2.7183822801363
0.9213185245602555 -0.24377048117869346
2.1402489082430236
0.5573903736180752 -0.30487157205731885
1.3276844419067801
-0.9585035220522934 0.21501879282016872
0.25474062198310055
-0.42918568958299363 -0.37311909958338063
4.993975483639729
---
81000
66
0.0718319499791163 0.05230927476946211
3.3984025499706583
0.12119218920099666 -0.09268112196465697
2.6414331052454516
0.502380548488407 -0.2703854114356652
4.753619294710731
0.5498118266713878 0.7352641362897909
0.9711027809614459
0.7623196689664278 -0.702028005011735
1.7328227320159435
0.5851549008120842 -0.3416395932680015
1.686873735429561
-0.9368646359295265 -0.30096579938562024
1.5098074792732676
0.9782190783715907 -0.009389211116632858
3.731156415920047
0.9311894445476583 0.6674840240755632
1.9417686478797416
-0.3516298395775229 -0.5137057392875733
0.5709503804552849
0.14928906236496872 -0.4667341800699234
4.145282139631687
---
82000
77
0.5467594649007035 -0.43845931183619674
2.0957503846412036
0.3849790428411559 -0.2105067205994804
1.3781746695268815
-0.1556387284905993 -0.2792742190372199
1.086684255971587
-0.6628727605718189 0.23534261791549688
0.04637183497184516
-0.26633251990773354 0.09372418515299108
6.000822168474426
-0.37516923403168567 -0.5628187907524649
0.7328414019148672
0.38383901114033836 -0.5303813778197215
2.3378557945183416
-0.422346882254693 -0.18411449076817413
2.619860777679081
0.8386327150402 -0.5705409985097583
2.337917323541321
-0.2654659513740955 -0.19235365657621245
5.0481717158534
0.4229579821996874 -0.11682370103247264
3.3338142539671933
---
83000
77
-0.2733914939206936 -0.7987727183518099
2.5642656871025156
0.690022740405061 -0.6969124844764814
3.883801626690655
-0.12480345212024785 0.08112059499566793
3.9110711228118404
-0.3426825557876458 0.7531533398455363
4.281953382882246
-0.8165172021835329 0.6077650212907862
3.2427975579584327
-0.7566046437000349 -0.012415819366606799
2.619309271591302
0.11208800394021717 -0.9219993115677586
0.07597680676190244
0.3692811459550629 0.5838550222503357
0.9328848374548766
-0.3453048931125359 0.9798603983567336
3.1291732638137404
-0.25184859538179205 0.9811947059529577
2.6431438106716927
-0.5229747502260691 -0.2957464252847218
2.810788310937305
---
84000
70
-0.7424961258327503 -0.7351700838082381
2.688795178647881
-0.5325579444745909 -0.8746365271940203
3.747411930042114
-0.030279880896050413 0.6721093091199857
3.9809996685683275
-0.15641459623176535 -0.5258110695327303
2.8757995452957354
0.671551967839286 0.5715307199828854
5.362529082887103
0.4337979648804241 0.7508219377262876
3.8910611791719845
0.9515009444082108 -0.9693409760983028
5.778541361709173
0.1149892630681634 -0.07401588608252818
5.597755232900118
-0.8900726579753728 -0.1848910676804856
2.3140443421047943
0.8827206749654444 -0.772956958757617
6.133024784372516
-0.7725885919213056 -0.4449252125296031
4.423700900361201
---
85000
78
-0.2715065010228633 0.5794047339410932
2.5839346732287307
0.4092101611249205 0.3884198559345768
6.233073128524918
-0.9109430824875779 0.11888709578938263
0.08221570160719782
-0.9625880673391094 -0.8972168847757335
2.7732861552444152
0.08015172401432696 -0.20076718966784296
2.247769860394981
-0.39281459346983383 -0.11210657240132788
1.7371051511214315
-0.18457508014070492 0.5853824497563298
4.30460570066608
-0.3016756099528803 0.873049205696863
2.0993467871060236
0.2252622557384788 -0.3560151498672709
1.866174002577134
-0.12594982165249705 0.08095162305099574
1.3373277498925416
0.3657248948285424 0.9943733318271333
3.793266616132133
---
86000
72
0.955428751967678 -0.8952008038154715
3.9532099559711082
0.9526310473372274 -0.9518924655818638
2.3542628113360626
-0.024704372127164004 -0.10347139397898494
1.175545830193677
-0.05129158990416834 0.648667139302882
0.16080268840679057
0.5490529039119197 0.2879848620123302
5.357577725385038
-0.3711757540968962 -0.27039855274396124
2.996105725811919
0.6778080900329759 0.3507954641737642
0.03309142612265337
0.7515133220483593 -0.8558182552901408
5.740765755527583
0.6543579415037581 -0.38840773560755876
1.645874122934205
0.7924621409671548 0.06863750279695098
0.1032639122298935
-0.06486521429889101 -0.07867432097660332
0.3612918755602772
---
87000
65
-0.3099416369834349 0.44184077578935216
2.7492718317066878
-0.3317351292541035 -0.5146675110274782
4.975908611880379
-0.18209439580157194 0.9288962237918272
4.086461429851117
0.2583071487494079 -0.03527984609655917
3.912434491036896
-0.4089231056984024 0.40386048737634545
2.836133965684116
-0.5160234109547054 -0.8334606655164294
5.932496555655751
-0.6307399030610062 -0.8376345591057093
5.7729618359424455
-0.0668560982015971 -0.9298760835528957
2.1947056135833964
0.11026786323890461 -0.895586269654453
5.603084097322178
0.1460570805120914 -0.5297398521060103
1.0984771575985057
-0.346125699861747 0.9291921681086127
5.129978522806218
---
88000
68
0.4021326657473605 0.1848442947902847
3.290238723114809
0.14622467007601858 0.4110721268509015
1.858741036073524
0.08015035755739006 0.4102215823360188
2.4378446260109783
-0.4291374669715192 0.7478480087164956
4.515618130330683
-0.95147482514666 -0.15304962783898254
3.40766206778662
0.01827145858074196 -0.15355903365546053
4.5824841320886005
-0.6936138204178048 0.9851122623170943
4.701032799138554
0.27716381369085147 -0.8224395459841846
1.390054427845155
0.6839985707788635 -0.8692467708185492
6.02571651530445
-0.8657599582148353 -0.9678417146575979
3.894067430176892
-0.38808128939085057 -0.7616242057706714
0.6744514173539331
---
89000
71
0.8432642571426578 0.6390060035573991
1.8057103637831853
-0.6254709182544284 0.5689408897015054
2.639535635321404
0.5375582496488899 -0.3087057233414022
5.483354883607204
-0.08163161961539628 0.9507416625056173
1.0977036110710405
-0.900758934945392 -0.13409513158812064
5.3708453456392675
-0.5281372853070927 -0.9997205481474514
4.191992842432281
0.8165607015110934 0.7249767415492773
3.440733571215909
0.8685462716673267 -0.9585184130217667
0.9986826282405494
-0.04341560117117356 -0.4304096016005929
0.9279410504825143
0.7817948591047914 0.5187881124870534
2.771794667098229
-0.1347716576306944 -0.4373433204115469
2.3165908161495556
---
90000
79
0.37337529218349524 0.9781759422836883
3.7017633579789826
0.37052498436277365 0.9764836232289688
0.5869701931844764
-0.6853848990173055 -0.8072138633681436
0.21670446453011394
-0.5303127117875954 -0.46045033425865584
1.4436621604885111
-0.7762414602312233 -0.9490504149768909
0.08707166808463285
0.4541232689754242 0.6095933046711801
1.1769942788656476
-0.497991442217465 0.18970648254970202
4.2616840760785735
0.13888320392954567 0.7722991316484558
4.599044416019377
-0.6529479938972833 0.8259160150623368
3.135385602080625
-0.9603696317583996 -0.4831640279494517
0.09624343786652201
-0.6348267079302 0.4073984077149757
1.819308101724646
---
91000
83
0.1865552370811664 -0.23224198023660417
3.943680447649041
0.25042356417627654 0.8605884022980158
4.585022231736774
-0.19851679496302568 0.724851055815675
1.8065300048906145
-0.9062042047005752 -0.6397592522461713
0.19155652213511765
-0.5219282580335317 0.04552534694417529
1.7403610476346616
-0.22447358068081016 0.3184407952969346
0.9250787602766559
-0.7357117976223573 0.4273481067063542
4.549600826922672
-0.21526339266472644 0.13825051463471189
2.9878441597093373
0.22853541540790787 -0.41825108104110936
2.2832353239689107
0.49559518312068734 -0.15151588035809022
2.1323260715801613
0.7687144639319751 0.1528155651664733
2.079383585653014
---
92000
84
-0.9330650963027096 -0.3131544687797961
5.439361199072208
-0.9120997461539683 -0.27769502759627657
6.238400757973526
0.6506761299349182 -0.47018425540303016
5.511779855897302
0.07340392048470415 0.9627226607456009
5.8562993350720856
-0.4555325021993985 0.4578426627477991
1.5438554490069203
-0.07775612064028842 -0.8574193112752494
3.3871044859836905
-0.7023586864891254 -0.5564502028399794
0.5299593727831402
-0.2924819256092511 0.26760427063065717
3.1428503074788763
-0.09043296455959607 0.724861385692381
0.8685212368159352
0.09863939089235468 0.9538156062236632
4.079544711613262
0.2231210970729928 -0.4359501710724657
5.931724971042868
---
93000
78
0.07089384980715044 -0.5469643702660407
5.422375003609356
-0.22724936337903115 -0.7583213523897177
0.01068433231283894
0.3201953014254799 -0.1724181712003546
4.686344718037655
0.44149359862223997 0.9894069824948579
3.192916010598851
-0.7293898285286199 -0.0634004847234501
6.101393178421149
0.2282013428017277 0.8677043226526068
5.467669823455254
0.7543035732377544 -0.39052443664145464
0.9379814107949542
-0.8961492438364125 -0.7176474130864698
2.4438170115219027
0.05506211910752256 -0.9878304648902565
5.1295063116403385
0.02185379459522268 0.6850037398401719
1.115511483934145
-0.007700476112969229 -0.682377481688252
3.8395077244602556
---
94000
74
0.6240550759357733 0.8465328132698042
3.557341741536742
0.9404106520600761 -0.9548281018595445
1.3456602243980642
0.2068921484192172 -0.6741391188089565
5.2853169226619
0.011904606065391805 -0.04104970107267911
1.859282270135913
0.9777941329741151 -0.9928661275216004
0.6414760778695641
-0.9137120753361262 0.843290068939888
0.5075471104784484
0.49467884520892136 -0.6625158102497386
3.6830034536802643
0.18476364652751326 -0.584611080275184
1.9438734445114791
0.6001232190169259 0.6851982213001815
3.7092316631770226
0.5414469111537006 -0.19475123872271474
2.2069070178135872
-0.9404307197906552 0.9591908408746196
5.213602851892499
---
95000
75
-0.514057090679488 0.8260926628771846
1.750390825321859
-0.49413136927151496 0.8715484646411615
0.9201091469097253
0.6302518628639247 -0.16138149739806623
2.243282505247662
0.03560131255916403 0.5311100259772715
3.1137711999439697
-0.29272281149029133 -0.9073295716997086
3.4039542711242667
-0.44827336497479237 0.011607204896771896
5.349097631455265
-0.46453339271830496 -0.8686495964456822
1.5983033626676546
0.3637768875161518 0.4143987270965104
0.1721474784260817
0.790414022403974 -0.20522843847866235
0.9473434971696815
-0.4521293895510729 -0.4412574579011313
1.5311695652784065
-0.45307435901161197 0.7174247844396695
3.627740668988241
---
96000
71
-0.014107452018433945 0.6282365919609334
1.6126043723478818
-0.9484073672370383 -0.7300866337535448
2.384334854585532
-0.3740641715826184 -0.06300102112362196
1.1015269015762312
0.8789691599816849 -0.6908518597420227
2.486989268353584
0.15199774728831617 -0.9347427107790715
2.2940626913456024
0.19622258611901042 -0.648450391362975
5.5759546444217465
0.8390436923886552 0.1635546843747852
1.411302482522001
0.9342686442364387 -0.0506409775299243
1.2883555556658974
0.8457048468998972 -0.9849274464374855
4.720014996675617
0.5250170971199082 -0.7870945004864474
2.4190604153778335
-0.5606615615484742 -0.6718925263645382
2.9796280068977765
---
97000
84
0.24880885638538328 0.10411972582066792
4.048447958370106
0.26337397734259255 0.07379104542235666
2.022459534261979
-0.3643241551188341 -0.6982327197430758
3.384048622919561
0.051226679377228954 -0.714757863649586
3.538345605885758
0.0532128103073831 -0.15303127654398518
3.4239539028095187
-0.514065541517798 -0.529902142533008
1.5796656221674832
-0.9591203337713792 -0.7423886178578282
2.273865603692869
-0.46339625515314076 -0.10030083031141823
1.203820900477738
-0.3953724874300287 -0.7925693837129912
4.176665843297776
0.12324956643546309 0.37204072942306865
2.332448383299252
0.1735019844791558 -0.5471459460093913
1.343970793163333
---
98000
73
0.8159964291649893 0.08480134015756507
0.022968303395209944
0.19685648609064463 -0.33887707770808984
6.198015192888834
-0.4020341984021034 0.6570752010705208
1.6723132233445952
-0.5485479708558567 0.9624550836531603
3.0498786997840543
-0.7252260656014858 0.4291649987096652
3.812650599844551
0.2652111184955604 -0.5800065332764222
5.2691706790732225
0.20320954470293628 0.5245882387196927
3.7829008773802473
-0.5325036708809374 -0.013499191866379323
1.1574414313349033
-0.6362309512297153 -0.9029523859861524
5.434551932416285
0.3047089754725719 -0.6285689520740646
4.174546709707831
0.995884703709567 -0.4487902745266856
0.38561063042055377
---
99000
75
0.3656789924832649 -0.3844534052625975
4.527641361201315
0.4322965795325996 0.8266230496104838
0.0012463630864898434
0.8622767579423525 0.46029536875846344
1.3019958054517682
0.07938835008659387 0.4022796626002513
5.7712562296285785
-0.7671675206771872 0.27262613922354006
0.9287709772367831
-0.07418571320577637 -0.3502606882881637
0.5523348600381395
0.6515972189653134 0.5061618371464951
1.9137008871792736
0.9981060346077981 -0.8321087796894115
5.128650847517622
-0.6871003353581697 -0.46831527449808774
3.840410934399576
0.8402799899692681 0.31806953057907683
2.917070478872236
0.20072694126788473 0.880322614923236
4.830984973245587
---
