100
{'run_name': '2D_rec_10_total_boids_slower_short_chase', 'annealing': True, 'annealing_start': 0.2, 'annealing_end': 0.002, 'nr_observed_agents': 0, 'nr_of_boids': 9, 'predator_present': True, 'grouped_spawn': False, 'predator_halting': False, 'record_keeping': True, 'record_frequency': 1000, 'exp_folder_name': 'big network 5 observed', 'boid_speed': 0.0283, 'boid_color': (0.8, 0.8, 0.8, 1), 'boid_turning_speed': 1.5707963267948966, 'predator_speed': 0.0333, 'predator_speed_slow': 0.0333, 'predator_speed_fast': 0.0533, 'predator_lunging': False, 'predator_lunge_speed': 0.013, 'predator_lunge_distance': 0.1, 'predator_turning_speed': 0.7853981633974483, 'predator_color': (0.8, 0.2, 0.2, 1), 'predator_confusion': True, 'predator_confusion_distance': 0.4, 'predator_confusion_threshold': 2, 'predator_chase_time': 10, 'predator_halt_time': 0, 'predator_eating_distance': 0.06666, 'height': 800, 'width': 800, 'graphics': True}
tick
boids eaten
predator position
predator rotation
agent positions (and)
agent rotations (interleaved)
----
0
75
-0.5646505681006085 0.780171322457617
0.8474710203038798
-0.679736661492477 0.9382762222719455
3.8770907281448315
-0.25916979090849535 0.4882520351980601
5.862256493833685
-0.9986016351635991 -0.949398339352753
1.1737600469185692
0.157882581032772 -0.8233008061479612
3.3051805970621286
0.42781999579265484 -0.620576983228515
6.021401389024329
0.4568326253408475 -0.6044503641298555
5.5961412054775685
-0.6140353998543293 -0.4362457106061358
0.7030298889884566
-0.9597713135426843 -0.2631778815339872
0.8558579759669198
0.1717494929373365 0.5442111589190695
0.4493838455503769
-0.8984164943969551 -0.9234364941051174
5.267859671409505
---
1000
83
0.19389927613355035 -0.8156349901741844
5.175070326437506
0.3816312117675492 0.32754001144062805
3.9122637330564105
0.5261879366836083 -0.2621514690576344
1.767835323086115
-0.10367471350827641 -0.7907602559038995
3.408597439652385
-0.7375144579145871 0.4129383986717732
0.2256800647173849
0.7974993683298779 0.5997533569639901
2.354491825926573
-0.921919592636217 -0.698102004925399
0.5152213357263049
-0.758433929093055 -0.033719018322337334
3.0306518930745305
0.5185396443291289 -0.8395589379947325
1.6887820722577889
-0.8130944848130705 0.3715870905072933
0.5348860284177901
0.8360648147122565 0.07904611128341747
1.100581971388709
---
2000
62
0.04764759925933868 -0.9981921540446983
4.422550498419317
0.031252896067416734 -0.23917861449022085
1.5493211097390525
0.566217962717813 -0.7819868337217794
2.810515624153199
-0.18245518791022117 0.9772399790599109
2.7645542436366712
0.8413823588494908 0.7427791658736742
1.8486912508420899
-0.33771943413644856 0.8216656637061456
3.321510986978401
-0.21409555206434322 0.25495382520595017
2.9153523120863407
0.059067199487662 -0.26094465925591137
1.7434017889943774
0.8236161314206114 0.6924315874534406
2.3090447844621824
-0.9628096705759944 0.6953450507370308
2.3378259846289025
-0.8437621614491766 -0.8316004698875903
1.9077698685027205
---
3000
90
-0.15217303821877362 -0.8090539292409135
2.144920688968306
-0.01515935088981095 0.3915801261421164
1.827615193216947
0.2567108821488791 0.6203776587722163
0.2384654909675632
0.8092383030417122 0.3618066329880755
2.2658459935994033
-0.122713261500179 0.4362329332057606
1.3894530106149583
-0.4387910637123837 0.020264342408842922
3.1267782875404233
0.20665178156494285 0.011205686582270034
1.3518635765037574
0.3974846116524634 0.40147072962074704
1.5181030552786714
-0.03291413283550701 0.5935734792022075
1.4134046819191317
0.4121799167995865 0.20669226089538914
1.2966437633988432
-0.47729557911109866 -0.854561378818706
1.3317345559255407
---
4000
92
-0.49499833592713444 -0.41262142627258513
3.5113374765303202
-0.5550156554341157 -0.44853262403258526
0.2482676704564133
0.0017103519758644471 -0.7564334013506583
0.7163519727519987
0.3132286784419452 0.3727691269421521
2.162003394229882
-0.4255375111089624 0.849189170567563
0.9568593532830878
-0.6386915106645709 0.6701764753534004
0.0995029098947251
-0.6097873079675938 0.44533775317080837
2.4635042734437596
-0.9186528081793226 0.7756716929553775
0.21763350677083526
-0.7393630788072093 0.3782680639278249
1.368859087028759
-0.8380817517693809 0.6119337700222008
1.293195933510468
-0.7311302811586521 0.7926894804628398
0.5860953089717524
---
5000
90
-0.6037758949356806 0.33433568884584697
4.859844293279949
-0.20885858901708215 0.7302503385861974
2.6690447285489567
-0.948205845394796 -0.982143276911382
2.340552389691312
-0.598184606661942 -0.9206379187762417
0.7840963689327882
-0.7704571894285489 0.7802706447390151
1.5132214783172317
-0.45585718836945266 -0.9266369169841907
6.161575875226959
0.5250912254970346 -0.6173580723713314
4.142739572897258
-0.3474010057846829 0.0931324955414973
1.7709158924798798
0.8834692008057634 -0.2435495352473296
4.196528248092651
0.4740591814671626 -0.7985627251365516
3.366417854025477
0.23316827033777995 -0.22374502860495216
2.8620424962809636
---
6000
98
0.14344331605748845 0.5893025560883884
0.827428971538028
-0.3872699773148391 0.2821852118516669
4.871199040995548
0.7432231295780786 0.3181117006952511
2.5231879969841806
-0.42633940162766826 0.3423401497822001
2.601965329034349
0.6711639723077815 0.1493494947497382
2.247975916991967
0.8903053868201238 0.4328056520885498
3.37538473504209
-0.1542395580837444 0.5063279983157678
4.187523339753949
0.15584560344801016 0.42013756484428927
1.3120085317920314
0.37055550350173205 -0.011236205059373346
4.723966256752199
-0.5050829823327609 -0.34752926767811204
2.915509729225036
-0.7326489157621993 -0.29869951104495013
4.3577100838656735
---
7000
85
0.8568308986745061 0.43327721993889534
5.344755597618991
0.8751160247281944 0.37642813314473045
0.6361867835829429
-0.6969275292092487 0.42162218386329137
2.2569252643658277
-0.7782966332827076 -0.25599511808962994
1.7282526119965276
-0.5299714813770501 -0.15609528087431196
2.014331640075425
0.9725856043703583 0.177618752693293
2.875093763870087
-0.9848796550024014 -0.007678611531054862
2.400158196064252
0.13117027464284928 -0.6933345760519911
2.0500357247437995
0.4436073093274317 -0.9579477551888645
2.0440586628650825
0.039703925510868085 -0.6504698615455052
2.482034467172995
-0.6314841190185435 0.22563996970527458
1.4626867785225413
---
8000
89
-0.4203287916524564 0.666812788520174
4.406273507370843
-0.41065557867737196 0.5323863032726294
4.572612907724096
0.8085299464101132 0.13194405994632352
2.223177270146314
0.693276264639414 0.9400968935771516
2.1710607702464566
-0.34208915752004043 -0.5111071063437252
1.2486062324663605
0.1369399434993598 -0.21560437409562042
3.5211690219358527
0.06760192704619247 -0.1520086152852052
0.5355607533000208
-0.3917868235951704 0.307346597756463
4.1142954359891775
0.7438465548443748 0.1852755845150547
0.8374616643036168
-0.7639127257921893 -0.1621201102109236
5.293002583636572
0.08980170801572271 0.5938069950378718
6.0069163716211325
---
9000
78
0.8817204356795285 0.6505454923011581
4.9925456322265465
0.7873804225911706 0.5026214291304049
1.5784086427301878
0.8422995036843903 0.8996399537750746
2.74766472525856
0.409433479646982 0.36296757116574546
1.337545750651329
0.7216180075264039 -0.024932750385647996
0.3338059288833293
0.48879325141905683 0.32687843419933765
2.425888660176506
0.6621134909772709 0.03182505030036998
0.47889003400193353
0.8835772908456166 0.8859715075799958
2.463423836674422
0.1961046272573189 0.9799700688395897
1.5007214252776437
0.9205173584243583 0.4405145063307452
1.389261963249771
0.1968163407959892 0.96161975864946
2.8766769327994215
---
10000
88
0.6702635068985695 0.44708293912130004
1.7227266904184206
0.7834963287529098 -0.2277580701831008
3.328092274098826
-0.7749660530857613 -0.1423343685227995
3.4486940593034117
-0.9198714749747247 -0.05923385133901586
1.2084163792155396
0.3356764058357568 -0.7814132943570793
2.6621326039007442
0.7574181869765685 -0.8539026492148877
4.2576631994829715
-0.7712819899737519 0.7963058712368483
3.18856488919097
-0.8379918787112212 0.6371329983445951
5.297013905011176
0.43010747555428297 -0.49770145889593687
0.22895684192627286
-0.8281534655124627 0.30871811450487696
0.3371932576308261
-0.9305924825603346 -0.7713551175556472
1.1598471273633173
---
11000
81
0.6034757829280676 0.8417344159846135
0.5560560063448189
0.9905587358644412 0.8126437856118894
2.2183051703479686
0.32005094754557833 0.39800520082199725
4.095445848369087
-0.15389818788820622 0.953854284287581
1.6197214783542293
-0.6145824466221069 0.0706032596133306
2.2526318008167348
0.34148825170590374 -0.9909328954815609
4.966081418423216
-0.8846993539729581 -0.8832592643201078
3.5704919795004955
0.923984174922361 0.944751203700336
5.448872639102111
0.5974314253708601 0.8299170004402167
2.6882346900578753
-0.6529577292733707 0.27387722822334065
3.0784948305058695
-0.23280458238439825 0.5895019652078082
1.7188349782804844
---
12000
96
0.746009240564406 0.7173438480113525
1.6646866917437368
-0.7467287681483122 -0.09030778287761443
4.354747289811948
-0.1166151105155452 -0.03871535531491979
2.7236436749391935
0.9733181310045389 0.7553925972386399
2.62947299322039
0.6676616719302334 -0.575351457564818
2.6063398332183993
-0.34132896085726144 0.11034800901703887
1.3021149209116798
-0.3916409189982831 0.15119959904423044
1.5860243811776287
0.4411497221595665 -0.033961145436122865
0.8593792829652926
-0.6143981408918598 -0.19702132702132913
2.0398486324729936
0.20140911477385873 -0.4570035297085645
2.1029797834162665
0.6002973233584513 -0.00285877989340152
2.619594339678798
---
13000
92
0.18042116930476443 0.14955383285844492
2.1505220894021075
-0.38784059710967483 -0.23969827499528729
5.56953385395894
-0.5068947649714934 0.351939420712403
3.670285995534477
-0.5387242873884622 -0.25736658868158047
1.7365012667687694
-0.5799671612030782 0.2666859861845038
5.155884766003555
0.8598788641195054 -0.04000290244465441
0.5524920030556313
0.01770327551433497 0.1440326338373436
3.81562522940382
-0.618916506803435 -0.4844978497122429
2.017043147602208
0.2622917646361653 0.24743461248250181
4.09013709934584
-0.8472125585252234 -0.26916580788015726
3.4192811056938357
0.5326545459838 0.03553819006163135
3.640757842585735
---
14000
95
-0.47078632183621993 0.9530913711279978
0.984135856601352
-0.8782372917863036 -0.11751907877188233
0.30154981923602886
0.16223538501209922 -0.6929820685997272
5.361348944932906
0.465525713934639 0.22760520656945984
0.7813107892025117
0.142690508286633 0.3872762988464999
5.410243035571414
0.9001853843664787 -0.8069874224933615
5.897298061830459
0.8721123664373909 -0.9742567371915603
0.08882197458158858
-0.4067035098822878 -0.32966903396620595
3.921100336465603
0.1942161066138742 0.4927652143367007
3.360094050163366
-0.04659376111979552 0.8327951583111532
3.9560090307754576
0.024422837428706934 0.9904534788183788
5.713759925546736
---
15000
95
0.2826035851945854 -0.1501843845330093
1.5312012674025057
-0.7183740157309755 -0.2897839302367438
0.9869533631762835
0.5180874631872764 0.6049637317360617
3.8179878551156943
0.6984602007450647 0.3446089976793519
1.3386225151187228
0.19825584650624692 -0.48432256315185207
0.3788751117900926
-0.331509788230863 0.6930203154496464
0.15158758563199193
0.8325900951578454 -0.7291297983037194
2.5881717994997437
-0.8856284847798988 0.8279021913498168
5.701597282544826
-0.8018096039840344 0.5279947410403186
6.141722520204766
0.6817066875036174 0.20241598135817884
1.2108432790268262
0.3002166116630023 -0.5389348512889525
2.0445605416272885
---
16000
94
-0.34665441801538954 -0.1572247831736305
6.074786966358528
-0.2047716699427037 -0.5461100638393038
4.251673135402262
0.44114411223681077 -0.07024051545474763
2.5505341852165353
-0.6111339354821667 0.4778094285017445
0.26370065182829006
-0.6828323977490082 0.7992908120060817
4.165865810959537
0.8852869411962891 -0.00833962425765317
2.195802190023609
-0.971319479795448 0.8478953419877152
1.9740465081174836
-0.9046191461551291 0.13310729838834956
4.037497339997066
0.9297861568754195 -0.352590317583249
4.549013201188842
0.31259775534661405 -0.5299204434409976
1.956496992314924
0.6820140937521534 -0.8581143648101524
2.5050027173420695
---
17000
102
-0.10901756407752325 -0.6043684823836618
1.746628043938689
-0.7088053549322076 -0.6954316127309059
2.7298772826630096
0.4021083929083772 -0.12118916750383955
1.1281853975729543
-0.7699988440336767 -0.7281926208019582
2.59425662444396
0.6333256672425973 -0.22492587858960206
5.0947550922426785
0.1380655334753415 0.6651085226669557
2.690172120175598
-0.3875424894191981 -0.17556245310684387
2.668959090026773
0.5781586140785135 -0.7270676104003152
1.7161530819252881
0.2314036724598696 -0.11425215981896072
2.828410532545226
-0.4122415814966095 0.1894124914968134
0.8718823345737663
0.5650528071038807 -0.28319825609646615
1.7183904103527734
---
18000
85
-0.007445484393610972 -0.9828387833762338
3.1486439397490047
0.7395318277760463 0.4333660373226503
3.5883491875579194
-0.15785624969304007 -0.2209230303138931
5.714007664905776
-0.9366890983115704 -0.671342780000279
0.10656402693259803
0.9653803356974581 0.9025879759177561
2.323149621309497
-0.7116602714420974 -0.8712838565202612
2.827165085227068
0.9286848372939805 0.23308705419435735
0.7177649309124536
0.5371967958083369 0.5338227209249454
3.1934920263982445
0.5087361096840873 0.658045686285987
1.6260141749343715
0.6418554586316421 0.7067696486871821
6.100830389787667
0.7160476363997259 0.4099958424689988
4.428780444837677
---
19000
90
-0.7812684311003535 -0.9078636068835392
2.639226117091844
-0.31030835380476557 -0.22666769658362523
1.9836732688135421
0.5749422155808913 -0.057609079718001235
1.2761354495368202
-0.6514087663259414 0.6540690212191017
1.0834856531445634
0.15814119115904585 0.6185786943926943
1.1227451668057302
-0.9922260480606593 0.6551228499598125
2.997699884180742
-0.0028109130692962926 -0.32006738823444086
4.6699783532150905
-0.19568412638339477 -0.5754691847491257
2.3536873949472423
0.13750245569730984 -0.1349733742084125
4.198982065589773
-0.5117681395170092 0.07657143005568658
0.8968752691621273
0.28158063369680086 -0.7722588557361327
1.674385873807335
---
20000
93
-0.18393808889460653 0.6603791404519888
4.106598966863481
-0.3431997769860491 0.1701409017481848
0.671736095057037
-0.24456392925765202 0.523093931977376
0.9649203719665325
-0.5168240417158824 0.9824279681210569
6.216666139548527
0.900294256060208 -0.30794296261116844
4.073098974160355
-0.46403963579201224 -0.2072540928742429
2.422099500812841
0.396521131503325 0.13907472856621372
2.989107783301793
0.40057503313341264 0.6856022933969004
1.7065693324415525
-0.27478859114687815 0.23975698622058955
1.914201411590227
0.3931595980148904 0.3231116139012936
3.220607734810992
-0.13352755438094427 0.09479649645638924
1.5072408823057373
---
21000
90
0.35751970930607196 0.15891713975010163
4.935585637499613
0.020396765748210068 0.5233958933121406
1.5985096688273899
0.4887565973695245 0.28520708913993975
2.944853297781041
0.4398480466490383 0.08480078926255641
4.639911622904287
0.3872552616427358 -0.45096778518655234
0.8904678282701965
-0.9385973763228092 -0.03521756786025544
0.8665552296982204
-0.0819741320860794 0.1286809814687012
1.8241714684748294
0.47151127110222746 -0.3836294910959777
0.9865212353016783
0.42096075153171464 -0.012638523845198375
2.229330999402622
0.977596432306489 -0.5018443237554692
0.6595054378775376
0.5467391558403586 -0.5125410113392465
2.445046234208686
---
22000
74
-0.5474583786027122 0.5197247845630301
1.962807270310547
0.7796578192422221 0.5963057129137497
4.073200788349878
0.7379571496951124 0.9458719202177823
4.309319847905405
0.30921257014327463 0.7395661120615586
1.3235779719081098
0.12054530210419323 0.2741587770563017
2.8702582317093555
0.2932495272678665 -0.09461148996521565
5.5184270354076155
-0.5700938956557827 0.14502690191692305
5.809985113432315
0.8246047983406259 0.031487028674968866
0.45783528471293833
0.4869632031361676 -0.6359017418594429
4.927981764119092
0.8855779208058115 -0.23759479759102806
0.2745732644518799
-0.5224694053796654 -0.3419316261704191
4.784850689362155
---
23000
81
0.9929455138306447 0.6483966331395418
3.969698284802497
-0.5767687485614158 -0.5842574112818564
4.938241683213699
-0.8124732975365746 -0.2372387527872341
0.7179895187061485
-0.743319078368874 0.8735793030268243
1.4969702235515108
-0.6185281359923069 0.9947511850258295
5.410507214623468
-0.30404560280704623 -0.8783404568129436
0.766438781513787
-0.8828789141649145 -0.5930703113757438
3.2398065119540895
-0.6138733897992985 -0.7404970755668239
6.282632342466159
-0.48896356460165896 -0.7895630343356221
0.7827423938051918
-0.7112164747646526 -0.08426972440300487
4.180509842595685
0.42701455840015107 -0.4534042815600043
0.7634313046831069
---
24000
83
0.9636660999752645 -0.1220374067544609
1.791112491149805
-0.25645449250278457 0.010264976745711042
3.6551896904213868
-0.1504584241870192 0.9493662029917561
4.985897810360957
0.16095589514435737 0.0009203959637794602
3.19006523738297
-0.3277984186848946 0.2824437706626566
4.092799708489321
-0.4752479351408322 -0.1608436299165142
4.510630834527353
0.13772552426584483 -0.3096936405179805
2.865997393447536
-0.115675810352089 -0.4248351438395104
3.2972374564493983
-0.8401216003280739 0.5856627444391289
4.5469293786758405
-0.7071430200498788 -0.011108831000522637
4.448091522906591
-0.7443054547866306 -0.40435569946991307
2.7151003425682356
---
25000
82
0.5485453809548235 0.4471527351345849
0.6671974079971287
-0.4507741085350558 -0.4921030804979091
5.953120442738775
-0.11265141824943105 -0.712214652571079
5.475756467322144
-0.44557381645815725 0.6178965682527278
4.377948484379742
0.07427359330915417 0.020442020799494996
5.958414014448193
0.34243967362554795 0.5731232929410774
2.696624558028823
-0.10561722838464103 -0.5688896977098591
3.801691466454102
0.26113880997368577 0.5853581731835977
4.937757635308424
-0.6503326307500455 -0.9686465394348142
1.982288975049018
0.5190941318761316 -0.5867196624213084
3.6873078836444826
-0.003071089003146208 -0.8278580552171532
5.262820869506198
---
26000
85
0.02407934408063151 0.9621587593561249
1.7604940750141564
0.44269864502380063 0.795680775055928
4.4748926130250695
0.9040088332434629 0.3704009210657986
3.4761651984485678
-0.29228302531467243 -0.516476749914078
3.7320220003895024
-0.2328802807521603 0.5253565958652265
3.4780827876451186
0.27920525190445467 -0.20054956546730626
5.10443751487631
0.49552577364631634 -0.3670351215923063
5.395286430895418
0.7162303127563722 -0.05471544128378048
3.2768019570637668
0.7760823434355284 -0.6583904998638882
1.4849343840253173
0.3060160528705766 -0.03251971272361808
1.0625782369583554
-0.7045457253071236 0.46180167847260173
4.38302036498553
---
27000
78
0.502206319672758 0.3563052147239004
0.40784038363288466
-0.4910538658926371 0.5915355972348146
3.3751721534091574
0.21628482682248648 0.9422895555955201
2.3218214226523908
0.7097683977816946 -0.888026070364172
3.4865435921109036
-0.9942747397396434 -0.9973470681506039
3.1143660155943067
0.6832954352364781 0.2357845334852483
5.311068078050113
-0.377395344828789 -0.16798916878433756
5.369581922966119
-0.0828915626555668 0.8785010254238663
2.4009811179111535
-0.8204510460494769 0.3940290049380953
3.412533090497825
0.10344315863551928 -0.6298015706923704
4.156378728666695
0.018096679706284476 0.09506713297906055
3.2820906794422253
---
28000
80
-0.3510014433226466 -0.01481996867446117
3.906474950354614
0.16181185585931326 0.39555956938060977
2.438990088610173
0.17614940955526273 0.05274626718484081
2.033537466945732
0.419951228208592 0.6845638456680545
3.209648541236949
0.9986881779315164 0.3075605986220171
2.87265541017233
-0.12213231089179566 0.8409920117752663
2.8752807952996946
0.3643717449621955 -0.8894882880775796
1.6922920509585113
0.007621459117701755 -0.8495117798352818
2.4368872577843135
-0.5072974772416056 0.43872579378599974
3.618605513600566
0.44975815401697417 0.3371284058769902
5.521605554261174
0.0801999152843744 0.5980374543347686
4.332136327631114
---
29000
78
-0.5990382950852595 -0.45244884758759973
6.201658378663761
-0.02809505098794799 -0.4897470557929613
1.2197088348552994
-0.8169472736151289 -0.32855871051859054
5.332384908121959
0.516093634434827 0.28683947615768424
2.789754699341084
-0.27502207247332155 -0.6924494714130964
5.4058356868856094
0.349405559802609 0.07812536613350698
4.322022672209893
0.02138457520780589 -0.9762380300166918
2.5676551064907844
-0.0023335113618829853 -0.21925663206765814
2.3587766353569988
0.23660797977554762 0.8249064596187483
4.774644447152427
-0.09194338437953961 0.43179619855600776
2.2773475922062323
-0.06821669639830093 -0.9065237311986749
4.658257169619281
---
30000
78
0.30792439141659317 -0.5505909353075333
3.5936067964362715
-0.9633726193219393 0.647900124719807
2.606260257876639
-0.7488078855528348 -0.11413345292069638
2.5443635267801756
0.348506391785308 0.26286293658270676
2.135178758109287
-0.8016946630919222 -0.8331460609914898
1.1053273670103163
-0.7332641106138493 0.03767751838838243
0.9083863541800632
-0.6066399358579395 -0.07710818883097129
2.9015955366883146
-0.41758399806391466 0.5843639283187467
2.331409823564546
-0.7299244374096714 0.7023289846463067
1.6535553504360712
-0.8406691334347716 0.9053668635155788
2.2071166414432533
0.802668376352025 0.20716377432675218
1.3594014431059422
---
31000
80
0.490384357554818 0.12049484885995933
2.9691198648617667
-0.4466843347334336 -0.781614270480889
3.0284681022028455
-0.5949425014622641 0.5269096478742996
3.4676303902215144
-0.38633506679149526 0.44870738246772557
4.7942375271056274
-0.7385670805972031 -0.950968760434741
5.416031887049015
0.018528677832616358 -0.6957943578336226
4.4798625796134415
-0.8009777108690946 0.4913152314602466
3.6415427138182226
-0.7108114848412035 0.2629441283892774
2.8617958126940186
0.33776945695810856 -0.8170124724628706
3.3946693845235556
-0.6613221007269536 0.06423942963137211
5.743501912222543
-0.148945070634263 0.8055824245027747
3.518017905479195
---
32000
79
0.49274595345182515 0.7915983997763356
3.976659206164555
-0.48761473191880483 0.8166004804561552
1.765789498138826
0.13972653753380668 0.38454440834831344
4.199081492896039
0.3165120234087219 0.27185443123315234
4.712106014449532
0.495287538325961 0.3015443676128563
2.167296779628294
-0.864797461529001 -0.7001320084101994
2.1691337043089103
-0.7657075851456434 -0.047939134903926046
3.263965201400481
-0.4767188805609534 0.837401947853254
2.300819482419418
0.9906486710314281 -0.5346576532071621
0.8052261704599246
0.826061403958021 0.534766552629938
3.582847721666613
0.7764344811786479 0.19163085940921618
4.865292173688236
---
33000
92
-0.736853402379691 0.5664052249148218
4.9603689972024325
-0.3403810470678102 0.5885574575987107
3.489301613146406
0.1593848315649592 -0.027660262802229323
3.3685515115764177
-0.19324586923224424 0.43927609651347244
5.392360767743451
-0.6796062352390806 0.39525361683516774
1.2287299250930976
0.5391003668177246 -0.2398283757014565
4.435368299527588
-0.31736017405100697 0.49647853594859914
3.423635681349582
0.5021932501771875 -0.36161508361671696
4.331886344866378
0.2186032475131709 0.3353190266635104
1.1534128239239827
-0.19876213789342664 0.31284697241535714
1.3763536007473665
-0.5872581286368755 0.30733473585209914
2.12798010569018
---
34000
79
-0.8698992604505802 0.18815959140188476
4.257877636272053
-0.726548427050319 0.07391917971618048
3.895471759701424
0.310832737797974 0.22755389369359896
3.552403832497734
0.164415348771672 0.5442094155739025
4.185444576299519
0.37455064821665573 0.9569490446481778
2.7768591107552405
0.3476652421054427 0.9769037964755201
5.32280799476062
-0.7229735916420608 0.40834719194665725
2.3318585796106266
0.8342094203597126 -0.5048462744243778
3.585761813835582
-0.2122125869507691 0.45388673548608743
4.005862476857172
-0.21518102083981894 -0.8726776774435905
4.580851438757629
0.005679422008780339 0.5197800741961921
4.441662519237026
---
35000
87
0.5659205774381023 -0.4135622850535314
2.8952331354624157
-0.8905418810404637 -0.5577090048840788
2.7426838856555626
0.4219022605962373 -0.9255779469508268
3.6735219547403943
0.05357984351870958 -0.6875015926536377
6.044920517037316
0.5145840396546746 0.8918639917672816
2.886543177345283
0.4763167840830526 0.8252483447789035
3.6042132872962025
-0.24446113189744598 -0.33031085693957074
1.1892078992244253
0.9629841971526645 0.48978677749705707
4.723785396416423
0.6380987248496521 -0.8633945855760181
4.7498746026241125
0.9329897422788199 -0.6650469432025797
0.7707514967364872
-0.36631024612598034 -0.38716664481734014
5.3493439381397145
---
36000
82
0.3688587891929172 0.7504747910313557
4.363084027144442
-0.5986114130058845 -0.11519665078921339
5.9354527990197745
-0.43462580142461943 0.7238437958991784
2.253380816793624
-0.7560392093990992 -0.4305232362712892
0.8764573289029745
-0.06888682278984007 -0.10292824101237327
0.7537801285325685
0.6471158549199759 0.21390742839460003
3.32215327130485
-0.5676814447674102 -0.9157690038046518
2.487096426452398
-0.1505714836111259 -0.7633459008082978
1.8744441674629773
-0.7241143282879023 -0.07765322345374778
4.623992988862596
-0.6821498769876868 -0.7199780741075534
0.7100296865005671
0.5083271592271766 -0.9749895762582118
2.860576642277776
---
37000
91
-0.02914608212797821 0.1245021613250925
4.142916355545744
-0.2827377409371659 0.5045212975579116
1.0130027901744096
-0.03134532331006381 0.1700458868957666
4.50381617353253
0.5399948797898763 -0.12687398462916757
4.989123397865373
-0.24415329448660622 -0.5520657096783521
4.99044789098263
0.6489915081901159 0.12164030201492719
5.119114066797243
0.2573817115179183 -0.8817582891725312
5.135241228237261
0.9049639650574963 0.2668812839943969
0.8240871325382502
0.4253869362763224 -0.417621576599788
2.7026603692370763
-0.5267840472288471 -0.9120267502824698
4.401929315832483
0.21285664033281027 0.9682360888348822
5.590712767256172
---
38000
86
0.5877330205173266 0.2760829121843246
0.050865595705408495
0.6986560090713761 0.6786750748370217
6.097167672624335
0.7343761399086582 -0.791312534462014
5.794263605600787
0.48193341147578356 -0.7274884294569907
5.608956060452477
0.6470637416599525 -0.878186902815538
3.678383213056808
0.5806747858318922 0.8420017905983748
3.761955398371061
0.17481983420906175 0.4233184893168151
0.24681556030306862
0.9465038345785228 0.2385920544966665
4.394158126651682
0.7251943473683264 0.7877399135336953
1.8740276135536353
0.5027559561193844 0.9372975811923723
5.656401916677419
0.38757313811289473 0.7933100602860715
6.227098879501008
---
39000
85
-0.8887672644523805 -0.7223051588254297
3.898098642601644
-0.8423251598897041 -0.7865957161996251
1.678148515596912
0.29991754852198405 -0.9483445049232821
1.0783432802651207
0.5628598362392901 0.5953950486564886
0.03172779955106986
-0.7300476408573464 -0.9080237241736225
2.14997094989093
0.1599088025530273 -0.6977073456207754
2.333409513755817
0.746157683338913 -0.21796081692596886
5.922589030905995
0.29381370976446824 0.26490749198765723
4.773476911960628
0.44828772401153 -0.9193095048672691
0.9704985445821457
0.1023222162030712 -0.5274273459200206
4.503527701875748
0.850510940811111 0.43872786184653934
1.9026903317183343
---
40000
64
0.03003678205019769 0.8997640301824549
2.8153071267411556
0.5175654329831615 -0.33751855290134625
5.874674977130559
-0.15738106502873855 -0.10724152457331854
5.829227992767514
-0.3411904232223574 -0.1761473484355075
0.48844749202236937
-0.4826512460768767 0.008809027940063816
1.904294417566665
-0.7781314815623276 0.7883381776648861
5.79504447769029
0.11804392953786226 -0.9526553454010919
4.347413310694566
0.3794029309397261 0.32134496048357925
3.326468706252239
-0.45346939137210346 -0.656196416330469
4.418512119001692
-0.9584146326384104 0.47991078207785043
3.037683161184054
-0.17474127159670083 0.1946394041269055
4.392315985416743
---
41000
76
0.913892565946944 -0.8671958229007044
5.181808517888388
-0.6994241446440097 0.7212992988511086
3.003865783487135
0.6096179007716046 0.7391414542229641
2.6266399449324807
-0.7475096879158563 -0.22651572279201662
3.6650625190345103
-0.9266726782234057 -0.09237591462935887
5.986307297880853
-0.3103534714907642 0.45878714550744404
1.5837875394302667
0.39101377579267227 -0.3235516748198949
3.196689074564018
0.32981401937003785 -0.2394502908050743
1.7596953339659462
0.6265082587124736 0.3315711228654955
4.153349410758429
-0.7666337070641835 -0.3254112626750588
4.436542076422794
-0.07812032203519025 -0.9360898949661631
4.676334925569352
---
42000
65
-0.8012351179855061 -0.8596089945212326
0.32982251519003614
-0.698837104154166 -0.6245455952639638
4.708294778469619
-0.48643455933598123 0.7544433521744708
0.3970236420446245
-0.554538588030071 -0.6395217066139189
4.859543842089326
-0.1795007035357271 -0.8374049057077891
4.579238611283429
-0.3348883149282853 -0.7084374692329737
4.577454032805798
-0.5533275672096553 0.817229712267723
3.6449642392312205
-0.14359835471269014 0.5427062435622309
4.190750578636026
0.8981218502159534 -0.39921708449942356
2.5056576469695244
0.24132232075117488 0.3372685915937018
3.909218813786154
0.7887469680313045 0.2137455085745214
2.0171753328549213
---
43000
75
0.9780669774454864 0.4555654498764414
1.361265567616518
0.052468519490972025 -0.9272231044721287
2.640716631977554
0.8334050013056672 0.3144983330246233
2.1587783574292763
-0.5198847026689977 0.9923314103627185
3.039233096620439
-0.8814426865467007 -0.8326396339736706
3.284040747165651
0.4126586794659618 -0.5826869592631191
4.404164421914779
-0.7254543964691283 -0.39692689385624275
4.537849068302516
-0.22779711356602705 -0.2949053417717974
4.137993889401226
-0.29850697617493643 -0.5771907411726436
3.4540008032085536
0.1648190456906532 0.6583407030517695
2.369733922522137
-0.8716404386429336 -0.8152977819253046
3.050902611568472
---
44000
78
0.07648550080547395 0.13104449562727583
2.2601825440591865
0.3387963300316967 -0.04818551343413353
3.635179917648217
0.34622337636350464 0.4084096086464372
0.8287931724191226
0.8871669760374571 -0.08184116842837064
3.667180826560603
0.9087440742196703 -0.21963069960024711
2.3421740144195713
-0.179952493612218 0.4056902321123998
2.6499918485676215
0.027227274240317775 0.5794840094915308
0.758197405196813
-0.04560016089531231 -0.4325433596014982
0.39413271216700707
0.20550544827705464 -0.634484972896542
4.886454454847016
-0.8949140626560105 -0.7481323477699205
2.04987355971726
-0.6910958953918481 -0.028474581690098526
0.9255136903636928
---
45000
59
0.7523584694387998 -0.9764558431758558
5.312520091030205
0.9306171562308255 0.9569065161451631
4.295676661021206
-0.1803895110226864 0.549013006994829
1.4182841223067983
-0.8688683805422643 0.6182327992647825
1.744108397827687
-0.9766740668623939 -0.9105834143561385
4.656192850764041
-0.2460032533805766 -0.5282095760730114
5.196135187142793
0.4760406148919359 0.29419575754977656
2.372112601091883
-0.4720723957865253 0.49386003811989043
3.255781785319936
-0.7710644637269163 0.15948514177928122
2.344610408252419
-0.9392555475328436 0.10689297247703902
0.2911117448771181
0.030911738101622822 -0.03610048626807333
1.388778699324888
---
46000
65
0.3607333479616775 -0.4826236769296945
3.599095266966373
0.9764417887726635 0.8118432921922585
1.794104570248697
-0.9644120369082184 0.17417317800093857
2.0173764448438876
0.9548593277950681 -0.553035456214938
3.9168308831493004
0.28082334358165323 -0.7604484923554193
2.4063180320686106
0.06527047683045646 -0.61313806169085
1.6446838387259421
0.9297195350632781 0.5763652705840726
0.11539029058643457
-0.6563853027203062 0.921573788018079
5.469452128883318
0.6839961026997572 -0.29216918472258413
2.8487181284808445
-0.9779229827169986 0.40502937134385253
5.318821240449757
0.8873521523596604 0.32889793611354734
4.573790784907266
---
47000
81
-0.37614569142017157 0.8910937833885442
3.8758507022462667
-0.237647397008189 -0.8601462178776274
5.39203985030822
-0.20915333533011343 0.9928237305143084
2.2335603003476043
0.1597238277096084 -0.36685979316088124
2.956665516333314
0.444921918462416 -0.8707864562136437
2.5219667987585357
-0.10492748854151474 0.6617770406827388
4.518562124387448
-0.6440287342100324 -0.9351172355117506
5.624968432784948
0.04480348860613266 0.8960370953696829
2.4108711515670107
-0.3108884770281634 0.49214979280454807
5.615331864626372
-0.23702767427856689 0.9128217742747702
5.414821338251109
-0.4770710024314278 -0.9043013004560501
5.83669770154869
---
48000
76
0.6612789080618477 -0.9884689328056779
4.012701833176716
-0.922133763112861 0.20039994683113307
2.310356262337943
-0.8039583079183152 0.21038003764527763
3.776890466871113
-0.6319574992898311 -0.31831781990227276
0.7929033316034371
0.04374909070674946 -0.6610324071250864
4.6404164397173595
-0.9813194358704241 -0.7682675421704488
0.9499808830603431
0.7827325617225342 -0.13990839658852722
2.26533165920186
0.3322160784802618 0.0012343675791967115
2.176879700098839
0.5637480747270975 0.941315986228481
4.939197450968053
0.3192866377320019 -0.8210725525952255
4.142755404221383
-0.008685076609878864 -0.546598369876953
5.297237414755143
---
49000
84
-0.12976429030609712 0.2686355258456157
1.8960278705331737
-0.1834805988316311 0.45165952357467876
4.218034422634841
-0.15237580441341486 0.84157750018017
5.576268028901904
-0.03756536114311071 0.9694423726656042
0.5689220679353939
-0.8339691313341275 -0.9462519289158913
0.13942030126760496
-0.31366366567991766 -0.46409444962364654
0.4990616548935094
-0.18898877862071028 0.6127575483108882
6.13094857220918
0.06998461771694643 -0.34175906552402235
3.333524234379132
-0.10685347193707054 0.7067627659311955
0.46348657953246786
-0.6649034500929888 0.8357589711598574
6.221778138335299
-0.40962914655454974 0.49882153785680383
0.6030052735614007
---
50000
80
-0.6674676897593909 -0.5119000335747776
5.133384435485998
-0.6874773974798346 -0.38542186101412224
1.908442581639405
-0.7724958419487267 0.7157413113450295
0.5933099785912175
-0.7324463661618525 -0.44111456396472126
2.196193305738565
0.5030333886886079 -0.8935042571634018
1.180039110690867
0.35441276464803373 0.6166696949594092
1.2973304719401364
-0.11900659872875068 -0.3975381361521034
1.497499751491302
0.7298787453870906 -0.6789931875821474
0.40319379604060934
0.7025514474501345 -0.4456395910094473
0.4254367691757448
0.7138078052266241 0.7103854870352382
0.9128825687514079
-0.7929596277412589 -0.38086903913844794
1.4374433083049851
---
51000
81
-0.27175988436939513 -0.9858071075616405
5.1516637308210615
-0.766785157716413 -0.441683704129455
4.461705450890709
0.13476687403950047 0.5034788393242421
2.462130639145424
-0.48807603801100025 0.447798385039344
6.245883612430487
0.7148143926540008 -0.16636691921216534
2.333666381267313
-0.607673042350521 0.7787560031576422
5.724511230087596
-0.6878831432522561 0.22504913487412553
2.2323911376914056
-0.35570420134979935 0.9006539486545162
4.263566153394204
0.9106571948345282 -0.961107613593999
1.4203358714143057
0.23243345202215418 0.7462765886407752
4.628855492365517
0.032638089289467334 -0.9326212651480652
1.431457852572942
---
52000
69
-0.051565358321862605 0.8402881452098554
1.1489982014169202
0.03757720205820663 0.7671696481077804
0.4785150902762796
-0.49918193479375333 -0.9132941848280379
0.22156970575945767
-0.7527000490228436 -0.15118702857672417
3.495906554264147
-0.5897192652858961 -0.5843851132273883
1.6699221755993978
0.8034436584488166 0.6812530697979539
1.878876498457057
0.12794129359305775 0.7484628186873249
4.278889137112192
0.7161279378729558 0.7126024515835649
3.1268382367408396
-0.16552472498941315 -0.3106975783579842
2.9254708914698693
0.2605339484654505 0.8648929216945932
0.8841249328312291
0.08262230970079215 0.956019852153102
0.8670516561164696
---
53000
86
0.5652214091761426 -0.8843170748996406
3.738884993192597
0.8126151341698891 0.2982699332216735
2.1921820094169666
-0.7822919453811956 -0.5785288957055518
1.1780809164934958
-0.17043900055434527 -0.6396800246378292
0.508251879652641
0.5992908064725507 0.7685145836607126
3.0766804832113053
-0.8685291861338089 -0.3641718105116361
6.1325120371500645
-0.4051762561663597 0.9208124800652682
1.72278003437924
-0.8239035499295894 0.9621786202675611
0.537017060565554
0.4973919819267338 -0.12292363177255182
0.09106747430723594
0.3665868798537881 -0.6467329049922432
5.653145512003729
-0.348990291960417 -0.5490416964064193
1.9231214538684744
---
54000
80
-0.15827328150195957 -0.3634204127342716
3.935656274906368
-0.4752569338085808 -0.29571057136122275
2.0834293776605195
-0.20875144458465822 -0.026893980599442674
0.16081614653295073
0.6862273993051328 -0.0522961566615569
4.912324949936679
0.47936564083389455 -0.29337086118670475
2.994865665595502
-0.9328402822737035 -0.7190491192705721
-2.300514191944528
-0.7392966130372148 0.07859415975490507
0.06699550119335296
-0.8987193063648087 0.12934253931297454
0.3398137130730783
0.5647594600446524 -0.7933094908295267
0.782364107660988
-0.05743175872018046 -0.022914238044643685
1.8964478686616157
-0.6635094715401821 -0.1301211002812044
0.3079711580691358
---
55000
81
0.9555626026355456 -0.12053792886140677
3.9362793014787183
-0.52868957723864 0.30205427116814376
3.8784790648975536
-0.10312384250257871 -0.43594635439400803
1.8644010769833388
-0.020264652231722885 0.3994627981409935
0.9280824049759859
0.06404523630887224 -0.3726229031058536
2.653667228624597
-0.09263974653804322 -0.8348992927746125
0.9104624857575132
-0.2959197633680828 0.9560985252503944
4.630631066166143
0.4508629949732881 0.8840240830631294
4.891860775676367
0.6069082486839346 -0.816654497241874
4.581646220637049
-0.3549396408982105 -0.3199672691596391
3.869590093859343
0.4216318359826262 0.7326177692548235
0.1493150272849686
---
56000
84
-0.5233511024580083 0.2175590671229426
3.543449889843993
-0.039481836112412 -0.7993858703438297
1.6489717857549406
0.055738302689973276 -0.1400385791970371
3.6310162497505836
0.2688142363888205 0.9818270794788031
4.114349279928885
0.8179785116377187 0.7953788977219947
3.4593383564685034
-0.6659368598653872 -0.33919673313329995
3.009048768843315
0.5284247159665761 -0.9375843329092627
2.8893289640114324
-0.6878625591210836 0.1426147509574623
4.0558723016164
0.2422371954172309 -0.8045345224948677
2.95667387034248
-0.4160810237401947 -0.12692396069284453
3.239179325907818
0.42134201205907595 -0.807036610892477
5.859176020081311
---
57000
72
0.3189561615864131 0.22965519051781688
2.676218544241958
0.38300748437170934 0.1765547572494914
3.34952985693056
-0.31204394565101623 0.2596777576874736
2.852894277095836
-0.851431764154659 0.893445083716841
1.0094087408022538
-0.774686944813118 0.5223983354797416
0.7159512872795739
0.31844933950822096 0.7716572612948799
1.4366187601973368
-0.5082393836127513 -0.8145514409246675
0.7157917028563547
0.9839652658729892 -0.387907926374412
2.616457751385682
-0.4848875172260243 0.30515012154108234
4.5203131181842435
-0.7794547490247727 -0.44492639570603465
3.3450122998871343
0.8427594496928873 -0.4333670009707115
2.7671223005209438
---
58000
92
-0.5266361620705449 -0.5733094089512316
5.565282752913854
-0.7337497246806275 -0.18188084939307175
2.360235994135704
0.34518293158616625 0.5604862232123979
1.0055955504426741
-0.36120835105846566 0.705111188017744
0.7430937691768209
-0.07629864697308028 -0.4928482681381354
2.6735575638584095
-0.1708576988821308 -0.3568041775054255
4.185539305415595
-0.2335731390396328 0.25959208025320535
1.4041099181063892
-0.5249725231563962 0.4688699588178252
2.1148064130214843
-0.19176439808526458 -0.4365766839843813
5.1427067907983215
-0.01014607946969813 -0.5465731519999095
5.728393535185874
0.03751451088400379 0.7025945369464462
6.063308596975016
---
59000
80
0.3944208131823277 0.5290627652268347
4.378830756363271
0.4571185433764573 0.6709512817774681
5.026597580575781
-0.5155798662112261 -0.38266258284749816
2.154436120383491
-0.19623910065427544 0.5835996970963464
1.692266444977748
-0.0725248589959321 -0.7941776013173498
4.406959409076469
0.1755272197442034 0.22353139409598238
1.669005743356494
-0.49897528879542785 0.8095223332294754
0.41571160509918403
-0.5510595935363263 -0.5975949982075089
1.27782744396076
0.967443313557574 -0.9749135260262762
2.714687787938481
-0.3216462765299408 -0.5300638327309888
6.072297886482366
0.12490832700225366 -0.20331492713429536
1.383328421736028
---
60000
83
0.9195687837994256 -0.30890284222379377
0.2781539934809316
-0.05750503962751223 0.7304179772012676
3.0316705928950887
0.6611302211174298 -0.5088483794975607
2.179952012885944
-0.6519830551992267 0.8621990936208263
4.583120560968849
-0.02508234399584671 0.5979896758120246
5.063502783832131
-0.5344512753462376 -0.601814319663497
1.7060361966698387
0.1561186635886177 -0.29992843471873826
0.44805784814102534
-0.42723072248048904 0.8237010130620086
5.27505364476573
0.783504790400421 -0.7537305062706875
5.396862213384636
0.9170542444722599 -0.7200588683437477
4.20986155331622
0.967483415465083 0.9259430844317449
3.495820564517733
---
61000
78
-0.2120903674949118 0.6283263338551928
4.7567499058361244
-0.6022115441966389 0.7638210206452825
3.4793513140167116
-0.7088570999391441 -0.7125817144210772
2.2496639220004333
-0.7787554347323504 0.8566214857610193
3.392596578098672
0.915824221499995 0.8021778217616037
3.4650306061932534
0.08765214968158794 -0.4723666958892386
5.69283442871696
-0.5514645687659872 0.4423653578903063
3.7408711447010123
0.3638525754562982 0.09661010232316293
5.96630794049092
-0.7533219791143617 0.8424685915688802
5.1218057860602055
-0.09152786147602822 0.7965174379090957
1.4690155724375655
0.5299248585425148 -0.07134552459043562
3.7388100718957693
---
62000
85
0.15240245540571734 -0.7764674876870922
4.536408402305192
0.1301009237687965 0.8598296609089197
1.0411376769605658
-0.5878669229319218 -0.5579787789387706
3.8598136685577638
0.32556678004105255 -0.6775018119439207
3.5978913032939124
-0.8011967391385454 0.5427137732063584
0.8950788964811327
0.469331568146848 -0.8679456779250686
0.15402493278190388
-0.9911095594254531 -0.6650851783277505
0.1475076894692906
0.4042476633053715 0.0339257200565032
0.37598022066937187
0.47686532623132083 0.7237997701815464
5.854413841133272
0.6789568565908787 -0.22952003949438718
0.030652483118903895
-0.19905305265492787 -0.7023399973469242
4.549163364289995
---
63000
76
0.29439255702902367 0.34567134699654456
0.7593653552460544
0.7783536788812077 0.4233919790021047
2.5396508978795813
-0.43129361823169554 -0.6487384343120051
1.1348007505856605
0.9322699325181661 -0.22088656612317473
1.5976077697951139
-0.11912240544594316 0.5057339645554496
3.2634280620713323
-0.8077132294689385 0.15889551570337276
2.0268495576174246
0.6091734404932473 0.282881020973699
3.070895346376041
0.2986480664336682 0.3435964420918796
3.1185895803665797
-0.29360008089946993 -0.5726336874896056
4.6765303174935715
0.92404608263006 -0.3401855964594385
0.9204420625483252
-0.036732921131224935 -0.7997315397902627
0.9617124511148782
---
64000
88
-0.38441313233168367 0.5581491860964025
0.06302382806680473
-0.38488044896249163 0.5577923210903074
2.507139436228961
0.9753105958705836 0.09005858295340623
0.5564998927237772
0.537443594407988 0.3122544401872083
0.19022063847850124
0.8729456448339163 0.6837033281008302
6.1864648219415095
0.6059033934258363 0.09719704562469136
5.861386480382854
-0.25972785055629577 0.05696901628083673
5.966165530141362
-0.6703316231897627 -0.0456358603554204
2.1384928926723
-0.9080026467264101 0.21091871140306578
5.789179303523733
0.8683137374181982 0.8061578478145979
5.870799798041432
-0.09974588224340264 -0.1019362456564359
2.970033290623607
---
65000
82
-0.433017157788037 0.5926558681919896
5.207977910475234
-0.4286837858546473 0.5711899927575345
3.123281201615659
-0.5164432452061422 -0.5315785725601259
4.992019668313082
-0.6567070117930217 0.9250987808851519
4.170296986692998
-0.5569651172369989 0.4401801828012363
3.507804938484078
-0.305067587204242 0.7800493290157325
4.524270969224516
-0.41126566836607736 -0.9973302466036027
2.6827544255504367
-0.2950306442733489 -0.7898453650533444
4.558189518407712
-0.498417093505396 0.35559600969520305
3.29866956901595
-0.7459469923732729 -0.9208832571759393
3.0949539236550017
-0.803836162173921 0.5991179320861364
4.35481259252268
---
66000
77
-0.8837980281691842 0.7613703694882286
2.14105487581508
-0.6259244452604674 0.5431683989767229
4.042811265739575
-0.6631303049713853 0.3806386509969359
3.0746432403004427
-0.15311369042180872 -0.1289511636848079
1.6644686357892011
-0.6052867491790114 -0.8584953399090831
4.845973790097898
-0.4969069559140081 -0.9264407976389853
5.749192650702896
0.664477458205497 -0.07755201818446159
4.1125470061872935
0.673807580719532 0.7640606888285265
3.540648476048716
-0.2318667025000866 -0.5195102392613385
0.8099132612846462
0.5360483325588448 -0.15265874122483802
3.8759422694436845
0.8613296794939586 -0.13156292563275615
1.4605815083341378
---
67000
73
-0.6757702401473619 -0.1707169621723845
1.5641039977908817
-0.6047709003438846 -0.21455870982378228
2.359620669126633
0.7457830102089834 0.42909282907300406
6.041949697558678
0.09580692004819985 0.5707272054262367
4.106392436193164
-0.3871275435530098 -0.19589873681085718
0.4967407894541376
-0.6265967168086504 -0.02349331108705443
1.6706459031213052
-0.9344548668334675 -0.12320733860332023
4.086092455967845
-0.4116415126713579 -0.2786398661150498
2.5986058737372417
0.09145388918535871 -0.476456531316907
3.952899609897928
-0.2610720190630831 -0.5865124289371103
0.14285011551271865
-0.8617227022808159 -0.06382162164311589
0.2746848912031732
---
68000
94
0.5820349643591098 0.994877865210767
5.09503135723264
0.9785825847724046 -0.04629143447629904
2.9793505445484953
0.43545247047617025 0.8325058406768631
5.5433124742173385
-0.758057255465478 0.2292515043436224
6.079715847368288
0.9603014505256675 0.5197756199042008
4.327169905490292
-0.3430889341970658 -0.9911169233749604
2.6205895208087284
-0.07500254481832526 0.09316212924201855
4.300574469793921
0.7254560085010003 0.949156253898074
4.147312463088124
-0.21670332113073515 -0.1760246888641699
4.3586825525748125
-0.43534489416515476 -0.2648390503759837
3.3974033109465163
0.04358502418022056 0.33833481619908556
4.19304444190184
---
69000
88
0.7774194383703134 -0.8829760469089142
0.7335803918991548
0.776913038973236 -0.8271712553373531
5.358819570318574
0.13971684420881844 -0.5682896094025016
2.9107671539296867
0.4878758885447195 0.7062290689625355
1.1541490353500743
-0.3456954353911458 -0.8179244702567415
5.757700758149049
-0.10275154170449734 0.06334652356527393
1.731699375164184
-0.3344827173351967 0.563885321976916
4.8465880476155405
0.9974949339404031 0.6327154955561733
0.8585200441829381
0.6389219528052364 0.5161453763654528
6.089602873539672
-0.2933821143978884 0.607152105683512
2.677587559261881
-0.1885033614737599 0.00857495139769214
2.3477946928799387
---
70000
83
0.748910058956138 0.8900433890122912
4.919225922502834
-0.4674180104433326 -0.2410719257545799
1.0705645615417039
-0.1693719036706733 -0.2628001412917654
1.6335030844310685
-0.02844661244688376 -0.3982599429338437
1.0525406697082635
-0.25738754248179907 -0.002416566335394787
6.094466346494927
-0.993887016546243 -0.7012199272267509
0.430045788302877
-0.6457605407492036 0.5961235538440947
1.0328248125032333
0.009259179664700742 0.7981018107089293
6.136005168126686
-0.6369161570518217 0.8815064663784659
5.8560681189871095
-0.2504870500771786 0.603963200192323
3.1140358950371265
-0.5802098832303042 0.5144608513268321
5.409562326129078
---
71000
85
0.8620850896981861 -0.03206358132576716
5.6015306671624465
0.7750964522367925 0.19634232818278238
3.473163656900489
0.652799441075342 0.4794104884888212
2.283921575497586
0.16968440670465731 -0.27287115867947387
3.758878395998466
0.1837052145109072 -0.1471450651403897
1.896298065630055
-0.1344309850674 -0.8008760093741464
0.5859029201231065
-0.045725516237573 -0.9088421717687403
5.575075238709049
-0.21817071553229614 0.6620728030166352
4.5138010600747345
0.8703507793735882 -0.011159963018895233
4.309018739850924
-0.5810002837904543 -0.7361165929266066
0.2930660522474424
-0.34874640608024576 0.5624951910182836
2.9188204222806267
---
72000
81
0.7739291066554148 -0.19680562771069146
3.9579969612697217
-0.7199895901597835 0.25402522763134316
1.7490799855591366
0.938495862820368 -0.717677348254802
4.484571380595041
0.8135857002313065 0.670830720634664
2.9123594654417806
0.8341829830040208 -0.8189840025151054
2.9194350331216334
-0.8409357164882606 -0.5563752276441735
2.7505268286495204
-0.1288418425657184 0.9125214096688002
4.82289280151365
-0.8639319982264644 0.6531562260806695
5.6932542615027195
0.8989822497531044 -0.4264274350002462
2.04338210420448
0.9933444889417182 -0.38374496830985416
5.206059483845295
-0.8274626551382047 -0.36355017876455825
2.9019658276513978
---
73000
76
0.29541578827250503 0.09482951911530758
4.386631320353933
0.5196963438643073 0.7111563144534596
4.986482441992281
0.21060688650648576 0.34349589295719724
-0.5074549964288498
0.9130775701221565 0.4069073099558562
5.169841600530267
-0.08056037508346778 0.6313421804285133
5.249325613916915
-0.2624655179394212 0.8563730718741026
4.884005035047211
-0.7894543368500557 -0.6502731354026292
1.457381568726447
0.7003641156228924 -0.10794190943378179
2.395051229511415
-0.36210996255822797 0.6545812541035892
5.361612750260887
-0.25605284461641836 -0.5950938372004023
2.5298523365796726
-0.46656598567717167 -0.295128797908283
2.385048591148726
---
74000
76
0.23789299173807366 -0.7665578589184595
2.9884961993048855
-0.19129817258133644 -0.7266488175943314
1.3156624668671597
0.7232220171425456 0.9252674366493054
4.69195054176868
0.7325967263418917 0.7736003329664064
2.6917280461837017
-0.49140285276290496 -0.00891951801955301
3.8365502446014874
-0.895159778542071 0.6289606095085795
0.08045669493093754
-0.9485696306208411 0.6264129230092159
5.292600545295209
0.9298278983534992 -0.3472174984635113
2.3583172188355706
0.8203091495155311 -0.3343970360004074
0.0583884143313389
0.5378176795157177 -0.5143382335768466
4.002445252300903
0.17955568663401897 0.9858260253765483
0.7715402554830701
---
75000
77
0.31875535761767837 0.417439648931814
2.733800720437712
0.33417504512230073 0.3633270394822857
4.978076285861726
-0.1235342849894624 0.12875582384160164
5.506791630416136
0.859871713521145 -0.2707731101239399
1.1895795979334878
-0.8591014353234603 0.5039987055686089
5.883737369272117
0.6135172923816591 0.3359399622521348
5.455085006925427
-0.28011906915781254 0.41764526672873914
4.7314956697242545
-0.7276178214995277 -0.6645556958089253
2.1665019464810733
0.7728650254449616 -0.8287158679046377
-0.3645518594378039
-0.00259781036302097 -0.7238262483537148
3.84368354953049
0.07701754195726147 -0.6110053977465202
1.3755982565889013
---
76000
87
-0.750369351057705 0.32598246952156545
1.3280044064755914
-0.05694573765744197 0.8865045818587275
4.002021372889658
0.2032344427330285 0.9435526880165077
6.064568365519518
0.30677194349963227 -0.26162460185778075
3.3645319517086083
0.30628834758171075 -0.6074350669063778
2.76097867449623
0.17204266061932647 0.7122413736012335
1.9430929738244291
-0.31325075849815465 0.8145375350117928
3.37166208321094
0.3932647964561653 0.5607439541270997
1.731255335066872
0.4926592190406641 -0.7071831921700515
5.411333775504221
0.2585701874998942 0.546958237566919
1.295741066935462
-0.9523394573373161 0.3877106612359785
2.397729637902036
---
77000
87
-0.9246850869605088 0.3753099053264777
2.298434857028149
-0.9300996910328421 0.692021572379814
4.9474365490765315
-0.10373548533643395 -0.9813274731881593
5.281800180395218
0.1589662311174289 -0.6879361950713494
2.0033217954348377
-0.6355020878434651 0.689458798449507
5.911783028723316
0.3515716907760365 -0.8264727201410172
4.2701150158745325
-0.24890553809197388 0.8810079759376102
1.2426623347455692
0.6454162191576913 -0.3880286776244763
1.3980488745006525
-0.4014590151108422 0.06675513884169695
4.628426702915608
-0.3744414215285395 -0.4766303509641817
4.201946369583452
-0.4198060589108564 0.7309136978828003
2.171669840347298
---
78000
73
0.4994272128722392 0.788892934709948
0.6515743038831895
-0.5213440881742037 0.9828048370491071
0.7159419578204504
0.0750082635328741 -0.7407819657726373
0.48633808972641823
0.831652068197007 -0.03717115833704241
3.8916572763102897
-0.3850121507673566 0.46104622764629705
0.30345014197968023
0.14797550102414123 0.8208888537680239
5.618547494555133
-0.5274499604865875 0.37035142196726206
4.533335553431709
-0.39094192593294913 0.3150280532085653
0.6249238938484121
0.008083568253086272 -0.5960921977377506
5.38659771280471
0.07728281421377566 -0.754011085279192
1.859711787195435
-0.05616410150278391 0.836881548870827
5.5598082639742215
---
79000
75
-0.674333158303087 0.9344654638581376
5.482369743566499
-0.5470188358474556 0.7091752271320839
2.0115084426049252
-0.9473711014535644 -0.7761886111452678
2.751044998293164
-0.47408597418812687 -0.980121735517804
2.0168777293754863
0.400492628332851 0.5262480667019166
2.295807218380725
-0.0978950024247639 -0.5266615443205491
1.7889315459660082
0.18342946805927612 -0.7383973121159523
0.9710414916629801
-0.11458723407291266 -0.19330604329665954
2.956250290144867
0.8454834613304195 0.8992369152929218
0.6897254091600065
0.5860234864362834 0.6656201045778787
0.24676638803411155
-0.17859569734001154 -0.6643316184049655
1.3741919153622444
---
80000
83
0.16956851790123934 0.869922225742947
0.9815959487365118
-0.3741794655311542 0.6122409782764097
4.355656488050201
-0.3394405544123865 -0.9730989744659524
1.3212547522004634
-0.3005059763953279 -0.4572068292929032
2.911658378476657
-0.5602847148848887 -0.23832795800469664
4.488219940377045
0.03252607971890113 0.9543182184584947
0.8469922725718027
-0.6990135216776745 0.8732148744498587
4.697909881823953
-0.675509808923864 0.5175136905179784
-1.5879247020823302
0.3427051287101412 -0.4478690570087495
2.6899771608624095
-0.4896145653375287 -0.3268612152630217
1.1097972588438507
-0.24573172911521649 -0.11219552263281102
1.2849055952183104
---
81000
79
-0.28675100302874845 0.5061500768562199
2.377151878467267
-0.24796351575403514 0.48795638007913567
1.9973665022995517
-0.5097550362476374 -0.695881178590757
2.4664772004541975
0.45067780061873874 -0.8667126824325327
2.9913856806355206
-0.19864914593071306 -0.8395881195556584
3.5371907441797363
-0.18353058971864195 0.6909217119642957
0.39219841509624587
0.01702062378136113 0.7572816616361031
3.104314861974726
-0.5968672317319249 -0.20641218459761673
3.8156682630580994
-0.4098296445322489 -0.4705176151322731
4.186835833018128
0.2273314790489626 0.45924269660523
0.45140143313448533
0.24247467820476742 0.3218561857104588
0.6183403384810795
---
82000
79
-0.9124362043744658 0.3251755206712835
1.9463957230814728
-0.16449228723387946 0.6990118969567899
0.6847313586087438
0.05223261324915814 -0.2955558720048089
2.7947512203055744
-0.9545541621038015 0.13059977905174627
4.023493172546733
0.3689198176387557 0.160094912586521
2.343368913685108
-0.4546240660389569 0.15585182726941355
2.437706610020008
-0.2399176570376862 0.5601463838549476
5.849950141134585
-0.6952659129754021 -0.6693468878573523
1.835917255896229
-0.0803310098139344 0.07549642173578257
2.8544918216404476
0.19821441692156608 0.715214602403056
5.292450481649172
0.4870984372497662 -0.054323567552855126
1.8705896956235577
---
83000
78
0.06308687682620662 0.5611009430117981
1.8204387709273417
0.09299972696902967 0.5043397071675497
0.31978374058893433
-0.3190861094487185 0.6414125302251754
4.834510320415268
0.577243009895033 0.7364563048903584
3.910036181053931
0.5132422997090619 -0.16176034907718828
3.5132869557382973
0.19458415446507013 -0.360105050773568
3.649848895420585
0.2886526732196624 0.9054269105736528
3.560309473056389
-0.3266102477362281 0.04620803369754879
0.3947856590283587
-0.9326094370773939 0.28806086972910366
5.331589069339604
0.4764113465636988 -0.13332800358768218
5.822565220204864
0.5447106810254754 0.9683495433904711
2.261359708099734
---
84000
72
0.02806249225372022 0.2090525072181854
5.46924438456883
0.039718402257754026 0.13193346276298493
4.954192231094626
0.011461340283307534 -0.7715290747847594
2.7980337587318456
0.5196923473143645 0.1419720000336758
0.7430437133215104
0.10200335882331878 0.6608182574154419
1.0970833827015767
0.3088026667385771 -0.18130503497450687
6.19085855375206
-0.35449951083669723 -0.44274215308534876
2.628294207348066
0.04257622373245527 0.978139842561881
1.5336930499160113
-0.05212917446768212 0.23415832419928617
2.7822620204341213
-0.8520804082683533 -0.4251099181211697
2.8982314471819395
0.7129390819004143 -0.8438129423161164
2.429238272740509
---
85000
79
-0.1556180654535321 0.3328489122632186
6.2817856170395805
0.8430980835002706 0.21437075742364026
1.716655499334367
0.5544375057567227 -0.43546712402468624
5.2870470776690475
-0.23411445572032386 0.637964067414721
5.162175255957882
-0.14042274241976715 0.7346604240557212
5.700930149048998
-0.0888476874677268 0.03155888409858624
5.191788004027072
-0.15551332243758828 0.6902917729016841
3.1069121204838703
0.11131885364287825 0.3919397013121585
0.18157919930504463
-0.834069225996225 -0.5509882431347732
3.432871067963525
0.3382701252474946 -0.3585387355837405
2.3284092752771848
0.2552519029084794 -0.429496043797348
1.3035684651243278
---
86000
69
-0.41956207139159785 -0.21783273901460207
3.837318118543524
-0.6292900523334864 -0.3677890141838511
5.9795271580098674
0.10585389553336629 -0.3027188364809856
6.158896344460791
-0.8741297465365878 -0.16586096981828205
3.5370815968172584
0.48557580801265166 -0.7205950641172338
1.3548750614201284
0.18286827114221527 -0.9106777008215224
3.93841332832341
0.010114794393801982 -0.2734710666023622
4.85288274062
-0.22530234107088545 -0.27439275185530476
4.71492771946235
0.22376536110179343 0.36615623114651025
1.5310216955093248
0.39656468469832773 0.564556939562977
3.017811242546231
0.36982818725762634 -0.24144427873861238
0.9690426356604451
---
87000
78
0.4760561093844053 -0.5172847261169913
0.9577356989816044
0.8091892252028015 0.9140554777795304
3.8854837841601624
-0.5136272187266063 0.6161227798600558
3.742680798158662
-0.13396663764496972 -0.8191135499210539
2.3178939281181465
-0.7405928620475214 -0.5088162421495639
3.608377584972922
-0.470425429573079 0.15648130241887948
0.7618395441205923
0.050013617194768316 -0.5444569262052714
3.880308691910808
-0.7754864853015756 0.49447438210120676
5.749312683542952
-0.9246269640351722 0.6638396490849179
0.19272948934607292
-0.9353569490385714 0.1767569696636073
5.22646867168863
0.9389741785125474 0.7459205423661454
5.189458696112259
---
88000
76
0.13669618280437995 0.6908757670575039
4.301865033462514
-0.62038039952672 -0.20313957003532077
4.04198601944114
-0.5165823935718884 0.7840946308408843
1.6155704869475231
0.5208914886253263 0.2500785261286954
0.7155175966298515
-0.2881525278479152 0.9462630677660616
1.6943087401951962
0.2280548145902845 -0.5050201606794581
3.158853997247241
-0.18630175590812603 -0.30661333005860547
5.688472973550533
-0.3617810030786522 -0.1707543690902751
1.9364000978896616
-0.22829869708678205 -0.2917898792206983
3.406014332410125
0.27493884724873807 -0.08493508811211681
4.287581740142587
-0.20714236054760965 0.49178480250967865
1.1764241322205828
---
89000
75
0.38725653950372657 0.49419822391234974
3.7909896441867894
0.42914396722398973 -0.9959349604854284
2.3008850128314853
-0.39417246320804783 0.853709851142366
1.3865258763337698
-0.4010710683617879 -0.9510097585279736
4.924910849107013
-0.2412319413781766 0.5960690974211333
5.47790912497972
-0.1601293487433566 0.7002639109056914
6.029795049097207
0.3095348409588724 -0.46446021412012484
4.5269066115512775
-0.38512995906933134 -0.34147067695552746
0.82256396129638
-0.363879500103246 0.7653453098237115
6.2390698656704595
0.5725134787280625 0.991835738192119
5.062993390375529
0.5397847875355727 0.9149332773189517
5.9093931453425155
---
90000
73
0.43531773237362614 -0.4505918672449708
0.11752523415930055
0.18761699880841354 -0.17268887320720816
5.5790221172275025
0.007444488340041536 -0.5186794214882474
0.2713886772582832
0.7545384672944153 0.7767543803621997
4.841618654305446
0.9118893900750439 -0.08053414272425416
3.403128481157241
0.4281037750365348 -0.9114480692440278
1.402254133595779
-0.08292262817387637 -0.6519116842311878
0.9876501905238486
0.2602432597168536 -0.22840813158383966
0.27455188839343325
-0.572177823002419 -0.32698365619114533
6.228368558536092
-0.9288270619795731 0.71151110674182
1.4897453830102076
0.7199324238362177 -0.09156258395627084
0.196045874736809
---
91000
89
0.5450919482095423 -0.9684538999101654
2.777115403026596
-0.9989156434379838 -0.31535908156117426
5.335632128598307
0.022984932605630032 0.1998773915961267
1.7940601807665937
-0.8949576140073497 -0.9819903145227658
1.9301541034410397
0.040845019358744246 0.2976315190352071
2.4035176231866995
-0.37531971432554356 0.347761445850848
2.484360979462089
0.05357943137073546 0.48281453332553415
0.6626978167199624
0.915852699950072 0.4223519739824827
3.385053760021398
0.9022722645861475 -0.05691264777225449
0.03640923124569806
-0.8106816935791319 0.2403472275141113
5.224621500209844
-0.5703554249341946 -0.4887902425968213
2.099789798419814
---
92000
79
-0.64372748245375 -0.09758328269832768
3.286657300574279
-0.4368453850222055 -0.23332392971644972
4.364659593428415
-0.5057448877332448 -0.37056446401955917
0.1810881264761326
-0.7746181179144458 -0.4342308240955188
3.7077280328158713
-0.8443118466089413 -0.36171555378089054
2.2608670828437374
-0.8725254697276681 -0.13907951700201876
5.569275358533167
-0.011973126496022557 -0.8692520628823313
3.0860017986060173
-0.9755109356188658 -0.12421651705177106
0.4509848068863173
0.7513671117323952 -0.6532588202164209
4.683896031227486
0.1686822876172745 -0.641220148500596
2.652632178928962
-0.7117592029287438 -0.4249128612472604
2.7280987510032055
---
93000
78
0.04980352334592743 0.9617849115451336
4.041510385495053
0.21881838105351706 0.6472072077071992
1.6942479200343454
0.7927629648639338 0.06541897859833187
5.442795752969356
0.9874518415380042 0.14653581194851384
2.2033230619549125
-0.04283742158794614 0.16096254804693358
2.511762856372524
0.8101217369889123 -0.33578014455164673
4.409531972716575
0.044340626289421925 0.025227243452691762
2.9503869606526156
0.7132825620746861 0.10590623326637477
1.2827192557676845
-0.855263836852151 -0.22114533035265474
5.610963655220663
-0.9401650454810628 -0.43413002510686294
2.334890411612947
0.7492288335024504 0.2505672453209893
3.224166187962214
---
94000
83
-0.6658140019944286 -0.09025616439057602
2.418611730023435
-0.5936879075864794 0.0022942455739475
2.928972410884737
0.23063209904250753 -0.9648781126855808
4.97439709557779
0.967564797470224 0.5607908550529906
0.10077150026148285
-0.5157849536153273 0.6125765324995261
3.836581023062105
-0.9908897738176274 0.14726333653521226
0.24012086917042286
0.21285439170890352 -0.10207031694293929
5.801271971077223
-0.2758193943796123 -0.18181689166126713
5.335207987067295
-0.6433664638218011 0.6586871337783484
0.36121859994113237
0.5573368555110829 -0.5844187409862647
2.9577960422405285
0.7741246557945988 0.5550114367244046
4.875259954901751
---
95000
80
-0.6900976806835398 -0.18392599260231024
3.9440923228236415
-0.8354593600029746 0.3412515655391868
2.3998063769951017
0.46583088800759503 -0.6217832861593754
5.050148767294619
0.9885474839839383 -0.06429132350516903
1.3259835221963616
0.8455789600966899 0.5839322882190126
1.6529376621338194
0.368025171204476 -0.5640354465627884
4.162149622685882
-0.2715435050191567 -0.9146063760402952
2.1651323281005155
0.34636153742754733 0.3255317500800452
3.8744919224520293
0.41359753787723647 0.06443146549850622
3.472811032176912
-0.11257735240540126 -0.9530969884211449
4.57593522504199
0.8255885300266542 -0.8929398098386665
1.2214370302617379
---
96000
78
0.301718008079308 -0.007059005711818987
4.834021099061597
0.3203301561289013 0.11618875675953208
6.020516371880636
0.15374361647437867 0.485255952140555
1.6307124666212873
-0.8505107564216376 -0.6149532458982698
4.368080726203172
-0.788715338618681 -0.8034244614955628
1.9928102786535309
0.6324088984603075 0.06186016726247006
3.8273124505449774
-0.7307517651620026 -0.7732755913582384
3.9970702754767373
-0.7745898086165308 -0.6665466493078764
3.386597780870371
0.8203919982270595 -0.21810593763163752
3.531547343792756
-0.9064404213990966 0.7515992481894886
3.700217521395147
-0.968695018938379 -0.21853226099391898
3.6402979742864066
---
97000
88
-0.12662099961203946 0.394480757080427
3.5915991833287775
-0.07523828601865616 0.4425327826103789
1.5454428094074073
0.39496837652901523 0.1164805656482392
1.477585704095553
-0.3682991940569746 -0.9464663795928029
1.0044738799189545
-0.4967520335217108 -0.7728679808765715
5.015505532957052
-0.4917261594389244 -0.6978459104758041
0.9858924413786276
-0.6020893359827537 -0.6545434616832847
1.1564361849526392
-0.12299853373662871 0.5704816852672188
2.8296569822927955
-0.4642183505680536 -0.5987336762677925
4.986317726706137
-0.28158700229381317 0.7507014818225408
6.122421452271885
-0.8055713376209821 0.4885562447464692
2.0107548369572994
---
98000
82
0.7621318432676473 -0.3497880661850893
2.9220194121924927
-0.13816420120856504 -0.49878166574948113
4.743745094660514
-0.10699432687387082 -0.9147842963091357
0.3443903129111128
0.4855105302098599 -0.4953031241807315
1.0465297002131946
-0.0004030175796815652 -0.3316684093464455
5.758788999877378
0.025575756375652275 -0.1487463854702581
2.1622160402069843
-0.31125179163120115 0.3821835002116915
5.989330156925993
-0.3125206706637331 -0.4702495494521367
5.793070977724758
-0.31157993867319134 -0.17204107123745987
3.32469823127492
-0.6498587078100128 0.16001321068578872
3.8665349719089903
-0.6253524038932166 0.051673285304102146
5.437248488904073
---
99000
89
-0.6095864186862284 -0.4687003762820463
5.471973393246342
-0.4624711943723488 -0.7124492706436174
2.2634440047083366
-0.6462003446790727 -0.3102491959683111
3.0353757622802453
-0.853817221369462 -0.5966201293772482
3.9604809593367403
-0.02515846054066312 0.05315397886065952
1.0516487489649853
0.14902757506715777 -0.9154662527925749
0.7077454837239294
-0.6338997607583313 -0.04019012904789546
4.987777186887346
-0.4909906163415823 -0.2689306174358739
3.6048886966955704
-0.2374478750396614 -0.9925557813343155
1.0589831812698058
-0.9167846238921232 -0.8528918601065095
1.3665453070274047
0.4142392968797159 0.9795259330410497
5.995070824471989
---
