100
{'run_name': '2D_rec_10_total_boids_short_chase', 'annealing': True, 'annealing_start': 0.2, 'annealing_end': 0.002, 'nr_observed_agents': 0, 'nr_of_boids': 9, 'predator_present': True, 'grouped_spawn': False, 'predator_halting': False, 'record_keeping': True, 'record_frequency': 1000, 'exp_folder_name': 'big network 5 observed', 'boid_speed': 0.0333, 'boid_color': (0.8, 0.8, 0.8, 1), 'boid_turning_speed': 1.5707963267948966, 'predator_speed': 0.0333, 'predator_speed_slow': 0.0333, 'predator_speed_fast': 0.0533, 'predator_lunging': False, 'predator_lunge_speed': 0.013, 'predator_lunge_distance': 0.1, 'predator_turning_speed': 0.7853981633974483, 'predator_color': (0.8, 0.2, 0.2, 1), 'predator_confusion': True, 'predator_confusion_distance': 0.4, 'predator_confusion_threshold': 2, 'predator_chase_time': 10, 'predator_halt_time': 0, 'predator_eating_distance': 0.06666, 'height': 800, 'width': 800, 'graphics': True}
tick
boids eaten
predator position
predator rotation
agent positions (and)
agent rotations (interleaved)
----
0
63
-0.4787360761892619 0.548463235408745
0.8953485293122054
-0.5136121000276377 0.4936367811235464
2.2757243477253124
0.08245376231216472 0.6496072157959414
1.8526613011498212
0.16329088825775223 0.413067981601981
2.105959310154721
0.3419163899164845 -0.28051738859913705
3.344490313937151
-0.8232914519263059 -0.3297209152048984
4.621661158844006
-0.10087180514456805 0.6402195509085619
2.527537635495092
-0.3438839040962453 -0.17349378130397514
1.6687756613275566
0.9055265418789866 -0.17416753804134946
3.739515511495624
-0.3275100266016903 -0.6690323933261892
5.108437292624036
-0.3182736390431851 -0.5624209818675754
2.4976608501946553
---
1000
85
0.004684523830235154 0.22546255983734584
1.8803826800761243
0.65370777897932 0.3302670598039571
2.392124215724164
0.4694236046819473 -0.9586914544020513
0.1515594884370337
0.07236294147673633 -0.6341375259409373
0.16423011477351057
0.5989148160911161 -0.47012898451239593
4.494725436608233
0.5911846284162721 0.8811914832714598
4.790758141427285
-0.9228999884974578 -0.6609101629102038
0.23088809393534948
-0.024830652485262276 0.008079692824667743
4.885077025579169
-0.4651846932053606 -0.18808419991416594
0.9536314898058338
0.024246009443904187 0.028192129142958808
0.6086828474906767
0.8591657148764411 0.33455212601157425
1.1370975138736608
---
2000
91
-0.22054181055438055 -0.6952686618208306
5.332908950161925
-0.4246287473918122 -0.6789581699763101
2.030538515792001
0.6971833183382393 -0.7500102214940515
2.146963933236596
-0.535820812986824 0.9169580008577938
0.5958775905227727
0.0604360180066528 -0.16001598804037998
0.5058241705559139
-0.3252742179798789 0.8963865794156438
4.713495720206747
0.745523511753213 0.6597635167670177
4.907890116209149
-0.2346041757561692 -0.413144293083666
5.422624444882618
0.2756431250895264 -0.4240625643285151
0.2612130473351506
-0.22778280468421058 -0.96033014092414
2.1701689572312244
0.39444252092930027 0.29882880827698993
0.4653589805549867
---
3000
73
0.32729933682154605 -0.31867458594868175
2.6836355897153523
0.7679937280899145 0.7502451087446702
-1.791658434121898
0.07998519084497786 -0.67395341214051
6.19415607813189
0.315936611767807 -0.3318924310453878
4.655406793574993
-0.55390962408383 0.49283831120000265
4.151640099652962
0.681551787277528 -0.4886681232754998
0.5815804507773361
-0.5228347365934155 0.1706245731940441
6.277797499367725
-0.4006376641102186 -0.963468166950046
4.599763699899438
0.5221101077529084 -0.8144586485298251
6.052412506506169
0.04150695935553338 0.13994323875817172
1.7209204505433826
-0.8515390644118137 -0.17317833942630634
5.536017396855386
---
4000
67
-0.23900684663709254 -0.47314233770417546
2.6552298454766645
-0.657550675753906 0.9354857271863788
1.9004965969541523
-0.7675996619481802 -0.9838359884020791
3.670279257663373
0.6432719769848633 0.8283331442450076
1.5847753383364411
-0.6631794460934022 -0.8936299088821671
1.2827180987957387
0.9006119991307734 -0.7964055169849782
1.3982068957562168
-0.14979978300758917 -0.5753650419681561
6.220560139662629
-0.8678665464709884 0.2374299646257276
3.1515870402147783
-0.5351462676643468 0.25952919162720645
2.906934584333098
-0.40228567696982526 -0.534814525644805
4.909330531377392
-0.9891318673217082 -0.7266650074852105
3.4361400902165693
---
5000
74
-0.5009521077850378 0.3960074313365982
2.6253464588111357
-0.7371373611847968 -0.2150417942397496
3.6720890231485246
0.24196502475102266 0.8660289115471205
5.650797227644835
-0.6580609290262319 0.5420147965132989
1.6038995661091593
-0.5611027970940944 -0.29315875449409023
1.660293049730563
-0.7380695666545978 0.5348848009419833
3.46361825973147
-0.2299527061852482 0.28804406636933644
5.098282061623048
-0.24339990817608623 0.5358187053688197
4.080975345265353
-0.7632547366231659 0.07013347094869424
4.246341678838036
0.020047375155836683 0.4392553115662285
3.3153100565676237
-0.6006183434176169 -0.9257864690719301
1.7655153716630636
---
6000
58
0.4711638986430725 0.03587359231845633
3.43434878654334
0.7143827532566036 0.06403472250346329
1.6338891274319112
-0.7550288254293761 0.9315992639639292
6.230001858000177
-0.7102135251961127 -0.31953341507629063
1.5524342339480572
0.8491555001371128 -0.6205572727047285
2.121315573429352
0.6809689203174365 -0.39207682276623085
5.183962327889037
-0.31369299392337957 0.35332170830370346
2.8064684305703373
-0.3115511721973738 0.7074835180896751
0.6191078614785939
0.943596049460444 -0.15733204192035966
0.5204904927784293
-0.9566053505745699 0.679747961073489
0.0017503559253038148
-0.5647646848524057 -0.09023889896424657
0.9863355375142666
---
7000
69
-0.7111431033280242 0.8730683817865605
3.649359209496698
0.7593109296416828 0.03180030401848016
3.134096565715738
-0.2568526779050339 0.31557277931206956
1.0698509623656278
-0.9315427088003281 0.3521590688441802
6.073658901565967
-0.8783793205449367 0.5568505431545453
2.9257372250605425
0.02864975635684806 -0.5392052778056812
0.7759375585875699
0.224471181770456 0.953600162137076
2.816074826609337
0.2107917937326818 -0.4345208331686457
0.033826426354737316
-0.8207525335759626 -0.25444278029873635
1.2852586610340184
-0.6145427885655897 0.8408077744298463
5.071411273099804
-0.31705057925428937 0.07428351633340526
5.11954671911038
---
8000
57
0.05496230110146054 -0.33709891816727544
0.5138159819242762
-0.1554765261350676 0.21495041699376136
5.97497349539505
0.7555943866312697 -0.48985737867565715
0.4169464524013371
0.6926657847958082 -0.154274900972207
0.6263315233254252
-0.6631421110890703 -0.45174458683566726
5.788531058938836
0.21020904725317976 0.49884263611174856
5.492515185778019
0.9364367231162836 0.8245312343838448
2.1806607583285897
0.9139512172624329 0.5084190411892028
1.9939345581526124
0.9370605813823846 -0.26776158815171164
0.9946626054779708
-0.832190435327109 0.7686777686145654
3.1946723174079557
0.5856543342706318 -0.3278988159165833
0.415680618560196
---
9000
74
0.3235772977687038 -0.5208436952366642
5.9699630713720095
-0.8819325645705645 -0.35153423821431823
1.4345404064497496
-0.8996360492394527 -0.6425344746572258
0.8845650383483568
-0.8728736905026593 -0.057407763658278724
3.4586063946479815
-0.95272147692588 -0.7808622692649176
2.8346999598076064
-0.6884273182034715 -0.34521340598082656
2.9353478590218636
0.8374847575810838 -0.3443313906045361
1.59150045385117
-0.3835379552058362 -0.46451123436649094
1.6196628730279627
0.3159361828579629 -0.42346967426588866
2.8878641927876503
0.6622107990527577 0.9598903568758343
1.7183960892763253
0.8157858471665353 -0.61383152018192
2.448249422013949
---
10000
76
-0.29623831719467575 -0.42459455795431206
0.0913903762007825
-0.3997805762987793 0.20818873731142204
0.2411444613507756
-0.5775878105157125 0.12737585846545385
4.819110861084139
-0.947000267226668 -0.6532098684368466
4.345155573503339
0.7709594033661921 -0.48167971111826796
3.0989818351913954
-0.4698881921371957 0.02495363446046486
3.713429381752838
0.9413324897258488 0.6090171261892787
3.922518232301365
0.20897211332735452 -0.36296000514611876
3.5087739456986498
-0.9634292945454936 -0.43219051932406805
3.558758341624234
0.5193863206704497 -0.4722504489540623
5.79285910882639
-0.4219660155728004 -0.11264374536180279
2.9887091013977445
---
11000
70
0.8133959526630404 0.41282934545100436
0.1964300705472215
0.9205247813007507 0.2708229378061107
3.4919413399061625
0.618278026171373 -0.25598222877139404
0.5239900727040023
0.6639119791771759 0.3857689183693756
0.5068277809065336
0.6119662996416732 0.09630440565081223
3.118687387762665
0.4423634487804716 0.2769443583604003
3.455999990854224
0.8612027475485395 0.4921447566765633
6.169005342216141
-0.860660828167906 0.10736004526777368
4.186951949657113
-0.8224536175031381 0.9152769373494327
0.11963966620966282
-0.7272969616014083 0.19218403134604933
5.039773942952256
0.7750572310344241 -0.25791911432488956
4.009482201548817
---
12000
69
0.5958837249088038 -0.9370583602028327
1.6203745995594134
0.44805080092130045 0.8369375402490997
2.7863631328819745
-0.6666761331708374 0.6779986598094524
5.306583119722884
0.4589316576249552 0.2612023684228365
1.1075714381076782
-0.5687125112553965 -0.9114575511805862
1.3976249047248697
-0.9113264759133338 -0.6944488214678447
1.1010263976310757
-0.9438586749115605 0.5331108662237611
2.9545318698957352
-0.8188601300910492 0.6125414711119642
1.6892415075406078
0.6507998398721488 -0.8440419782828008
0.7903428380593738
-0.028896544742319372 0.6547080649209388
1.1275915853617349
-0.6561087017825977 -0.9614560822226994
0.8871272649897994
---
13000
77
0.07779476593371558 -0.6458512126911772
6.193136102505677
-0.051606487662592876 -0.798178333184527
1.8441239958315911
0.8368618778268166 0.4554861999503561
5.534292985412841
-0.6865393023975964 -0.6395468197461402
1.3386066894120994
-0.5956233771390977 -0.8066023631986075
4.497396842485306
0.6050563184768947 0.8788380122635394
2.235774114552467
0.17105519823575865 0.3157157272113149
0.8076616112689106
0.5989766035199515 0.641413706530919
1.7017073166903494
0.80563902203365 0.4880412424959714
5.156634784950643
-0.0998954183243865 -0.2689883299546647
2.491228899895667
0.15378591837156919 0.4744194016905281
1.2178535797685015
---
14000
73
-0.3925582764821926 -0.24550983528867945
1.0783821845305723
-0.42758132673947125 -0.4390206735052348
2.6534541591940366
-0.3710564672771566 -0.38186791827671424
2.977867717185371
0.5502634210445143 0.22843878729423045
4.059139646359508
-0.6879909081193907 -0.5524948930164902
4.544480385699696
0.1220614026667863 0.4039005816090751
0.508242563656264
-0.7175252454520592 0.1819220400768347
5.403861511478032
-0.5252150870738552 -0.43985769093981675
3.5676701117131775
0.4088392506750407 0.5648852749784685
0.6669708388401538
0.056314096939340086 0.6515348504172663
3.21463236655672
-0.8062350386418032 -0.8577013100264146
0.9298213720511548
---
15000
74
-0.2760927624141149 0.77942495331029
3.4372932091138853
-0.4180227011649162 -0.0007378920528337846
3.280503823227618
0.8241939676154274 -0.11526978608238411
2.288100861177586
0.694661588412577 -0.7797835221964199
4.917690092903248
-0.332258268915981 0.953733408427903
4.919224887289668
-0.11168928403056784 0.226096493984287
5.810743351282811
-0.389926503088196 0.009923555157749349
1.7407344934213267
-0.42376069206290323 0.2762538256906387
2.8019816173674785
0.34893978817764126 -0.41138373089145386
3.3347905142227736
-0.847782882812562 0.4240653927986249
2.6283086283328494
-0.45955776748584354 -0.9977625805900927
2.358412625279172
---
16000
71
0.33467632441301337 -0.3341199005215316
5.9129886154610585
0.40186049468909296 -0.21617402244849226
1.9588402092300896
-0.05298434035284277 0.6089427428546432
6.116766459125325
0.3812121388373065 -0.20218870613340276
1.6750606816501517
0.8984578059073748 -0.4839540906721608
3.9800921308422756
-0.674178217416034 -0.047776882875166286
1.2894663423712833
-0.3599796114053293 0.9901143352255586
2.076759816268069
-0.3899148014538406 -0.9519248871053335
2.721304336567333
-0.3843482917652049 -0.2318455585430466
4.016789735125625
-0.10461463203743265 -0.4672229932978255
4.30171811197484
0.3684540921432544 -0.07379884958458967
5.848312801464165
---
17000
62
-0.728348556885143 0.3942837288022575
4.7935352911461635
-0.8003167201382286 0.8163330525230704
0.744035566318316
0.9170511491504165 0.8985183549473935
2.381385952492473
0.9955627227853814 0.0999337038511513
6.258292756103196
-0.598218750584873 -0.5591474935498122
0.24298364892282898
-0.513715364808931 -0.7068766740990455
3.9685622885637004
-0.5590848103667082 -0.5460948844142339
2.4638475971383773
-0.5726415818102014 -0.5719343395189382
2.928342326315594
-0.7787032021449909 -0.893132734502428
2.241729127807017
0.009618279725294165 -0.1758302143691553
3.457488347514297
0.03628187872462179 -0.42294236870235974
1.8708806614029978
---
18000
67
0.12087694196617413 -0.16056420273462857
1.4664746388348338
-0.550668511178047 0.6784493488053693
3.9551544647702004
0.611754158481464 -0.8803377525470416
3.4466413672268432
-0.22170552697091384 0.2246074098715478
4.276512071840875
-0.6321551511594419 0.6745142101235774
2.9105306274727365
0.649062151488767 -0.46251202996548113
5.99578568463601
0.5529995580593657 0.07347740755488515
3.1991556130102454
-0.34297118877042765 0.7307841894209254
2.8877991110535506
-0.26399442685622054 0.12738478356058663
2.2780142031808603
-0.5937007959188705 -0.05992402541495083
0.16124859468300468
0.4302983947624522 0.5340874624990609
0.4669048781548737
---
19000
81
0.6668662385743396 0.6323403067811395
0.952023119219279
-0.8955233074547008 0.0781887123715124
2.2725267356630425
0.6873892033302713 0.6075703076206572
5.149971797184753
-0.3056314923712057 -0.2066725079749316
5.273895498645659
-0.9732439301484356 -0.3226212904377063
1.188786138176897
0.5498822846503764 0.28062188340359
1.775654675160455
-0.6544955138222027 -0.9940082533295567
2.7586152409904665
-0.17786414181179067 0.8010416651350888
3.9765573271018066
-0.39243478347859934 -0.9089291631392553
6.151556652671553
0.9896968246650237 0.4860285293455535
1.7126722155767764
0.9084946478956212 0.18402541372195977
2.247146758154286
---
20000
85
-0.7358034773041005 0.4512689291331326
5.2591975533376525
-0.40136248459298846 0.27126365834808475
3.0482935247172254
0.8446445261053948 0.5929980157925602
1.0166370952346
-0.3333415672529261 0.6100676134885673
3.9102103282947853
0.9716071473008946 0.37620037815691587
4.894077058281701
-0.48292910096278074 0.8023239667630305
2.6232471757295706
0.7456635577707192 0.16449942026976708
2.159294929735861
-0.21735302039667362 0.8695661164660334
2.1712604789026155
-0.6428645641998301 0.04196663504168511
4.237135659028237
-0.9694335557153645 -0.2694228507595071
5.8478789648474265
0.7742303952665168 0.8055247005675872
3.0904175877717046
---
21000
78
-0.3627131938668384 0.9568407457728816
3.7259507813820236
0.8178758573079769 0.7079077869923555
5.284480086462452
-0.09554566757882682 0.5360540995957364
6.194719483479359
0.7709950964452597 -0.40444629714678393
3.630561864018955
-0.9294607199612042 -0.9908548237982607
4.6310099764871016
0.3438544363054057 -0.8633418182185144
5.948845976562325
-0.7198964470825167 -0.43577511606228814
4.767246342737038
-0.3936992971277232 -0.3938127138845233
5.675927807447741
-0.8390419965415448 0.23682810431336138
3.753319423545217
-0.02604865532573931 0.008394474056077121
4.762110617611129
0.29687349494027954 0.9346931659033377
1.9506634710573785
---
22000
64
-0.0447869918734026 0.7003975309127983
4.051348505906793
-0.32988012628688446 0.6147768221084979
1.2244445727903859
0.14516528115007996 0.9123175142329082
2.9320668406695365
-0.32097098266292046 -0.7141887637421529
5.862314519057761
0.08535797214675672 -0.3897910039841304
0.9431975136397774
-0.0616844834126023 -0.05950452241259787
1.5150095103192829
0.27961672019715567 -0.7581685215838389
2.613989620251223
-0.8420006022401405 0.3281411379361662
0.30330717391907713
0.19978706670905438 -0.8763645661137469
1.3471446495290618
-0.1937588388724648 -0.4632935704373409
3.74818420361352
0.34190776546316465 -0.6641948410790541
5.628689093464422
---
23000
80
-0.10383547800317242 -0.21845316972006235
5.822630063758007
-0.32610995766998385 -0.7435063217348951
0.7281355984346023
0.30063910717903497 -0.7442328589717403
6.13374029505944
0.7099139842518546 -0.5625609910619338
1.9341130245931115
0.4591689629808977 -0.9383300150585199
4.5836795063561
0.3905961763495498 -0.2156401897322761
5.1405503084676845
0.3615890324754477 -0.5161931055948061
5.643492274974418
0.15442270141576847 0.6926247164389454
0.0016298882340830545
0.14851977813402342 -0.69043292054416
5.48205794646299
-0.9855498444295344 -0.48693110286687386
2.2570691916427688
0.26318543721246945 -0.8172976839614023
2.6274622829659444
---
24000
71
-0.6941379755597796 0.22933287911698552
2.1541815349528797
-0.22538587319020992 -0.5237027771459476
2.9829163018960463
0.3972744077562196 -0.7411054580314436
1.2306361961917363
0.9040785115283388 0.837997079266166
5.54728636581621
0.33353808665915974 -0.6116186058564159
3.207163600590661
-0.6798504063271298 -0.03151425154306624
2.2629136410540296
0.9136550503075551 -0.6393094579735984
2.282139571170174
0.6442791426260477 -0.7920972614939487
4.039110764193688
0.2542046012913614 -0.5380026820255895
2.0638002476428854
0.43676612001340653 0.39902588275271633
4.583569550189569
0.33915406485267985 -0.6778825225131367
2.436353193582252
---
25000
76
0.2985798960013242 0.4466275929189877
5.856316639990238
0.6067473522516318 0.03940375311084329
3.326461796277168
0.6062251987108027 -0.8840018056031912
4.9040628430046596
-0.4647719241885061 0.5661807633966677
3.724524615182344
-0.17831020559273003 -0.9735254610609392
2.187120518707328
-0.7511562012234239 0.45650210595469687
5.6236035310075785
0.5369812027370721 0.09263732497022387
5.57737503121819
-0.0025556100378387805 -0.8333466983089012
6.118262121600847
0.7873971292756817 -0.2460356644764631
3.3623138722099446
-0.9429449170291259 0.6986944395567343
2.0525758795334106
-0.9981964093725677 0.1877860038836745
4.969219418857524
---
26000
73
-0.7994211775545665 -0.17066594545345745
3.898579440881331
-0.21491097262164113 -0.11327888441065255
5.309685085040568
0.6412718493834257 0.9360191480978242
2.4751362329055624
-0.291975733536512 0.5642272280070074
5.5100864704549135
-0.6858813277647546 -0.19397786717117899
1.7365909711121073
-0.9819359620845542 0.07598997219924246
0.19948170795816966
-0.745480593191729 -0.5976942111207674
3.1339400314956363
-0.3807915757201218 0.9538709385531657
3.710005270885747
0.5577914342771341 0.06913567005805926
2.250644454241817
-0.16262954148766126 0.186045578080466
0.6533315974431952
-0.8639237641513365 0.7042334389086315
5.25767653969471
---
27000
66
0.6939996108276534 -0.7828345423086236
5.447832107889411
-0.9870492919957758 0.8527256696392602
0.11121814986490897
-0.516577727103843 0.36387420690763006
5.142768341358495
-0.92605784717748 -0.9849373044613594
0.04600558942534061
-0.34812555839776316 -0.9234159997170325
4.957757957986103
0.19193897270371105 -0.8711134335553915
2.241955503498576
0.5692305475629833 -0.14851238042604797
0.6300643770542704
-0.739876553479583 -0.3611880608517945
3.3712964186731647
0.6445747388601076 -0.38282347082245033
5.819190342585888
0.7181305429428466 -0.05338519519859965
0.4343419992309938
-0.9546542985028182 0.007366128478780213
1.9475765419466846
---
28000
75
-0.15716789609050613 -0.3261476659022615
5.597132976567173
-0.18597699232004414 -0.32427518712311
1.7775232689815157
0.43941870697414204 0.86985325846184
4.483031706762583
-0.8182520437693784 0.7163125061240315
4.803547734551798
-0.7847143375826244 0.9086084497316081
0.7105038638497856
-0.2552844862462055 -0.320459673972617
2.0185857996133976
0.5845554923037328 -0.4387986898439695
5.4006597839788055
0.6713821923074189 0.8593720995479639
3.6766458494091703
0.21233990178209272 -0.08999972482136996
2.22478480342257
-0.031204772914744414 0.5254217836479992
0.5433468588509571
0.6363535205036095 0.5126027635401272
1.7119479499620596
---
29000
75
-0.5181902747587135 -0.7007416875100091
3.0061694278381497
0.3001660832846881 -0.33801827144352015
5.0752522447833
-0.31608149522685675 -0.019018618231501916
2.182141160457472
0.03015394410586113 -0.6185213051702375
0.736916672733682
0.537983965909824 0.7691397299672847
2.6702641213112788
0.235615505393507 0.9055401634845924
5.3801895671196
0.17683137530649717 0.2583999350239329
5.668650375286032
-0.3518626164203654 0.6327708316446566
2.386317679309917
0.9006206005799805 0.422473796466832
3.7592264689711055
0.08107080632805122 -0.2107849101768584
0.5229448120824793
0.6737660250141888 -0.23596449183851448
5.3684734875247635
---
30000
78
0.31876632703250324 -0.004225408668578354
5.9198051261074704
-0.06991838162784444 0.07335393095701415
5.054760247674556
-0.24292448511544024 -0.44470421625024736
4.994635796656846
-0.5657518067174989 -0.24733368701382835
3.2935759588543494
-0.08335891182163269 -0.6869796968721308
3.0019933827438905
0.4803754864900689 -0.31852704768225043
4.984580315212779
0.335315435963399 0.21478811949573282
4.83429770490706
0.7565113126553321 -0.33529882362887525
3.970659328329962
-0.038879225415406116 0.7162878464903768
3.935829222622237
-0.5639299159091423 0.32171086097209434
5.395825864623922
-0.5283868057952015 0.048623560502710855
3.703942008073928
---
31000
82
-0.3785189829998525 -0.5093021172288639
2.5573756126871596
0.05097454402162742 0.17390849408227296
5.817778432460882
-0.3687392303672421 0.3321151555639278
1.412341037490478
-0.17583340086846294 0.5050909956584089
0.38575191981928025
0.7783760730472149 -0.5212463153553187
4.6330740239037755
-0.8834966156128049 0.3598203855149685
2.9551607346158884
-0.4699716183136852 -0.6258298186308766
1.6489513149208959
0.995771858884146 0.9739105811116902
5.650987683237862
-0.0645627692190811 0.51263214415883
5.731961503303612
-0.3520811905406884 0.2596418093889478
4.390915303218118
-0.4249647270677432 -0.03129840044883582
1.90472726010018
---
32000
91
0.5881245155994532 -0.937345368123988
2.785131107258914
0.7151475313619478 0.7705834943551763
1.3465261558025823
-0.03150233411033448 -0.294443267027275
3.9378136366565126
0.059375216272272394 -0.7705537889033489
5.532715901882777
0.08107251263265958 -0.36859490019953356
4.861811173727862
-0.5073649104376742 0.23695937520922108
2.6294221457636615
0.018069036792819595 -0.7029226179546707
2.2573001969985533
-0.15652311110103442 -0.533230233990862
3.4803469978219503
-0.45324636990912487 -0.14342575045398698
5.247528596718776
0.03069994051060837 -0.14038309309276523
0.8854924587167572
0.5014539860056538 -0.5323324259367938
0.46827137834640453
---
33000
72
0.3747199254862996 0.5625532447775932
5.577405765937955
-0.22785561356082068 0.8629533263058874
2.913312736831303
-0.22823507210491323 0.9033997955712676
3.9511065541616928
0.9480481727656194 -0.1832592720366285
4.374120092510781
-0.5446876779396939 0.29831528914003935
5.410784954481881
-0.029940295250497337 0.17629889763938622
1.6250168201164064
0.274537886855158 0.49015587841666586
6.255096466997848
-0.527441298420586 0.1852851934475182
5.82547176804419
0.6192180489639245 -0.7480604885256896
0.321670316696002
0.2387279920653605 -0.3292536900748342
1.76138578773873
-0.9410626816386758 -0.7675542551155945
0.6593678599561459
---
34000
77
-0.28209848865488674 0.3999971070500207
0.14495032161319613
-0.30632657692560783 0.5221613764767227
0.42956982641556696
0.5954953261702689 0.6122587297624786
4.2261355872343715
0.8055592660108164 -0.5260637523535644
2.1540520704634973
0.3267112058099195 0.9485064325537136
5.469416550456199
-0.0678205862619135 0.5503458997637692
5.574845402817582
0.5162742474764841 0.9059025281931585
1.8682295926523649
0.18840394497572854 0.494206291392745
5.868569099954692
-0.6730556108233039 0.9560070761146124
6.12109581382412
-0.129138008459524 0.588472258524672
1.1145626731800924
-0.21814871905007238 -0.9181058207141598
0.13437763876968312
---
35000
64
0.982673500408803 0.7053977809784691
5.578422331509527
-0.9140741391315379 0.7754772856059833
0.8837612184869341
0.7807350387912564 0.583454884400912
4.01441542608997
-0.5355747739752427 0.46365415784727093
6.021274919301418
-0.6746934487037396 0.4492163992446995
5.67807265086062
-0.8104548907923609 0.3836768599208248
4.648171913611829
-0.494063007547837 0.9073833546176363
1.77247249401369
0.8486305900424058 0.5718229487271509
4.041330328583447
-0.7653567575054254 0.6011872133690622
4.645227075416929
0.8339718382529162 0.8385873084114785
5.377522295838976
0.6490985465999938 0.30409158043066004
4.4606187577856256
---
36000
63
0.30055696149141237 0.402304944176618
3.7373036866161495
0.40149091381124574 0.5339132138233567
4.451348441164077
0.6777007321119766 -0.05567616114053214
0.9541231200983248
0.7169158375608469 0.824327371207108
3.6129120027490322
-0.5958478219031663 0.6894080208019171
2.8092426405489688
0.538982404175707 -0.47214831936289514
1.6197136655151567
-0.6439205100900194 -0.0449602497002764
2.6486189745878113
-0.8188831995493668 -0.8147562154839104
1.314642277380139
-0.40512777085316337 0.7673940630730316
3.6177986560767392
-0.6681752183708796 -0.7021209444336994
5.759871083525395
0.6497503061981971 -0.03402506585852037
3.6692883663201648
---
37000
75
0.8002699256565794 0.43120567241775476
0.2423970426262274
-0.20355749385349153 0.6037268946710408
2.6734949015352383
-0.6643399727232956 -0.7514141268435246
3.8816809217659234
0.7382343837581684 -0.6250339215909808
2.3709746421550717
0.7559879903770285 -0.8054679709448245
3.8900284726596706
0.3846550224196 -0.7161853290228353
2.251475781666815
-0.16734720855978324 -0.08878973101893711
4.99749230740116
-0.41982991075106685 0.8814886455343325
2.8606859497554424
-0.5603063408787138 -0.17703735985389452
1.7004341314662312
-0.4575784671763652 0.6635729263112592
0.31991003560347586
-0.2934152691367329 -0.502821015042227
3.098049807602399
---
38000
62
0.8282424519269576 -0.8917426930305155
3.8605496340030703
-0.3809678294359261 -0.9324431533518788
3.5371379980761475
-0.022883109308635824 0.35559174407721
2.115553168372511
-0.08643037148336152 0.4590219238144151
3.766573055886087
0.39497317900345064 0.06667806253905206
0.07752644391599439
0.840884650873529 -0.4921528963151469
4.251645465659232
0.21205057218904952 0.7569995613525254
1.9068403123396367
-0.44515213155885835 -0.33158688154166155
2.992273996193666
-0.12827844653616896 0.45909335534833984
3.9623507737077697
0.32990313594285553 0.8651300140123636
1.934702740385748
-0.847914842024536 -0.0003457524751554336
1.4702193965050867
---
39000
69
0.8118217222890957 0.3355128848098605
1.4335229384148434
-0.7746510708870307 -0.7595014947349847
3.047255263080885
-0.31236151724936956 0.6579837587646177
4.5265015541944456
-0.9231888362817564 -0.509152264636582
0.09577578132205922
-0.10186873917146991 -0.5468277529200434
3.84228258360028
-0.36993856850903106 -0.7849352465789029
6.2367125904707255
-0.5167529218417122 0.5541011723432006
4.704944493727192
-0.6388247407942658 0.4728291526431603
1.1258306746974993
0.30311133646316535 0.9714517696574486
1.0624766410408073
0.30065932476779533 -0.5373159352607125
3.2082871735860987
-0.3943939484465207 -0.9525823158712368
3.907271198052748
---
40000
86
0.6970282991185621 0.24974910583515322
3.9292900605266556
0.8748597348325294 0.24569204922877536
5.303962998439882
-0.8633150595296611 0.24180795064656077
5.913118247316311
0.43675329190452195 -0.0341336817999227
0.22206768520813047
0.8906974480419538 0.9451103378624349
3.946730046814742
-0.5860025661972471 0.6736022581427381
1.842200600677753
0.7919033717713151 -0.3018921895201382
4.732819424310563
0.3132375709177084 0.19348295292162834
5.488644743341141
-0.6008273205631592 0.1403807999442941
0.4818208515865283
-0.08444553389984243 0.5022552243711664
0.38088635797833703
-0.6357982160263348 -0.2980430027281631
0.6206375146010181
---
41000
67
-0.6918591010421009 -0.389589321026947
0.42671537946740296
-0.8193122779334151 -0.6617475887029856
1.3087943699865399
0.11545930352976361 -0.9506972949075891
0.036081715515972945
0.21194460193075226 -0.5412757682730458
1.2204079664403125
-0.23767364183680642 0.7039846746731753
3.4113162145111495
0.4199568155152853 0.5015070111064929
3.7276204901917644
0.5211679641548806 0.8385709842513193
4.927154569889896
-0.9273278335173484 0.6356753821582076
3.8198876804880753
0.05567873549961898 0.8349051517085956
3.659114656265743
-0.04994508072688659 0.5149846528906544
0.9746365559501786
-0.7456617918525242 0.8634063284298862
5.386741195976355
---
42000
69
-0.26250568286470377 -0.2223062577629137
1.3570267096970055
0.9699493674236154 0.4435720325535848
2.2757400389651163
0.37629116712817834 0.2095511242849763
0.5097377490285933
-0.9007785799442689 0.5843319674384038
1.256997636054849
0.3697661901920378 -0.19549754286976553
1.5063150901349696
0.15489359468164787 -0.9264302172956387
2.6868998302843936
-0.31240558125260826 0.1322747702828945
5.357090440034082
-0.1976626444893946 0.5597235930403219
1.8407530935960024
-0.12193728923104662 -0.0710544930609768
5.008254474835498
0.3845728362170564 -0.9052806140615179
2.41340811270051
0.5377488275389111 0.10145147487303859
0.16414012866143146
---
43000
68
0.5576860511850317 0.7913641441541407
6.154448696065554
-0.24377532414066563 -0.06586137095332645
5.454473124274119
0.31613669008889334 0.3921114445685551
0.2162919506785217
-0.24798524353307064 -0.6969940116225419
1.0684413111155413
-0.7816157804621681 -0.919951979671415
5.7251242390678385
-0.509746808337548 -0.8058992207423585
4.4415210889816095
0.8152141208683265 -0.18937277515726766
5.612898205596019
-0.6480922575522821 -0.27357170694702226
0.5028181552505506
-0.7768425540258608 -0.6060832280452342
6.144452891194428
0.1931116005135269 -0.8954883157450633
4.144221569251442
0.8941227962730278 0.14138866844023434
1.289993354601176
---
44000
63
0.11515274848433477 0.5942731437466933
2.3544782533658934
-0.44904306527078164 -0.7335021770341852
2.086691588064694
0.3857467205759725 -0.712456229790587
3.7816064357653216
-0.9260507536291143 0.5571987824541507
1.8554142895630692
-0.5851666810257222 0.3420235192516828
1.4849843496116453
-0.38807285297429406 0.8704623377420687
0.24521244147233823
0.5503950192994072 0.8800807922509215
3.007098180965455
0.1941952559696843 0.6186188471736186
1.1481957378909478
0.6568384739514942 0.17737080975498912
1.1132933394120528
0.6616098444456131 -0.16606756566320152
0.7994813322821122
-0.384283009917295 -0.3952599956422717
5.592674821579929
---
45000
66
0.3218992928140972 -0.6365457287682018
3.1715064674913678
-0.19153565827232433 0.42688372637005045
3.937837100186117
0.08763357764916983 0.3155647964769536
4.713043601928712
0.7624262571952879 0.6522182541449916
0.5371760784763673
-0.2431739248535761 -0.14607125606804325
2.5742530255327
-0.3571468107224169 0.22201869622613976
5.1724497737154085
-0.2292062698977072 -0.6386989800647399
5.492021111888073
-0.824477511263995 -0.8796914541010609
1.956567091984712
-0.018051358668032872 0.3326964272761377
5.217884035934271
0.2847897371118815 0.4927908132791775
2.1009619360753886
-0.1380574513539559 0.36769450753221516
1.6499075015770313
---
46000
71
-0.6424777284994214 0.45799758565567145
4.623441104792207
-0.9972231829350452 -0.7333140870531153
3.775515648131483
-0.28585773345087573 0.8674533863472976
2.5433606474229515
0.11177953471561954 0.18307696224203582
2.185168385356051
-0.4546380205028349 0.675916019697648
2.517685600001517
0.2980251217499558 -0.19471399805803905
1.7881768899172537
-0.7128101994346576 -0.1638660278493508
4.838942764492942
0.802650452879515 0.05710049315610618
4.101587956492802
0.3890719418048123 0.6768923746904277
1.4886084768995733
0.5852370240462572 -0.18731797331413128
3.411018933472067
-0.22385311074093547 0.4391603229782919
0.18534625998566145
---
47000
66
-0.8976047382994414 0.30087117147157455
2.901837713490663
-0.3880336945071161 -0.03782646481566125
1.931887326475806
0.7747399745874749 -0.8762477633063395
2.842869376725126
0.9887474191572865 0.6578933833677532
1.4923041682047833
0.556219884696364 -0.5313979108701031
1.278059247743034
0.2035945021203355 -0.1941435680773828
1.1993775378325964
0.6414478379919637 0.912177456410265
2.1033854648554637
0.7460664878686395 0.8622017427659886
0.35499403158529486
-0.7396175029873593 -0.014522157611705461
2.419604069314004
0.9749167835249702 -0.9480792066864497
0.834415730387561
0.4354276901791557 0.06211690802341128
2.9346460150635227
---
48000
72
-0.2784476271081117 -0.545484732339053
0.5090345516094631
-0.8865130982436674 -0.989379039323361
2.4374294094681757
0.5715413513201075 0.7157231829119008
2.160170026721109
-0.8308744483409597 0.8144519873014535
3.108017995243449
0.09758020954093068 0.6018395497624167
2.1298994116775702
0.6117816299858582 0.12072064055404395
3.9468057458924948
0.674956977656663 0.9294942377631724
6.078489737222113
0.13601675133121627 -0.9359378468109898
5.453261982077951
-0.7371624105074827 -0.7680832961366674
3.538406728736054
0.8296846703623405 -0.1454895302719241
4.30986879014119
-0.01891460835292384 -0.6770375346967787
3.901330557989114
---
49000
64
0.6590036484940778 0.01659172602719825
5.201056223389373
-0.5447343624085937 0.5142779157011065
1.8099430400367114
0.22839024830684854 0.2391599493161499
5.360691739659206
0.35521965072990713 0.4453215740142824
5.486304259570573
0.451920683685339 -0.5072393620819758
3.407632721580387
0.9050206615454283 0.23885776534607897
4.291816135692303
-0.13206148969721151 0.5236203912468945
4.430415936438768
-0.5851638197177489 0.4273387144736507
1.1175690145996091
-0.8798687254236107 -0.5492793060633321
2.741516955720466
-0.5102692760766206 -0.014229556424969078
1.995735906317618
-0.3894467820993295 -0.09425491652060515
2.860035426718684
---
50000
69
0.24798083755355446 0.2923099935363855
1.3383803525668916
0.3666277897822109 -0.2883221349639207
2.460715392893621
-0.17864803482879288 0.44390519345995866
2.253809576308237
-0.20470603731032372 -0.818770670034277
1.6395274763091194
0.2586454204864037 -0.7536875859128356
2.4677461349980305
-0.12983060009246816 -0.761634268084568
3.1807407485266292
-0.24225699318587937 0.9645371470133933
5.491948074157286
-0.12694944851554985 0.28074749803008586
0.9131057456464386
0.35767268905554844 -0.7347782119279022
1.1806476802149195
-0.26013518132014496 0.27359329860705317
1.6487663257601044
0.31159117931820274 0.45242563037244377
0.6852585975942018
---
51000
64
0.16551127644263947 0.18238991969430726
2.709053735880702
0.27619070503623483 0.351386865125962
0.7209840283669893
0.549264203162933 -0.1370797968100803
2.0867875050170674
-0.07747397685939256 -0.33723517667266845
3.7355067910132247
0.5221889728024188 0.15440964116735414
0.05217564154371335
0.04721614829967777 0.4350617085280961
5.25965922256178
0.4651412368702904 -0.10820746314858982
3.7648106744384755
0.2617410969733674 0.6534867985416948
0.4341547232689722
0.4574866975703333 -0.7915616983521027
2.3521285635284395
0.3753714876814842 0.8281135780740203
0.10764132846482077
-0.31700117021159496 -0.1344309765161169
3.827175912926121
---
52000
70
-0.8102471130721876 0.5688514544698932
5.958684981663581
-0.8749553474954781 0.4546459003280398
1.0789501474375864
-0.47626978555068233 -0.25018909654111615
5.812364056281154
-0.34961393968695964 0.47818960274365946
2.081607026797931
-0.7420585081928016 0.7332305242683931
3.6064109930917487
-0.8318622368822826 0.2268067458091866
2.724887602112161
0.03792885642741278 0.6261503887917909
2.6022436205804205
0.11842549947635184 0.6239440673477179
1.1990981177656082
0.9240526424220825 0.06315852479507193
5.878010471628949
-0.42435868582887 0.1096401997310138
0.7120075570051823
0.196984794090706 -0.5650674986827865
0.7991677078847834
---
53000
61
0.5638455569666315 0.9906713156087352
1.1475267735239498
-0.6684522588473416 0.8566153840973771
1.1873397344388321
0.45542884912112835 0.1594580987431744
4.471474330942678
0.6445937346603641 -0.1550895839238448
1.7596882135837228
0.5134366865955665 0.4248221476001609
2.866211964715279
0.9189901628452226 0.04440596110766185
6.094573338921239
0.27810499796141 -0.2213978669526355
1.4493009994687363
0.7924559263851138 -0.4781626759872969
1.918644467657466
-0.17696170570608585 -0.9912507630396563
2.238555700020542
0.20937071692967013 -0.6222897369366988
2.789285031930045
0.8515106047186303 0.19164694213108846
4.4249377141795785
---
54000
52
0.08004692391665522 0.6798297401305862
4.766273023853559
-0.7536077573062979 -0.702768589293136
5.321106594006631
0.05742771001296377 -0.8697966338237515
0.8372442912813973
-0.18046540460432356 -0.7241400276677796
2.435620961499674
-0.5114371070317181 -0.31190545228849087
0.3767426389177828
0.021786172306093164 -0.2395440189686889
1.73602358730189
-0.6440462450409449 0.013409580345766475
1.9807130816571066
0.9561325061371848 0.4829847501630202
2.4157383533000045
0.737249755680478 -0.7831723687090361
3.0083824565157427
0.10723687607665947 0.8581493449632136
2.9739605317101256
-0.6428325169404953 0.09146867943101747
1.8132961344330676
---
55000
68
-0.6568295244504524 0.9526074883209287
0.3821938263106513
0.019146633975521986 -0.5075710112378707
5.423535205693405
0.10834131048021524 -0.08357761485859545
0.642756393623201
0.36002788493314297 -0.23519928058277542
5.704496791167188
-0.24237278610483712 0.07661794532972346
4.4595071128965715
0.8547036118803372 -0.465394476570298
5.666034203192868
0.6796875903022429 -0.13066098251843716
5.825874203151021
0.9171465883359313 -0.6546094297549272
4.089176454653521
0.0847150612342779 -0.14056711528989652
0.60622568105712
0.7854815617496209 -0.49551770880806606
5.368600398572167
-0.5909381939750165 0.5963145976284112
5.058262282372189
---
56000
82
0.4179733107436532 -0.8688940541465172
4.958724225010271
0.5945267330172007 -0.010752055858011138
3.2621519987176484
-0.943642610732626 0.4028747549104277
1.8701971119689311
0.43132902805251966 0.21474089757403514
4.549742616500119
-0.3907738597833591 0.6424961168506605
3.5494131440239016
0.08650905307038137 0.6307474210518255
3.4844902224123184
0.7946889356597149 0.7706367723630471
3.233814356746625
-0.9031384443388503 -0.20067834050103756
1.8550456149664722
0.4485687990530538 -0.2130381381921332
1.815653644465089
0.10762933755194301 -0.8719680485107586
5.714585279038019
0.24272952200734438 -0.5558670252981344
0.7372930335933119
---
57000
58
0.7182602367929929 0.4260614695608647
2.1088207023618364
-0.08481572996244305 0.8716933365895025
0.896342532824904
0.3821005011595469 0.3028914862766629
1.970407949678468
-0.022527861631090253 0.7619043669077814
2.6693393297507706
0.47328584014412334 0.06859661974011644
1.8213569520066342
-0.12407754102991214 0.7171776412156482
4.126326387904078
0.9563656039610179 0.10363232522110889
3.371914165786561
0.4613438239340567 0.1374840697968868
2.965710926584567
0.4230930406287732 0.8677602135081757
2.2142445224069975
-0.2962616597015488 -0.15760600155562285
3.1836382192076798
0.5680867733361876 -0.758086113946886
1.9665462824654236
---
58000
61
-0.9769472725286541 -0.7381194736178944
4.4592005758721385
-0.8276532162944208 -0.849437532927969
3.0406066235705183
-0.5507120749726374 -0.679162692883898
0.9680853250084223
-0.3291220266680606 -0.7992228531721486
0.7408194284210667
-0.601614831588657 -0.2807491571510449
5.084254847454022
-0.404446849662126 0.32868567113916364
5.9455550567851
-0.7111065661601756 -0.8324121304891107
3.4334688672493705
-0.3356451431323897 0.12402306531537338
4.745686161515361
-0.42294587624518654 0.8715013466350591
3.8033463603686846
-0.5109596955527892 0.6865019687929901
3.9011743780472674
-0.23730564570149637 0.43409326457412584
2.4036425687111027
---
59000
79
-0.02463177954360036 -0.5390775999190957
2.2888104393843385
-0.9618468969803622 0.8667477293479964
1.1008899655983626
-0.9463273519519576 0.4524138916192134
2.9144100966759536
-0.2613733581508187 0.47441388315214605
2.4966429446082437
0.036110813250319534 0.04943152293053407
3.9908373934756716
-0.5945598440257124 -0.953086700424726
5.807959772793471
0.6074836781389252 0.7413283403923291
1.1529568133990855
-0.04489736916272201 -0.35972288057685964
2.2875021727621014
0.6020197118872547 0.6917067791684243
0.31166076572964574
0.8338045969845148 0.29339244778459045
1.0381503530256486
-0.5180464052347965 0.027646514081402854
2.876313261637327
---
60000
67
0.13223413262765743 0.10969544737943324
5.453660337255199
-0.19672053713278548 -0.4752467984559783
0.5767196898521938
-0.7406994099327991 -0.19386322238865747
0.14780075561119954
-0.36090248005175235 -0.7254904256670245
4.792577348932985
-0.9971385033966602 0.20604455777279418
5.434209200528843
-0.36048593829259606 0.08312018808491634
0.663131912432287
-0.4148474569626826 0.7572601426799038
4.024601076591667
0.17446157511191085 -0.8128385113196044
2.7718701414523617
0.44473147055485696 0.8874605458556165
5.693916386437974
0.8488681418548529 -0.7824740561681454
2.3621840841925943
-0.3990944385852362 0.8433857564997514
5.311091598841918
---
61000
70
0.4869944414379876 0.5356549043650244
4.979415048187289
0.05106546194264457 0.06102147675314748
0.9736796630030273
0.971400305531959 0.9705011876569014
3.70906972932403
-0.35772245780650663 0.6844208413192034
2.376528887996037
0.08424083331049469 0.3836952660537517
3.0803904431126234
0.4465621044951063 -0.24500512497270094
1.9192156414630537
0.082417084710929 0.7395976926569036
1.3521709616327762
-0.32464794091099786 -0.9337396260452163
4.698150247146024
0.8241872516061188 0.8948160283034141
1.5189452601963067
0.8205531793056926 0.1256267936631486
2.860532571077947
0.6026589564767381 -0.6849503445263012
1.929340646695732
---
62000
68
-0.3993649824402504 0.5565901479249694
0.6191502210125881
-0.4330962239202884 0.4352508757845301
1.2167835928628552
0.45161519623737667 0.17505669636487214
0.8076763499760524
0.800739328366495 0.940691722107284
1.2575417275836864
0.3011757085749306 0.036397073326008555
0.9129182803427156
-0.5741165330733483 0.7404389662608516
0.886696900926979
-0.022257819120667523 0.2835497102492274
6.087240719614738
0.8795567358418793 -0.2598620821133634
0.6934786387100136
-0.022699288129671827 -0.3522781073592665
0.7273288022387154
-0.687603528909739 0.7279909198151463
0.46652955656378303
-0.19481772705111544 0.9840064940111827
0.48634028531929907
---
63000
70
0.3245097849605332 -0.3731761400357947
0.2899129488954099
-0.23501279263276992 0.9178793980751078
1.6906850856034668
0.8566034397562808 -0.08877297219144738
0.0763093454221826
0.16176684304136224 0.6901393455929177
3.9044915201234724
-0.0596203535179515 0.9867098449939975
1.5147733977270796
-0.7748846850689376 0.21390957302393554
5.5818765264323105
-0.18419940802584653 0.9270250198908333
3.5957489990939164
0.8725507225875867 -0.6431288680173133
1.9291782648270823
-0.4380970840149159 -0.9684014540442036
3.055218412650434
0.3779114452854515 -0.2510846811861221
0.289024815109288
-0.12119818751088159 -0.17751678024709666
5.2199597706054
---
64000
66
0.6241280476378678 -0.45838861199814346
4.706596001690153
0.2041714625131466 -0.43665451078404516
4.890538452316001
0.34670489789767933 -0.5986765028092907
2.649929835719951
0.8817392454860277 0.7060767745930412
1.2279501941499404
-0.021070297355303858 0.941503491081944
1.2854922989890394
0.11408650185137445 0.13653006086511002
3.6794003097494157
-0.09113578905404301 0.781877276279758
0.31437024661055224
0.5966190757865195 -0.9249738679094762
2.4919408058326846
0.9341454251496876 0.7562204881692823
0.45332117347962875
0.9796333089598133 -0.6787641477729108
3.8421741218334526
0.3821549744095784 -0.930123667851271
5.477802287059496
---
65000
76
0.5555933559861715 0.969280210590886
4.861152758758838
0.5254289874582453 0.7837837450448525
2.730429548836625
0.3416085720891957 -0.9831753454026468
4.009807063442957
0.21506458308445742 -0.027615265306207545
4.372716219519839
-0.5154132036565863 -0.38850767535786535
2.2434540058252264
0.19819756150609677 -0.5802599908962079
3.966221372379046
-0.4198170770170887 0.18058560074801416
4.854449227403043
-0.4684771894334324 0.32772334336012376
4.577201198860236
0.22999803219740161 0.8868458197369036
1.4741554325341353
0.3322712610085504 0.03418904598565443
0.3956077812263188
-0.6042682023378566 0.14070421001267716
5.341334323325919
---
66000
75
0.5609047530243207 -0.23616687522835592
2.3837915189319343
0.5721724049023927 -0.8228986984559539
4.034603255544545
-0.2145334417934999 -0.5099334054206691
2.1818991533135117
0.8874003669166578 0.6525085126725677
3.691177359626111
-0.8468632164757586 0.998213551633093
4.01252448311513
0.8134005074960802 -0.6813228223393594
5.49372435929705
0.519405347527135 0.3837268427156862
5.379966065393096
0.9978460292073801 0.953302172755991
2.454858444963808
0.6409208512714799 0.06976660798178005
2.6184237468038134
0.19565411179185113 -0.3727420679131581
3.8042067121070477
0.5129620327037236 -0.8921293042789834
5.9692483875011115
---
67000
71
-0.5170361230519027 0.6954082412345872
0.7096217813992189
-0.3659883517117631 0.05620491660424384
0.6984068643363281
-0.5347957894219604 -0.298435301826019
0.10106880951767838
0.0989565413055526 0.6383202430273442
2.692139601084701
-0.7789182357771217 0.8591340442764827
0.40938519978526333
-0.6608490376467796 -0.010705661193769533
1.5757590147312026
0.8420209148785269 0.9218553661681052
0.11860922690480025
0.3857149839308011 0.3053794478961873
0.19637260108614374
-0.9756280379054405 -0.867877128138465
1.6875863578550305
-0.13341001644261308 0.22758075411876438
0.37232692013463
-0.6247335424839805 -0.2411025018978924
3.40592732834446
---
68000
68
-0.2670824253213851 0.12368816880843246
1.7889215647493795
-0.3251827891177548 0.07048171958414406
1.431953274765025
-0.8180246157628361 0.40135524729731775
1.7269094155131821
-0.832427596926869 0.5619491611668797
0.4610721723545135
0.019778958839598123 0.6270342014105234
0.7694651008530347
-0.09267144745089981 0.39424010009630717
0.8132474342037179
0.12731224787826576 0.7367631219367762
0.9234013673506567
-0.42410498974169614 -0.9271298460790431
-2.7086946873162048
0.02321824773980182 0.5527234424482154
0.8543830977601266
0.01937118580136822 -0.06040393484178151
0.6426038899682629
-0.8154719453936996 -0.36853405251262594
0.05468695451696193
---
69000
73
0.21105821769893385 -0.958888773614606
4.764882316883217
-0.3291234822200893 0.64826902592349
4.176239495330397
0.33265169168226544 -0.30905609271962337
4.201353449621606
-0.0803631292138866 0.8220334805776962
5.792942035231091
0.3172546325631532 -0.2681019147383272
3.440822064638038
0.583166697642569 0.8277239550079168
0.5895702443159472
0.15707035591669682 -0.3801390613679945
5.0642454110982635
-0.13253181588615442 0.8304122554173472
3.9477057072324175
0.4271687043223975 -0.2589053873740303
1.6938542952989595
0.009428115063778395 -0.08144925590403476
0.8953729974379954
0.9790457033626516 0.688501377167071
1.0283416853793064
---
70000
75
-0.5237596408408045 -0.05826278429408017
0.16035774503224354
-0.6075620526287469 -0.09660278893340804
6.197594320326804
0.6139914707226146 -0.7993063637669868
0.9858537569176091
-0.8946317552969312 0.9366579397646542
0.8196005338234551
-0.1255660333754253 0.5101429305718762
2.2412102921429664
-0.8194691864611507 0.8174401478979417
3.4179801348894783
-0.11574751604224444 0.03973651230668699
0.856026334492153
-0.4769776024404558 0.7993011571727233
2.6765733471064195
-0.3365912352471876 0.015504553323864904
6.1522126281822604
0.5980247816085946 0.3382810165325622
0.30185190124480776
-0.6864661113298758 -0.26420614764785116
0.8558933817851013
---
71000
53
-0.9914865859996245 -0.20420911725525454
2.753407050810012
-0.5973025370142055 0.7422262857538873
0.27045149865790297
-0.7303511709836386 0.2521876694292581
0.9055249858953287
-0.780784734131541 -0.46834336232449264
2.5047798502706238
-0.9405052581292539 0.9952369863019824
6.170055218415883
-0.4736170861799561 0.9156419257947929
0.33179834496682403
-0.2465628212213821 0.5319831029489919
1.7283737261792345
0.7062275879301128 0.8758888057761207
0.3257280422452542
0.5601705256541035 0.11915773064040668
2.9117240097409924
0.7621906838545042 0.7367613873978865
5.372816268007311
-0.1920398347777118 0.461865769506141
0.0344553112046988
---
72000
74
-0.44108778449062397 -0.031649759366726746
4.0961127333154765
0.7502866995607702 -0.38356483221763066
0.18521221592096726
-0.7474792006925158 0.009032773510339598
0.7001490586542678
-0.24989929979226133 -0.6696109988875643
4.461345227171099
-0.672492322189711 -0.45630740924087015
2.77852589481048
-0.0836546102775925 -0.3043466022136303
2.9455349596566975
-0.4525187786152436 0.7774940106643768
6.174283151761702
0.7456437013064675 0.2601405971659116
6.127761966688997
0.5023407971025677 -0.5698130172556238
4.043803789924322
-0.34957801300585695 -0.9771586877751359
5.933293246482731
-0.7612303251633005 0.9236030548174475
2.4733894444035887
---
73000
66
-0.727066829817876 0.9040884491188875
1.4991743897673926
-0.47085362074320164 -0.30446557488878906
4.269601067658181
-0.8039284653710631 -0.48273977606980534
1.7654463673868515
0.6522751485271073 -0.0924680076161753
1.2605585096412275
0.7974968383063155 0.6553240873880772
1.276591643773342
-0.4787302804767744 -0.31249642787060194
2.346682408469837
0.9031150048712588 -0.17914231197138505
5.3892794687908925
0.05631556426135193 -0.8696508806005369
1.5149966537753556
-0.25312831924628953 -0.9252902519405702
3.158709586698029
0.05643535136445416 0.9390393210110648
1.5870459230649736
0.9838174932002598 -0.5343265848972232
5.882964284651108
---
74000
64
-0.02690514764001616 -0.7240906005978005
5.20368875161871
0.35330276330133736 -0.4027851240840321
4.7052744320489195
0.15324213548750057 -0.7142186822136407
5.4591424052790645
0.5418162298868682 -0.33882561599756517
1.7026211840603835
0.028485208784134228 -0.10127753220871272
3.723298901056199
0.899763784129282 0.9661867040560562
4.767802158934698
-0.10534910814390988 0.016166380688852337
6.260030727228703
0.7899548845367759 0.2778052086506536
2.3275519587652242
-0.22410225892127023 -0.3017217611083002
1.7344769422336241
-0.5702811365547238 -0.9686021567532027
3.5480076671841294
-0.6940459831048151 -0.24620508333222269
2.845501729842156
---
75000
59
-0.4497462491048503 -0.34960771139561986
3.3859925599308784
-0.8095068115763768 -0.46068003936780155
5.956917762346773
0.7535394638965243 -0.11058948273960335
2.9861862402895945
0.15740676431211165 -0.9772848495585056
3.7550112605862136
-0.7010003068374958 -0.3002485753995251
4.7583589636098775
-0.841425622780521 -0.08001755077930274
0.09194618771095264
0.5918423471138912 0.7357108354122351
1.4453414151965607
0.7927696674253247 0.3283960501887077
3.7434696947635477
-0.10091986241852899 0.47511565785862514
3.5008335261196044
-0.2255082016029295 0.805672080017739
5.437538502952526
0.4903213681679264 0.1911721657007788
0.9194365501101425
---
76000
70
-0.3133615521590125 0.6395616621221181
4.473881061894472
-0.6042862558475613 0.9246771662598463
0.09429206531254675
0.22673958505995095 -0.6584104916783913
0.5183136717690848
-0.9985501692568326 0.35597994940357963
1.0736716075668822
0.5367501648237779 -0.7517741402749258
0.7669155526976361
0.716922839521377 -0.05375620064669845
0.3326675627014799
0.25261391068813815 0.6370785339088078
2.3271422838033713
0.42600410123345955 -0.33286341521349533
0.3689991400051351
-0.6294082755143073 -0.08179591774528536
2.366273710094714
0.2882420483129058 0.1641503766944297
0.8492129027930426
0.07851118053595879 -0.2689302105754534
5.393202628255228
---
77000
64
-0.8362537424765626 -0.48804751307151245
3.4686349670905767
-0.16390257187680857 -0.3039278675969762
2.1924178459190866
0.8743586430399104 0.9123555664279241
5.656641644589106
-0.28257418656128647 0.44552145614665073
3.8527145109060097
-0.4066641841858243 0.8217656107748744
2.6702843567820906
-0.6564037386863735 0.8686376343041913
0.768592629226065
-0.9826632410387519 0.3316339578483836
0.19761642841871385
0.8440661933066985 0.7145581440812249
5.945492552968023
0.055810761719602114 0.7765072926096931
0.9251135443599416
0.7033612967142381 0.5323180293549065
5.369852658476573
0.9778719110094094 0.7690979871146737
0.253842714365331
---
78000
60
-0.2155581314151805 -0.8300733917748006
5.669915903683944
-0.15800303259506127 0.8616458819615729
6.272019677438125
0.9243696659643194 -0.816702610265566
5.853378361190772
-0.3790964213487896 -0.28224225300114947
5.501663857734116
-0.8672698631029181 -0.5364022903534426
2.9205736110389413
-0.18551974964061957 0.7429016166489278
0.6122851837218564
0.22197582865170837 0.5023199045739303
4.814548565135781
0.48026116108866856 0.22137423138094495
0.286105651911293
0.2909915808982855 0.7628493258659773
0.9933318072133019
0.14558623317975533 0.17030361558578144
0.4568738706797122
-0.1103915793734391 -0.7417512029201884
4.2172160022479925
---
79000
80
0.3562359901732164 0.09030254000801671
2.8755037743458263
-0.14678442039286602 -0.5899589406746298
4.351391622700698
0.07923468624252014 -0.16061858300613738
4.511680173280491
0.8767196801510444 -0.47653200859220946
3.744063390540478
-0.8593938404432702 0.23710962173905437
3.461029262039318
-0.6623627777140154 0.4190410588591971
3.445039942689495
0.7051212472401633 -0.95376269666
2.95174697418933
-0.5016141148839278 0.8173174933419732
3.284641698446694
0.2251258795884594 -0.5220472589519322
5.804239543264053
0.8530924742983905 0.08587563058872069
3.819012124909622
0.7036266316471792 -0.2904105767536608
6.1703293192593325
---
80000
73
-0.4319098698019832 0.015603401737676496
2.476235649632339
-0.4493669825807688 0.21715925853872958
5.2022940341791
-0.07873568757162762 -0.8793239242453917
2.2756273682487356
0.915198534761932 0.8568542748470165
3.8403561278755003
-0.5207756658518893 -0.549877095305689
2.8692673005783025
0.9457727477034381 0.4952523517806516
1.4845537201424088
0.8033308387351884 -0.9909974281420719
1.408790644229029
-0.7089685757430337 0.4507450368414113
1.0416430086682569
0.28640305989185155 -0.3071865750564023
5.901286338761744
0.9721229888711314 -0.5496928106421975
3.6901323819556815
-0.1611720949479894 -0.8433872257661813
3.9324333922178063
---
81000
72
-0.08904829501273666 -0.47472013334868324
0.48819544726871134
0.5512223583347752 0.5883152295196583
0.0868689558513962
0.44769907509338097 -0.5267370077911128
5.552608324324228
0.24153337581723658 -0.3324654645257122
5.574813744612797
0.9013932053888625 -0.7754455381510783
1.6389652109695225
0.9405926198419832 0.25679925475363163
0.5463416460126123
-0.2785617623444058 -0.7144386620680461
5.674041457883454
-0.16386784406967467 -0.3121946202767307
5.791166555352396
0.5263247310186406 0.7844794750131622
4.397037889468788
0.46245930111159506 -0.6312270455780101
0.7323777375336027
0.4468601497238828 -0.5756053610818175
0.01535769226956507
---
82000
67
0.8829356251466502 0.8749885550621103
1.4363391854461958
0.9292341926353649 0.5814064945980424
1.984461459849454
0.7294303085638854 -0.8552634783918871
0.2546393474599231
-0.10954738461104116 0.6347751574394989
4.164282778459853
-0.960196284958945 0.48378727458618587
2.0434096132462356
0.5152244866824 0.65389904478926
0.16589680753049763
-0.3192278781213149 0.707918893315547
0.09740966540843221
0.9384383535153148 0.09280842480542999
0.05329122612116599
-0.2289567018179364 -0.37242278053219285
4.6342398835278
0.8391807322808448 0.36270236155892344
6.262185927383104
-0.5764786142615346 0.5872921696346326
1.683927948171302
---
83000
66
0.07433903327517627 -0.3080145730078435
4.4540352682998385
0.7087955315949596 0.8214588568692952
2.6622443733879004
-0.3918410858814656 -0.04276822129406183
0.523925194507104
-0.6305086049008017 -0.4878626432751464
5.972811575854944
-0.7601252752551511 -0.12394593551724205
2.57455917645039
-0.7717681874121848 0.47087941967310737
5.352153266712571
-0.17878508435514484 0.46963020119861854
4.635534189429761
0.8649159058326245 -0.3057100255862379
2.5676090464081014
-0.6507984394850361 0.020385888573544564
3.3694014887435406
-0.8798264631274414 -0.5973355307781095
2.862908797920465
0.0396676998068845 -0.0047814574726007635
2.2625561251837434
---
84000
65
0.6995360028934388 0.9154762186802518
1.7926266786210117
-0.08964378397115776 0.3647541444252794
2.7861965982083774
0.5583647250215328 -0.5205049838444468
3.4011260971539476
0.17339114576696077 0.7481455184897022
4.445041683560716
-0.5231439221511646 -0.5250802613082228
1.5766656633246452
0.008833479597561873 0.9043126957448524
4.138797520788252
-0.2717969616913461 0.890722742207423
3.3755300825815446
-0.935668554919957 -0.8190249005242795
0.6771807379642736
0.32919561056476404 -0.8019911210696655
2.741173835314573
-0.661420531295914 0.14882343342312968
2.1352990905298537
-0.9732205706412049 -0.7114724968116618
0.3119117233586737
---
85000
69
-0.7715216215313814 -0.004998749074664157
5.034654337698272
-0.20839900582929005 -0.7695639706184465
5.437246357171405
0.6944916334398518 -0.38330307560740845
5.363200406564133
-0.9861684588516402 -0.30994181243813645
3.045728788198085
-0.6213523618798145 -0.5650811751876493
2.8928760102034206
-0.2545848332732484 -0.17897436164907643
3.4961289485509432
-0.390667994341224 -0.9332714828778919
0.8983676285170912
0.3409928720682511 -0.4847527218606554
0.2181317758510639
0.47922973316613415 -0.6109805657188235
6.282405964075777
0.5292132268936486 -0.1935722419048807
4.115782738074186
-0.4874305334800668 -0.5167745569808585
4.47778384272136
---
86000
75
-0.9639493802861303 0.1849823295752728
0.010101358056809714
-0.3379910803500537 0.8838086665271496
0.1570275426386667
0.14564872863470943 -0.5342627103437371
4.0854357573150155
0.9928589162511898 0.7610034291951869
3.556091898203344
-0.25999730737660043 0.9711519629997525
2.1862689815255507
0.04258244038736783 -0.15681096463378313
4.835041992394777
0.43709891258098976 -0.3379012795986234
1.5121199107227197
-0.29554025626135066 -0.3170636726847633
4.853232877105976
0.2535027808568232 0.25541101887068574
4.833165464340231
0.5069720333251948 -0.7923466579198714
2.5255827798744805
0.6727099939581891 -0.0004262711968673564
3.323895391410405
---
87000
81
-0.7589178424125779 -0.4313088738775193
4.8612988995602135
-0.708375961914517 -0.517917175619291
4.451927809707571
0.5488341017311518 0.5924870069597834
6.161594895067468
0.37465724179598925 -0.9799575341431674
1.4475881228249214
0.7325491615874161 0.08700334219853231
5.577992937630498
0.6872733739095493 0.7371391280184223
1.6133537211648727
0.7913853821256741 0.34148907351972707
6.019488554743031
-0.8228313776943244 -0.8722330482192473
3.329489308769163
0.35942329559509 0.9378274863224803
3.1167114443628137
0.16960127260366464 -0.5193570882268514
3.0121446919832096
0.5821939587217132 -0.4199916705662566
2.9952593632046494
---
88000
73
-0.0023976667146166017 -0.3941933188791101
1.7494352575757672
0.10875399742066773 0.4106595603086207
2.0768329489536734
0.84968777989177 -0.15734404834722526
1.6290515691370788
-0.9436364017182486 -0.5315004648707132
1.210019378431535
0.66928729108836 -0.9957834730091517
1.1467174097236095
0.08484062349727477 -0.7792452806680269
2.4127018397422626
0.543888287980885 0.8322255121543282
1.7847964402086558
0.44795741638393854 0.9402736684309756
2.69326130642512
-0.6823065487745958 0.8928135126233486
3.0447228132133524
0.6874603002994628 0.5372976927512237
2.4001314849057165
0.9196734053793303 0.31171510935714697
3.4116284208789045
---
89000
73
-0.9510955300772139 0.1211693851607832
0.7787736843377994
-0.8355082505347945 0.06460560285970758
3.7732079343099745
0.022564262647277566 -0.22757699655847496
0.8203834554039853
0.05834994115543882 -0.9924947619957037
4.341108559779749
0.12188442792128985 0.25364731945157826
4.6177925158525275
-0.655005811153988 0.4047964342467911
5.339330730196045
-0.33646447070128294 -0.7556942019539553
1.681787662236097
-0.12175139917967656 0.4190276992819276
5.872613670734653
0.6366403485763584 0.4567209149293652
1.5049856902858636
-0.08021580744359749 -0.8229067610149269
1.7424765059391545
-0.38766646294934715 0.6116009706176149
0.7971938271148602
---
90000
75
-0.8949910279909825 -0.8246599415021597
4.29671376016425
0.9191800178291559 -0.8080827725911671
0.7134767914285325
-0.31797766895254487 0.30637783006559666
4.646544311168608
-0.2176001640173019 0.819891437119955
2.5455183376235038
0.9173213311334206 -0.5293226930504025
2.3066022341373253
0.35901360993311787 -0.5412313552869928
4.859669255129153
0.03908047794022773 -0.6433146850726085
6.144624011560797
0.26065454139679606 -0.36435434654651366
4.405400263814254
-0.39963545939593387 -0.7906079581621209
0.10815140557825575
0.8593546723611588 0.25721405225994737
1.8233410134158676
0.27061590996015045 0.7238375253531161
2.750418994015254
---
91000
74
-0.560489435875981 0.852340411262364
2.003041172183294
-0.5175865925920171 0.7503728411360993
0.19317756299087652
0.35195491144351715 -0.8930310039098391
1.9315890886131113
-0.02351978255997335 -0.40340325385304543
2.028910298296723
-0.2498655160386027 0.5554238593464372
0.5657950836116452
-0.3648549604341103 -0.837754121766872
1.9640935973071327
-0.45188787086254256 -0.19814746234127956
0.6047944111697285
-0.7265367957529838 -0.9425656183695641
3.2469968662748787
0.0644352955867503 0.3306756298552483
5.700124070650683
0.7021308616182922 -0.9247157571161946
0.5817145049304013
-0.2835781530742494 0.4561808393746198
0.7102966088978779
---
92000
73
-0.38322010370349513 -0.1292089050250132
3.4825681362029433
-0.33349319189302995 -0.21679429684994717
3.7507377796525105
0.9812184861699027 0.9841607150852368
1.1156518745280337
-0.9277888836968823 -0.43390290071224386
4.120445878654422
-0.7183898513615704 0.24797742971328637
2.0223165017288096
0.6856394676576079 -0.9119125552009276
0.42185670556207366
0.5751142424170801 -0.18885982918707944
2.6261601247526034
0.15952348197563937 0.6705433545849158
0.3271872260494906
-0.6043363911646913 0.5018120015673485
3.999402191723882
-0.25364020804298587 -0.2281270093102538
4.074413240793554
0.7707781974701847 0.02324916052997989
2.7335428780146733
---
93000
74
-0.12208949831817396 0.8867055357309901
0.266230778059974
0.07668148697465961 0.8611410883491257
1.2460726398925148
-0.7563454183129226 0.4638029766503832
0.541939136866942
0.15906355071641487 -0.0902704291708256
4.110017662111013
0.48000693247200854 0.9667347317125325
0.3888374993547137
0.17000310502071414 0.7573067681428622
0.31846929735158014
-0.9247832637957691 -0.895557052155966
3.0270192606383053
-0.6431377284757365 -0.061392497591494816
4.865358425198638
0.8416182453393594 0.5969412107613529
4.560779296706916
-0.010247318701470325 0.5534889709991329
5.744859081758043
-0.6457555049961845 0.31759688074036596
5.6539961628954645
---
94000
76
-0.8633176885449414 0.8978534198646051
2.2405877493928186
-0.18374737145429937 -0.2555599134503739
0.19724905942930615
0.7355452266760717 0.5025604089684412
5.359411544627904
-0.9262679649502628 0.9665168645662165
3.703428878849496
0.32336976567817605 -0.8317984103903936
3.763556664934364
-0.22491802909873038 -0.174098025244512
1.1031167093566268
0.6632588596431042 0.20132665234784833
1.606777448187418
0.31208234305714205 -0.4136563337667154
2.4238696066976817
0.48767017629665155 0.9726299510094801
1.1499946099497844
0.23615471998809748 0.30909357522486114
1.2297432325812157
-0.18526788804782118 0.799803363438097
0.6088165666588301
---
95000
72
-0.41886426914076846 -0.39666421146902403
3.3247731891583707
-0.1352856445022514 -0.06252115735489591
5.93996672649404
-0.21993976890611977 -0.01183326343814868
6.200587970558905
0.27307679618010916 -0.16637610442523423
6.075512206723653
0.5574113789666723 -0.5845713886585682
1.5582513721547882
-0.533806720179029 0.8108273859444765
6.216513418114321
-0.8177410075270894 -0.6792196920554066
0.2894754462407718
0.23721823178017187 0.4652080315656712
0.4450068733983388
0.9575285085433451 -0.5776857949516774
4.733804451637736
0.7943648668674883 -0.3679886183333178
5.757532961573201
-0.162371077128376 -0.46975027524051455
2.225353923533257
---
96000
77
0.8967022569873165 0.062476358261840746
4.713407708438466
-0.5538520678632523 -0.08173752127837672
1.928383954513266
0.41196707956990264 -0.45593116872620465
4.234915581521889
-0.8237469953127262 0.057622975788427226
0.47485374111867973
-0.013988216583747052 0.25133258005498393
3.711923396458558
0.8242757072374456 -0.03856510884162847
4.191142676475003
0.7909879514586344 -0.44223033658735755
5.688008552239526
0.2477965774748206 -0.27075405230894445
4.319833332704227
0.9353343802718189 0.8788073422359932
5.392740726786854
0.3436237917991007 -0.5577011814034013
5.423230293933044
0.7484876773290947 -0.5675945105794773
5.042018802366791
---
97000
85
0.7660114789188263 0.16325458189141542
4.022099324657784
0.7626471237799805 0.15570625786816178
4.322919803064862
-0.4911068698775736 -0.38220497377583385
1.8416835582333588
-0.4575114644678925 -0.08203047008121661
1.8651927282610137
-0.9375593865327828 0.48456525746471296
3.4158484208984774
-0.3766111884479417 -0.28453411108895355
5.6917959031952465
-0.05781612424215907 0.19846443866950533
3.2398599730505664
-0.9104122579805738 0.6538132253312993
4.772824150227591
0.31321796862897405 -0.6027055542241686
4.662105122542381
0.5348124414582065 0.5095463460230981
4.142738063181268
-0.3196503294723955 0.152707638838845
5.558435149547032
---
98000
66
0.4387775911498922 -0.07114646796052607
0.4950035865123907
0.3263624877761385 0.020612602482187867
1.4535627741828314
0.550304570952175 0.549352771953527
2.173036454573942
0.05939683819704941 -0.17605247521803227
0.8739688581991611
0.9752070184549573 0.2838763856607259
0.5929716842528832
0.5303768345124398 -0.06409546921984127
0.9788269911134746
0.2817112259462482 -0.3162324631579476
2.919844350196845
0.7768258001407722 0.6048441752917866
3.1686530994933504
-0.8935830443234253 -0.42217093714807086
2.3798534435075878
0.6038573571788644 -0.22433941023012116
5.696947086318152
0.4942661635087526 -0.6216715020683001
3.7290479728685852
---
99000
85
-0.12588251594312752 0.9944926981897596
3.561169016943545
-0.14892282136498924 -0.939329279323423
4.63657357129292
-0.3054099160377969 -0.11087668108760973
6.0139314300599125
0.6163913965969079 0.5878430443456528
6.032824551508039
0.8379946338225275 -0.2887510825651272
1.6153410951578133
0.1486408745849823 0.9190857528433691
5.515010137931544
-0.09220934399366552 -0.2886249713820134
3.483153771480099
0.7572718479584808 0.9671750521535745
3.018281067033713
0.1731835238824289 -0.3025510478064983
1.52860846966413
-0.12916705937785572 -0.04688023186242369
6.11962336813489
0.20131772396921027 -0.24391200118722628
1.2056163885445557
---
