100
{'run_name': '2D_rec_10_total_boids_slower_short_chase', 'annealing': True, 'annealing_start': 0.2, 'annealing_end': 0.002, 'nr_observed_agents': 0, 'nr_of_boids': 9, 'predator_present': True, 'grouped_spawn': False, 'predator_halting': False, 'record_keeping': True, 'record_frequency': 1000, 'boid_speed': 0.0283, 'boid_color': (0.8, 0.8, 0.8, 1), 'boid_turning_speed': 1.5707963267948966, 'predator_speed': 0.0333, 'predator_speed_slow': 0.0333, 'predator_speed_fast': 0.0533, 'predator_lunging': False, 'predator_lunge_speed': 0.013, 'predator_lunge_distance': 0.1, 'predator_turning_speed': 0.7853981633974483, 'predator_color': (0.8, 0.2, 0.2, 1), 'predator_confusion': True, 'predator_confusion_distance': 0.4, 'predator_confusion_threshold': 2, 'predator_chase_time': 10, 'predator_halt_time': 0, 'predator_eating_distance': 0.06666, 'height': 800, 'width': 800, 'graphics': True}
tick
boids eaten
predator position
predator rotation
agent positions (and)
agent rotations (interleaved)
----
0
78
0.5737617448599933 0.2933080410648226
5.63502338828561
0.4383526062025662 0.3928021404855293
4.168243282788388
0.7161748668362957 -0.9190956427823789
3.30572202306424
-0.14530728140104573 0.8935679800297177
3.6252982582081503
-0.8630881116322509 -0.926597003957465
5.620819041099857
0.07175587330487289 -0.003401013081091798
1.5682939094116723
0.7554659465965576 -0.47006103338988325
6.271943338404917
0.954227359234175 0.3584381294682689
5.71139432923036
0.1283608607898369 0.2156033282872452
0.3249432170903819
0.05807876929144797 0.3838870493533898
4.280046787935202
0.5467449643283763 0.49568399453450884
5.015450367945936
---
1000
76
-0.5627522417045465 -0.21403911122845973
4.002686983838947
-0.46321169406445795 -0.5149210597906216
3.0839596192884198
0.7936478683946196 0.2742293591346519
0.13281606512938815
0.6638820254617552 0.41816724639448594
4.17917436474089
0.3948679368518044 0.6269064614190845
2.6365527635879626
0.09362201129316504 -0.6195962882066843
2.0636812890382545
0.9059583967721307 -0.017464564786269104
5.381905136044095
-0.2364243818330224 -0.3345727789433486
4.071564343310711
-0.05211376151187219 0.5315723416062321
0.4763451748377152
0.42594654481343786 0.6252785202675705
2.6154260422280347
0.8639082284093423 0.3290664200491036
0.8500673720028269
---
2000
72
-0.3568985571513852 -0.839044912406529
4.58823386212551
-0.698250091663602 0.9077936930191389
6.031340957479176
-0.44878041802731555 -0.09536691727194799
5.528588011691094
0.5165464793147335 -0.6839924267105738
4.880366113714564
0.7846802156570308 -0.8561756770596992
5.672104159287682
-0.6465523269686922 -0.5223079780308716
6.2283749578994865
-0.30725078717769905 -0.49840718743242796
3.673049863883591
-0.29781894903718914 -0.33454777728739216
4.484569987844047
-0.2457057035946421 0.25297884838965895
2.1038576224343393
-0.4376333097796651 0.8290775550834444
4.859996100006753
-0.037594921059588345 -0.9256496663562133
4.847698138593667
---
3000
79
0.9238636442178856 0.38920177112896487
0.6418883267340316
-0.775759834947931 0.8524728318803265
4.132803383637107
0.901036806110718 0.5467695355366202
2.3637245151710347
0.5667449550465742 0.21584480800133998
5.048461103243422
-0.1414046353032943 0.704392215800866
1.3435176166509821
0.5327012624494194 0.7786669288126478
4.917623748037348
-0.20761027016623382 0.6091096942014801
0.6851942283674592
-0.5632160987313323 0.6554339906221577
5.26189941751728
0.10846961061202706 -0.622848866534106
4.341893980418242
-0.6713588825349354 -0.7812351850060345
3.361741123691141
0.508535853124161 -0.09217080392803903
5.733742742659884
---
4000
80
-0.020172433411802672 0.7206816869363573
0.22392361417172396
0.13747265110003007 -0.9286158086035889
2.577426651015381
0.7464248265497575 -0.034103126242118136
4.913694371020562
0.4270211558869915 -0.9261133066609964
1.496912404437973
-0.2078584738165437 0.5540229020126792
0.5372025421188908
0.17391248709166396 0.28884902416007674
3.485100894733523
-0.6125001352342216 -0.5115052200013559
0.3788503374320884
0.3949415031232584 -0.9776632240360121
0.024421436910339267
-0.400274437763336 -0.5283908846583844
0.5714403515539903
0.020356262733827766 0.27409905197037915
3.173483483078302
-0.35028476180898654 -0.989926720125405
0.2561795868401404
---
5000
70
0.14438395590587463 -0.3195873098679349
6.030055041290756
0.08991422184963511 -0.36814418016685996
2.1248747340986904
0.9645232210087833 0.9145199127403136
1.5005222911833958
0.893755379694726 -0.5848612611189006
5.531630048916023
0.6696240139439579 -0.7635195323740608
0.46560303028291905
-0.007743833836418232 0.3806364309667579
5.120921029624563
-0.5625934338908238 0.8470269133807036
5.3443418244928
-0.03397848908122054 -0.040795551120628534
0.7111539364979675
0.5036951248828159 0.1589459287530226
1.0558115622725701
0.032852832921346525 0.6532522190704834
5.6101752258800435
-0.4206251046792883 0.13130588351298278
1.3667957822774959
---
6000
70
0.21544490914340642 0.3964182126724535
3.6958720423544014
0.7172265862017669 -0.009632307517259076
4.343005153814248
0.07235561137724639 -0.7992099697013664
6.0503245663439404
0.20145894216002688 -0.288696076526318
5.249250188855058
-0.1788096239483989 -0.3264765953620784
5.976875503760713
-0.33357715370613217 0.6470888661290969
3.5703419533020915
-0.7244385412282627 -0.09461799050299625
0.6465440681258441
0.0031642509558487825 0.7081820005929833
3.00257603891768
0.7260002141065248 -0.9168792536592509
4.490015015921977
-0.3032697608335327 -0.7444413704749127
3.8298349881454685
-0.9156455052345426 0.19698574058232848
1.5689470949183901
---
7000
76
0.801543880778969 0.8290618606215493
2.024368573748358
0.7661632603808416 0.7023120089237963
0.31075551380817057
-0.6014491366996615 -0.8925501331639448
1.3949899510613184
-0.12323813570873271 0.730814523940585
1.8114987220772658
-0.2237739376432854 0.5574690596621849
0.779620878249232
0.844109675153566 0.7039216079443419
2.299545600656404
-0.21384005261534264 -0.26112654052749557
1.93771725350281
-0.32276603723999403 0.5989119000343007
2.1798117644758817
-0.12953480413700746 -0.8954398092288315
0.34060217766553436
-0.2271651574019502 -0.17437413254704812
3.473826548549524
0.21361009916974605 -0.22094022815181438
2.8210891377307723
---
8000
66
-0.24506123679441094 -0.9202589335575115
2.737339735920643
-0.03375055707702122 -0.7791511423204734
6.1360903836378915
-0.4196261266195848 -0.4729785497086361
5.987175823154666
0.6888962547261458 0.3899742938268762
3.7106381849287464
-0.642842987357159 0.9235370794482199
2.23883620610499
0.9339724004127052 0.6323703993188314
1.224691687655044
-0.39483406422973955 -0.28337685171084565
0.4303098078010814
-0.0721487713194158 -0.5737570773896171
5.641292013474445
-0.6400555179749801 -0.49483691622856707
0.696512807245095
-0.3388523843871173 -0.21443426653026898
4.180119074214326
-0.41781661701845096 -0.5861302327591043
0.5648141661898753
---
9000
70
0.08440361470319827 -0.13351855929366183
2.748663463172435
0.8084724155768467 -0.4990412464942903
5.7281151454579415
0.836545948878175 -0.8950149331485718
3.665066864576392
0.8576126685498886 -0.7271314354799632
2.937359987794612
0.5171657576266516 -0.695253703604623
2.6223092751972557
0.5210142077436908 -0.4749522659461328
5.377560767224497
0.6957168843619552 0.8111639301385599
2.1808453548216127
-0.12620741255830661 -0.09762001727109623
3.1187748738990093
-0.8660713692427949 0.7960944336728066
2.233725193085596
-0.06697410780595055 -0.8211210435728887
3.9435516829618704
-0.8042503531253968 -0.9237432228858189
3.3496507311827033
---
10000
59
0.02966572063922062 0.11883752396419425
0.7929214597009072
0.9864719327236213 -0.25842610353016393
0.0626647322202265
0.1317886189756745 0.774543288740172
0.02926135517348527
0.10873144102360544 -0.5005060322086368
3.461416999985852
-0.09382708999362352 0.22560300077044804
4.047941878152547
0.29394645388418095 0.4070202999236542
5.569194094635965
0.01736308538820558 -0.44352342237509046
2.53786884861543
0.12910633725215964 0.3536467946250883
0.004686370024833408
0.5710126022221049 0.7650327547695668
0.43667974848470426
-0.8375455721446782 -0.2677497343558903
6.137790036736957
-0.6441238423292641 0.14327731988938103
3.8268953908154524
---
11000
66
-0.7524060890423006 0.8844207063016098
5.705349250269493
-0.8666443585751892 0.7872568585529756
3.798995569156319
-0.5303740750771495 0.32036095572992296
3.931309044191315
0.9927532465054211 -0.8828809937263377
1.1844000505501597
0.22369007861244383 -0.8606181777525728
0.3052782201444115
0.5497797962038184 -0.9360537335478761
2.5060517408146072
0.2352499710878497 -0.7038006265288652
3.4642871304454346
0.2936351348323911 -0.667414901924457
1.2290932068999627
-0.5075670925345812 0.7197318641178885
5.028877877321996
0.33401047870121503 -0.8384307316579357
3.104293522525479
0.9507728757020566 -0.8752267110698502
1.906950048901825
---
12000
77
-0.24457906376094354 -0.8263254688654377
3.989259375887264
-0.13582520748724666 -0.8829031671420549
1.9092033378710616
0.6410134206106135 0.20437077167131484
4.269545677298391
0.8253733792606781 -0.0629882883813874
4.064083857373756
0.023929695811234854 0.5436006786093495
3.3451652521155815
-0.13245065498251357 0.6166486350243321
2.796036569612194
0.9088301330870203 -0.4343856572646905
3.769649656076777
0.5384093218104624 -0.06313108167254843
3.7161931909810404
-0.5824554468792903 0.25478866092958846
1.0526427819755835
0.08857965269846964 -0.41944418395059363
2.7253306642850905
0.5912268818294408 -0.3580022185020975
3.018572778673567
---
13000
67
0.4690833295120199 0.8315336720576938
5.02640901510393
0.6343193000322622 0.8737950256395911
2.9484280254405895
0.7562575521872872 0.5849264100205134
0.7035254100690298
-0.9498191736837089 -0.7405487660084693
2.9286722484500882
-0.14809307040854414 -0.35118172226525285
4.733659639621939
0.809920037114415 0.4027673173656326
6.270909232635577
-0.7894319918121255 0.5697995814602276
1.9521397622687804
0.6556211332358367 -0.5060109051403852
4.733040484743793
0.35295573174911443 0.051675480702506466
3.9870637812142586
0.9301461894099217 0.022866658243720944
3.8202030908149207
0.18378427314563087 -0.9709147553705934
4.812939326482331
---
14000
60
0.4266058413226277 -0.2623666692080546
2.511521767024556
0.4195089291195665 -0.813050322380841
1.5832235785530573
-0.03349262211912332 0.6242262562672488
0.17565514311291341
0.4266671825005733 0.9589849615319292
1.103713871974711
-0.11209646460293055 -0.9901092031021214
3.506881470643787
0.1815761858639211 0.9406260051849462
2.023695859132732
0.013299331249800421 0.721775990883069
2.5604278119542636
0.6735238084109693 0.7596507207709585
2.947917450851522
0.2579007216961117 0.6943592210785715
0.7211482720297111
0.6574025066640234 -0.2826038875460648
4.490665384987169
0.5393690113176054 -0.39560303462148483
3.2962008571886887
---
15000
64
-0.29908720059747085 -0.39640303302350394
2.446375322734639
-0.1123603605521141 -0.9093550018019851
1.542571624566352
-0.03302691730593484 -0.5949913515314929
2.0620181543334457
-0.6488284792709798 -0.7980795681650734
3.775013860169759
-0.15302080440172205 0.9243296302410917
1.283294693333858
-0.19425070691799617 -0.49096427875326715
2.746227531623883
-0.8868661009954573 0.1134181330107765
0.059459675071900975
0.766484956457605 -0.10518094059835789
4.048599324443205
-0.32929037418954454 0.5681413018054425
4.782176540717463
-0.665830424227783 -0.6322591864905327
4.03150305418406
-0.673186187078319 0.7895186807275781
2.3932013485479366
---
16000
78
0.2489839852733005 0.7455454567609607
0.6396567630649509
0.5896708300026753 -0.4048115547914421
1.3895074100422136
-0.5867428097343862 0.7164800721474978
1.8319958144778168
-0.8502548517269751 0.7100117400628554
0.9033909103905611
-0.9407781828251895 -0.6934857224483904
2.8456741652652395
0.8734622880543326 0.9019464869077654
1.0562238127787476
0.5396853306054223 0.7546167117925278
1.360968684702021
0.9641942197567503 0.5179473080900339
0.49198351093249304
0.6328643007845912 -0.1672487139659775
1.7816989187529622
0.5212059876919185 0.1447078649621144
0.3612153876071096
-0.9679516849649277 0.6957058210358714
3.0447252999187935
---
17000
81
-0.16770913177581864 0.6693945883630545
0.5397111560265876
0.46390935807265626 0.8336585165658278
2.5107910427289397
-0.818664515726174 -0.0004701510047135913
3.240856690147433
0.9865507449244049 0.3224394592211165
2.1073742574577325
-0.09092043662005372 -0.12207243270674642
2.5556862527779103
-0.6333215305119972 -0.70253129854592
1.4077442815785872
-0.11590324696334459 -0.09720594153925652
6.0129528639331955
-0.9425540199581707 -0.11642461132483982
1.7730850066904527
0.11251343899986138 0.6544533519520397
2.8627146664283787
0.9628465534017816 0.475256441725816
5.985918240439464
-0.5071826422739655 -0.2730407684055507
3.0953787052079234
---
18000
82
-0.05340440544079901 -0.5767332331967183
4.520068901029596
-0.8528457689037315 -0.47430920305255986
0.7388715528209415
0.6268158483129145 -0.13976018740928098
2.828840339078594
-0.007083734207785887 0.3370267374621341
1.026573662012508
-0.22236350512565822 -0.4782124454907549
0.8446411648677881
-0.10557950702134707 -0.27410225094878987
2.3852613530924147
-0.8121401922201332 -0.29282765019495066
6.07480197666563
0.6566795194816861 -0.20431463186872
0.9399064149752823
0.946032313747117 -0.19982295761239588
0.5002391144124605
-0.7818998118782399 -0.3260279607638261
4.359007528658419
0.5791665247267601 -0.14660850998104047
1.581176506583434
---
19000
79
0.4438644157839819 -0.7503641529433456
4.598194014941152
0.28980505804530293 -0.44287255874474446
0.13845596616960165
0.49916385417013254 -0.0683947039284409
4.600982801062555
0.6737808524941529 -0.30894252800246486
0.33247872383842303
0.544013607963833 -0.4990077690215376
1.9373482402163154
-0.5898528551292698 -0.24667568802869247
2.889467254168152
0.1411563263030335 -0.014986408534784022
4.74715868102146
-0.3179366502977577 -0.28781615752304285
4.850707132277209
0.6355769124507854 0.5006674467195342
0.2760319106994986
0.8615038947119803 -0.5290842465058245
3.080129016837132
0.17668471936975433 -0.06356516219303195
2.504772551159876
---
20000
65
0.8569004039598963 -0.01416384474438399
3.1963078163324674
0.5767813513666635 0.39636474119323756
2.7310846804966076
0.7842366485420701 -0.3728688247864514
4.533445788911336
-0.5417673022578541 0.4715489114289668
4.136135646098805
-0.7149031382878812 -0.6206887995622844
4.030432595695267
-0.23221396211956652 0.6509562915675897
0.8149950785911955
-0.9153158296591838 0.21352164681377414
0.1860180960899731
-0.1392338621067084 0.716144281920601
3.417097969347422
0.2760584370174729 0.7687525332866154
2.7096229867042947
0.6222653532348561 0.5619025550916689
0.31853535351718776
0.2667954003387042 0.9624291414991124
0.017431589314846008
---
21000
75
-0.18348423827785632 -0.7932724310684656
3.545637882287517
0.39331258003090575 0.8411579786939046
5.248154610052434
0.9389237139702127 0.05621042529733698
0.0022514284417152197
0.9805817493295683 -0.1535873339339972
0.0801025203290946
0.24247350261251907 0.20699340134228056
0.5061732947881508
0.318360847211143 0.4642227408222157
4.9028849856861525
0.4453468613006973 -0.26839389555947796
3.9064078716489252
0.5324508688431455 0.5551968805764829
3.710925696540234
0.3613898601612628 -0.377187841701126
0.2664004166112477
0.15796181776531337 0.12084860251575513
1.9248637637517598
-0.12594177533739728 0.959637103485513
5.130341400265268
---
22000
78
0.15059838841805578 0.8326696845185974
3.157593829277267
0.036650455119982515 0.8166442393070085
0.27428684661064473
0.6174467273957978 -0.3286291100805226
2.341695944743833
-0.022674254537686653 -0.32248819703928655
3.039691710448177
0.49055722355624504 0.28626381119968025
3.4749172458124447
0.25207724321892633 -0.8823199740067671
1.6035698602910848
-0.13142058679068214 -0.7492836585674565
5.785638441948241
-0.20982196435663378 0.06558910509774776
2.993845875974385
-0.022013429356754564 0.578420405623387
2.506013416717666
-0.11353574374944969 0.6774475035736794
2.375387358612933
0.47299717955311 0.2781078334776211
1.9522841638314992
---
23000
78
0.11996737381547981 0.02962761006861858
2.194368094061207
0.1784428697026318 -0.06300601892010238
1.8842179045339673
-0.3066052479477891 0.12222619076507858
3.6418798119065805
-0.24739266412145028 0.5201181538229896
2.1262151778263014
-0.6109280119133901 0.19473997157346032
4.712164948770651
0.7963151934636036 0.9627394829642536
5.819550751018262
0.4949640106864613 0.3238888287330678
3.98963539445744
-0.10333422381077645 0.4300630396237103
3.029232198745265
0.1573373286572447 -0.014804966062311194
0.8437829301961255
-0.2638148096136425 0.5154770094842511
5.000427675751291
0.9192612646806213 0.48368224486287537
4.550483931432082
---
24000
79
-0.9824185126612051 -0.9656043122464838
2.055255688323627
0.7989864423598343 -0.4434535938357777
4.0691098085849005
0.6043499485541894 0.5289167723242293
5.295673897152097
0.31378432176024923 0.8859115532526133
5.522559525616696
-0.2675734970267312 -0.3963701027463089
4.279981349534156
-0.9789969131927339 -0.5514151901825532
0.2384924383098861
0.07401185074621555 -0.4546734737000003
5.938416491081103
0.9606798664040874 -0.3349903459277927
1.4779829134012674
0.8452754288910281 -0.34803742770615326
4.359457350632802
-0.29048717224839465 -0.26358502942540063
5.920015957770956
-0.2868416758102035 -0.33131695670413447
1.6598148308708955
---
25000
65
-0.9641555756364186 0.23538889689081435
2.6728595365859897
-0.6846862427838096 -0.11043198511233634
5.603705406380944
-0.130949345895504 -0.30275159635649407
4.78282551740319
0.3160378345881431 0.8612610395306795
2.5987698621829862
0.04368409764512421 -0.024652965013942443
0.8156704358406195
-0.5260562718560614 0.9613234667319072
3.287442370152233
-0.9030089439422608 0.20689484933979202
0.27351661815008654
-0.4256691824537824 -0.2375979481229706
3.0710662520986505
-0.12215621714080363 -0.22340737030959626
3.093780242739653
-0.2556008446454221 0.195368205079805
2.3046726140299096
0.808997374985505 0.19682129023176148
2.905682143264567
---
26000
72
0.8193446852469597 -0.8796126125231982
6.09411233207589
0.7659535261839495 0.9610250627330527
3.353738120118277
0.45362073566937455 -0.11032763208290161
2.7577389369379315
0.0916064325707615 0.024113192646030963
2.0084751919127806
0.95197963142746 0.8846319841947222
2.285035113412186
0.38719059988875865 0.550781514605571
2.2203625343406985
-0.07314459152989448 0.1752886807026867
2.475433152829811
0.20688987543392473 0.330096634806687
2.0506723921158585
0.8722118233784225 0.3196078240074664
3.615455773619571
0.41273539548884447 0.8291305174861765
1.459015818626117
0.20468469287014557 -0.12174237704189007
1.9294956395512175
---
27000
83
0.18833963125395206 -0.9446075874726071
4.304299530475619
0.2844887893180632 -0.8971264468809419
0.7283718312595715
0.16433332733767433 -0.08105260773496495
3.1096104647843283
0.8149369799670608 0.42245861840919713
4.600006714315005
0.19371653762884133 -0.9523316965175166
3.6300935922017823
0.5386633188341493 0.6591772445293663
4.207532024754835
0.03717350905956719 0.5992498942994894
2.377216316292814
0.7236573725981219 0.7031527557597483
4.5930147797052285
-0.1022841445642988 -0.8633657181160705
4.034346160387097
-0.5563417497950662 0.7735813195076643
1.174404849429151
-0.5846562896332146 -0.89313107049951
2.1482214953722387
---
28000
72
-0.5129107760403464 -0.6196163198307003
5.260407830414816
-0.7356414482620328 0.8561935496366438
3.995611592249558
0.7730755170109709 0.8407390866792998
0.8991510215377945
-0.21004101815595827 0.8348871403388362
4.842877419056928
0.7894800904601859 0.7656786531958879
1.1494509951722023
0.5912689781960377 0.05372753444656524
3.848307542992126
0.9387295752124007 0.712036828638522
5.539689565130307
0.3927778254835502 0.043378479208830645
4.177039905493155
-0.8012532792032373 0.5165354448712763
3.036413128035333
0.332260630471422 0.8765357714275739
6.16780862239213
0.2681663921832157 0.6708199868368702
4.294731003272203
---
29000
55
-0.20333991350072256 -0.10374031265203813
5.614190988399948
-0.16057660391933948 -0.19383220190413247
2.708593954434539
-0.40800767953482625 0.13953439620618613
2.3828662152616777
0.826378595638085 0.7122858438221452
2.950912213962882
-0.23155852326622706 -0.9776319302639092
4.3368981824134005
-0.7663437372521569 0.25384063883974073
3.3380922356501053
0.19230104500870476 0.6737257354083424
1.9950643340439278
-0.44561022047239784 -0.6851705342955681
2.3747885201699654
-0.45946016397310463 0.5866144197463756
2.9156109735080458
0.5154513887780204 0.19405324552091235
3.6500569352192516
0.8110670681769792 0.944356293157843
2.59891270592028
---
30000
72
0.6014492524658527 0.6774160167043475
2.4477423153652382
-0.8637831188272156 0.5447170898333136
3.1241965371364575
0.9954789654332403 -0.9148288724231477
1.4377665311165702
0.3290473441398117 0.3120549993157089
4.409065565891526
-0.37693905943594913 0.6775803418599537
2.7089627387516195
-0.676655594431254 0.28946274907538044
3.765147924123127
0.5643254732041035 0.8741845169242227
2.2471457445424092
-0.8275013294873014 -0.7681254088593951
3.007172371460845
-0.007523658252969169 0.4561482830297144
3.941180537423839
-0.37706972599435623 -0.8818662116307078
3.1815895835370505
-0.635879111468789 0.011891480258138588
2.703431332007307
---
31000
72
0.8015292453930585 -0.38170574292699394
5.611545686822279
0.744546418747495 -0.5834505335229585
1.0296488303789664
-0.12345814359456565 -0.012385585400590635
0.20014011962654443
0.4833459013398117 0.9991905596686649
1.3443198586918887
0.17424829072296522 0.4975852492386217
2.055353190671055
0.8120856879031401 -0.32896289575899335
0.3435720224478782
-0.8304716360909093 -0.342740935761089
0.4389951473430882
-0.9063262530528493 -0.9833230075954911
1.6251668814273277
-0.9434761847828491 -0.3463811213050017
1.8184488843734323
0.9164406003408494 0.6271574979516973
1.5971310268722618
0.5301970767480063 0.7194465954826227
5.295408994200582
---
32000
75
-0.6771454382232501 0.4129169474192766
5.679560223038024
-0.6463163846686718 0.3814724330131969
2.184250974443244
0.3929213832948961 0.3361732799372567
0.7837983706899951
-0.989230321386171 0.8487849446722758
4.988285280382346
-0.693151343981605 0.3799636622831367
4.360595099271398
-0.23853507431842952 -0.2198539404127988
3.854810990291953
-0.7066253609720701 0.4362371434208967
2.690753059523951
-0.17315997349424878 0.8899265493531177
4.921640132997141
-0.8383922286445264 -0.24540028860595545
1.6878181054391348
0.09968419960201971 -0.034729683352009724
5.703564102902601
0.07531098025414798 0.558064990493922
3.826968662038915
---
33000
69
0.7223590513488216 -0.5765503430933318
4.702856080149802
0.6875358537758055 -0.5645310672150613
2.014510256299519
-0.3233760794277968 0.33737643140004
3.0767957708135034
0.35542648068057947 0.3576704395447469
1.1828769249443187
-0.12556620702345866 -0.3624802219018053
0.46643103639051464
-0.18912103093485713 -0.7951676914945484
2.397046737659429
-0.6749787259780954 -0.9799517387438978
1.9361566008170747
0.135957690113564 -0.9189185217952104
1.9076890467042222
-0.27949718696458503 0.5170089477087709
3.510724398832731
-0.1717189482918185 0.41030244728162313
5.708435127273482
0.5094031519357292 -0.2836664405447635
4.6224456702815715
---
34000
74
-0.09455225754756441 0.3482799136133013
2.8734159694924846
0.10384482844688812 -0.10043070591592954
3.5938945384890406
-0.20158773360422141 -0.9587900742725232
3.332702309476268
-0.24538210334752536 0.3469575244750004
3.4389013889973077
0.5861705096665009 0.4460857805301081
0.0732794987704759
-0.050311563024583325 -0.6849377847680058
4.2254602123030445
0.9531117483096422 0.3634125577385536
4.070936476015093
0.20854918215905768 0.3534389687992845
1.891581167459658
-0.9754844504212122 0.25975819480176854
0.5377632545563324
-0.7944969356221223 -0.6051780630654345
6.107671349544272
0.5189575547948793 -0.8511935528078527
-0.797131076659738
---
35000
78
-0.09867726500133589 -0.6171871157583987
3.2110380715396527
0.06595189817941893 -0.7982474373078954
3.3797379784722663
-0.5669827054040941 0.23270927287919613
4.036947960432887
0.7729978892381177 0.34016746089389294
3.6654090099506593
-0.8135698564449989 0.10024625213437693
6.052978388323839
-0.4198694961767478 0.8832450692823257
4.196149745561675
-0.538493527145927 -0.05407093846306624
2.1346608509802385
-0.31020895025588524 -0.26217364815180366
1.7850459635457554
-0.30906014794963527 -0.9017244081830684
2.7914170393889
-0.25957101692717427 0.34493519903902753
4.207271461355637
-0.12012884971806982 0.16088141284983795
4.069822968576105
---
36000
58
-0.5370567090911289 0.18775887336045918
2.855016743135535
-0.13288517765362323 0.003785784881947408
0.43430156927297325
-0.3664990009620345 0.159700605491
6.175132194095344
0.706187708291915 -0.9468038810050671
4.71220163818982
-0.1559538011027927 -0.41431074952073704
3.271091864994877
-0.6277412096290049 -0.5859126180724312
1.3185388256365584
0.6469440297419183 0.6649999138315984
4.658650296302036
-0.6003462506386271 -0.1713982191248687
0.987221050896868
-0.5455125422091186 0.5798829781927712
2.1483767351903342
-0.3511532991631584 -0.44047720464865686
1.570764092283298
0.06281697022803673 -0.2982085281258404
2.121361581150561
---
37000
81
0.04030248425671773 -0.8435962079946486
5.301474023298799
0.03198790896297822 0.3361680962000261
4.824706154776925
-0.09096462903095556 0.6102785391711755
4.431755683924004
-0.708154616979575 -0.3429909946893663
3.3153656341617683
0.4012466266764165 -0.06788106110623984
4.447014146500741
-0.892834930433429 -0.4739382362308656
1.7414825327016787
0.007999893556425618 -0.9774171215621953
4.9479760018332115
-0.29031214219500445 -0.44990968247769864
5.968329978040694
-0.6210913385902638 0.5229544835797337
4.796658189142406
-0.4184841004462281 -0.267134113887078
3.687294369317425
-0.9371805234507669 0.6508343267487215
6.101657781837547
---
38000
83
-0.8127665185456646 0.6008293133894052
5.648413422524481
0.2859259165479736 -0.33940848945258034
0.495895437929451
0.589236356022089 -0.04221911677576331
5.310270794182906
0.7463578424024738 -0.37334747556481984
5.828145015250307
0.5844527680972563 -0.05472152527700989
3.6262478645523464
0.19939853964841847 -0.4300255406405373
4.161974317053966
0.8613168276827224 0.5262079827091622
4.903052977511024
-0.6604916335516889 -0.9870879840552865
2.801534952524933
0.9843327939572087 -0.9566318373050671
2.0784559403396727
0.39914459653195394 -0.6516444680383139
5.78365549623653
-0.2813722759502785 0.2781796643381018
0.040681848845571134
---
39000
74
-0.9537523552466524 -0.23261369536738583
1.162816998568294
0.9876606320462872 -0.33165229745705554
1.5911132840785722
0.403244362427096 -0.7210811378334203
0.25436620384055075
-0.9483973144906723 0.23162611305107972
0.2308645247170924
0.2654247823639246 -0.4394106739961415
2.6293016926299186
-0.42704214458932616 0.2800786234597883
1.1724497418151731
0.29407428019964627 0.3789876359947413
0.051161465472780776
-0.42364923734570475 0.9668981224427401
4.519889670180458
-0.6245881226258756 0.46095860077524603
2.096184055077325
0.662215081126587 -0.7981603119764051
1.8759368626546429
0.3920483240160021 -0.7766290755413758
0.3521829089548345
---
40000
80
-0.994876765104098 -0.7789810355672662
1.8672564705994894
-0.9428754109250538 -0.9347693799854957
2.149386918856755
-0.333100528956583 -0.43498130246076516
2.0010869256035946
-0.5105824154943043 0.29956263554599655
5.602883555829626
0.4155207065246076 0.4005866430541426
3.881259579196052
0.6663450772244481 0.18413757053977267
3.0159180445729135
0.2141064700274286 0.4497682819748947
0.20125586826854125
0.6909841303180726 0.35516091274593736
4.450724068250935
0.9255666451597914 0.336574076191026
5.885351809648542
-0.19623516599251936 -0.5758022524513506
5.824920108169669
0.6663103224264382 -0.5838020821949346
1.5273430965575026
---
41000
80
0.34843310922862314 -0.004093193568385403
3.7477505657894676
0.739823594668689 0.20109815024938682
4.076148184619951
-0.2400328896475061 0.6432084259463116
4.5458388822628155
-0.5601189538532962 -0.061756135297563075
2.0162174931138708
-0.10807368747446966 0.1595555050103346
1.097971241528196
0.2927709637228356 -0.7623331460502658
1.3600883267999224
0.09220920497032187 0.1191764143658465
2.2024878480195262
0.3895203388764745 0.3063628388209264
5.681559130932094
0.5308106127789277 0.0130826697206264
5.620407386784817
-0.9956207256923135 0.36786094787878476
4.295232745909616
-0.425461690116141 0.9545670468521592
5.655278430417169
---
42000
73
-0.1830209370077066 -0.42859959282933446
0.9179406486418851
-0.7445753767636919 -0.8238167084022046
1.8558027867802434
-0.08794740801000457 -0.026096244646227017
0.1441684608136411
0.9208847208591522 -0.5452557308875304
0.3381771090141683
-0.5217523914878157 0.9456676615865486
0.304842787473242
0.35989219511856263 0.5753256263904213
0.17284953000324688
0.3789020804354753 -0.9681463211627112
1.0042668025389379
0.25375760890880766 -0.6131291550384097
5.875191343751299
-0.593697450896022 0.9903119458502168
1.5351697159226525
-0.4146723091749183 -0.34921573448665794
1.021554630882533
-0.30930816640581626 0.10339900828337695
5.690328322052533
---
43000
79
-0.24441787755699426 -0.029404608753868716
1.8854313279335102
0.11455285114531362 -0.8135390309417431
5.346047011152474
0.12153322502653643 0.13535082934798065
5.895573877974931
0.14681363826030522 0.09439272909623225
0.38585039349903294
0.9961432970752062 0.890921736137001
3.0534718932374147
0.722847152750252 0.0363966074138164
3.0452926048587727
-0.6490000992515358 0.1719709817220291
3.1440773643821434
-0.7455678279349607 -0.8870333716291212
2.5515751326612195
0.8581983810907725 -0.0758420684470758
3.3598205626025814
-0.503942182625759 -0.2074411028467808
4.475832960665886
0.5452197604616742 -0.4690824574181517
0.06289323756373211
---
44000
86
-0.02671123924423036 -0.6040693638751884
1.4096081560249532
0.06796581558055555 -0.543033571946097
2.141007099617724
-0.025285907417875238 0.354475361355737
0.8079325654011278
-0.793942405674383 0.5761147743502842
4.768694142717474
-0.10767389341355037 -0.6406195119522529
6.1808353150727
0.8027626157194648 -0.13683905540348798
2.3542951818727103
0.5302526229587278 0.20780024245199608
4.821339783319551
0.9974782909391438 0.16574323768200666
4.5444551253474845
0.39822793228216746 -0.9035512761790212
1.1086028796836906
-0.3612445158355477 -0.5284568824264854
3.9588098250600856
-0.4922396494689616 0.5124487434381819
0.023742480389779885
---
45000
76
-0.8922779880724747 0.5577281912003084
1.9020850409448526
-0.08246868760751229 0.3139447908601935
0.17956752481929605
0.5576329703245461 -0.14363336258250653
0.14901156393378567
-0.22571760599908275 -0.024036701818134137
6.2386139029720695
-0.18739626838520146 0.926705898986291
0.5749179717587296
0.8245980910656125 0.061665297770377756
0.9780684761346938
-0.7214441500728488 0.8895784584978791
1.8293835344697946
-0.40702888016188243 -0.5746991404324395
0.9126824357142072
-0.2047971455249573 0.5348914113388675
5.527852420144802
0.1395491947975437 0.10525324376791186
5.877698322675495
-0.022835294099976394 -0.1155081282848113
0.07961013548013884
---
46000
78
0.3581001082257545 0.26883440857930097
2.6573089272601074
0.3525183913639591 0.2783481997497581
0.4888735059964757
0.4974738590162305 0.902455112992007
4.589766354064272
0.918247883399156 0.20478774769965047
2.992738402327669
-0.4538119203257538 -0.26587586033473404
4.5149294775293285
-0.3362509333981449 0.19280359200278263
0.46861712765498
-0.28314945651195284 -0.8837290857455214
0.06900113313544942
-0.5255095237822899 0.0635151904139958
4.504924681086967
0.5717852984632155 0.7821813745198458
2.3267366273255616
0.43822208833338583 0.5154058845369607
2.964401083603894
0.017811718694843902 -0.827980831580301
1.2789160815292897
---
47000
76
-0.005442065967957897 -0.44365639800037154
0.8739013583796168
0.3828531452830201 -0.3857576757079754
0.12575312195528454
0.2581292827097892 0.8356522308854532
0.8039605222119084
-0.9611838123961286 0.04028201173311394
3.7826344433395054
0.5816485058674553 -0.054170885827905
4.288405411894276
-0.19768937872430303 0.8095895762509772
5.728872294644202
0.1748054039172477 0.3369829270294485
2.9861465840147137
-0.25911371419176266 -0.5554710074818735
3.741882494243839
-0.33382973805301497 -0.529781889055511
1.6237946120372637
0.874292791420577 -0.9596464576972844
1.916846784033921
0.5039299303414703 -0.6884181286112897
1.210461633543467
---
48000
71
-0.611102406549446 -0.5595749465908849
2.2353269484550635
-0.09427031659633206 -0.6998081302658113
2.472359775854109
0.10863717783243626 0.3706869334193412
1.3962394245194503
-0.03698544535946223 -0.6214105447082494
1.9443877567556842
-0.9154180470030805 -0.5540147864370096
0.1615784789973812
-0.4417895681485242 -0.8305250880986095
5.1409373621444345
-0.48750067714456935 0.41257538898043056
3.0216014379317584
-0.05756058049554165 0.03580113703481162
1.692682363289908
-0.7884851885430988 0.5382541229057843
2.5211469409988703
0.29707209736817336 0.5298725789483412
3.6240822836446753
-0.3096584284573192 -0.6971579351651364
2.521995075252798
---
49000
68
-0.867225106980033 -0.28378782629581906
5.256087729735107
-0.9915553903763915 -0.4683197231106727
2.2238014247454094
-0.048701603892616116 0.7708687249669262
1.3071362041378443
-0.026646291864258133 0.6372984741080613
1.8807178022456155
-0.9386532180521023 0.4888807327422502
3.182111992521273
-0.6077227674857872 0.1529869320957326
4.715684107454103
0.2861124434379664 -0.2901640828532637
4.0506316811479675
0.43102899864418526 -0.9677913589214986
0.8039725626433472
0.43058386206117044 -0.5175161069589421
4.398564600600337
0.346854564261675 0.40473359558639405
2.5434053221538964
0.933038980618089 0.1548457833222536
0.0035637143285054407
---
50000
76
0.2744234317866915 -0.6835162738181303
4.498919349977675
0.44099598442591903 0.44500526276912905
2.1523171973434687
0.8865716678216286 -0.9994849580606626
0.7810533448502017
0.6148673952801618 0.6742262494296423
2.432621644696895
0.027283081341739276 0.43914426578809657
2.2425392191615616
-0.361787532477113 -0.02784903134699889
3.711872030116929
-0.6507218439349394 -0.15916642667373823
4.05751247456647
-0.7979625005153106 0.18615079821486813
4.917619133128525
0.4044471252729706 -0.1827050758965201
3.619709713763866
0.3477049216120466 0.29920347787892143
0.6980315158397881
-0.8676352939092319 0.20499791685886146
2.5779289721749894
---
51000
79
0.6333618539960064 0.27976227479704885
0.6236440478708857
0.7724991973728589 -0.6361225406141038
5.787289256174804
0.6937305525945358 -0.9548495963673087
6.0589234994468475
0.27494697359828313 -0.3372848924395772
3.947090792913758
-0.8820329411866233 0.054015741357805014
3.3627782934442587
-0.2891879694192533 -0.43675745496580265
3.526943126361191
0.8064555449121217 -0.9836520682646456
3.2414168280617943
-0.5042670522219459 0.47425606214915034
2.2578908434160443
0.9713175608566178 -0.22815881157933454
4.6739975565259035
0.6824904639311857 0.7038576404789293
1.75105986074895
0.5672530439133978 -0.3217035524930956
0.3338205525409119
---
52000
80
-0.3763683579808531 0.29297752545811134
0.5329773475342144
-0.9335674020859842 0.8277651629787759
1.202656848664744
0.31866101567553345 -0.12706428873446496
0.14849113701189864
-0.11741035887838328 0.33508311925214757
1.5568820509280883
0.8638071995260364 -0.5385602392941269
2.213005598824494
0.95278145251082 -0.009383379487062029
6.195893770172644
-0.5439487595370367 -0.35818565520094664
5.724865925477597
-0.7187069513324669 -0.7731093399964841
0.15211783456796368
-0.05432201229990905 0.9036923428221805
1.5778029245297
-0.8665037556422215 0.24842944116291515
4.565458661135735
-0.6026228569521896 -0.2797674279148597
0.9515546007459506
---
53000
89
-0.3850155924151141 -0.20227182344488942
3.454279798704751
-0.651344507618435 -0.49334238575603706
0.6250606593999999
-0.8166155730921959 0.30826944761919595
4.639412361761977
-0.15963023855262648 0.9035615172877949
5.716690265063015
0.004792822152806034 0.5152280440631599
0.7492434371229466
0.9758932644153098 -0.46026492329201907
1.9247579693325534
0.6895198681306659 -0.4476318511479255
6.148487650429258
-0.025950514357996918 0.9689365915600077
6.160920295371125
-0.01587967759535959 -0.8241038230218506
0.9300033468296984
-0.08168582996381148 0.9649385197790715
1.1306510259439664
-0.015675353355099862 -0.4302368646194882
6.115868393376726
---
54000
80
0.8209016231757823 -0.28537575669415594
3.4807170536748426
0.7544796743311469 -0.3070445107046914
2.9566853216455087
0.03648956171907271 -0.24743580119401695
2.0186616716764245
-0.18662812825943711 -0.7163516703169874
1.965603207054051
0.05730595567372363 -0.9576025495705442
0.423697333478243
-0.48123586041529026 0.6143477281340736
2.01875562612466
0.5118697148720682 -0.5415250783553097
2.5238064330208303
0.445214019969401 0.6087051431240922
1.1179831394805477
0.6991511924990881 -0.6737135643209328
1.177658289304084
-0.8941884606284983 0.27910032992618306
1.4443346668426207
0.22100560296615493 -0.9097175690669096
5.498845815218649
---
55000
82
-0.9807228725219528 -0.9978641289190462
4.732498694329921
0.8532300442796481 0.7495518801619062
3.03384281306273
-0.4526535006018796 -0.9954652939377447
4.68980299976806
0.5302625099728309 0.04526045463534923
5.901184078165941
-0.756331217630702 0.9825683227058568
4.744433823161907
-0.02343203674176908 0.760745556762709
3.3897751210075446
0.342522222553779 0.3767195285425603
3.505517469687695
0.4765110623766257 -0.5970237767430168
3.750222554624947
-0.9800938630102422 0.8044763259136387
4.431189132447797
-0.1316532146873354 -0.8895099081895965
1.0729134943915537
-0.6684704957923465 -0.44580080430495905
4.806057522906464
---
56000
74
0.7661783312921091 0.7987790682326545
0.2572094845724259
-0.39839542479276024 0.5008875504059425
2.7323667847797832
-0.9878364870034371 0.4324550081874348
3.752206285635893
-0.6345843114541749 -0.5375891002293791
1.5419096349796808
0.3113190780034678 0.5556566512938879
3.8640644742255015
0.8626672174451457 0.503529259710559
1.6403268870565135
-0.6838404929069997 0.6847732191673076
2.051473063699265
0.889155309689263 -0.046974626309113164
0.25333346643414867
0.8913936844479147 -0.011938018276445108
4.119617468947987
0.38747362868416824 -0.32615373728224784
2.4551868643019255
0.11719378620192501 0.31430949366236477
1.185486484677912
---
57000
75
0.08241580188367398 -0.6747781083716923
4.347792358438694
-0.2732582813015121 -0.9496734329923493
2.428755282407793
0.34775656136892585 -0.31656771986546406
2.048733285479721
-0.07166728164999087 0.4758897856916372
3.3191595041499875
0.29068564566801003 0.4576069121976536
0.6714149549450928
0.44301305005773445 0.6575840716508718
2.5401205919468053
-0.2030514694703037 0.42270938531069363
2.2161350120195418
-0.9768154351982264 -0.9483097026316324
3.8292352127633187
-0.7006131151114168 0.48012190807255667
3.937896182513424
-0.9268647721398154 0.021665085001966018
5.427799027676404
0.29679911947979987 -0.4144275609798684
5.240704747897243
---
58000
83
-0.666412243703049 -0.15789671772460206
3.6385045454964224
-0.4336456897729108 -0.712655798496093
4.887129016561024
0.4164351452447765 -0.8033675830298983
3.9712774858704227
-0.349645099753218 0.8633278078128532
6.2017519821027625
-0.6052877766602427 -0.5178309793821196
5.134838477245969
-0.6623094008301711 0.9006261146056462
4.4891052570089185
0.9134744349406627 0.1558709356085463
1.6417056847614502
0.7518306525135674 0.9165919172548183
5.225275883529955
-0.9980980368882548 0.31872130938723403
5.21087595627647
-0.5041351436444393 -0.44147041770842244
4.189383903910996
-0.25042038640193687 0.6401662794229275
4.727229807022712
---
59000
81
-0.6465668069432202 0.2796572678586645
3.5209317069651287
-0.6574926403482741 0.06090929224693793
1.7604656607508966
0.16137578434171423 0.6419168035584402
3.76756998029083
-0.06241505382310827 -0.5383517404712596
2.503275533248437
0.5288876055175703 0.987331278073062
0.16036560477187578
0.8795706099070432 -0.5169789612462753
4.617897600042836
0.07889584938388876 -0.014080395558256367
2.6288355371104037
0.8172989861711751 -0.29752859408139387
0.9185159772775506
0.7322437276915501 -0.3214751445720329
3.136731874452387
0.6258091012295095 -0.7077966887000957
2.201283340605177
-0.1423913421497665 -0.8011903130386139
2.7850595540797274
---
60000
81
0.5344431005655437 -0.693802729581695
0.5693963424873649
0.588198929290678 -0.6623006538005609
4.1565875111920185
-0.5899131058798985 -0.2756884864626012
3.929949048833527
0.05954908307981169 -0.980668269715855
4.852444231874018
0.36902167004098524 -0.8875915840554764
4.185790029661972
0.314850293554124 0.7937661465207471
4.875008326756217
0.005715228209009986 0.01819450193212658
6.027254184019366
0.6015021911423036 0.9789300848081266
5.110796418356223
0.45247048061297696 0.7792815131537176
3.7060080476667228
-0.7016726129802637 -0.9849671256692509
1.0141208649746325
-0.34748900627413765 -0.17686035358145927
4.245094106278073
---
61000
78
0.5088138619153124 0.7640086719375008
1.411682389886488
0.8165037044120649 -0.9018318347026086
5.772041079095688
0.3070415859443283 0.6012678198346482
2.631886438490862
-0.31541416751853296 0.5279478351059129
5.9185528110536145
0.7366380969532346 -0.01627156656690841
2.9259816874151374
0.5644045652678683 0.37495053971224135
5.694735991875913
-0.12985891973003366 -0.9936602333250084
5.9915610887133885
0.727455912714231 0.008233656956050005
0.2288475487715278
0.4156664800778386 -0.21585102813645812
5.412607401212401
0.7062257391679371 0.15568843303673435
5.797801789649847
0.04090349473268845 0.27107601897286454
3.526644928900736
---
62000
74
-0.8722134897296648 -0.7419205404001911
0.41194589897441575
-0.6199462820682519 -0.0786519667458804
4.577755798670699
-0.6763740694792275 0.28716549205156405
1.4672044601136136
0.0706750077521075 0.20305124967358362
2.301071130514962
-0.1442097136532887 0.5150098294148202
1.730144277500954
0.7869622805639055 -0.2605916014472654
1.7970114219306552
0.007367382790256028 -0.5575434987543106
1.4093858988808954
-0.11140198014816172 0.22006536356779746
2.362509710703276
-0.015924211392104426 0.19138970001822986
1.5794000636188503
0.11297813093065706 0.4404545387485899
5.493628573340175
0.7904290282336708 0.2926970417808215
1.8033579851792618
---
63000
76
-0.3142882053065742 -0.6907797547814288
0.012372887149988188
-0.2684666798401316 -0.8837802794954406
4.336422455652103
-0.14552431649376496 -0.8586435347566401
3.377309478354131
-0.6737882170435677 -0.4088745334476567
1.3599735710600793
0.5956051769727702 -0.6559735890477664
3.839566463442557
-0.732379521887394 -0.6600107829897062
1.6762008294442232
-0.4190868602089872 0.6060136036699082
3.831402000144495
-0.3453703271614353 -0.963461965123743
1.5917390461768344
-0.268218433419496 0.02528434189390582
1.1499397749562714
0.3622191306657733 -0.662116639960794
3.106863974252727
-0.5924406113034129 -0.8441488449016026
2.9501930435287065
---
64000
91
-0.1280849162911342 0.5187634328927498
2.7732482319871963
0.0006136665524204173 0.4582667582130685
2.273385400433426
-0.5838534397290299 0.8898310275964868
5.47898040996955
-0.3946815976869431 0.565557968512738
1.618078665257138
0.4154857956462616 0.5703698662838581
1.075948221274773
0.30048062200484393 0.4837480471331535
1.106448169031804
-0.7070192931348808 0.14740700221596242
5.815871116529212
-0.9136482077362871 0.33826489791769676
0.23929291475156056
0.5009255879270985 -0.04915197922713655
0.1614037374633126
-0.09782693169967559 0.9548012686625368
0.3826620757525525
0.057954899958222256 0.5564989789413597
2.932481944479375
---
65000
84
0.688024651181329 -0.8170015881426705
1.0996889494641606
0.01087121576119571 -0.5531552836904731
0.12533596521263135
0.2671944598055186 0.05251378804930128
3.0466398488690603
-0.22088025735476782 0.8830366572079256
0.07104235779584034
-0.8820426245125397 0.9262219749289765
5.636432792784115
-0.8875341766289765 -0.6697776297905942
1.8524924812302288
-0.20833721824513304 -0.6238422207628553
3.411051262426116
0.6284305321112995 -0.20613482271937056
5.4720906537506515
0.8279933229200009 -0.28168544397530587
6.279380217570194
0.17810647368832438 0.08922569281032308
1.910430915958245
-0.38388551538461874 -0.4257031016311293
5.157356826354629
---
66000
82
0.571685334521751 -0.2998803477257401
2.928325334446255
0.6015915424893662 -0.8711925227036842
5.934616120216369
0.00787474195128388 -0.647792278198952
1.6997657847350007
0.006943715157993684 -0.7694726105338004
6.113961999791438
0.5984136582062027 -0.6890147894461887
2.5901705582690058
-0.4903034696098785 0.010755591414056704
2.2388711060078874
0.9923480490800017 0.143758491293637
4.471389824815963
-0.26653811839811914 -0.5512802740145016
0.4837346878221789
-0.13083748999438446 -0.17069436802700938
1.541409869805796
-0.6089322514304327 -0.17833346429729707
0.5226439620539827
-0.8375753803593587 0.9237076519670282
5.23059361855906
---
67000
87
0.041464141916540256 -0.6131105661274872
4.791276510068799
-0.09555806826620546 0.8794345100481584
2.240833946562576
-0.3946182146144446 0.8281389228021653
2.4596777980072497
-0.5678354830351324 -0.35373268185978696
0.42190041856566474
-0.1399761994815189 -0.9196387755021459
0.0382811358623818
-0.5306738432432088 -0.8698426032433096
3.3590578775518916
-0.09023273694664252 0.31363918193898777
0.9471724864205004
0.33386929109037244 -0.3559138418852867
2.2797286528173553
0.7588280970695402 -0.3257844448626368
2.150536285181082
-0.22108875440363518 -0.43042966440633346
1.4599507106815732
0.6747421588368475 -0.8998583409654443
5.272200818715774
---
68000
74
0.7863844481235052 -0.1608277269935174
6.120909723623514
0.7757210752122801 -0.3185328883777665
6.247872181486276
-0.2232899374785575 0.8282827866925558
2.88327653055344
0.9392078681599978 -0.8182840303207807
4.8873934845962035
0.29763323773761247 0.9525298887671773
2.2439721683188374
-0.3405260355138186 0.9384743802807874
0.941659951399318
-0.6088227468819198 0.984765986383433
0.863741380883007
0.6073924739691848 -0.3190446721244136
0.33795429246054987
0.9304104855145648 0.1700968865051738
4.342591367287414
-0.45001143588007153 0.4018738799472732
2.0184924560462143
0.5463961485881241 0.9329850031892452
5.896860965507588
---
69000
87
-0.02394659879663024 -0.3446167730588254
4.688445997730253
-0.45491373970257776 -0.48142347475565606
5.346686389820877
-0.915608459232514 0.4079777810832511
1.9675295444049548
0.8329159204506447 -0.08545703607506396
3.461378327827097
0.7071662704745886 -0.2671419238295544
1.9208433539236802
-0.6659391980680262 -0.4047015719387297
2.381786905019517
0.8855100430291662 0.03562469239841069
2.7597789322927984
0.26430342810101565 -0.48791388692967164
4.708425085025575
-0.6973629049322804 -0.6199495740035417
2.69027200536806
-0.9961542501537156 0.5279700254072045
3.9330284274613287
0.152822939364879 -0.7559423410054337
3.126580377371023
---
70000
76
0.017517334195716515 0.5456424588876422
0.0034210285024464555
-0.020193051032513024 0.5770189626296152
2.043831656477277
0.03239979690882369 -0.023878209218488496
6.260052814342602
0.06299455826157743 0.3167246702558937
4.432842995982971
-0.8375141761261944 0.5611844737055471
6.008710555912103
-0.2440391274225965 -0.23690513067633223
1.2338493908704615
-0.8035624798169625 0.2662158646282573
4.743963345534665
0.26724528822187854 0.8679065181766086
1.7046562066309408
-0.3649958709236682 0.38639489002737337
5.862414690733337
0.13157366589752145 0.7856626747008403
5.073733099098274
0.28088178297635347 0.8762862985326654
0.085482370149216
---
71000
85
-0.10187658805590116 -0.5614853847642379
2.1352160378187413
0.04791796593597943 -0.9659048917094899
1.7864725068857217
0.15703778810407987 0.7183843226117899
1.6146167872822081
-0.5319195881035802 -0.13586171145294731
2.842814613680609
-0.2427023671855475 0.34300665484974546
0.318761648802381
-0.42084733549069364 0.15723439321418753
5.31489059255783
-0.9401997299500152 -0.537840461701998
2.7935988202897466
-0.37385122293357237 0.6702648505709999
1.7132402524118353
-0.6639042834350924 -0.6691938853191007
2.61036173601969
0.872332597922894 0.97058295975957
6.07900930832646
0.8509960925008284 0.6017083312802025
2.0286389065481467
---
72000
75
0.4488679737281599 0.6051075401059763
5.637141480424675
0.44457436118054117 0.40664609139402963
3.275492614223962
0.7558103964170442 0.10021198736762878
0.980898905282479
-0.07553914105174589 -0.5156459790214526
1.9320235980186418
0.9914772777874523 -0.7510388192952278
1.8249970940518878
-0.5585297623454619 -0.09111315419164451
2.022212381100527
-0.6743670519340211 -0.33981352626407374
5.652003313665675
-0.7505203890774012 0.2652558188591393
4.443676156381647
-0.636195462852344 0.1907331726534927
1.0420324931441707
0.5657104414856534 0.5378369319183356
1.5853880515650793
-0.6986752496046246 0.297788387203313
0.8149490188745315
---
73000
78
-0.6409372881664689 -0.4086692743054004
1.5656055443415817
-0.666282362649563 -0.4650942262111412
0.3285101574365674
-0.9327969575861559 -0.08890645492017281
5.405093914397409
0.32009533938288287 -0.8126029319939267
1.366244185440892
-0.598916287066116 -0.3792239571801834
0.18591728043457767
0.25504322593577383 0.3722070822565324
2.8761373920982187
0.370621945927079 0.5407440166683093
3.834421945655553
-0.967098837426569 0.08899783650250725
3.8546515248593813
0.3915682369198332 0.20741004397031332
0.7495970767163067
-0.34209343641163437 -0.06312962460748577
5.999343624520902
-0.37969343798481814 -0.5235394254604312
0.9690126852390621
---
74000
85
0.6930242641962641 0.38941627795231515
4.038609254867168
0.8927291520710156 0.5280745843354924
1.0231590346012256
-0.433594486945597 -0.46186548558992613
5.308920912754247
0.35845005411483044 0.3200166101576987
4.824267806568492
-0.7179955495331406 0.9411223432618415
6.076572377856702
-0.5536299677816028 -0.35805708295890926
2.745179365160439
0.006711046417611735 -0.39369284714622527
3.5173131311205155
-0.18102429678979803 -0.37132180214368765
2.749339910577228
0.7056019181831954 0.5131327537734812
1.1166787392745308
0.9323160490496836 -0.6990677756217509
5.985371162834022
-0.899281417889272 0.003302338228712221
2.40493895739284
---
75000
78
0.7055669881712754 0.7158755469714204
3.7797819147194183
0.7077186922825548 0.12761242065236933
0.03309363945593091
-0.6851611386771016 0.426298752299954
5.945995260602469
0.5331848986958168 -0.04693576414449445
1.8539617551895358
-0.29119197792490575 0.013787953665271536
3.0396187720258094
0.6252188382812048 -0.011170420085980792
2.965561426710522
0.7126886441249385 -0.5867359523144448
6.069485713546076
0.7954938454128502 0.13749579382625124
4.313094905079037
0.09520546201270565 -0.1974396060286518
3.6048662557719933
0.6879520431314329 -0.07278224806457269
1.2086207475542512
-0.5121886142909362 0.10219124607730655
0.006905669393409752
---
76000
73
0.21416810850619716 0.47066544057146237
2.432677404492081
-0.0691815724218787 0.31179809782599105
5.721127677899338
-0.7622124773342878 -0.04632750045621269
0.7287796536908111
0.7091118948607392 0.5529481263629823
0.20765957321113504
0.5706716231882334 0.3532576956014842
1.349251642427216
0.12680640011541233 -0.9613597265316317
2.518327369062046
0.05332327077281997 0.34873115380076214
2.6208182416527457
0.3418278566427262 -0.171689274843085
3.7044199972987046
-0.5114454978601656 -0.28437014176535713
2.671923655392762
0.4300652762500423 -0.6100823156938923
1.2590581951968964
0.4621146009602668 0.39290818695708335
6.08009566325258
---
77000
80
0.08646838083238219 -0.8699947343252682
1.187871574336315
0.13642947860381258 0.5599296370945298
1.025200771480157
-0.8711886611665659 0.9524221288380638
1.97959389197079
0.529695888517468 -0.6344513257596323
6.256583931847091
-0.3831747447056832 -0.23288858812058486
0.22576015367658808
-0.4948944772635484 0.43508761858837053
2.3314857691876707
0.18396751779444348 -0.7969599349113247
1.5810718711831964
0.8922484784939753 0.01933747932773436
0.42762339080901324
0.3220231001260311 0.9259213034781941
6.0409332740891095
-0.004126123612757522 0.35891436916940217
1.4048191093425348
0.13712388017458627 -0.1553521753047701
2.3045915117170646
---
78000
79
-0.5034447705775789 -0.39747939555986384
1.8472254159870818
-0.8894813610288488 -0.8689035834528792
2.966526076349343
0.11799261435035734 -0.333074782164185
4.1709457335910205
0.21573509674315217 -0.855444227482154
0.8479449025253301
0.06677247498006614 -0.14594110924519357
4.617120148506241
-0.003000804436189941 -0.7308203201225268
3.5229617843968875
0.5144887856174744 -0.20233925431202188
0.4482854466301527
0.845428346997034 -0.5077795710039567
2.6203395968991243
-0.8163447065654118 -0.6830775717296184
1.4520825010721579
0.014489386921645087 0.08561838526576764
0.7270998329751048
-0.6351457541391643 -0.21301913922292268
5.746854990629963
---
79000
80
0.6972279253684472 -0.577254222781801
4.5003401065928985
0.9055860868185504 -0.3915566562797649
0.6849183461740935
-0.2730874283899756 -0.4145744756674198
4.203193674731923
0.06911125351644726 -0.8800853134000093
1.3455599182081581
-0.11631240786987113 0.2324151795053827
6.237456750706003
-0.15954140760928143 -0.5511472307597867
2.221373900015579
0.8866784892898515 0.876515724710768
3.9495426658049118
0.8571035992087748 -0.619348209933652
2.1243855843860393
0.9510146141509136 0.28955002101096466
1.662906065776304
0.8866809577757063 -0.7204677471260641
4.127805445137814
0.46696486959814154 0.42395325066036615
2.8476136650963593
---
80000
90
0.07155227882239755 0.19637955218347194
4.127292814960628
-0.5099766147359429 -0.8605566274864311
0.8138367290255912
0.6368159233313185 -0.6294771387494009
0.17404827016054503
-0.7028091688387195 -0.014014043261793632
2.96841969319314
-0.26925264507097574 0.6340733702436827
4.339174193009786
0.04902009284355585 -0.18527891064068622
3.5962902437445754
-0.023742209202136516 0.955718094296825
2.438689061473756
-0.12757004630521032 0.3721231714668301
5.14161463390315
0.5543710522561404 0.0341763593822226
6.182971894312767
-0.9244169748754533 -0.5972596090195711
4.143893025600036
-0.9588277416892568 -0.2403493884148552
5.424170273383125
---
81000
75
0.1982809723724902 0.15443116161904252
3.1557084440898713
-0.1913031032240634 -0.4214686575987082
0.3763412650329938
-0.8898971424139377 -0.9316710222601707
2.2358075888206796
-0.7202328606542158 -0.5281525488869835
2.9974259442055553
0.19730686893359095 0.153770046419218
4.864224935369451
0.2665268953915996 0.5288411052910158
0.6098599449748292
-0.6363701105641992 -0.3270561120948504
2.9796908898252896
0.14753300110034803 -0.044210875751875406
5.020035986821164
0.8975438467797225 -0.9893987200921486
1.278741104693074
-0.7896845989645751 -0.8776850517903809
2.047543080147978
0.9686523990998053 0.9355640771802655
0.7988386248617907
---
82000
77
-0.1149956572669299 0.9687832513073674
6.237470412396503
-0.18116139746394666 0.9020830218292635
2.141694064587708
-0.5703819699970588 -0.5446540040763893
3.556599408268414
-0.6650624251004483 -0.6089303756072778
4.225786070322511
0.006881757710845173 -0.04795214093298761
0.8560536690856155
-0.6708648521129487 -0.5132279990494799
3.0758710119668056
0.3894448863071653 0.4797130539923102
3.4395026383973377
0.1697363660806033 -0.011921484062227587
4.423155722220835
0.041931421744453135 0.9015308845529068
2.574257337645067
-0.6538205622518997 -0.4051435706169894
4.436921623246039
0.530992474511997 -0.6111155990933257
4.043018556076275
---
83000
76
0.11364320992674885 0.06977779834793267
1.1082359214111424
0.733122169871825 -0.5095957591860368
1.6838495105091908
-0.16140239683809804 0.9701972590022564
-2.069320725185768
0.8264143687431401 0.20870877422004613
2.5860502727746626
-0.6869693531139607 -0.9067797537999858
1.9073859156970414
0.5153969463186948 -0.6780303463086974
1.091741210652705
0.49152276632934316 -0.5740827149189833
0.7478695798509811
0.524839550265711 0.44845075580183424
2.5021854400659835
0.8560731978731129 -0.21332176884040646
2.514137206256244
0.9015433253367636 -0.1509052960192136
1.0495257096524657
-0.8676841423399965 -0.10247705128402121
1.090933193403326
---
84000
92
-0.5342215940253581 0.10851152548049527
2.118885732944895
-0.714239188228758 0.05135807923403203
2.9568609122732425
0.6257411845058802 -0.14430216422981643
1.9041153573957512
-0.055307401376961635 -0.4893324800719216
5.00735188110393
-0.052385546408324185 0.8225757445224102
3.8660818974078426
0.5936372959050373 -0.14615962528149
2.685482114753851
0.7741084155429061 -0.09556297412000977
3.344479056219906
-0.4746197400118386 -0.07848529705220351
1.7172873896597967
-0.6078811811988007 -0.7349805987135551
2.4298290541812895
-0.6206658080960392 0.3707045668564538
4.962867352559021
0.21953031605910833 -0.94093109875048
3.927817748401476
---
85000
88
-0.5099438460119379 0.21589179174056553
3.8987877795417174
-0.537312571354259 0.46666169256626855
3.509364584413307
-0.05872385989695099 -0.6571550260537182
3.14080288921018
-0.1479072963916935 0.3161941784552663
4.612264445828282
0.03407940104582947 0.3201660840432115
3.297956822195796
-0.10445269016979823 0.5023266511149758
3.6480142805046327
-0.4952535671506579 0.9104416776705648
2.0503186451018136
-0.575231931847273 0.5287211611261485
2.4681867029490663
-0.6054003753031508 0.01961508575650499
3.8488266347454942
-0.09023409078943832 0.4631493605800432
4.592660195927894
-0.6695185888173696 0.6009761110203885
1.8929098285015513
---
86000
82
0.0836163835361734 -0.2423417209438978
1.5956148716552638
0.0396232177152028 -0.30494698014484445
5.6963142582855255
-0.13361068403089602 0.7181243002052002
0.9218759942575057
0.22816781081952292 -0.9827974230281753
0.6541627065112898
-0.23296556851253622 -0.43533415375623
6.222517552550601
0.7746657706776451 0.4043052833318323
0.9810787529492302
0.9985173012090383 -0.4295066975301871
4.483062703536403
-0.9304133177125802 0.16820657399325328
1.649577025781479
0.5356697885678088 0.7849030977120854
1.8893257144388347
0.7946874561847751 0.6822291291750417
0.25006178127779677
-0.24623453636432213 -0.012632850674201914
2.5698780216974626
---
87000
77
0.8447840882012414 -0.032546672679245756
5.759659360467491
0.08590464583281272 0.007924932404998475
1.691352021378857
-0.9460481930557159 0.37287186864697974
0.49099594252690437
-0.8690312926835513 0.6233007002789749
0.8865968786404448
-0.14806462259907285 -0.5619896241430756
2.156517142174825
-0.6637572460320774 0.1697916580785285
0.27455084772817884
0.953603620284215 -0.6716784130581178
5.236345879476352
0.01934018059707107 -0.03687595848671774
6.272083846987431
0.7979607572151914 -0.1495643187071653
5.885677908060964
-0.7906181737682013 -0.3287670919853964
2.9979885805063553
0.4424291279881415 -0.7383442788014732
2.76296809137024
---
88000
84
-0.008951821509247348 0.3818380531141308
2.3786372225456796
-0.0046454173893717456 0.41194795728539313
0.5728859692815815
0.8771570140232765 0.012386651412910435
0.39747915543495616
0.6329125794504052 0.7310772161435971
5.6463745072028395
-0.8107127510244923 -0.7281432710117506
5.4911165430039235
0.06754290312713716 0.7584128529241432
5.147198969423488
0.5737172715423633 0.43715906678736827
1.515180715493714
0.8803889661525941 0.43106315539301737
3.896404743125884
0.7013248575329896 0.333073204050364
5.324060255428093
0.6304263529330337 -0.762081966265387
1.1982649328770254
0.025968152853756574 0.0810594616435769
4.428165454080634
---
89000
81
-0.7983309973041565 -0.43946351134582373
1.4319979635228106
-0.7817110812577132 -0.4702656538594272
6.0691788530251705
-0.7833332217221238 -0.5475853217014024
2.006134096942386
0.0020621491430680254 0.5791335355737267
3.402570244525249
-0.08006355822238802 0.3591552774600229
3.505710577082594
0.5239302340026077 0.15166349520015135
0.9512388263862199
-0.31126581544328047 -0.5564891141396607
1.1689453166973998
0.08185109488490294 -0.7408363764594137
3.205636074814908
-0.5575503798960569 -0.07063783012450066
1.599288716423918
0.3048102131285918 -0.7827847227830937
4.841412918475752
0.8581806033448349 0.07252318696784031
3.7645489005756625
---
90000
83
0.22866059000152603 -0.8340874989823001
5.665208302366632
0.0052999318236921205 0.9366945975031051
4.421689054863599
-0.831855990030854 0.2117687064806483
1.2497985557845563
0.6088617921837424 -0.23829802049965265
0.09348127787932903
-0.8776111638015862 0.10596543229596964
1.4659864490136805
-0.31463656511370586 0.2022770183113703
4.847651430406689
0.04481459567017876 -0.42169716903940446
0.8052005894601635
-0.7229471884780424 -0.9904855763477551
5.281941402810637
-0.5226168032020346 -0.030637460098721585
5.983084116769643
-0.44936537109354757 -0.4190402388410218
2.1470959094476285
0.5759075592037679 -0.8881395919803117
5.903222415960064
---
91000
73
-0.29538726985867925 0.2607720767404549
2.646137777372832
0.9356110810243771 -0.2153429724824405
0.6335542661611777
0.3605288691947418 -0.8750686225577202
0.21809533766758005
0.6894718068932103 -0.7804001347927736
1.055434632856402
-0.7913792005971458 -0.8571567496567862
0.8834215030069386
0.011041705362393593 -0.6146473479567658
0.05393437110072696
-0.39935343463046247 0.9849836622836932
2.6071490448036716
-0.5394166026851508 0.32397631430001694
0.7178620017406638
-0.926406722542368 -0.11420270632144419
1.030023768292284
-0.5075918630414448 -0.20406702347805206
0.5058612199756132
-0.4885534159054188 -0.7839753919616557
1.898849485836796
---
92000
83
0.3845544152490347 0.759362243545728
5.247177849192808
0.441130144151672 0.8077920055981347
1.4547504892269965
-0.09750906818143686 -0.8755179824413873
0.026649835538626654
0.4050653282827867 -0.00704536441079354
2.374735178029624
0.8374858520421553 -0.040049151499416354
3.4592484232282086
-0.6563789887452189 0.869546737259064
0.019589349679650425
0.25545385780158253 0.8508111587871112
2.1878333382528945
-0.1174752126460719 0.8557938053983388
4.145453640431815
-0.8980570144525264 -0.03841894345972516
1.3616976955423126
-0.5001881660278291 -0.7153284226758602
3.0028299942119405
-0.8984470161753229 0.7769771573815942
5.67535081419462
---
93000
84
0.6172435004394371 -0.9557404229918336
2.8898090473346976
0.5393329843078923 -0.9031841447495156
0.39235060579818803
0.692211927135326 0.8576439132815399
4.149711199066106
-0.7097539296135157 0.04393620459957735
0.7680338133002609
0.2919288550330704 -0.6735601126191865
2.7140823082059713
0.48262676480087424 -0.7977321390812225
1.9254397638070122
0.4266705298842887 -0.8877366083582625
4.983661167176723
0.04296271192701173 -0.08756071819768585
4.860609990979633
0.8208782165266072 -0.12038854727362416
1.9061249406128695
0.5240881138259135 0.8804755651873267
3.7770928975253186
0.4599906646966107 -0.5929960601922771
2.5382648749110794
---
94000
78
0.27475026350942533 0.3399356109158006
3.3762999818614823
-0.43577851074853474 0.9023063116253944
4.177398521164419
-0.45116423679967943 -0.5323342595375977
6.117443700979452
0.04958509206197427 -0.334390584808193
5.088297969370344
0.5743397175031016 -0.21039264311578348
0.6124313880197727
-0.6481944254445927 -0.17022301533672854
4.409882679338324
-0.6405155848538349 -0.07241244631231805
2.3476310244023164
-0.33149717813012686 0.016523780577312797
0.808767102870938
0.4818377455612751 -0.6410470244104637
3.377677878951543
-0.31936833752797467 -0.011332484621614621
1.1045606890686148
-0.4558574249821197 0.6393515921406064
0.24320708627569232
---
95000
80
-0.8878732822548043 -0.507387798449033
0.8076126738873335
-0.8908182941514782 -0.7127247904227675
2.839192336109914
-0.04911023192169672 -0.9973470010278398
1.0576214951326453
0.17498787992247783 0.5333615835648818
0.4662644408030827
0.5597105572828783 0.2648251314881
2.4513639704779955
-0.3454954232434233 0.8490057105454951
4.417335546292184
-0.23221835892404602 -0.11797297056952112
5.3113565646056795
0.6914335419974157 0.5692985377394649
2.316331678268085
-0.5750837973103278 -0.14158660019437522
1.3604019394371356
0.2463465210669715 0.22017299846633598
2.0990211251165096
-0.225466444302098 0.1475931790534783
3.9013475540356124
---
96000
76
-0.6842339792334313 -0.7504075796414377
2.4448178958628257
0.14509926185978894 0.23580111800598336
3.1772662807227317
0.0646834582463969 0.2852899074666771
3.01428300132161
0.12946820181266666 -0.46599601316824046
5.222018908436525
0.7013635548283615 -0.8675417988091355
2.4738174707103395
0.5030550466150766 -0.7725090340139535
5.570918695347825
0.10509089349008292 -0.7838907774786128
3.2491232969998576
0.07553552864911914 -0.47639090446953986
3.8939040873539934
-0.7711138767920634 -0.22478347376885235
4.645005778271416
-0.44255273553834035 -0.9022611180979105
3.556425671692792
0.3203316852394565 -0.660674293499445
3.3716988505313257
---
97000
77
-0.0674321470097298 -0.9377343767634932
3.1935874161210522
0.5046741345185477 0.7406277525595938
3.075470709459708
0.09656522283002746 -0.8971375602930778
1.6024366490843374
0.8893219175932181 0.6717471958094022
2.9191970428540905
-0.2913238673493219 0.39782892598518216
2.9241649346089176
0.9202655525699949 0.9941552260527046
0.09090038457620064
-0.7837936171461175 0.568191960797888
3.0729680373037045
-0.5964530658254621 0.2494826327692536
2.0964238472177135
-0.7837835419616216 -0.6589614135763169
3.867778375525803
0.3792434492228035 0.6606594963365934
1.1569237261578218
0.8865263856509588 0.06805433222982621
0.08935974528259827
---
98000
74
0.9872419988402619 -0.09904460230851028
0.8923277502636862
-0.7278521570652814 -0.18581984968874188
4.545403459551761
-0.6332681371328498 -0.3889030070190218
3.2064369794118113
-0.33478031668893327 0.7944398164185529
1.577308387301203
-0.05710290369779817 -0.5623640591313896
1.36489610753081
-0.8398568688474025 0.7811609048069937
1.863390283429725
0.17738988178216042 -0.5497533944396438
1.970723996377111
0.9800116449555742 -0.33161566483814897
0.11179443420782942
0.08674697045950813 0.2290292523624191
4.385347309384152
-0.45436296117423075 0.5237760476093413
2.5384420854588177
-0.9265590824583256 -0.40132298204118133
1.1018980008296548
---
99000
85
-0.13815111152384257 -0.8128142194249514
2.284734987975106
-0.3355093183873686 -0.281377518090704
2.9169319894349313
0.13175328395671534 0.2870668275902654
2.3301633550905017
0.3603657132870489 -0.5764048301959567
5.514539100354148
-0.6926632191773332 0.7544250512170385
4.638235404270551
-0.6360877773517666 -0.4114937107037757
2.062154711351837
-0.9614024865951794 -0.5722700216384372
0.8752261447508642
-0.6877727115451187 0.42465405450576665
5.333638620012375
0.008954530999019092 0.39038156712936495
3.510514617092184
0.7957074864622643 -0.4569777548122819
0.27221011913067983
0.9092778792023122 0.04926075321802223
6.1987378754308615
---
