100
{'run_name': '2D_rec_10_total_boids_slower_short_chase', 'annealing': True, 'annealing_start': 0.2, 'annealing_end': 0.002, 'nr_observed_agents': 2, 'nr_of_boids': 9, 'predator_present': True, 'grouped_spawn': False, 'predator_halting': False, 'record_keeping': True, 'record_frequency': 1000, 'exp_folder_name': 'big network 5 observed', 'boid_speed': 0.0283, 'boid_color': (0.8, 0.8, 0.8, 1), 'boid_turning_speed': 1.5707963267948966, 'predator_speed': 0.0333, 'predator_speed_slow': 0.0333, 'predator_speed_fast': 0.0533, 'predator_lunging': False, 'predator_lunge_speed': 0.013, 'predator_lunge_distance': 0.1, 'predator_turning_speed': 0.7853981633974483, 'predator_color': (0.8, 0.2, 0.2, 1), 'predator_confusion': True, 'predator_confusion_distance': 0.4, 'predator_confusion_threshold': 2, 'predator_chase_time': 10, 'predator_halt_time': 0, 'predator_eating_distance': 0.06666, 'height': 800, 'width': 800, 'graphics': True}
tick
boids eaten
predator position
predator rotation
agent positions (and)
agent rotations (interleaved)
----
0
75
0.38776505327743804 -0.6455275781723283
4.826797291313742
0.24706212095094754 -0.5556813931611907
0.09786968077165026
0.3954378425983128 0.6593269748403124
3.3227610278421453
-0.7839743631029733 -0.881794195033315
3.0978033226980233
0.04975462701802541 -0.2924143859611757
6.18947300820144
0.2325925757575377 -0.8206039603751437
5.2369983415094765
0.8974966608969526 0.8976192372208235
1.9725397762470367
-0.5366179970921519 -0.28693625703661596
0.8164740352563519
0.8626192619660269 -0.44451793962701114
6.207022408111938
-0.7539212521801674 0.5559291145503327
3.7932937654594374
-0.28312226125187745 -0.05434720986192096
6.092265262064225
---
1000
94
-0.15200727781351348 0.9085971514302585
0.3948627613657596
-0.14867622719042806 -0.9168998603967807
3.739480398892561
-0.11444890849512177 -0.016930863118663306
2.1673848988818243
-0.8217701295322759 0.9130563406827099
3.578326802319256
-0.6300262678811817 -0.19890835240460836
6.072425176956944
0.05520411351100417 0.41188125766063866
5.178474054505912
0.799381267690389 -0.5262944993696118
1.7800479821342527
0.28535613716645514 -0.33929588163135066
4.994283104147685
-0.7593088124828051 -0.36015148376312783
3.871685181678176
0.35327140220731096 -0.3146844806253084
3.414963092163939
0.38174593715771316 -0.21441295061961116
0.07826213864922682
---
2000
90
0.8173426304378016 0.16976894415239108
5.1015343809653295
0.2824802669137199 -0.16684942130206867
6.047865126792097
0.5720404762580985 0.7003425929448134
5.980039373637079
-0.4373688270613705 -0.39107568651649305
1.4726222025036968
0.6342349909588434 0.4980417865512862
4.304531457908232
-0.07932414069660819 0.6546323140189487
5.537375919252435
0.7389624299303472 -0.07812601462464679
5.1246572712684815
0.9262573534669187 0.6007606366092206
-1.0007851559528513
-0.32783001205759804 0.013126087645235839
5.564755966187071
-0.892884073997757 -0.5918956862447075
1.1996848882339144
0.7645270969373116 -0.005078222653455835
4.7498839570745455
---
3000
91
0.5677785261503783 -0.19426252832143331
3.6196000352054094
0.3372188616657202 -0.4314056298511527
1.509006723975184
0.168363765589299 0.4287661182029479
5.863962939544498
0.052982634892505404 -0.04830963695508793
4.335013389583587
0.25239278416217736 -0.1795164322185126
5.86984186981245
-0.4091231538679503 -0.06149615027392359
6.0695638294576675
-0.8968722031393044 -0.9133076403887369
4.335000013821379
-0.747407628219173 0.9626347185506194
6.076476080969793
0.23130213734806887 -0.42692701927698756
0.7981707737983915
0.02366841498233118 -0.08024098535377402
0.2119849831344025
-0.43169632719890483 -0.17163200679260032
0.4390360278012242
---
4000
81
-0.24300458192007235 0.43276809211883954
0.9811134220157709
-0.3589152271138907 0.5744873338413832
1.900848417793731
-0.8101726889186562 0.09045170058093269
4.717818519292063
0.20261615474819755 -0.8989574763043136
3.8541604243056042
-0.9015987831424055 -0.8146394501650978
2.7844452671879445
-0.12798819625651858 0.5905648996256792
1.086984947602998
0.7643057016397448 -0.7726351247200587
4.952336511827639
0.5314021885480567 -0.900194416029084
5.039872821130776
0.8356774834353454 -0.737966538895108
5.854831738208711
0.17135120064088702 -0.9977340525858663
4.426461651876416
0.10685419289265498 -0.5658124845789061
1.0683864659826332
---
5000
90
-0.8409156101731435 0.22051857429986943
3.6404807856875783
0.9759409555606583 0.35202773842517765
5.619262970036824
-0.048900566669633896 0.21797601054399152
4.395880127467297
-0.8143802486009671 0.4169016041196085
5.759782960825957
0.7335409636121174 -0.6316502843142139
4.934311691941598
-0.09896401610147275 -0.9455975305056671
5.286579412043421
0.8962869838295512 -0.7190308270466728
4.953398235676217
0.6472071360166709 -0.8194439628408275
5.056845676358095
-0.464427893187346 -0.7527041686275688
3.4442492506771147
-0.568258165440309 -0.4093265013067984
5.752398158665192
-0.9362089544104417 0.2029747145829122
2.8862433454279293
---
6000
83
-0.5360317157692764 0.14328566586744512
4.362040457695135
0.9985550614999984 -0.7382242565126884
5.764094091723864
0.7419591710022184 -0.056506693617032686
3.691487538163604
0.4297849750790812 -0.565779760063079
6.05939106657225
0.07827895550774902 -0.047342400921839306
1.33564618118608
-0.8999307694490823 0.8639199745527648
3.394957143424638
-0.6856223373768592 0.909630636017758
3.364872310910333
-0.4639091070022177 -0.02260026756249738
0.07086158449734281
0.44705505314108024 0.5112783727133102
2.9161790018781586
-0.41424089758827204 0.3709227289118598
4.706645836110754
-0.7897070269425976 0.20502007420117963
2.468714500087918
---
7000
76
-0.1117384391457393 -0.591228956235448
1.7079678416634976
-0.07099327883326628 0.8294844268992061
1.059977994964501
-0.2992202388137024 0.38386558164641504
2.5575528759789634
-0.23281220616829476 -0.6304873308052364
2.8313780704094933
-0.9956633042305223 0.8151875500968144
0.48215020584903456
-0.6049387265416141 -0.26699736492453163
1.3109130153239814
0.8504443776669113 0.5334632451321671
3.9054654161092905
0.6793607502399139 -0.07448166228891637
1.1352829689766883
0.8345007482499786 0.1916553693896653
4.296917275316634
-0.5680241486060755 -0.07572834881348678
1.003654946769684
0.4280988850404932 -0.11522691914353908
2.369453044658629
---
8000
76
-0.1254442498628717 0.947396104778397
3.6203171128137934
0.3434135560236934 0.9627641575828465
0.4782836603187608
-0.25199378184364274 -0.6329218067277634
4.95601568602449
-0.20584666508590113 -0.23865918392779478
4.366823777292423
0.317833480333557 0.3020596796983763
1.9522268385498007
0.4583915347819148 0.9014885445796615
3.029258668561466
0.13169452433680298 0.7742223274790649
1.8003276267457595
0.6826105223097685 -0.06711502537661591
4.922146595725826
0.07595162648885874 0.9976985813737336
4.761703782877952
0.6479401020763457 -0.15880571638399102
2.8579467291566494
0.002154056573161374 -0.5175358342018018
0.8158515769013759
---
9000
76
-0.41952984678452904 0.6646952897961966
5.85097630756435
0.08500340247250453 -0.21380715112306586
1.195801674363243
-0.3894760823889628 0.6676555531625699
0.36618132088447997
-0.9254341778462184 0.3741024321413347
1.2591924240125891
-0.0710954543568745 0.3605179188668145
0.2062298281214705
-0.5814914394699812 0.9295566872690245
1.7106146812459802
0.7831652438205442 -0.11563777073134383
2.9131791785785754
-0.29843929868683 0.9722563716470913
4.517660517135383
-0.8197536884859895 -0.08659800028125242
0.16910342676091172
-0.8620863901072109 0.2317494634584554
4.575262790079291
0.682654334879064 0.583258414379624
5.7466653694253
---
10000
77
0.2790112203873076 -0.2542689691650163
5.193890907220643
0.0593620822324763 -0.3488082931080524
2.796901123946453
0.20042324015588625 -0.770627290309123
5.487868778678679
0.329508920418657 -0.6624030240043315
0.03361981667418057
0.6755169093269214 0.5366222232179029
0.5554636178399779
0.21430529772574763 -0.04838576812288824
5.268770157391717
-0.6397942038330076 0.011698280746409542
0.4666260241881286
-0.7214987699395727 0.3120194443004869
5.7153137679006925
0.325908378490918 0.9444498219418
3.3828964039242733
-0.6923117613478349 0.09969027354553081
0.9484035038520222
-0.8964940990283017 -0.07056994239110248
0.6781499699117548
---
11000
75
0.997509754505144 -0.02624082914944692
1.0376702305086885
0.9224256486997815 -0.4092550743055896
2.2891366583772363
0.9045504994123654 -0.7734779739883667
3.279595426142984
-0.8119753379031859 -0.1557271576773023
5.48160006325451
0.04755828576360553 -0.0022064130947122337
5.779277769826065
-0.5117381516231294 -0.9694552616983519
2.9898696534823324
0.3192657734509023 0.7893647068711219
1.0984452141390877
-0.12787732598288817 -0.7175388609997233
1.0651809937537489
0.47074340312458857 0.42651386725467005
0.10553828702354731
-0.6353855447789505 -0.07910073127217372
5.210581636527932
0.859114390607262 -0.7402122955882565
5.602950719575209
---
12000
81
0.5336676854512248 0.1890087115374381
0.7823123411439908
-0.7744003210453255 -0.5776919201659281
0.9886223299534462
0.6021290623105161 0.6445220356277002
2.3783604558877673
0.6250985637020793 -0.6217818660331162
0.6139241650351748
-0.7734079288131225 0.2640557487950756
3.1237065460407614
0.5572848986688154 -0.7558444048123425
1.5379570379902816
0.3621426747975458 0.2582874725272975
0.6130614415933477
0.2258655170157723 0.8621141607495437
3.601942361180866
-0.022790185864668938 -0.08446668782508637
4.852071822130624
-0.6628712478998542 0.4761007750225102
2.537789637106015
-0.45660172234235574 0.1945076931515497
1.446703837917001
---
13000
89
0.5913901071904569 0.7515429789721438
5.427239900769185
0.5312840947769906 0.26962892139266453
5.6341119479100366
0.6572555700762311 0.49318183448209196
4.40929868094267
0.08510048841166983 0.4779616223157811
0.7001050497929979
0.38538926141551066 -0.7239275064670113
5.6041262815395605
-0.9969819052399826 0.46059489005645204
0.9727486313864109
-0.9621824323258702 -0.4180983019598568
2.6221649700409104
0.3953024366164927 0.3965607204286862
1.750786336404901
-0.9736165582827611 -0.05743665661243072
4.724937546636745
0.5063047415271889 0.7929671668136543
0.5740291743715682
0.696596542166708 -0.8415140991885417
4.27424660173462
---
14000
73
-0.3477428793414135 -0.5342758160486986
2.2236012838619326
-0.4070390063552488 -0.5125994241296579
4.1052289133506825
0.5930074911840175 0.3169613440100403
0.3594556293941553
-0.7716234029951504 0.48736423912210336
1.004669418954626
-0.796803892143518 0.9057768559806276
6.028489074130338
0.5756493057924221 -0.6686611651551004
5.174376587500449
-0.686535650849773 -0.3997981283207007
1.856067696646764
0.4739795740137741 0.7684762469852198
5.407711886505532
-0.8964697261084718 -0.6546962751457317
0.5242327919606611
0.5743512063884606 0.41122496787894947
0.8553385387953796
-0.80373797704792 -0.9849259825707455
1.501627855606764
---
15000
81
0.6702255017492149 0.12529015248021522
0.1427256045894829
0.6955945234486316 0.026369642709282975
1.0670014146822053
0.4582928554649993 0.7799388398013305
0.2638373136943022
0.5021395629889869 -0.7514943341645199
0.015780132504299438
0.3414958014488885 -0.6090172105044461
0.6527307828269189
0.5140504837780215 0.16125841901697688
3.984496006994176
0.3734102085171623 0.7553227927422855
0.9959573950551146
0.276266482102825 0.37512129733532157
0.3118429507234972
-0.8524729389932446 0.38309533529543915
1.230016401747025
0.635265391735947 0.7169294047798491
2.4891496357046057
0.17436236516738163 0.9617649667379807
3.7025535335118196
---
16000
78
0.8271442321552951 -0.5654478934033561
1.8749139810513185
0.2929076225440423 -0.37570847443902605
4.934764880472939
-0.9931004357030297 0.15348147986065772
5.058436711093317
0.3651837872244207 -0.12496458736343842
3.006871625645341
0.7922622936758269 0.9548141196621869
5.549737901636807
0.383084966721632 0.8313811042289053
5.233165966195659
0.18792646189107315 0.6493143506479431
5.141091724488304
0.7293967571263049 -0.5607888670903861
2.27883536303331
-0.12601555286678315 0.5333404105687893
4.121687871571739
-0.8193196925829717 -0.4075189029346499
5.760578560294885
-0.9570008531064068 0.9224512920775518
0.5016551993594538
---
17000
83
0.878009828988429 -0.17611077340769013
0.6085106601640671
-0.622085391399055 -0.887767149908435
3.9547589036532047
-0.18333528278704725 -0.38707858233137543
1.235297928210355
-0.9696748264505625 -0.03775100519174678
4.339992205935539
-0.739936717472888 0.5162362807233111
2.9275264024449514
-0.353208291682409 -0.08548738597318142
2.1298349635022067
-0.4886128712843173 0.9351078146682783
2.9660339017671413
0.7259723506535768 -0.04164818556859742
1.0242610396338483
-0.9685969906203032 0.3239641494610518
0.48780164225599965
-0.05871237857862004 -0.6991414125790807
4.734959058901462
0.5262086436573205 0.9721482894905994
0.10289367724831155
---
18000
87
-0.029075794124829548 0.03186734880057105
1.4277310766436373
0.08918551399128728 -0.45511518910926896
0.4740476417950301
0.5538154924213843 -0.8347584345182608
0.7817676481750224
0.029004507744700474 -0.10585510350829168
5.294100987487471
-0.9349193622060719 -0.7309526231541478
2.3378911272378486
-0.5663262139825883 0.998768062894617
1.9125669586894718
0.8320882046118175 0.5365992735341314
5.678255519602897
0.23539177488240684 -0.5600828150282819
1.2952551738259377
0.31288051050678845 0.8477312182149864
2.0584100812555555
0.5894504011562038 0.7720574972868011
1.5559537390370268
0.7589409335891949 -0.8730942989314033
2.201392948387273
---
19000
85
0.04103328740450952 -0.4765510239585932
2.5558890160334364
-0.5290807778986494 -0.9783558733127198
1.9628743689824706
-0.20348454526865617 0.9735313751296364
0.5348110355592173
-0.5955429848233611 0.9244672602961759
5.19512579611414
-0.6870695362313113 -0.8741868695186781
1.968224936867495
0.8958516402312199 -0.4838753157745152
5.1693354153339826
0.011670372983491845 0.2821296522097644
1.2139442115267567
-0.23354421473626358 -0.5641165338833073
5.355828225354318
0.9485096409764664 0.22210623658737544
4.144912897578251
-0.6150392025652199 0.888554818301947
6.023389040224357
0.7481322501370725 -0.655129667325881
4.064016119449527
---
20000
70
-0.035150679040395455 0.021180526755554666
0.49304944389792205
0.7774735592564982 -0.5058253644793594
3.7271581320017564
0.2751660603584572 0.19832131226652602
0.6378779724291341
0.4672299012418666 0.6904403313909537
1.6544120648665839
0.8003641043194465 0.7237955851311262
5.003521921315441
0.814252318948655 -0.3311045127646314
0.27011129903954956
0.9356678935242725 -0.9339988641982492
3.7030630695458706
0.45185629389974424 -0.5528512972368895
4.976695582163623
0.26181060048822286 -0.20463175104320858
0.5622720584648322
0.9697684634154048 -0.23889627925534332
0.7734648622244205
0.6232525625932204 0.49501559925634275
-2.311273264876054
---
21000
80
-0.9826271657386332 -0.9584861189654568
0.9237246836324147
-0.9354459640425128 -0.9414401984406165
0.23912171599087717
0.06917559197521753 -0.7319646528078374
5.240527132416367
-0.29270690504101987 0.977680503959864
0.13019082102175616
-0.4093181302439764 -0.34217694022566386
0.25302793163410797
0.8705599481561763 0.325148357407338
2.593030656028117
-0.33678102960849676 -0.7583856005827155
3.782559703469797
-0.5892740376673339 -0.26623009956342336
4.221011752354247
0.9030140906166139 -0.44918043035153243
0.7083109128216165
-0.8477737417657057 0.8026467636452785
0.8890307666070134
-0.36922966817745706 0.32290594989634863
5.626792383023645
---
22000
79
-0.29456716666461497 0.11027145638670728
5.57908129764192
-0.4243471588284088 0.09633200166059015
0.02272727715438627
0.2517694130442917 -0.1083471676473048
4.953828399974421
-0.1278380233292053 0.30915629320465743
2.520851568222165
0.4683259292183701 0.16796755117674922
0.20525320667637637
-0.7637790530062122 0.34278654282596377
5.540437032880111
0.011301257114605116 0.8957791033978197
2.743721297968028
-0.3381082782312735 -0.3866508999146065
2.7522882485697515
-0.63179469806684 -0.9521572912274446
1.9619205161087923
0.8750470284298426 0.3501889703721959
0.8013338831107744
-0.661828954048928 0.38161379712104493
4.014584651177876
---
23000
79
-0.422527448594811 0.07802462691263577
4.268439826485247
-0.8216228546813784 -0.7380845579582767
1.6012494226043987
-0.9405570626897806 -0.125953730040853
5.718217647699994
-0.5366834432832829 0.6912844396486781
2.812086817457576
-0.6529324663277986 0.010317082585464488
2.351435564646441
-0.9575817205058743 0.18943947187178495
4.676727512677475
0.8685995418095804 -0.5350114503103985
3.021154498847288
-0.14067044244310517 -0.43720560648682394
4.732639440728832
0.3209260100602823 -0.18189811539619294
2.25926514262342
-0.5601143245696839 0.2771746614460217
3.5364937726883463
-0.09537041363765092 0.04129271451187941
2.6446378090730676
---
24000
75
0.0629376836342825 -0.6162755320388469
0.29618269585205675
-0.24644505392870106 -0.8103816536011794
5.369318681245457
0.4059881727466715 0.07536353937558662
4.671574674796243
-0.220166386064169 -0.1740218789151168
0.05146892154454097
0.7807255515819543 -0.15084866001025585
6.114410436708438
0.9678580743245138 0.27747172155286015
1.0278283232996994
0.4848286931321999 0.6432759951594111
5.593143302975717
0.2687393145150153 0.33325593948572335
0.22295829204847806
-0.54159494945559 -0.8709554000008473
5.3754446846054895
0.06456351214734107 -0.10990763008747925
6.197867416415536
-0.27874718908874774 0.004710247841857553
4.43051785192587
---
25000
83
0.5038359836829943 -0.24008629482035165
3.0677805404754714
0.3346239613989054 -0.40046904162663227
2.5344334397868016
-0.5148165957351001 -0.30998432899291717
2.244141516911821
0.7443176643907743 -0.4132716602195179
4.013342592711134
0.5062784641162489 -0.3452276572683561
0.1424060255656947
-0.4822179014734098 -0.20384397961724596
3.6865129964418264
-0.10107638744486892 0.9173885712761333
1.8598839911659129
-0.1563869501962005 0.34728136003231475
5.01174067055377
-0.45239553940908417 -0.7475963856346626
0.5572527277280646
-0.7452101916021212 -0.38800913815961374
3.2777875293210945
0.4203750490000565 -0.780821701585443
0.3216791727100654
---
26000
83
0.3046889036121376 0.7088670865628485
1.6824671543027527
-0.07742862791398084 0.3146556569863942
2.183069499307207
-0.5209994783932611 -0.4577501979128799
6.226837323132213
0.5999151657669981 0.8133693041044243
1.9949830003570055
0.4010692835809698 -0.44269115761653727
3.1897319407101046
-0.2499878316125792 -0.7008302693226931
1.8702868527332281
0.9476163729403206 0.08794130885409812
4.170000401252468
0.6885362314625348 0.8842008931169367
1.350547916305299
0.19760749297893787 0.4424348349718337
2.0524531288977705
0.13613417648760184 0.715598337994119
0.44919097904921923
-0.36708581652827543 -0.16439825500365604
1.2373136796914317
---
27000
81
0.2952287963974616 -0.29609712545311656
5.1768732552871
0.10078916067293496 -0.5105306689180791
4.556907282703187
-0.08058647884467462 -0.8814460340046593
0.8555971279669956
-0.06836545734845287 0.8855807751583714
1.4834466028980948
0.6459615282374256 -0.1054546419874029
1.145597695526277
-7.502650782081812e-06 -0.8229137545105746
4.767812579071291
0.4116295496904273 -0.5034887678575718
5.684820331634102
-0.9983246020644432 0.15941902849683337
4.320539718042943
-0.3160617633401299 0.21893010481624672
0.6971577009038601
0.11278722391266607 -0.3886676962961769
0.6852895745341581
-0.675104738381813 0.4079195173838078
3.445524227926427
---
28000
83
0.6346416373848174 0.2511907498471378
3.620761834022068
0.8070889498529616 -0.897426827906605
2.6049274119948285
0.46497137878503425 0.5894228439789966
0.2044147035673074
0.5537878995341033 0.662112800496925
2.904657059166805
-0.4665202621742366 0.5669885615257292
4.932136632380879
-0.9594432748427765 -0.7394715351593805
1.8126873094545122
0.9126943974813291 0.8549219582830753
4.225496335802449
0.14675334144637017 0.4796057143562981
5.439553507278425
0.5947687883652352 0.6765562777532802
2.077676882374682
-0.887715606303725 -0.6085458550686836
0.5077779446164943
-0.7301936916196371 -0.026221498335161502
0.7368550852500846
---
29000
82
0.10489505658263953 -0.9412994103269635
1.967575312218289
-0.5073243574317842 0.28342991852492627
4.100001015218018
-0.4610977827413566 -0.2738534809881936
4.60983629775066
-0.5059880363007287 -0.006732149891990887
2.5787745362736594
0.998966466228765 0.13181745931144156
0.6450881172077283
0.6618730785332564 0.17076646811765442
4.169205219484755
0.5043543317541487 0.2577198675255434
0.4990129016293805
0.6151344861143415 -0.21926037118008748
2.8142244526385864
0.9158260301657571 0.7819412896694999
0.9366988751592666
-0.5000840676926142 -0.09801287262326357
1.471429607889383
0.48112953378280854 0.36797637800339705
1.441746079499958
---
30000
85
-0.6285410357555289 0.27750456638673077
4.799107544614677
-0.8560120841335562 0.15439399535780962
4.505407263245015
0.08746091923078425 0.8955577440691228
1.6076584171837434
0.22262189032574095 -0.37238713259494305
1.7779414435207372
0.09760081263270229 0.35912042290646345
0.42673191655287956
0.22436167569996418 -0.7220082135499288
0.6155756013917371
0.6716866439422958 -0.1312062162018259
6.086255894743309
-0.11932780875167895 0.9656469392237681
4.299566411475819
0.27720027740591513 0.2989084879930499
0.6644465124911703
-0.38492296172595564 -0.530834108227852
6.138663418923845
0.518044185418912 -0.08103351162552222
4.372806958298559
---
31000
77
0.8281109549459581 -0.6029841896091569
5.120964910748475
0.3698070085306851 -0.9269066924952731
2.7925931018343144
0.1832245320800894 0.6657020090433138
4.96957654594322
-0.7613792154685387 -0.1402277535089578
3.5828425277418035
-0.15680999292193698 -0.3491514800324145
0.4997594238293752
-0.5139973770155115 -0.5307922706867201
6.145865915641876
-0.9415499544573834 -0.2692446858109661
0.7779394646860291
0.3361571376118779 -0.2404111185968993
3.06566383214782
-0.8045862405805145 0.432790202937403
2.184622446219933
-0.6572464997087887 -0.6547045048370369
2.3820022861718924
-0.8430900769114114 -0.9425879019053431
4.729502289332309
---
32000
81
0.826552088616229 -0.7437055794895879
2.043005346085139
-0.9883565125270436 -0.9571312920951559
2.1608570040083412
-0.8214487817634007 -0.22568749845748895
1.739262772682343
0.8167453554106565 -0.3774043708183345
1.9787824185880298
0.9688946508426122 0.4947242083573825
5.313240283045043
-0.87268269763035 -0.7305586929792028
0.06516049203443597
0.9171264171238087 0.1417155069735766
3.1788899746600245
0.5699986408739144 -0.7361213111509574
3.0862064346698412
0.8440271009468141 0.1606588178858213
4.278960375141544
0.3037833787156299 0.43349416248255335
0.9193791056587146
-0.4141192591638696 -0.7398671081683603
0.13669707431233658
---
33000
74
0.3137954102065067 -0.21641339060416168
6.164715597518781
0.23727184625749026 -0.49405290934838797
0.2869775749641894
-0.08125944859698392 -0.6318043992262194
1.1950143952551056
0.6866517700834096 -0.059302369794676554
2.5639935266193765
0.6371910941655977 -0.3019144572722515
3.9970983352802207
0.8011653217095687 -0.4912367873020867
4.506661458679624
-0.6053594363656519 -0.6424538434913872
3.2327688610737226
0.3433313144983513 0.6512192226256441
1.6965362358549685
-0.4920114212857786 -0.024516193261436545
4.52644983527276
-0.796489084338948 0.8186192761245819
0.24227799373293468
-0.5422034270977263 0.425799415495802
1.239815239959401
---
34000
77
0.07274366824984564 -0.1499874206122749
2.845237290382413
-0.14170001967213014 -0.038827373461542594
1.923812599599077
0.3443239046069608 0.20884375958474286
3.905585777286058
-0.8060365445996336 -0.16889969083010065
0.38354602937590965
-0.046695944224242156 -0.00564909488421011
2.618825475041909
0.13235697781913244 0.703343040066171
1.034844835632808
-0.054178715740791306 -0.6388128650301071
0.2913188206737818
0.5904306816789688 0.5245472037146199
6.169084688830871
0.6762148414271512 0.7492755028774418
2.279941042066441
0.006860110269517182 -0.32276262109382203
3.864536140987428
0.6147404421962614 -0.3307395204565443
1.0426032556990759
---
35000
87
-0.7756577008706242 0.11204399543385585
4.1471180615984125
0.8372448979470122 -0.42172192873574554
3.45747739155904
-0.36371432913870205 -0.33035917405093335
4.656117518589236
0.2758302286095437 -0.17680069532112527
3.060579122604566
-0.33596651800023764 0.4166715886634077
5.906942007324866
-0.9795847525895385 -0.31508768168032303
1.3575466157233098
-0.17793512591985278 0.4779077174451033
0.6839863623333056
-0.25046529778072 -0.875348276877761
1.8833014248617372
-0.367452276029462 -0.12142813719224718
1.9180798772992578
0.6474560455480457 0.9388350319233438
1.2870498336995455
0.6238127436844116 -0.43207433796942707
5.812038919549675
---
36000
81
-0.45410153634405714 -0.7928862276959832
2.9682582301195577
-0.46652794744475073 -0.7976639483360586
5.0987973035098575
0.903473641554195 -0.13982980470342893
2.9998055073405263
-0.4041820746059234 -0.4063748471846386
5.095690581661829
-0.7252424880747957 -0.05668124551998913
5.42378979897575
0.7748226515895394 0.36449854392587394
1.0786377209022184
0.7987495750042206 0.021607646448394593
6.278426059056048
-0.7141975308710868 -0.2431820315724733
1.4454160519195414
0.1420531663127576 -0.03830439250342943
1.3081849148977662
-0.3618884088890389 0.39101914042411495
1.6570428341911967
0.570887755030409 -0.26913778864290977
1.1666271338047132
---
37000
82
0.5956071342323499 -0.7656092258230589
0.8291472862237138
0.869152608193006 0.5713211291651729
1.5777913143541067
0.19983155338222913 0.30500212231347684
4.226830694871721
0.18606787004155115 -0.28136193524967545
2.7507491560393547
-0.3426453127216417 0.9276663183949376
3.5890240026351785
0.4986881302785328 0.2343215618353265
5.672976517456131
-0.36564507385049294 0.8946235213274186
4.514605308717488
0.15855506695184746 0.6670553461960528
5.714879115825031
-0.49105858136803265 0.8544299948899284
4.42748388340727
0.5061364110110427 0.25828000889259733
5.6265046786718695
0.8895828008543496 0.8769477239850996
1.1550788152628835
---
38000
76
0.18314866432633295 -0.1826774965823353
3.262456109503984
0.5618445137316278 -0.07121311538931174
0.09022880648440612
0.5737671314605266 0.45684271235300217
2.8344037813710425
-0.3057507910689123 0.9506825171136527
5.484210035324729
0.6441003130268996 -0.76323938064452
0.07355723948584103
-0.6069919647087247 -0.5510606051993552
0.7729370247869936
0.2844667847781396 0.7907899877296343
0.9903383912793036
0.5434362150257039 0.3623750506011522
2.161597584658254
-0.7197573075626531 -0.38945603692246195
0.6175927239840977
0.5818900763911062 0.7290925064356436
2.9149210959190626
0.12163281401271701 -0.7855018601935624
0.36730042289150977
---
39000
89
0.41212220340309913 0.13955155813904133
0.437292872084527
0.2342770730291993 0.07930024180782266
2.042488900881466
-0.4563920444101986 0.8559865765511506
4.689014215010244
-0.1251265948445456 0.5156504696791462
2.8907242270403293
0.10031747808911787 0.0035789999219297194
3.938177531559269
0.9447365371076855 0.5519157407044666
1.9343326670532424
0.9703959353979247 0.6773828893086304
4.133837842685152
0.9101862302842618 0.5915857317080837
0.11015776445641912
0.21905623718624273 -0.5527368683589166
2.9658957284581007
0.5261058786507681 0.15377158787692352
4.894765691898238
-0.46887935096985583 -0.16555168517417673
4.371099858778897
---
40000
80
-0.8587873049379969 -0.5426872523526172
0.20187295596317956
-0.9707205841038287 -0.6786381493375461
2.2567121662972953
-0.7228380804255488 -0.6121335533061472
5.5075729881342514
-0.03710275206192989 -0.6974103576342252
3.2335816284866574
-0.8299637515401234 -0.3223054105374499
3.2720233003797947
-0.3255443909704327 0.8729457788351868
4.016629031525173
-0.5921196116944719 -0.8780369101616832
0.5332541236518535
-0.9586888873717981 0.36975922625111096
4.475478378453313
0.8129278442620202 0.7654769598100889
2.4664728997753667
0.9523777082940523 0.7255083322807077
3.330183906353703
0.7232773652191972 -0.5105317676893555
1.1233347432346896
---
41000
82
-0.937927803578529 -0.1271707321155196
0.9517173992591716
-0.9594643784033492 0.004431385276524483
1.1071897269697697
0.8848512708632951 0.08606249600045036
2.784659228665867
0.30422876534841864 -0.8720875107316334
0.9193469476531488
-0.8173297650082979 -0.6487020459758187
3.0754634337670463
-0.9143860362096129 -0.9038799480382669
3.117538758474897
0.6548985209218813 0.26397612328002834
1.177330212190049
-0.6268829304021051 -0.8234377984295185
2.6996921246460985
-0.2839371661730589 0.2084106324661913
4.929872226929406
-0.7818483115934116 0.7654962211209773
3.802024767511936
0.2772298197044201 0.6732489257841293
0.5629442002626526
---
42000
82
0.9168515596554073 -0.5929387253872737
4.925067520108103
0.3500219645443664 0.748776385569452
0.8929762524544111
0.36482784323951206 0.061350897798947576
5.076994760404488
0.4648551784531536 0.19877651140925562
5.5130488921158864
0.8652230306363875 -0.20289114281549261
5.63426798029818
-0.12389008329664253 -0.24428976596597524
4.820792088974035
0.6335758329446958 0.685629016090004
1.1217298921365266
-0.3965513049784415 0.7405577588833493
2.231014604710139
-0.7691303803046917 0.24968718659114283
5.509608711109936
0.9579423753976337 -0.8765907908898813
2.1606852482838246
0.559332228565613 -0.3194231714040628
5.9752475704252594
---
43000
85
0.6549175612117064 -0.1487643341940789
3.4888864940367026
0.41752485511342874 -0.2573527631478546
3.6721396959925343
-0.34897000731443606 0.5060380831530776
6.086353842961573
-0.3162569499397262 0.38315959379654135
5.543060347278937
0.6451299234269572 -0.07080772158095122
2.652704655656386
-0.8891093720695264 -0.627359959931328
0.7970442216695393
0.7655635960913403 -0.38980908089215494
2.2946106434787383
-0.9088500402761844 0.9389393481761815
1.4095407309419095
0.6830147428360587 0.10826737777946946
5.812855497851388
0.5737074026162168 -0.051951168743712924
2.2765921554326427
-0.628788831049017 0.41329403144717375
1.6713882312876827
---
44000
85
-0.061926652418195186 0.10614509425857843
5.555534159265738
-0.17367563518806658 -0.08512008520307297
1.962193862952863
0.17560163239620233 0.7500259206052943
0.43126324558872664
-0.874182625377125 -0.6060318633516402
1.8206422394184427
-0.7372952700959433 0.6726428423386951
6.0085088773276585
-0.8505741833949759 -0.3227367715995086
4.515874637218422
-0.8067759963501416 -0.100909812140728
2.6885485881900912
-0.8449747575498514 0.13603271965184152
1.4207641942118956
0.3185099757957358 0.1293634726839417
2.516170257907918
-0.5898844865488502 0.546007302601915
2.0927557496782176
0.25932020438240594 -0.1480318171911819
5.9336892270176005
---
45000
80
-0.34289507759374993 0.5575586693887437
1.0076761751618724
0.8811819449593353 0.48742132283406225
0.10731814753079316
0.7664359054856783 -0.7248899087398556
3.1149972311048693
-0.786026546459622 0.5083339565736589
2.720812321721896
0.49222041961229496 -0.8660672749885066
1.398209658845719
0.6745643690331997 0.9717105358177472
2.013241045440588
-0.514360461940345 -0.5603987878465363
0.7465012593633924
0.8294093142575959 0.6532554282519609
5.8737257860341225
0.12663770702503124 -0.7719494039817133
4.169521574107317
-0.7578549249550428 -0.688705624866629
0.2330021895862977
0.9421730608772443 0.45672042475178715
1.8695872246913385
---
46000
81
-0.42070783483155844 0.22371680084446138
5.742640719864156
-0.47743080096750234 0.07727512804021061
5.547906434381579
0.18480944911041297 -0.2708705682533286
0.3720396949405522
0.21110559649056282 0.9865471079801187
0.10048306357818593
-0.18084218382198494 -0.7124604826119775
2.1840677868548974
0.9936952547821928 -0.3917449394243642
4.721797642056304
-0.0906827633966014 -0.3247244309532966
2.6510729035688803
-0.23147183695810605 -0.071632012579528
3.406488167661066
-0.8622522048935292 0.6282239436790199
0.9805760372964043
-0.09758039064556875 -0.5235049587139213
5.0891371404975585
0.8893544007199352 0.6239391991187133
0.6538805014421003
---
47000
77
-0.4378749160824449 0.024907164226754465
5.236084408470476
-0.5615426729585794 0.9357556430119459
6.183447037668019
0.4418053986398993 -0.3809201501507974
6.257794683849183
-0.10977401195298453 0.46853448510255413
1.9289043915450996
0.23102349921365248 0.0006419069089190835
1.3547473131033385
0.9762779342353007 -0.7804735504222566
3.068345005991631
-0.479526902765385 0.6807117578456243
0.866255857618726
0.8219276103445224 -0.3503091752502109
5.120486012561194
0.04542609675881522 -0.9147086179738209
5.2145504243518275
0.15080469748047445 0.8389725592559807
6.149743594859814
-0.6240555289387553 0.521464698729126
3.066690054666558
---
48000
93
0.1769263621258072 -0.023432438963880274
2.1936223440950577
-0.01798988743132751 0.15357179879197255
2.084748736927467
0.47327507981165146 0.3432206005775188
0.02987772555284085
-0.6434535252707672 0.8921768937934424
0.5552299921053452
-0.7172645920532015 -0.6700346110618652
2.3172270475553765
-0.8839126644884421 -0.7693273819793987
4.672311148458783
0.9573120384652087 -0.6832378971936531
2.649649523639196
0.5803278165883354 -0.8700414809308203
4.897891951012684
-0.08553268408532753 -0.7090895526864821
4.529766879985774
-0.6215549179372165 0.9668496239466567
5.032056487408319
0.04212092400225568 0.03561628009040595
2.282147990311593
---
49000
95
-0.14353593636702122 -0.35308649129707653
0.9246817105008431
-0.9582880819930042 -0.555108874310312
0.3754954987238115
0.8745666294087384 -0.6841205086978194
0.9356082521733375
0.09532210041379918 -0.8229921488303664
5.9166745429966126
0.6140765381542189 -0.41512309891503485
5.829343957229995
0.7404309485600631 0.0971146612463635
4.469268138973511
0.5250494345736973 0.9502193003370194
5.839666328401973
0.5153921199522147 0.9745638118307861
2.077907896444459
0.836719950236358 0.7365354588215205
2.1406527846238
0.5978861994215253 -0.7451770334711029
4.36470878308524
0.04783638186624623 0.8377864613816588
2.93966879391866
---
50000
81
0.06156723517919227 0.7810971590176233
1.6062561668717614
-0.32351109844551934 0.7414209971156267
6.162186719195595
0.5811944387854511 0.8469151898414405
1.6484361434559505
-0.6394328716641626 0.1347802504313296
2.3165530256607396
-0.909550785425754 0.6877649998555422
5.86645154871204
-0.0075617282984384235 0.2620127008498938
2.5653042157016306
0.6355956057831267 0.5344017937755521
3.3580076538939165
0.7996965739550712 -0.36011384335502816
0.27932637202670807
-0.28644071574618735 -0.7204303988987127
0.8677562055962866
-0.16174525727201505 -0.7979488283511906
1.8540648876442871
0.5749089456142829 0.7034937280131492
5.541909209061827
---
51000
83
-0.22734077236243042 -0.9467579169202481
1.4739741850787969
-0.9917558088033305 -0.7148734632421605
1.9989192897125454
0.5718139326677927 -0.4838976272443313
0.9711799128932626
-0.06788204086584712 -0.5054722537709079
3.4991266481417593
0.47945265613757393 -0.1427255698068349
1.3036345648497658
-0.26544478099564633 0.10354534013412925
3.425725732932026
-0.35932438728145594 -0.5674782885009384
2.570113552753498
0.44572669515970575 0.09147700391764702
1.103570322435984
0.1479649523341466 -0.5634410544487893
3.8494400836843727
-0.9180808087201366 -0.6107841503641109
0.836707806892254
-0.05045319063113327 0.4584469158156991
3.761718814482486
---
52000
96
-0.16989759380511518 0.646472049446525
4.76390735452601
-0.29688520174646055 -0.9704275078673011
4.6448228596844405
-0.32001015480928696 0.04163691157313741
2.808705347145965
0.7036506699702151 0.9348744682339808
6.134116301329135
0.25995027101130863 -0.33080925509699377
0.7264235650959678
-0.7424024450749399 -0.3375252623367495
0.35495256084740756
-0.7650020088296747 -0.44956055739880657
3.9995379435040315
0.22849950853977555 0.7890043128419868
1.7032803187924834
-0.8572783127085039 -0.28674023162454626
2.8799426633256866
0.65768971551411 0.40818252258773025
6.124117605298133
0.3646355923692629 -0.5613761606482425
1.3026954796313452
---
53000
84
0.33732566414872556 -0.7988741288283514
1.620968423511024
-0.005970933074684798 -0.9993396549772835
4.5476221239006085
0.010472643917633013 0.503298122127712
5.801224554245816
0.6583783169541576 -0.11678305883337603
2.9477351195365253
-0.91875794102985 0.5544544404560737
3.9465200640764673
-0.32792825847864626 0.712304501443928
3.0290292326371366
-0.051958846668849645 -0.10723786647514612
3.5827988844833287
-0.25642470756213376 0.9998143037692313
6.062396119862809
0.920544971793895 -0.9459991920582956
2.847315370083944
0.5162241709026141 0.7722343433939909
0.7698862796223604
-0.6550840740716032 0.19434383439339006
5.435036773653128
---
54000
85
0.8127673332839369 0.831993345998035
2.592052004877967
0.8388881251760878 0.71117599074168
3.3487938310083507
-0.04482851293022791 -0.3383759947862999
4.262122217347943
0.24488466543817541 -0.07480253311484399
2.6273508502882015
0.7223367884193851 -0.37417140701543916
5.932517126861712
-0.05630020225514326 0.8158709336788428
5.365074221157655
-0.7670336962939006 0.7343128710819523
4.992858913413042
-0.2070047281501264 0.736389706483579
2.9417063532476586
0.9560089435257696 0.22989029940950934
3.8974326939597788
0.7272418539575489 0.29777183460561624
2.529413530918668
0.6408314129050373 -0.13238959435247125
3.4469996763759436
---
55000
91
-0.4049477222538914 0.05798842460134749
5.442159276877557
-0.238937210839942 0.16665379151589144
3.213929034696017
-0.5793296989735858 -0.23236178421357467
4.075085448308679
0.7715694237865621 -0.34917505086599776
1.4183353133916663
-0.351729282740262 -0.3245663667439408
4.487822262917005
-0.1429760372354326 0.5159762195248416
4.327038819256517
-0.11522221426902408 0.9807939342654142
4.875925462803553
0.4360674119170607 -0.595951445066194
5.18071076658239
0.19194804152224598 0.3288243074424667
3.857625565059295
-0.6454632291415234 0.5112809277740641
1.5492153248415033
-0.120943604421078 0.23802231008266844
5.2649869414500845
---
56000
81
0.36412181680219463 -0.14316311893763248
3.138743164141111
0.39516409980024525 -0.1718004894710879
2.366176315122874
-0.5385470064499533 -0.002793224873958118
2.3902909396566514
-0.08197697305659228 0.19533799821170558
1.790207876448867
-0.10651836254901154 -0.31944327262452377
5.022899636072663
-0.453269462603205 -0.14791378908159614
0.9921168351495293
0.47873600561853696 0.3519786582139508
1.9557789367018996
0.5043592119533064 -0.0578828642319118
0.49073381833132323
0.15679078662377494 0.52707080942954
5.097300672496441
0.5596006763618884 0.6211658290123532
5.364761497757096
-0.18521764753031328 -0.9468204893662212
-2.170857538812353
---
57000
81
-0.732745223180474 -0.9658109481996573
1.2871805605390847
-0.5459348457254706 0.8562342388022939
5.5626363181261365
-0.7969403407550538 -0.9006900935095085
0.7613860529080094
0.9036895832005343 0.6597992130248335
6.005106262944939
0.9396626709372262 -0.22631915412334658
5.784095962855872
0.47387181775891807 0.7701159580827955
0.25477348963158697
-0.7320923438504652 -0.4532172337722509
3.1037280682422157
0.8000911242358913 -0.4715695351890207
4.9836956906478775
0.9695289715495302 0.4466411505530779
2.6054207245111876
0.6891013681373934 -0.18819069281496636
2.663414345314746
-0.08319839132248871 0.3030665398071365
2.4087945493910867
---
58000
88
0.02138261056094268 -0.37965032430429535
6.013105771490958
0.07353280717700814 -0.4589100576751378
3.029013542021006
-0.05805354937210835 -0.14356476751215771
4.8235011691022995
-0.21570223100380675 -0.08457129156771163
2.976317631180745
0.7175527569192275 0.6697363123297659
3.5726255733271914
0.33986131407811904 -0.19739615140344316
5.236704541534567
0.6867037298027614 0.3092734041373324
3.5840878826690075
0.4416649719656627 -0.030732091197674564
1.9967136057847554
0.5653041790989713 -0.7821530693500833
2.1801894331195157
0.36298464158539145 0.1958813833056956
0.390117133935564
0.6989314525657427 0.02877891615803244
1.4032824462887872
---
59000
87
0.21983581431154572 0.2674245235343206
2.878702686915796
0.3469028048867194 0.28949400581580775
1.4562354296541695
-0.05106367709444047 0.37318505381469347
0.6806542394928048
0.22298794579191808 0.04055598831498408
3.0666843836496502
-0.08066704777786664 0.4709195458980189
1.0135401007533904
0.8548967627626722 0.22645032670997833
4.087705726325041
0.9506761772921853 -0.35709646573532855
4.349936361901798
-0.4230931145528645 -0.7820969584746034
2.731620169955618
0.0957054419473813 0.20858833653009956
5.045879723831269
-0.702402644469966 -0.021473305709060378
4.6781773799174875
-0.5505739642111303 0.22252250078164926
3.879019878260282
---
60000
91
-0.3613078452202927 -0.1421692429840724
2.8154363635400195
-0.3452108383074874 -0.2487881610935765
0.2440601180163089
-0.10286614011703357 -0.6649894026501284
0.7583689463113421
0.5217344124740415 0.5554380877370108
4.9804637071039295
-0.09445820166364471 -0.6371525060271154
4.21438652459914
0.5573712794354767 0.060927071824978
3.4726480806755387
-0.7220961846083254 0.29618315777667253
-0.9030231270549277
0.32032888938579135 -0.9615026068555355
5.432329747284649
0.0412219700713313 -0.9883717413497652
3.6272931749331017
0.6565437049015619 -0.3605287440933605
3.5617495775413612
0.4269441730008729 -0.31909154992695776
3.587784865628719
---
61000
82
-0.4711832905297333 0.8037769222115727
1.152678870454019
-0.5079477440689806 0.6355959734759682
0.5051059138395644
-0.8315488230963701 -0.9742931716741812
1.9279420271996575
-0.6332458511018049 -0.9865284203561657
3.6860909975160667
0.9797523129042147 -0.15897612591772292
1.4022830087040514
-0.6775902631015308 0.6495894817425635
3.996345961256038
-0.24652084059064486 0.6049939522268596
5.465126622867003
-0.32302334932154764 0.6730165074774344
1.270954532838716
-0.3094866999257128 0.8287105365832453
5.6138187429729784
-0.5094262886153469 -0.4623330182425116
0.3884440223141157
0.39418149347068276 -0.7091725077652936
3.5707267916332777
---
62000
76
0.14512167396437525 0.6989835887835201
4.870915877391835
0.18002198192222216 0.7153426139286411
4.684455707969619
-0.45206320311506804 -0.045868402293794894
0.9084023367017267
-0.9547361250234309 -0.7036627684898813
1.9731100620478275
-0.9676441582114536 0.0024115864427721265
3.308293489529084
0.809829051351093 0.3633104356706458
4.801131267774306
0.34018320247553835 -0.8951407725100454
6.070035862626776
0.7992884677195636 0.41693584971220976
4.8426761653208015
-0.33624398133381916 0.2566218838641827
4.804917793622661
0.3951513162713026 0.288179437221735
2.8502605890778705
0.2603858729407118 0.18104240903518934
5.36589567336913
---
63000
82
0.9514347711691978 -0.1409848827269388
5.423193336347701
0.4374097369977099 -0.5211159702943057
5.88174181432655
0.6206256324756374 -0.5815543300780269
6.265232727383775
0.8147392863131334 0.628546698052933
1.8555290095646821
-0.9891595278960293 0.09030054210023686
3.9404941952001122
-0.7786040735537714 0.4719538392632754
5.668597966996795
-0.5792758721072797 -0.6176424963451221
2.3003841196764947
-0.78663215064905 0.017840061714055073
3.1692304632862225
0.4362651985902364 0.2707891915244123
4.23421046191832
-0.4929270806183894 -0.7719101123427297
5.834548949954659
0.31156548496297365 0.2727207841105035
1.598133591342882
---
64000
83
-0.8458989265632113 0.29783989969067554
3.854969889872873
-0.3706621747785159 0.12815891923636302
5.230596727203723
-0.4239851022415696 0.3980702910710131
2.6152037038420897
-0.3646864277524272 -0.15825364264802275
3.3536740562682317
0.8847265857434135 -0.06131935270610435
6.068425263100083
0.6601452146866337 0.7970096153256164
4.569402791814832
0.43124025724569914 0.884579416577899
2.746972073179122
0.12984756481786014 0.39040940219575343
4.993474386516895
0.7603093537222333 0.4997605525528201
6.228999976500242
0.19921063177064083 0.41120967454688645
3.254996729027466
0.6486152419092467 0.45910283880398906
4.841293990737596
---
65000
84
-0.2161630071935779 -0.8915849951658836
2.613553361271436
-0.6359889919388915 -0.5675130915074063
5.5629499535048925
-0.14700550622009756 -0.4582249880910726
0.4943167863448057
-0.5728655942030112 -0.4741098903595278
5.354616768635572
-0.2009013893992745 -0.9380652638414659
1.6604492781523685
0.8200541188477184 -0.05178870763378897
3.4181942859533807
-0.7310864588790256 0.021593860079375887
0.6709870658001549
-0.8596697710141536 -0.14900997056251675
2.583704962258647
0.4184069984978455 -0.3637945153322627
1.3461107247930428
-0.8340935106576135 -0.6267578851222968
1.2676563414553303
0.21601071285484658 -0.4479161749475171
6.041016910566727
---
66000
91
-0.5943646959335708 0.7497426578728996
1.1073615616271932
-0.5332698493048441 -0.8195754110384751
3.8716875780272746
0.6063356920748894 0.0442220444591698
1.78321026815689
0.22317751939106872 -0.5881225641887989
0.2891990659602923
0.4037862116233567 0.4084947605320904
2.622492844239254
0.35003372930049087 0.21653613311324885
3.7898634011642534
0.440070825474357 0.8909528651328954
0.04014180843048365
0.869482148644776 -0.30864576421302925
2.030829445773823
-0.5036692864294949 -0.5416012219317776
1.0963382215918411
0.3882482287426653 -0.6642760844369504
0.23136079472040105
-0.7677875785870173 -0.7750507344769707
0.131972795161456
---
67000
85
-0.3197341568666423 0.21374602543631882
5.950246714102397
-0.3125220000362752 0.9973852965549432
0.8277194129432024
0.08602769548899247 0.40510081784258467
4.52885043275201
-0.6034258903669805 0.48494196454537136
0.46004687053128546
-0.4360785535202961 0.4924826835394851
0.27178105092730664
0.19463764071062215 0.8849355431552779
1.1249967702310784
0.9672720600900899 0.35926554069103755
2.3329639875904924
-0.5697337108335357 -0.6576522090257247
5.3209442107319305
-0.9429754001777355 -0.6308903377850777
2.9915663193698387
-0.22385021102342262 0.5713387643738808
2.819365692199508
-0.5827700826762517 0.5994099516589458
4.99784882550298
---
68000
88
0.5569629862376264 0.6594604890376639
1.728110248304966
0.21163570861243813 -0.3705100764158917
4.335511130698808
0.12983327313052048 -0.5676637835661392
3.4538284262407872
-0.8468070451741323 0.1481464378470464
3.4898385991662
0.8569972775223318 0.8478843228179075
2.453951532838198
0.42350228099651915 0.84294683328
4.420055857078756
0.39827791109657973 -0.13550440350670412
1.6951792287370795
0.5483922765030631 -0.6155260588378008
4.302111853543666
-0.11544329743074382 -0.31708986630374086
6.245921001609108
-0.48631048810747163 0.9856216583769482
1.670801150155106
-0.7541268642344232 -0.2520472539685352
3.0282117949134273
---
69000
83
-0.597856023885081 0.5964073198008631
5.678370396727575
-0.5992847265386073 0.5706926573751202
4.909746649649481
0.9513948272907158 -0.641252374379103
2.7791953299437253
-0.1369338358914993 0.4746353329586407
3.864752926502338
0.6994045982747021 0.05033806105558061
1.911073133999177
0.39623976299351754 0.5053911198000633
0.5480759857348012
0.5433575437203981 0.9004775276001149
2.1512583225924375
0.8594406349404942 -0.5593438517429993
0.9576917619964078
-0.5348037247436404 0.2510659653549182
5.616873738773093
-0.4236859586133523 0.3290951308560771
4.1433882578683825
-0.36718643078351676 0.8419255455575662
2.4583225046557784
---
70000
77
0.2911312003700546 -0.1888285403107598
3.092639720899415
0.2720352911992855 -0.1485440894286712
1.713655014448766
-0.12155495082315064 -0.34348185886687777
4.946189797182457
0.9036467060987676 0.05603800486467494
0.9881004099512802
-0.06070242438085725 0.8944216581570914
4.992231006106931
-0.799171219309152 -0.4249572311819012
-0.28510449661571796
-0.5060021130073576 -0.33545487326213214
2.405147164088735
-0.01606302476561588 0.6449395785040073
5.450970887753629
0.2592534676875218 0.41245195502456583
2.045415324169192
-0.1802375064831534 0.2668256261512475
2.4398776603943713
0.5843067545848694 -0.7450246479660435
4.667266544781828
---
71000
84
-0.6898905160761264 0.3906897810757963
0.9791352295341109
-0.8021340895465292 0.28584750478883736
4.215628170436084
-0.6208407603068814 0.9331985707837132
5.80002595544425
0.8241785009454297 0.8291822154651638
1.622955881770963
-0.8593491817427464 0.5281328636972437
0.27464051840318415
0.027538608079902042 -0.2371804260549528
1.425109975908252
0.14536569688081363 -0.6736533693005853
5.460875623863027
-0.38655999869783586 0.8275257341094119
2.755757851726715
0.8824021603292903 0.3598060930717364
0.09628888892688803
-0.06764592068759895 -0.619044789895166
4.126941256191469
0.7706659869044227 0.3016282475559002
6.195652333398485
---
72000
81
-0.7663667541683011 0.020676475308561114
1.4609856607168346
-0.711221561494494 -0.3742976251601104
2.647944449913127
0.3403972616287124 -0.8389520805796122
-0.6488075352664046
-0.11044986117661637 0.7169862428408496
4.1753228389447425
0.1270384202282867 0.6021644391780953
3.174167324067909
-0.00901212935887035 -0.3679849181692314
4.878337439594187
-0.9968559517090954 -0.8011422063631146
3.9900259026936107
0.5541686415973053 0.9883073071270613
2.969001109306454
-0.24857114551092 0.6595868188923909
1.841756329703685
-0.5858715992684405 0.7403269658078799
3.440394022925089
-0.18586394342015905 -0.3453356218209473
5.412808237072861
---
73000
82
0.608744794188011 -0.7367956744257367
3.649683159995205
0.5845972356594749 -0.7529841409672211
4.969547988264255
0.9373568229232961 0.5112842115919312
4.530316524941266
-0.5887530280802649 -0.3122438480788687
5.217146914204265
-0.8549665024642502 0.886607574381048
5.472424243911469
-0.22727779435729328 -0.4196993866040891
1.9894146805838728
-0.660810544246341 -0.16357497215191863
1.299790407584485
-0.6670941202738753 0.4229751377414871
3.9713175084007437
0.21127770699804466 -0.22122325334719728
1.5913310653437946
0.8117389742030222 -0.8161500806826348
3.7651429168073633
-0.5161376303493728 0.20887824596380625
5.217018554421062
---
74000
82
0.21828661971618146 -0.06589978167457353
5.1884291800703695
0.14074466645717887 -0.21585689136272346
6.2271900993182685
0.5275819893427993 0.17252044306850814
2.7904526885274823
-0.7634744582634432 0.3264764337631398
3.9393920032586145
0.14362442794832692 0.33717269498929353
1.1378947376090371
-0.9195822726971896 -0.5782013882321841
5.381777156280019
-0.730223545594497 -0.1934578375004492
2.8522986004337136
0.2588753451997513 0.45143228574844707
4.481363988766011
-0.7207005843130495 -0.26256867280667884
1.110893043061206
0.7315763264700015 -0.1384335641366101
5.174840918632483
-0.15217538888358645 0.9806833421429193
4.9188638729122784
---
75000
84
-0.7307307962617324 -0.36171748017528715
0.8500721067762576
-0.7748067388614528 -0.21875593498475943
3.2792518603724394
-0.33372939416840336 0.2817451217757219
4.428080083081803
-0.49358678166652753 0.07079965426515207
0.429193805550546
0.9149380769683579 -0.9625756947003934
4.786359724865707
-0.4792584931565644 -0.790028001386811
2.6872187634565616
0.1068182641591924 0.17109855622441097
1.275108669754421
0.4055195085800857 0.643106333772006
2.062456772666937
0.7291955353777309 -0.8526229374112793
0.9406956004482785
0.7172146050035924 -0.4584784533952182
4.804054703684058
-0.9046467947345629 0.6892399264475657
1.8260593796737172
---
76000
86
0.853704305371165 -0.7388472134078343
1.279548532863563
0.903781532134842 -0.7813938894789084
2.1696266456653506
0.8635176698897495 0.7735766265463616
1.93255273298462
0.5832938025554422 -0.8829457673378576
2.661589804259078
0.4051089097941406 -0.4544124897383403
3.53131262534506
-0.07621890570871934 -0.6613505282647588
2.6781542615768146
-0.5872588167187751 0.791706735546773
3.491961723197071
0.34137482809605807 -0.2048401025590787
5.039243266503275
0.6063510534948935 -0.8743835299163036
3.2546687290769363
-0.5836186229333736 0.34602298356918526
4.657677707218647
0.9054450634727169 0.29705032033189366
5.050677089304504
---
77000
88
0.8457727954701422 -0.29471754300273834
2.5385497012137654
-0.7410635561049453 -0.18472373450545276
4.738722665527169
-0.7912999904713226 0.08874249374663537
0.0370523214795222
-0.9703415475958853 -0.5397285484060793
3.8119973126239914
-0.18094035209192783 0.869612720497789
0.5182842781350079
0.21270800664547132 -0.3931896679657084
0.07640585097584296
-0.6942705505320013 0.11597948318665233
5.511301842465615
0.13804300341961973 0.31820786406545853
3.259457542127418
0.4084523756594586 -0.8006907025685882
0.4081777185159119
-0.08678374368673551 -0.17344739074971774
2.517590981319459
0.9553813842373048 0.5668032306770147
0.9421406957492202
---
78000
94
-0.3526025496974876 -0.5733490398077701
3.1396955523448975
-0.7470354823725676 -0.5814600580513405
4.916626234266118
0.7263201158036398 -0.1262283986183009
6.132569081793165
-0.4684423109976352 -0.9359681049813643
2.695086628639757
0.4310928743297786 0.6059696294989947
4.598023600262376
0.724687462106167 0.9930605313747582
4.069126240500204
0.43968796011701444 -0.5147995581524296
1.8844065066311106
0.5526278502823303 0.8399428894002957
4.2521641392802
-0.7257956041194711 -0.841597601345746
3.2910100850544888
-0.3743770591898423 -0.33950873202524817
4.200638648895236
0.6900455369452961 -0.37894820976925575
3.5649309714634816
---
79000
80
-0.4478667992908398 0.2911213010465503
0.4034517474592266
-0.4620998234645769 0.1541471560856735
3.8353902626769996
0.9691298903722666 0.1446970351729932
4.339867478655939
-0.4962237684404388 -0.031203851195827137
2.161104330742055
-0.8432073047207691 0.3711837114428853
1.034279132308602
-0.8997242977176644 -0.16018441130818206
1.9593749282300763
-0.43536241035504586 0.4063095858357568
0.03264448650376828
-0.34476676287116215 0.6144463944730119
6.144471101695742
-0.5211130918918703 -0.009437055452294275
4.555114566631226
0.5755181934267928 -0.9226892143621954
3.5731247237771466
0.8187644907737062 -0.9576099558409081
2.063259848798504
---
80000
85
-0.22887439775616175 -0.3932939541934278
2.269489167533358
-0.1927551687889238 -0.8028023930490619
4.074440220494683
-0.37180093019293553 0.2877860237844268
5.089607173482817
0.7720972062150747 -0.17171813504284744
0.07170318335365544
0.8671047063344863 -0.7878780114482543
5.929716265109814
0.6751550922779805 -0.527511930292252
3.3791147666690957
-0.8276697828497217 -0.8173438394513245
2.7727264410311303
0.014225475519506255 -0.06609243180782698
2.3234127072990853
-0.09927387049766005 -0.5950074466723787
5.289872356380101
-0.4327161959482468 0.8175124178803271
1.7226939509705774
0.05427209538146846 -0.9080830511948891
5.721568356027995
---
81000
80
0.8720819958118495 0.6498511517580126
0.40382189326526197
0.8609488931174795 0.6497145675490775
6.170593717031115
0.7951123298938454 -0.970744980378009
5.40457592778844
-0.20637786736155012 -0.03448554349977288
0.9966457881557842
-0.3463673308340927 -0.243880204683829
5.140129421467669
-0.5000620269608135 0.3808257889482776
3.725419031881944
0.9571217357810374 0.726468464332666
5.241936578596932
-0.6020753736950768 -0.6544198418535234
3.5860310573917573
-0.5774534080398203 -0.855193139066475
0.15051901918736377
-0.05931680071456273 -0.4035382018108919
4.654120472448085
0.3222609737700036 0.9934996307558749
0.3927462012848668
---
82000
85
0.19684546053041127 0.31075226129914807
1.8790840206565607
-0.08713599606010088 0.38103776486865687
2.571879803335679
-0.3411427876467169 -0.950416603687028
4.128235233414768
-0.9018649551861821 0.9689734402201229
3.3092395656160063
0.31535843426647103 -0.22647536973376464
4.705570612691606
-0.4449520244976478 0.12388841933528272
2.609673970137619
-0.10504505504318033 -0.19397944215192717
2.431437136594176
0.713305632369516 -0.45721376377062334
2.603344110200406
-0.6632405895580032 -0.9041865678767033
1.6153635240387088
-0.4104463939117199 -0.08865454411545509
3.462782921586588
-0.050419363350425794 0.12421028193195927
2.4049269679816065
---
83000
83
-0.9784652838165951 0.5383871780268652
3.520559180056486
0.5454128975349383 0.48364581646892224
0.7990062884806575
-0.5348352312239675 0.726870037706761
4.382158583075186
0.32660320754520267 0.9577664389790013
3.7216094930171213
-0.0521376991182472 -0.05964273234937659
0.7370317287274544
-0.3853489934912691 -0.26455501110303564
4.4271266690810265
0.609882532651938 0.11785509693368067
1.2234480289100667
-0.21705499685984203 -0.712180634027548
0.04792057329776789
-0.2935946828786196 -0.9291717167003644
1.8671521524188668
-0.3213498442449081 -0.5670509743955044
2.092548603610446
0.10772676101760828 -0.6960348272133688
5.158866633272198
---
84000
84
-0.12836340642312202 0.902838872991528
3.1850296709712507
-0.022161701742150798 0.9803002600077372
1.7920279254258293
-0.10476879521291074 -0.5222877250277456
1.1867457468271292
0.44845840853031854 -0.5328699701934834
5.431351800895718
-0.5984481396521564 0.49194132228064796
2.671896698356935
0.020634577052627223 0.661381859594513
6.1920674718724555
0.4722773387800151 0.7629222382370935
4.512044375279749
0.23378838476927313 0.4667820301583194
4.796523410470094
0.6001402983131054 -0.32457606730983807
4.191592677914927
-0.466104483662409 -0.6509512008163572
2.584584699175636
0.7914285669023216 -0.45131510578437384
0.0708736993939807
---
85000
88
0.7224171476779506 0.7255949098948175
4.970363797450345
0.6988925067556248 0.7211387072712623
4.556047176333784
-0.7642838460844412 0.8279392572546731
0.2373811331028648
0.5854025802701188 0.6946484344132184
0.40678087771397475
0.13572297051262888 0.17926621450166538
2.8861187328701536
-0.6498838228192882 0.40371641932383073
0.27759886135956524
-0.7407618690538776 0.795379828223361
5.787574925226855
0.06649542925366939 0.42546284241237664
0.9570735814258882
0.9764566207247327 -0.6884668966255236
5.897592761039525
-0.12871742040219192 -0.2446551093767437
3.9600116241549177
-0.6248979903537223 0.28328359818916016
5.811845758869004
---
86000
79
0.4175886184644834 0.3517786093960351
1.148381905158888
-0.4246791943903916 0.0020630575915421834
2.0160911957931384
-0.7968672686537843 0.8550513463619459
2.9977225331124737
-0.5062606128111806 -0.6020143149173021
4.686820464904622
-0.7352944812995105 0.06056607052273978
5.303965740757408
-0.6253086566342932 -0.5189650445387146
5.503198728588752
-0.3370724096355225 -0.5611740928638274
4.9192287364174
-0.4826226857999354 -0.6533894566826018
4.2660156768756865
0.5446702675753525 -0.7188476416841566
2.8225230684672775
-0.6664712078024841 -0.29310270471895256
3.7755022346380622
-0.3060844534320042 0.8354411604601383
0.6973767472148822
---
87000
89
0.1350409280862283 -0.571374848163353
4.982156260609635
0.12901993273216317 -0.42266380970727807
4.465909591907221
0.9228543385916974 0.48974081602970243
2.8714571338748627
0.05079695421385834 0.2866997347709667
1.5736716598979976
-0.46960198741073444 0.38466032479936996
2.5362941707977917
0.7506100454304193 -0.6550702777129801
5.109914980569902
0.714515367668568 -0.5179644172060216
1.7113870959552004
-0.27063025834449045 0.35076289672030564
5.161784475754684
-0.6591827927114264 -0.6039380500747464
0.7073628336182258
0.5469381997166931 0.6864926170027893
5.963646121756196
-0.5389206514957993 0.982840958247744
0.8197272424368283
---
88000
80
0.6047948057560448 -0.37780462240974644
1.7192523641091988
0.6497613805041187 -0.4565066470333153
5.055419942773427
0.3146925317621894 -0.2943401481783572
6.126973422504589
-0.8267707725585876 -0.6964680492297082
1.290368894105601
-0.8462596012252845 0.12470720844368367
3.822149917229461
0.6514130974689808 -0.16965366686519465
0.4899223724091759
0.6739048166262288 0.6889652007846417
3.0899503395131678
0.19350103546717792 0.02690461284449771
5.37780728448697
-0.06344665042372827 0.46976050467806685
5.555207581308684
-0.7616967798022756 0.7398039424247339
1.1170308124835617
-0.005204486190181092 -0.016092005021604135
4.889018835057589
---
89000
82
0.7011603085583653 -0.31415549254958114
4.2948903861204055
0.49482361929599716 -0.40432456908101605
5.442748594023613
0.11502054897533655 -0.6952413051745766
2.562193366492461
0.25508954745880036 0.4752408382476809
5.269577876181942
0.14904255736454874 -0.6760425987923597
1.3087117977982707
0.4037517622359676 0.5813442926452723
3.416277077578733
-0.6219994886247696 0.7291824233598152
4.227940455112032
0.9673839364222072 -0.34551544727087063
2.565609232009202
0.46775412760147805 -0.5583017126472604
1.5942611785630012
0.9631539233135473 0.9225265525806938
4.4854755267766935
-0.6806461609871525 0.9872892092094672
5.357651088857548
---
90000
74
0.681224394112781 0.8919252594515028
6.031172200357644
0.8909840930874979 -0.6010994796139337
3.881695797048237
0.18761883733323392 -0.5488220433734069
1.022969896828391
0.21695161091618181 0.1793072282901277
0.32942908661429904
0.557137599610313 -0.6863552336342338
2.6177156046827506
0.8527262377411164 0.7646764092276521
0.8953665754119848
0.22253421943794818 -0.9579399604671649
1.3222533018703486
0.9379806989753692 -0.5329914309101165
4.244380839360361
0.6127940366465379 0.5851085359358944
3.915188750951798
0.34206891027558595 -0.2132447101780416
4.0578922998958475
-0.5753927087913232 -0.21047399089402155
3.418731007521683
---
91000
88
-0.3432032170079476 0.010437758892470908
4.206432805388057
-0.29628032524637127 0.1715902787366686
4.908455851983202
0.5718417326810924 0.46156076268735413
2.688409976063431
-0.05577114651000992 -0.6414710258484306
0.3135676188547931
-0.8660521195185604 0.6316312026267009
2.5007325689846143
-0.9043396887208138 -0.07755547561968776
6.270126494263883
-0.8696916515279292 0.9438362668940561
3.5105324773568913
0.6235624047192363 0.9138413262313485
1.5656234009130676
-0.971402380408056 0.5889141848045057
4.096553962368396
-0.07325054135597554 0.08214490462107507
4.192958587906612
-0.2662955330241656 -0.21767327405246165
5.456336146950777
---
92000
77
0.5022635298626507 -0.44157197617151966
6.24968399084267
0.8341843561916156 0.00010944218045175202
1.1046161210994052
-0.17742941665175496 -0.7901933067288821
4.158166483399371
0.8261724880803322 -0.527066971157663
1.0761637103782964
0.960734925822603 0.9216383641467523
0.060118594465020436
0.19246032615582812 0.4414795083172834
3.434009665331965
-0.6988499996118702 0.7043781786748899
6.199288237677786
0.7686135762144959 -0.40507738342804234
5.6031900324174275
0.17749814634692526 0.08351986327645478
3.5865802796366735
0.12889936322272078 -0.9165172530643646
0.494268607702649
0.023927139851178652 -0.669144841345507
3.2340011835032607
---
93000
87
0.5275546865110233 -0.031508793208898975
3.594750833085934
0.45104247024939925 -0.020785640346130497
2.2108119360365714
-0.16713262226106165 -0.343374949611762
4.9207611767522765
-0.24840260729118716 -0.013613047971455058
3.799307266317376
0.47980594115259273 -0.20309859902522534
1.8720557168753373
0.5640728475672205 -0.11619993988258881
3.793305921060904
-0.18805756004456778 -0.3028466340606227
2.9827881986355784
-0.314418088155111 -0.7327175282489709
1.7766659465263874
-0.8428086396212884 0.7298193722303972
0.8941736041749184
-0.7387450597807568 0.9181440930065579
4.523587655012585
-0.305998578574388 -0.4459488763681582
4.9777462480798995
---
94000
88
-0.6342102343975065 0.1465705813803439
0.6778478982820034
-0.6244685573563528 0.6856950850809747
4.3029590118890635
0.5297876835580982 0.6881236117272327
2.2953875022831935
0.3597449069058558 0.3446465018861436
1.9593916195070786
0.8910620207964041 0.1617868042274448
1.9394557563932544
-0.751856040355841 0.9088585441030722
0.12367708431302571
0.6028955873731491 -0.19583248449252227
5.213861446517565
0.1945233894258065 0.7749214525810961
4.181150586918015
-0.5854120020576633 0.0396169996279658
3.5055877347370163
0.8887075605444883 0.9311095077588348
1.5979108034285812
-0.6754704284545318 -0.1485656880571028
1.0289016548260737
---
95000
77
-0.3445615873265941 0.055692485692502035
3.01639867858577
-0.9996191926765865 0.8894705174695064
6.282750512815843
-0.4799276103776951 0.8046966824139006
0.17016949002832238
-0.6546237860383748 0.550422304521501
3.315173805503445
0.09533330923783212 -0.20373595013727877
3.3387021294835435
-0.15521553026861476 0.7624180646157641
1.925766098541155
0.21083204451036439 -0.25187754814845115
4.1369670735544695
-0.011391488026368107 -0.00915647888036529
1.4627528016789695
0.019376640433634764 -0.5096698465186386
4.747111454735965
-0.3562314522458858 -0.08776140842664332
0.9542840756033151
0.06281212330018754 -0.9062380295338849
5.695446784248949
---
96000
82
0.6452392421796254 0.4753392335102757
0.5647918237163123
0.2337913175541933 -0.7955694673926276
4.40213891009901
0.27531597336393887 -0.869822146464276
4.855187576253097
-0.6837464147489103 -0.048774643393886624
4.730319780201215
0.4893617840814786 0.7215750028226353
0.9220157983534047
-0.19477490901416558 0.09010391073412002
0.9353957886626976
-0.07385053689550486 0.3812674801459743
6.253862395161346
0.446672315471705 0.5616057965639626
4.620581613302629
-0.18179420912937386 0.010984977400064561
4.190583464080613
-0.77023424325922 0.6679048978693153
4.244307088701891
-0.4243280480639769 -0.5428800500464127
3.521613717735394
---
97000
79
-0.2306658592642071 -0.22928154737626893
2.8335706973612558
-0.24079279185531952 -0.22338304531133327
3.2449196374441884
-0.1795556552829884 0.09331751827504828
5.638314247622324
-0.6179185333227414 -0.7045034981449377
0.13599139634897917
-0.23565461314819874 -0.2934623371044323
2.8965893994967518
-0.03752625055505826 -0.6745740724718856
4.33597510783357
-0.24135838028652068 -0.5153911394789739
2.497242380626619
-0.9941471976649378 -0.5937261784410167
3.8141251387706037
0.09739562976317641 0.630257808215356
0.25541615353896496
-0.5785062673271089 0.31688963410062054
3.7929403355880043
-0.9033041754300616 0.8153941956084775
2.513436774892096
---
98000
85
-0.28630346079486046 -0.05646584466243629
4.93593285992973
-0.28474668447301604 -0.19276274281923322
0.4178948454648763
-0.08448341514120247 -0.7555995505818763
6.241084953765169
-0.6937140117282857 0.7732104322699764
4.429457769693373
-0.14435015907078713 0.5244175900107162
3.691847063716014
0.20278118863381536 0.6999167379250991
3.336572089097138
0.6543776368155387 0.017214517915515756
2.5691487786225586
-0.04728356460047011 0.6598464720532016
1.8305820223591827
0.06253123242580741 -0.33590202766863086
4.982654692533761
0.13347808132177028 0.9041870745805843
3.535471164367425
-0.5984090475541984 -0.15014669957513538
5.147455615554915
---
99000
83
-0.07642233955567637 0.944948208151916
4.2055938692805555
-0.3278081429206704 0.9195005087679928
2.938827295265743
0.5149296388860475 0.05197032981350991
3.695716602524402
-0.5192271057605448 0.8311006522817858
0.18073703232575422
-0.9332987468175545 0.2625583504617385
4.052124422145129
-0.3567578341950169 0.9674761118432752
0.04680573563984769
0.05291531315253416 0.8869803524107215
1.8343688058771672
0.14474257791688747 -0.03320107386454139
2.855909241943291
-0.1358419481174117 0.22038631722482435
0.5649074513775325
0.16081863707757027 0.555928442106912
5.800334643456045
-0.462136342293896 0.10142765923592914
1.9354262367367225
---
