100
{'run_name': '2D_rec_10_total_boids', 'annealing': True, 'annealing_start': 0.2, 'annealing_end': 0.002, 'nr_observed_agents': 5, 'nr_of_boids': 9, 'predator_present': True, 'grouped_spawn': False, 'predator_halting': False, 'record_keeping': True, 'record_frequency': 1000, 'exp_folder_name': 'big network 5 observed', 'boid_speed': 0.0333, 'boid_color': (0.8, 0.8, 0.8, 1), 'boid_turning_speed': 1.5707963267948966, 'predator_speed': 0.0333, 'predator_speed_slow': 0.0333, 'predator_speed_fast': 0.0533, 'predator_lunging': False, 'predator_lunge_speed': 0.013, 'predator_lunge_distance': 0.1, 'predator_turning_speed': 0.7853981633974483, 'predator_color': (0.8, 0.2, 0.2, 1), 'predator_confusion': True, 'predator_confusion_distance': 0.4, 'predator_confusion_threshold': 2, 'predator_chase_time': 20, 'predator_halt_time': 0, 'predator_eating_distance': 0.06666, 'height': 800, 'width': 800, 'graphics': True}
tick
boids eaten
predator position
predator rotation
agent positions (and)
agent rotations (interleaved)
----
0
75
0.37315391084957783 0.8839539102591917
6.235338483430761
-0.11342596944987791 -0.7329857825919645
1.645402780149634
-0.18658020036972 0.2600764603898787
3.7781679605827003
0.13276572906246237 -0.059947546472640195
0.28074787421552805
0.16810223774266908 -0.813569465509084
1.0497566203599196
0.1884804279870688 -0.643479312116874
5.746751209128678
-0.8621223384065503 -0.6565026739503412
2.516427940610965
0.608358758961198 0.49713811430773175
0.5304513994280973
0.37353100696641856 -0.7607444350638138
0.16043224441663573
0.15631092395767976 0.769075497793415
0.5103740194993918
-0.2275328285039825 -0.5226817370051869
0.6485743179580585
---
1000
90
-0.45758286290322525 -0.9206804829650325
1.7538500820604679
-0.9598569005584379 -0.7072000417649367
2.3588374672861043
0.6299489119643273 0.20953945296083878
3.4207519166260223
-0.7584907943839249 -0.7978020638702819
4.597589183430223
0.14454709039111108 0.2676194501566309
6.159798683270314
-0.824282227206572 0.5783252283610523
4.507305397666611
0.5690950853136333 0.43000327662351145
1.483942271874243
0.4660401784330681 0.4639545715876048
4.167353286607419
-0.5437636951963536 0.05050227731107246
1.6487410933137978
0.23209120016872314 0.7549244955966138
0.11570878973170196
0.04967021606026496 -0.18549695566523616
5.092291551613469
---
2000
68
0.6053553784044367 0.49906902684174814
1.380029966542617
0.6661049789577969 0.5402944509047701
5.620196144830044
0.8325526301456425 0.5034063776222417
3.6728932235947473
0.26091390503449835 -0.9247746813635205
0.9427764483282894
0.5388573417989513 -0.9565902635049988
1.8413569937287475
-0.15310727324223988 0.9390523975933058
4.997222304809635
-0.17924745384965624 0.023510510632076057
3.2768865733043118
-0.26998323179484196 0.43526422458515074
2.838470684797289
0.3306860028280956 0.3302454736853346
2.689299269009455
-0.9248379536480058 0.40615879844649555
2.431386380094068
0.15856116738584108 0.04638411317065551
3.943999760589703
---
3000
62
0.6318482722954091 0.7027945983712833
1.2773431646234226
0.4995551645038398 0.8838470232704302
6.016531296061344
0.24443875599639053 0.48010743627476077
1.5186920318508985
0.2993463279582638 -0.8529502144305318
4.519609926099514
0.8356205969061111 0.9831960395439412
4.284162871452895
0.023917064463556195 -0.7463270277419831
1.4818619660616097
-0.23170669969884525 -0.7270296176855403
2.8654386183121447
0.9848718731367873 -0.19361704943484992
5.660237914619376
0.5975195168748103 -0.806416657251729
4.510337770292466
0.4033111609088941 -0.04140226920813988
3.3663757147040507
0.9824577999823452 0.9328808246227076
3.8990891894270354
---
4000
70
-0.7100068149127423 -0.21784686569297285
3.345930564810591
0.32560692437032607 -0.41519717103895665
0.3154074984098578
-0.9332893637913257 0.3272886026158757
1.3280677169109696
-0.8279042625134405 0.7118943574557748
2.584246556406579
-0.7803666204466673 0.6875635590715787
6.078197066743433
0.9721608373939992 0.026767511570106095
2.859320214056611
-0.17247117828721797 -0.5847633708850251
4.482635082863893
0.2051844101542059 -0.17806673242744225
2.5694298694835327
0.4917806580131074 0.4382979828849742
3.4515642815370846
-0.06593748733735813 -0.5287837148615719
0.1532220053797566
-0.9589145413262684 -0.06266627595167013
2.8600186270921775
---
5000
83
-0.14931113802127277 0.5336780095093379
4.698568107785834
-0.26440304671738574 0.4413701645024929
4.7190352441301044
-0.3475893384585873 0.4666552050434814
4.910813851566899
0.2284494100484571 0.04724364060927572
1.7350640757304792
-0.20673516407831882 0.6382993022159942
5.7982544124261155
0.9200897974083913 -0.5599450227366086
0.8676219415880286
0.26786984654898494 0.25074336294496585
3.7554216823034867
-0.4370459508670166 0.04090950096691777
2.8307146976615485
-0.3473864158155704 0.4881463991958175
3.6531160929108113
-0.8415363122836896 0.06549319983754576
2.8944845294733534
0.36092038000628135 0.367917512937542
2.2243005495915193
---
6000
90
-0.5747015701165327 0.8817559803536437
5.379854393493296
-0.70294279607365 -0.9547717147304936
0.36212886881293205
-0.9450257113933562 0.6540667004145957
4.718689796909418
0.9385252630232344 -0.9257889114413941
3.4253430019489883
-0.15239452869219686 -0.8185289213778273
0.4631777657698315
-0.24999661403021955 0.506959992969585
0.41473597248470107
0.7283769672810807 0.3816445609641374
0.9941558788920899
0.17374336657378112 -0.13570346543176456
0.28991631450209265
-0.487636374325985 0.4803974684887015
1.8513156733059057
0.22742453846641067 0.23347268067768107
4.669488296130094
0.5075116594505479 0.8022234817989424
0.7771090849171796
---
7000
83
0.3856380732611275 0.21445275703948494
5.983379502896005
0.3922182963164762 0.13604965262838853
5.290787985642337
0.3039199489257318 -0.12499356953073548
5.4767348659590045
-0.848425495398372 -0.9795038315095905
5.919478914441371
0.9685753916837129 0.13177002154950032
6.1365168224532205
-0.7982401367904594 -0.2895591255604191
2.2583284075144068
-0.06022283064327414 -0.22349559572379016
2.8784299684115506
0.5550116458670795 0.8038529520737475
1.7885796597995656
0.9095239284510737 0.7488137551216589
3.764539137899183
0.24089844790869563 -0.17434192171889884
3.0942692341644475
-0.7806212270177002 0.7181036837401552
0.10780333764227468
---
8000
90
0.865553671235487 -0.05592961270322491
0.6995190859969528
-0.11148483650592794 -0.002329705807649421
0.34990698051258207
0.07765284189003215 -0.9160420122722432
3.4584811372361868
-0.12021148125847642 0.7769246427147334
2.1032214426038305
0.17318825862446072 -0.6727630160840467
0.7783711767105244
-0.7804476766069977 -0.3187559927020486
5.497928965635912
-0.08485263633801048 -0.4071725130675802
4.892622752579686
0.5265045008281395 0.6055639066459942
3.5770528704911664
0.8928583562894009 -0.06820457764298471
0.759019865272804
0.3349160233593146 0.6677875832217156
3.312385602290063
-0.5129358187450009 0.3757848038716253
0.6608189887030287
---
9000
80
0.8334766208201869 0.5196796508051915
1.2229938345140807
0.48100393903427174 0.49637158354540184
1.326604314787967
-0.6463865521628127 0.5446831108548341
4.028798478297922
0.2100271461514174 0.425131971856295
2.2760506757039316
-0.4597914830129499 0.08091022215334265
3.431442352458829
-0.31402735503261514 0.2172314750010953
1.784398547261799
0.8492724875713737 -0.4028148980302822
2.9004280406791993
-0.6167114926275119 0.35912248175963146
0.39674517971330925
-0.535696932837565 -0.7322777183343031
2.2714172715945598
-0.36285299570561613 -0.9398443328331554
1.5181694026864134
-0.25240535557322885 -0.37187917892094036
4.560559834889177
---
10000
85
0.8542116198087234 -0.4870734570391619
2.50019981057896
0.7546177607244794 -0.44622619663310165
4.852032548600617
0.19048973237524588 -0.07426758292893029
0.7426061944693014
0.8043174344167506 -0.2848514424380684
2.8058641132996334
-0.7309692017607189 -0.06831723666217906
4.411076491878384
-0.6936222825115189 0.8090500784567811
3.5677579148375775
-0.6073546961743096 -0.9503664585454231
4.048177418434172
-0.9505211787436292 0.03450007716569661
3.906586918530971
-0.1333373467617982 -0.15142789691011152
0.3246623584849866
0.521101396430652 -0.32036534704947434
3.287513689835408
0.5270393598857728 0.8708775845083753
2.5272769007524216
---
11000
78
0.9129474034083753 -0.6982615319777778
3.4970130730841302
-0.8082060920105529 -0.8148305177914781
2.551024497566205
-0.0855329509201686 -0.19020268330254086
4.524106815259451
-0.1690010644980161 -0.8391511298429363
0.7934243827418994
0.8050386919738161 0.10544193362948648
5.85645803478293
-0.11680586917977578 0.025530657440464375
2.6225480645362476
0.49155483999324157 -0.9242365001019511
5.938228873327639
0.7841730982816534 0.4765160255423557
5.134256281145586
0.4032690672045468 0.7136898878952743
4.436347213216201
-0.17559131735105132 0.445806655301028
0.5473344225088241
-0.40526649646739976 0.8008721743827306
0.8714992947010884
---
12000
82
-0.6029773399901319 0.7645319242471814
2.7989736480231597
-0.6900442852248021 0.7351594714313674
3.393037948024782
-0.773188759888881 -0.1834579207417014
1.99710882728247
0.06588941273610803 0.0007698173962831095
5.2882648266201935
-0.6365727305496508 -0.20605484184022155
0.4950612498614282
-0.3517846188468867 0.9318695151215027
0.13785505731853664
0.9144596875095612 0.4022373078595268
3.422671424738552
0.2412057580590674 -0.001838020571941476
2.5131047978803096
-0.4150686854587613 0.6865783815628558
5.122453917625372
-0.46686602205024663 -0.2660569820341642
0.9680647348466849
-0.10794761327633051 -0.528832417840714
5.147122620851203
---
13000
83
-0.414992355354556 -0.3633731909005848
0.6872120569280245
-0.872638148143175 0.013745542670825023
5.456007737339697
-0.2831791205849285 -0.2961318708773609
0.5597346204882703
-0.46125612949448574 -0.14957446114027262
0.47936215481692557
0.5191485675881546 -0.7320352774642488
2.5942539700991807
0.3088846909907419 -0.11603331116424541
5.401115225242107
-0.10540322514247455 -0.6411882220120482
2.326612851613798
-0.8073924354619766 0.8403054170880374
2.0283669650917817
-0.4231239340008432 -0.5571119777578452
3.502100264501059
0.01826609976681943 -0.36993998415543466
3.37068104628995
0.9825486145337008 -0.2711029472838327
3.1927690074541326
---
14000
86
0.29385796675360426 -0.08469313671097634
4.326333216304126
0.4542207888419696 0.27483223955475106
4.550891480205214
0.4876469689526457 -0.542586471414409
5.8043891090694935
-0.4421673648392639 0.09539808035861005
4.933084269081934
-0.05837820950418762 -0.727632804970923
4.650524240186019
0.5207495542669608 0.25109821351820777
1.9469831689859172
0.639831494383099 0.6651585627781494
5.594200417694839
-0.5774214078139835 -0.1325566494732795
2.6318164080712902
-0.7643993690868826 0.07251283364865782
3.471367652595208
-0.6071560043583614 0.2627197566589675
1.4576554857461224
0.6104777135286689 -0.41621649265885347
3.488483931548492
---
15000
85
0.17905882481787005 -0.03695567392567295
4.1264170572790295
0.2460142525124219 -0.461607165166604
0.5418119930609082
-0.7262293236060767 -0.8291902631831737
-2.6856475774982522
-0.6139606437605899 0.262794435376529
0.16324084925285742
0.12778556045296102 -0.29875688820034874
3.1862671386805754
0.8778335734326365 -0.1419653538101328
3.7163828508023524
0.32890032873939945 0.5920180564297945
5.779437577117688
-0.287214625026308 0.7834612400330591
3.1019770769966293
-0.19246133840194096 -0.806255615299353
1.2164531312871727
0.5574835143163769 0.4414800903827588
3.2872007854080874
-0.9931025094415444 0.19191858221728647
0.689414510333564
---
16000
83
-0.031264367884074495 0.6578174433919198
3.106775650645694
-0.005623735517038521 0.44871134716713523
5.148927172923761
0.8512900880881994 0.29773690063801067
3.931724764537276
0.5471500081621471 0.6524075091811923
5.017256461253049
0.06581470380810334 -0.21553299556310465
5.208182433424676
-0.3051094768213926 -0.26349141975066714
3.079443716347207
0.1502945115855901 -0.7566215831752187
0.3934548730676517
-0.3077958332572169 0.6698102084863452
4.685887491552537
-0.03393640980587855 -0.9679298143654556
6.240258314018565
0.5581163030884078 0.23079807035114727
2.9094974880050497
-0.5647713729429249 0.1434885980662341
0.32448058094965404
---
17000
82
0.16301895444220035 -0.8418778735919862
4.50199416731045
0.20246183361911887 0.49374755771229917
3.7161802819230108
0.9607531517000465 0.8495526311427256
4.241924043486194
0.6213015906232556 -0.44839161845185505
3.9190366475237006
0.7512552304663364 -0.9952866836927234
0.4343405814426724
-0.9590081310150655 0.763904109423275
0.0511288173879727
0.8689893725986123 0.0829768369289572
0.217839284384441
-0.24631535739998114 -0.5760339943679378
5.1086311345164885
0.9839963700594045 -0.06715145828110411
1.4439505805351693
0.9506749651499175 -0.30437604832472714
2.5966871283147652
0.8412438703592122 0.4060070598563105
3.0300821342249096
---
18000
95
-0.2370836570879168 -0.49634333978562317
4.363937729861105
-0.24084661477784663 -0.4758890093901362
1.0511066091415762
0.6440422312558692 -0.4305956959171163
5.565378884095858
0.25534273026036886 -0.6319055209218795
0.22566126342282722
0.8266602178743457 -0.0045744295512372656
4.130644900942427
-0.7586220037797076 -0.34008444990693854
0.3684489834097411
0.6024392287918288 -0.42075762666277267
3.2530720265206874
-0.0627079124779806 0.8320649684331571
2.968921509593721
-0.9894754744559977 -0.911686013109337
0.514808343432088
0.3793118889960946 -0.7242968029611484
2.0976742136188085
-0.9029369411644417 -0.8777813979522002
5.296613870269045
---
19000
85
0.1813045203567485 0.13710879553732935
1.6812697934037737
0.09517007788759095 0.1420131165938014
2.8189591817257824
0.024220039035774906 -0.352229127589679
5.417705201862274
-0.9154979411761366 -0.1543629519717587
4.122152355657185
-0.7991042838642717 -0.4397637073285739
1.7961452559240803
0.38005576742484837 -0.54299902579442
3.115447946747955
-0.2887124575278932 -0.6574391999923308
6.085469586887379
-0.7872187803183391 -0.23273578275030776
0.6932037274693803
0.08798749361443929 0.3007562679358867
0.7199414039913652
-0.5134724322476528 0.6852771645053999
5.868217757203071
0.5630798951969691 0.3527196886113613
4.251757182340028
---
20000
81
0.21699582447423515 0.40051894190025306
5.916082923909046
0.361600033797053 0.4557144637309014
5.602002092870658
0.792422762546914 -0.8566193565921574
4.1663120999701695
0.7394595677508959 -0.15630520995959502
3.730849035246554
0.4990561315284756 0.32534398840680023
1.1096052852528615
-0.009088533577111889 -0.38326485635106916
2.985315607174642
-0.7834762217331535 -0.33186429677463564
5.201641668085254
0.4645840685351725 0.3042716883854557
2.9934290060722057
0.8773339520884007 0.4971231341059256
0.7537045481485958
-0.7557006515147854 0.14983492056024808
5.992830653058963
-0.10612178528322336 0.3760747535440385
1.4466297937041563
---
21000
86
0.747770730385421 -0.4249407947144209
6.231129735369484
-0.9518818656341204 -0.5328493939097798
5.409612111754654
0.9478349795095087 0.4247706227810228
6.09887181382607
-0.44786756991406423 0.9327855595793934
1.0422934425628636
-0.05427779308232113 -0.7629702401105586
4.002391023524297
0.3706570744708176 0.4999092414464091
4.738434505845788
0.9710529940844994 -0.9850543668967187
4.1235577185334185
-0.3857422232811408 -0.5886336467164546
2.6161020027083133
-0.3316304856023083 0.6000564558275646
4.135305955296587
-0.06297086335964885 -0.4487370654686761
0.47400753659016903
-0.3830782250207802 -0.7872054517224027
3.3436121676734567
---
22000
78
0.8609993319818285 0.3253721333232511
4.0276891718167995
0.5471424081378665 0.7916538628068428
4.06643383450022
0.2326545943493436 -0.8805515881692868
3.1093009755034684
-0.7906646442733675 0.7378793588221101
3.069500766057395
-0.36864219410536825 -0.5473645615543736
2.704592816717282
-0.0981702119986531 0.5735933572858212
3.6560033242377923
0.39058396205749096 0.6262116201766109
4.334250316244223
0.22121692072721869 -0.47104472071506936
6.131374255984659
-0.14780204998999236 0.01737331389565809
3.835964292384168
-0.2206207826677099 0.41885946728767826
1.5734100318181872
0.42393806785392485 0.46254367137347185
0.8426845203850917
---
23000
65
0.27293451560458337 -0.8128702660487587
0.7983384752050311
0.1951770152514021 -0.8433303108402751
5.644683270022325
-0.6619216566141121 -0.6897159289220101
0.6476577699285553
0.24148716665819867 -0.8525471192938165
5.021601977210724
-0.48832232121024804 0.7935074355356085
4.798772835665186
0.1734943042976853 0.657076026594128
4.225468780014849
-0.8862236341267329 -0.9044054489460537
0.781331604784401
-0.548296824311695 -0.841077382307802
1.6381042221367563
0.6820217613980939 0.8079661289919484
1.8391694146642337
-0.04636499392425051 0.669522125774045
0.06192688429742521
0.27327770483892033 0.06926769468782996
4.148560764473417
---
24000
87
-0.8492446613785353 0.6348430424229545
0.46037020669812156
-0.9379893870720795 0.7014208163896236
5.64152997752004
-0.9990082094500425 -0.7773445289452856
4.868350390298453
0.8928806437210204 -0.7364252952931517
3.3111389002996674
-0.5652897850225558 -0.24346295631715079
2.939981460120819
-0.6325304057953319 0.07532869115708683
5.700637760987918
-0.44476715039290093 -0.13673609148010196
0.026078966955886074
-0.32266828667062736 -0.7454918499848999
2.5550825924282377
0.9548518284161635 -0.5716676240850302
0.02635301136303969
-0.903911311453229 0.922940078855886
5.677182015231998
-0.9097919387583974 0.7576090856941825
3.8511748694905235
---
25000
83
-0.9817897723945866 0.2707700100151392
4.600519076612827
-0.8928840802745122 0.2351484548709834
4.233242007571709
0.3646109444265875 -0.022395151436474463
3.2084709854686535
-0.5808423763840774 0.3403600411915072
2.6866614896394303
-0.08092471931664619 0.7454914443465591
3.6618796736222157
-0.4311166819041328 -0.22538930960782233
6.177463166484236
0.5875890679818351 -0.54662300922731
6.236446652021545
0.01997793064798864 0.6955614191064439
4.2540247531411675
0.0409195616073556 0.22580434921291986
3.9069185665436015
0.02432576792914506 -0.5500746492034287
3.5929910624464094
-0.3013208111580462 0.7243705717283684
4.671650907653048
---
26000
78
-0.6227795108062794 0.37507452134791625
0.6758954515952365
-0.28388466144886837 0.8815598973171966
4.498601730227088
-0.15215044595598587 0.7993684996273573
2.59330277019904
0.5483341332019036 0.9321742613143442
4.894984053171786
0.3078201407543101 -0.3531208127026175
1.6567646907954892
0.6791034280109051 -0.589188135230217
4.881404399008942
0.7462997453825317 0.825235123627369
6.155683615917241
0.37256143014723375 -0.10860490290717016
5.7162221820955885
0.05529396714756534 0.3385753800466793
6.101610953272063
0.015103243658453384 0.8813549523863289
5.385543232062982
0.14843791538967227 -0.01706770555916693
1.7845967612102713
---
27000
85
0.8051779158502147 0.20600652598144212
3.6905068001426407
0.4265136402531824 0.8180925945998714
5.3185390125848455
0.07568468755608927 -0.6774558785158026
5.093456725712055
0.23325666446433801 -0.7810875612231563
5.882870901669333
-0.6642475081305891 -0.7563452263139125
0.785780000528999
0.4620850973238315 -0.8212016776403349
4.538105011871419
-0.9410930081601911 -0.2809225701079434
5.412812032906587
0.040752954905171335 -0.36690234849846715
3.5013707015163424
-0.9319739102024439 0.6414389369277927
4.834282313633311
-0.6705217281768328 0.5757898066664673
3.764945394344357
0.6041738557515987 0.34585904900657993
6.282600250668225
---
28000
87
0.12335557195191565 -0.6170888765280294
3.945283955018464
0.20775610659583227 -0.5689930810312827
5.551518334293872
0.6867732451541106 0.3560915556379886
6.268395998191753
0.392757978790601 0.260722976590374
4.7217290890191865
0.44681291621457625 -0.33845963795343853
3.104385214914105
0.6806309582154398 0.4317378297956227
1.457368050367176
-0.9358965357280417 0.8647882768005882
4.584809546870098
-0.12585905865019614 0.8260820272544682
2.976213507288996
0.37211232567917363 -0.8059375634180174
4.63044360065137
0.960787316352151 0.12767866397430216
1.4231105426183266
-0.8667113548432172 0.5955626437941011
6.270060224974641
---
29000
72
-0.7544442368289512 0.49585262178845324
1.898927262375485
-0.7685056893802408 0.561053053672552
1.9054669373319442
0.687846725877792 0.02429040170343107
0.6994433819545796
0.07447019839364812 -0.07383851412977757
1.2002224258222798
-0.9439715868782623 0.1710336250965655
2.3337658967618724
0.7182040540332683 0.3281371665996966
0.5987221869459738
0.7016454666101899 -0.3395149506388316
6.244542363908732
-0.9878157138593697 0.865587548456971
0.7743045225797358
-0.4444697840749321 0.414638308677524
4.261915425611259
0.8326765522240968 -0.8530025604504549
0.25666920346649924
-0.27062643028995115 0.7763828031131815
5.651221965439019
---
30000
92
0.869457652353943 -0.2845267616433575
0.8020501895518793
0.6597559110968418 -0.33538395079810457
0.7830301628732439
-0.37792105923147734 0.909439551703493
0.4110100550002329
-0.4408888980524493 0.9533425947294126
2.151528944758123
0.4151728815587169 -0.3936926903047604
1.136825327606096
-0.5762053149074684 -0.11449287699552288
3.78936707186324
0.1640612359402154 0.22435278270837497
6.094249479997458
-0.8137411892848792 0.35261449588482435
0.23394765789660799
0.029850648782270988 -0.14885010984446637
2.609277272709353
0.09390821857128878 -0.09978247528852591
4.1935761425613975
-0.08683848388940396 -0.08383642853400017
1.524123788708291
---
31000
72
0.5569385703619263 0.9476435761054326
4.62204460027514
0.5179723563993115 0.9001260291321413
4.207155679676882
-0.3130293455258891 -0.6317831060720384
3.214570980143333
0.5684520831597434 0.49797531033697146
3.8889028125056013
-0.44955169592690275 -0.46065475215701324
1.5812762409690304
-0.5173817583920859 0.08783588593814334
5.699811443866034
-0.2088200895520751 0.8466820782196793
0.5445641408834732
-0.7755738814353341 -0.7072066361776401
6.080286163063455
-0.5077030716886175 0.46262308576108135
4.577283995176025
0.9412522437918343 0.6350017156252915
3.5688632215286056
0.6661256839315566 0.4518123115166818
1.3366533098176925
---
32000
85
0.2660330644166249 0.4681731060865568
4.096990529890707
0.0995142387145571 0.36563076111971315
1.6408095894122416
0.6363972742451928 -0.28244799175251134
2.5046932837150058
0.3492242786915214 -0.22752312336481942
1.9878157176991555
-0.4306879056523435 -0.9039175110430049
6.080773652140673
-0.30786415232645425 -0.8301500634767468
2.2360761455487053
-0.2194871849092327 0.5763975659589468
5.574092540698007
0.49033540653503754 -0.8095959629138673
5.154955864551243
-0.8329725298408311 -0.531884262949259
1.0792115418869637
0.07829878253107073 0.5595499963022297
1.973674426687828
-0.3813069575590591 0.20729796848292645
5.865733052862734
---
33000
75
0.0736364787738172 0.15375777829697407
4.921014257037909
-0.4890204506888981 0.6744667608137543
4.928473606905483
-0.023142816971246545 -0.12383734041141006
3.7401476821836956
-0.8313242618231066 -0.7668543930830238
0.5265296781130271
-0.32326992620140854 -0.7567295725634876
5.032713723579878
0.17033841769664668 0.20257784443122864
5.933025553132156
-0.81512465102762 -0.12805983922738898
3.294945249311456
-0.7563574170216261 0.10845585179160744
1.446464790678788
0.9308042659944549 -0.667897540866149
4.681788003728704
-0.40880194289133975 -0.7108967128036765
2.2045255118434266
0.32358592199282565 0.27644957378087404
4.8713494763076275
---
34000
82
0.43736856287485865 0.8471427634620794
1.8190641908426668
0.3452422311944199 0.9834395473601418
0.4976790823365125
-0.4432914397133833 0.8740159587273111
4.397507318642626
0.6890071384968876 0.8164128728379147
1.7533777521975864
-0.236602562209871 0.546930470638557
6.022765955365182
-0.7611972876308198 0.5388943249577434
4.689376323795354
-0.47876170441898236 -0.9557693311824779
3.139059551662446
-0.09379550858036902 0.8753477115444377
4.698033357218036
-0.6541237028035972 -0.1400905220364659
1.8625157811708517
-0.9982487540187925 0.654078467574563
5.552146753571226
-0.057724425754002356 0.10328735530629125
1.4280640815176593
---
35000
79
0.8097930878663789 -0.296609405645574
5.665495431566364
0.4376721633792131 0.5016637160376556
4.689675031987574
0.9703638450414984 -0.4957411226563102
0.35377836637199334
-0.8097778498922709 -0.38637669599974733
2.1672655539931833
0.8298515463978239 0.2477537939499476
5.288047745497701
-0.38020758405414007 -0.6014332618781144
5.087891976057595
-0.8163497370570725 -0.797159829013812
0.8374217677586353
-0.19498382196924866 0.6484216561807107
2.3158218473246093
0.3437262904114244 0.03642439310230421
4.511083413865805
0.28697656843527586 0.049960098972753504
0.4040069562625108
-0.6248239991344592 -0.02368503432303811
0.20701915817217742
---
36000
79
0.5387928372594508 -0.4716715502251175
2.220682078078218
0.43692510043461663 -0.6240686457003578
0.12871087358234146
0.09373821430846521 0.7187314585381318
5.425350813334291
0.6696626772017229 -0.4604631093817515
6.273348168545708
0.9918811520584141 -0.419577188611559
4.403184332098008
0.9193691212010117 0.13699390786332502
3.906045560741094
-0.28013779746477463 0.9683864308574354
2.587642818005901
0.557579217847815 -0.12905638418378135
4.999473670172673
0.8630644082117953 -0.9342532995119126
1.679370858429813
0.42288657189571255 -0.9758175431222249
4.577382170879208
0.9320463158639987 -0.7847631241896476
1.7743197695320303
---
37000
84
0.43720437351085234 0.06010077436379399
2.4256062541033336
0.28715732267488775 0.4700034093529335
6.251097372975497
-0.6181554733978981 0.5381353778928988
2.7427152309223866
-0.14421464987942503 0.30614224263434836
3.6014803096065577
0.852009327128765 0.15781274488611408
5.311849020155442
-0.4787356058457002 -0.8121967416412579
4.2234141881651155
0.6439284913191754 0.8279787361031767
0.1354881122596172
-0.47674269108073336 0.1283250127750497
4.854490498650714
0.9641923474454249 -0.9801371678719346
2.3290304873361274
0.08956925054750184 -0.6083856302812575
4.508882086436566
-0.26239018865289576 0.12901791382686395
1.1117051077731164
---
38000
93
-0.7275612100980922 0.7430537818824374
4.154611019850015
-0.742293034657133 -0.8906690982826949
4.819512028303466
-0.005368642649982845 -0.060710419978159035
1.272264378574997
-0.6416391516361224 0.27419851610596574
0.2854077424549395
0.9377043707900686 0.27650776916073405
0.9668606591104307
-0.466878057835027 0.7694203444112468
5.116844728739461
-0.5289945381898328 -0.6919816910457998
1.3243688547457406
-0.23967398622024905 0.7483526742227673
3.5963845228163525
-0.008205356339130165 0.08090484766131847
1.8674214716082878
-0.30594543025444304 -0.3179731747813106
0.4994806676537511
0.0999798833582207 0.5663454233030754
3.58114742866781
---
39000
82
0.9788869912227713 -0.4726547331864037
5.644929055374059
0.8762782978472363 0.6524372490557904
0.28238230936637176
-0.312880572549689 0.4801456815281323
4.442801891336349
-0.10420206583693228 0.8454282543934157
5.1901113071935425
0.012238431909403588 -0.5123082986785246
3.687806580201433
0.1231030157190771 -0.27273064678452397
1.7497302498636915
0.6298860961734774 -0.5941032661354668
2.316398368607329
0.04730959266333501 -0.9903077335567603
2.0961590227193634
-0.02581151355838513 -0.8347068688413098
2.043995380312311
0.4568462329035705 -0.8416952787665622
5.6153037136034625
-0.39089652053606394 -0.9389605143471078
0.8788077643899497
---
40000
82
0.5919470411398521 -0.5676001076755884
1.8431811459388319
0.46275706871949485 -0.6737091745694564
4.847424230352011
-0.39996799095446717 -0.7147638989576718
5.543372540122095
0.16911410657466097 0.8267222689726228
2.6296055681134827
-0.01496551165146598 -0.4387634567867513
1.3726279987143424
0.6205437841973285 -0.09699745114186903
0.4987451293441529
-0.8595138587807588 -0.7361338492275551
0.7572288032381289
-0.9118935380441243 0.49753572752543607
5.553034100848677
0.533448111976487 -0.18789660447668544
0.18894513103591135
-0.49795444584958826 -0.5143424833601682
3.222618898944038
-0.7821236148814419 -0.6836396997196224
1.2859276312341583
---
41000
85
0.24447102520599368 -0.7475866710648843
1.2535256340983065
0.29033455321801666 -0.8710002459374
4.216192690371947
-0.01028658867140475 0.7787737454605097
2.250582050121232
-0.4660469781092962 0.5774993794816534
0.59120890668071
-0.99614477685562 0.847902511750116
5.51715456402444
0.9382333426847822 -0.6237532803892645
1.1995249616526316
-0.8650800585253178 -0.9427375968730543
3.0581000146412793
0.9930271416479544 0.2832272517209474
2.9261585747498122
0.2516607627818979 -0.4462222836212889
5.96405520025681
-0.29385923279717935 0.2643362723084947
1.063691709431291
-0.6268748232904601 0.30701557176399324
5.483085005288736
---
42000
81
0.3320868516832709 -0.7967245105008991
0.572994327879719
-0.43217892963244636 -0.13079953772367053
4.8402849354800255
0.3516053568151369 0.004662958424398216
4.140792859639868
-0.33918757199915234 -0.9690888234087223
2.251032602154842
-0.8246054991031998 0.8503260121363063
4.560592190141337
-0.050798796406600934 0.3069672121455694
4.3422838617969575
-0.2596182347180691 0.6343987895914046
4.954803902980983
-0.3978212648996656 -0.13740234785810138
3.314165488270784
0.911388472485852 -0.5828082428889945
2.9274292139530296
0.36959245580616973 -0.9637011076166522
3.9206444346642915
-0.26189968903236194 0.6677175304944231
0.4777689410463841
---
43000
82
0.7692214735972405 0.6373131863433144
6.074743936277316
0.7609071222961378 0.6110348883170775
4.916713629711524
0.24686294399741487 -0.8166406870179858
1.554595785332472
-0.7774456876504183 0.8515247589622353
4.780241148661128
0.8153985856087494 0.5799198713014604
3.822624053705254
0.799841598907942 0.4588709705112948
4.60029452332831
-0.33576270519875484 -0.032315163259075866
4.9113129684651335
0.05283057281643921 -0.4091537969908029
4.226848605917017
0.9351175627099214 0.544778253851362
5.614205563470577
0.8017612981780767 -0.7433269733828445
3.333606580604063
-0.32965791306110337 -0.5370466304608981
4.279356591166755
---
44000
85
0.14548579024219363 0.13665680269630287
1.2499370675832069
0.19932944727793295 0.11118262214350935
3.0142695711564365
-0.8695142773819705 0.9822715921264817
3.4775001056429184
0.3867947696361938 -0.7131584889605106
0.3493589223068705
0.6600747703505294 -0.0573371030653366
1.698122666530067
0.1843634024083755 -0.08840177445197056
3.1698735338097057
0.05667242112603307 -0.13187954576916538
1.1324127407161284
-0.677089400544972 0.33165437740677284
0.2025675425639929
-0.066126664673934 0.45056046218085916
1.3820761892814808
-0.1114190842809587 -0.25298140595926116
2.7278034604068955
-0.4336160712353222 0.7444408059621315
1.3345632428253227
---
45000
80
0.49370749870687436 -0.7619076830997524
2.749396665575287
-0.26658785734933144 -0.5294991411170222
2.1894033547708656
0.22793098909025925 0.6832218346233784
5.682997110215209
-0.42900132431474286 -0.20056745403774634
0.8918186766568379
0.5016304760493037 -0.760274671143188
4.693413610728538
0.7816207305483452 0.20512506955908563
6.094308834891943
0.7831126445907125 0.6403903276767166
3.834259806320973
-0.2640136268747881 0.45279624075855274
4.517177017853581
-0.49976590741139504 -0.6908471875245134
1.109710165562011
-0.7762828813138756 0.17594491399596665
5.642086546177166
0.7557459497429035 0.5147109740704081
5.163779577490112
---
46000
79
-0.08736401341535938 0.047019417333965724
0.32436810067810656
0.04916438593991269 0.36303325751431
3.291427673074258
-0.1220369032665934 0.08357896484297314
3.7484442690076696
0.18488563714743728 0.2549656370830561
2.6538399985036936
0.9203301255626476 -0.7770691922682988
3.9109520234825563
0.3615423877111586 0.09548030663741147
2.0861167803868375
0.8490711242877936 0.8945831982294075
6.273041330728685
-0.016608334871050408 0.9763903111884731
5.165250585900446
-0.2202911652721781 -0.9877754095799545
2.373852489884686
0.3117542942153029 -0.6274801089369083
5.484182140299814
-0.18056435459395048 -0.054269346726839834
3.9360669983391228
---
47000
70
0.6294053299711738 -0.9769653674418729
4.062745788500424
0.6696318143141153 -0.2229743837085312
1.626333036401343
-0.8335989352538032 -0.5626347834411268
2.6418196552923083
-0.33196886908971773 -0.5646499794843162
1.689696440693293
-0.1900567842854543 -0.4964445468321578
4.518116605263448
0.18371233833323555 0.4836910672013818
4.977472111736032
-0.8550901276751462 0.9229311709969771
4.089682618718927
-0.8200699953909568 -0.26645751230389014
4.341917652020984
-0.270827607808233 0.6780267096128316
2.8456170502226197
0.029566735536872148 -0.1487702566988185
3.7814182687237583
-0.5050186621818551 0.661960210086628
2.655012669352379
---
48000
76
0.4743577213710729 -0.5152677431559287
3.4707755547776737
0.6918362017009422 0.20863980307396646
4.734321827718501
0.8576971646667175 -0.4354549190542398
0.936046039594574
0.8456565672320552 0.778738384651052
1.17768644641012
-0.02223826520229067 -0.7135432099568405
1.125745085555491
-0.4291900492609847 0.5015526257178391
6.051587532210285
-0.7761185873267619 0.2354508466852863
2.1222727592661643
0.4047483288327976 -0.054354334149888356
4.828100999298596
0.995825472548757 0.3188247337445945
5.851926920451155
0.0669106683186447 0.4375596715831962
0.2006716594126443
0.29981883537250953 -0.8934917760720203
3.5221026998009277
---
49000
78
-0.01556826554896185 -0.11828834386363009
0.7067208907340398
0.6227433936340766 -0.6338373937143391
4.302953844986693
-0.7929961996858058 -0.5078588155885443
4.769223352846492
0.47689033709772194 -0.5043097083682331
5.116992064891102
-0.5225481930738765 0.9371020346198993
0.1793771006375353
0.4450996041089099 -0.4855411743892781
2.373129632640377
0.010791857355825166 -0.7296181853348058
5.62537378242813
-0.6907913869312133 0.9287038935041945
3.211287965091798
0.09371475619110542 0.4004871552355026
6.2512481970636475
0.6379214687547872 -0.3558777936159459
4.953434285689493
0.7773674151718821 -0.5070667803487915
2.391219968510451
---
50000
82
-0.9879452645883532 -0.4299910702479678
3.8928622371129844
-0.48054272576655155 -0.8456776689305465
4.0266786420591005
-0.540662183844546 -0.9245465795420753
2.8876148311640506
0.6265990843131657 -0.9337157410235715
3.395083848858805
0.05926435212445233 -0.5124939786508186
1.0042705559492786
0.2362955365837007 0.6849716824456672
5.06843416976846
-0.4096425470926685 -0.7076440451054773
3.8206930770600858
-0.49736983419893804 0.5827572845935517
0.9596120541143991
0.25787532614797853 -0.31025382167299803
1.4877913060536025
0.04617251472870343 0.019856951731031164
4.030925414143244
-0.29234285285042483 0.07741329751307251
2.34124270033163
---
51000
82
-0.68602633559209 0.7943823429985297
1.7920083030894758
-0.29338126042334367 0.8972700195437304
2.664546647293446
-0.820301422013683 0.7391601174596519
1.691471277723994
-0.2152696962018223 0.3072054000878874
3.23701637033163
-0.9360503390739223 -0.45697910291970667
5.962713174469645
-0.20789616974644964 0.7217004142548701
0.26747177151388346
-0.9520830211697002 0.09342821438052161
2.8256839200716506
-0.2906220256553024 0.1111398190012529
1.0619837734318036
-0.0859407013355283 0.7181135316393336
1.1826819635828283
-0.8568152024205697 0.37713118994624784
3.8460210706132134
-0.5380641353307642 0.2855809234044544
4.965875687687472
---
52000
76
0.8668978171082844 -0.3381110731074367
0.9007504402615365
0.8722046831730139 0.6992934444470549
1.0549073087453111
0.27555417851495756 0.8872490939462976
4.322921072868941
0.44627598426201276 -0.12164393041200006
1.2272720704268636
-0.4176668134138597 0.5196862709352593
5.314063321818936
-0.5466385023103517 -0.5506220911833379
0.94617183962613
-0.3137893614754653 0.20990585489393332
5.820460742246589
0.8907896483151874 0.7024799085438793
6.269950243820755
0.9090505310394267 0.6723698743209046
3.2407100559469244
-0.6953608420787536 0.7412405777168183
2.9534258343866284
0.9454966991327858 -0.18366706919014097
1.5225524638076982
---
53000
77
-0.11546821385893495 0.9839624427794231
1.984713073928617
-0.06615622923737272 -0.5242867403351762
1.0275888786462906
0.6446889557135281 -0.932293896922377
0.39306346139775883
0.45662021573620115 0.3122744215873081
1.5695872717147177
-0.4770507924372764 -0.965198111389174
4.941922662702136
0.42386031647335315 -0.22136950405334752
0.7353409732067728
0.8732168706668892 -0.3383610336502393
0.18519343324364534
0.23264429594621944 0.8424782420600895
5.017279246712744
-0.9074212319028351 0.4734466271432132
3.0916736897592356
-0.8022311365823536 -0.060785372361627454
3.1337260721688853
0.28161600697750166 -0.1590080320008076
5.1576496607395015
---
54000
81
0.9022267319189474 -0.17798694506866872
4.6570121275672935
0.7021428994116553 0.13117129326708152
6.039518487061857
0.044612876185934736 0.030281322983439118
2.996283687832376
-0.36883807986237643 -0.6343424472841022
2.068738844431275
0.06322972594422517 -0.18352955230756507
4.4925842783607814
-0.5066896456570634 0.17607511759340225
3.0281694857963535
-0.19519275127340135 -0.13843965150808335
1.3292215884632146
-0.22490475480720562 -0.3870581541149633
1.4454993365688447
-0.3158553413663384 -0.5160356689419904
1.9241113624225266
-0.3633945460304334 -0.37883321161405836
0.21818242010840017
0.5812244101265027 0.45002947865307086
2.8891086487761326
---
55000
85
0.782015270607176 -0.7671284291704014
5.753664247526519
-0.739596684982146 -0.4996547050508076
4.051985273974662
-0.05619251554977694 0.18852443033864938
5.553200032219549
0.49997862204009524 0.35062972635478196
2.434370695094329
-0.42295401735359595 0.9641013640337622
3.1571135924500346
-0.5679198767503687 0.5579390630134098
4.932647232821545
0.5601849876491094 -0.3836890281916538
0.31020274099067
0.9547280359433837 0.9736862834750082
3.392664955805958
0.25341804853303457 0.4823861228025371
0.580666367344123
-0.5632061358011387 0.03639222961543954
2.115997375274426
0.31651535931033614 0.8322717653462588
4.4929871845504
---
56000
79
-0.5540746026269301 0.8345952147160004
2.4722879545043654
-0.6300453056782508 0.8296199062347365
5.000920871917421
-0.7942990714201215 0.43643534793675715
2.356793381349692
-0.41746994383925085 -0.9763882155518058
2.588387017878577
-0.4807850988634903 -0.5618818079714262
6.271280924130859
0.3637888752511589 0.0013985057349041041
6.073979457546589
0.8059725773576827 0.8166248790466262
2.944278158766445
-0.33421892026394984 0.13554446513290475
1.4257887882727722
-0.709764057421133 0.9692642890614677
5.1184070186952155
0.7513120416281914 0.7309964611965719
3.6560501754828456
-0.636656777462296 -0.990423664735583
5.289383394118653
---
57000
90
-0.6469597066319831 -0.5227053376244977
0.0012878351690693846
-0.5829045298310824 -0.6828298596865687
1.9606092878318542
0.34696228610372615 0.2149429084859405
5.3644319722687746
-0.0032359195174811823 0.41136621283730723
1.3480335935254661
-0.6137347270830723 0.15244416625700113
5.783783304434311
0.6018057735433217 -0.7513974610681353
1.4384289626145956
0.008928057295236158 0.34254489442391556
5.456511275971199
-0.11274117653518667 0.09688176977590293
4.143357110840618
-0.9621285660175595 0.8185807597680552
4.933544255944456
-0.2563662560313167 0.690171857415448
4.1627207522022935
-0.02006600864361234 0.1201237220107277
1.2492022223873054
---
58000
82
0.38161725525110457 0.4623027581207499
1.214120465717697
0.44611714611928893 0.9642424773595464
1.756911871594986
-0.7865446538852625 0.7352585512125431
1.0610534723728122
0.604990687955182 0.6263348856492483
0.9254652097272542
0.3617139344604577 0.7479154826602553
4.188732363541274
-0.5943583676467895 0.6287931317571744
2.4686566061913116
-0.6780620543398277 0.8323822678724744
3.203379460604965
0.8925690108389711 -0.30519406359670775
5.751020897678529
0.4749705529737558 0.074544488484203
4.630794699376182
0.22516916010591556 0.1937053437876717
5.196978860345436
0.15042736375033103 0.826685116890917
0.06009219673555588
---
59000
64
-0.7680042162407426 -0.7959165927876259
0.17105371775468742
-0.2085516198950841 -0.031614700092294834
1.9721648103512601
-0.43027908701303913 0.19965658723111673
2.659054016192825
0.6666599755178613 -0.703849864816855
3.9901815643138363
0.7900368383327928 -0.7664843147463436
1.4127590218965036
-0.3206615879748624 0.09448027179000287
0.6571125118868162
-0.09277572540767687 -0.018029184538035706
0.3781409813957728
-0.5893802033813275 0.39171044036877933
4.278024495449314
0.05930136726388996 0.38336727511064567
2.3778467718973104
0.228788477820274 -0.7369190176273985
3.966080608612324
0.4909436262362 -0.7131849989379071
5.31872772040436
---
60000
85
0.7213566921134869 0.8732119588196625
1.1477801565886736
0.8454518374721715 0.6852701271535165
6.0660922259933265
-0.42469656623763385 -0.21611482780586072
2.654204161899326
0.025074586150365 -0.07583646757269381
2.605201529319756
0.12866150584695055 -0.20860631942173355
2.079799852122216
0.7716670452108906 -0.32022863323928713
4.418313053347689
-0.1814521131348107 -0.4866541265998421
0.41338406783995296
0.9815679307122716 -0.49467149544002653
3.580122570342212
0.39822193857165133 -0.6809980369483489
2.843854017592106
0.772243564033703 -0.7125967201599479
0.257049808303325
0.24505291072365423 0.8280746927582023
0.2870902070469006
---
61000
86
0.3463598219715539 -0.3911170929257309
2.9919612998045007
0.3316970011665995 -0.4135977783409903
3.6942211770536524
-0.057804595267958184 0.3884802559271894
3.4989375482630427
-0.05225735758557159 -0.2903574052317295
4.045007731985444
0.7352471721342854 0.48914736673868714
1.715660081268064
0.2409443664255576 0.9475310933081631
3.0016918650025666
0.44359690921814104 -0.1124355404731078
4.930988700013774
-0.2228263297460124 0.38379312893011386
1.529567331894767
0.08330181853392149 0.340625628441658
3.7180471423327983
-0.7029820756767209 0.6878585166854743
0.31831057098915405
0.7093225084200705 0.5613917887519696
3.201191453899926
---
62000
78
-0.8629766057967996 0.9572267042804304
3.104743360010587
-0.9182150416793885 0.6121958397851065
0.6169097205862268
-0.4708922848517529 -0.21586183292229957
0.13686678199732594
0.8428219177706614 -0.2674479077624224
0.7706404873609527
0.08193328022912749 0.3705934640746625
0.2898561215759674
0.6292390368594444 0.5755315050296419
0.8495334658217324
-0.8858253882816135 -0.8839084647228223
4.209997757281403
0.6421915993574839 -0.7939229047230989
4.453507915219995
0.4849934985034461 0.810140707692979
5.836630331634786
-0.6158549961761014 0.0061159143139465945
1.1134052194657214
-0.5646375959117507 0.6161172153658137
0.49836904702753504
---
63000
74
0.7360585510915206 -0.782185162700896
5.698758042881308
0.43263749848722094 -0.8729830565744019
1.4427728785983946
0.05064455148528746 0.12294409481047308
2.7433960765740775
0.9540120174370257 0.9139792361347692
3.857872882042024
0.9137404646030828 0.5551452705938725
0.6320699932603269
0.7941657910651794 -0.6989958072909133
3.3985915782021054
0.7729335132845013 0.7758262638295041
5.825861198938925
-0.16154424308290888 0.48747953373722946
2.458220095383701
-0.6114269259171267 -0.5309523091263689
2.867367481971904
-0.48256886402853505 -0.14379871644613484
3.44107570832577
-0.623313601099043 -0.37152579465974067
1.403981174747881
---
64000
90
0.37416124065565 -0.06597863474116356
0.5604659944441215
-0.025066121383712184 0.07463892548084507
6.280351783860042
-0.6486485009074432 0.6588831458530929
3.4410268778265323
0.9891761984464758 -0.10246704440136213
5.8799726423518335
-0.3479271555319939 -0.2070910552372739
0.8682435016876813
0.36039849473984675 0.5273417757978909
2.9811268565267888
-0.7802960604040263 -0.6596481854377779
4.3608390635735415
-0.7702189538473834 -0.39840601921185337
1.6029193776542536
-0.623305451541097 -0.7799695366261999
1.890317830163549
-0.09003847133066514 0.4516733174333805
0.6694136481766604
-0.7032370454740502 0.49320096492692367
3.6240057712098936
---
65000
90
-0.31625444303643907 -0.37661846146704636
6.120143086911578
0.7049741123271931 -0.9584943400354886
3.199897826400713
0.7128933900887143 -0.5535758333332123
5.531989765128686
0.03676038981015001 -0.48507263983620336
5.500441458331338
0.6741049480198358 -0.8962833013135418
1.7905190520455991
0.42044141417176034 -0.986763729192859
3.428022961428683
0.44340055195673295 0.5896389971114865
5.786507865524112
0.940896302489611 -0.6987758765790638
5.139013214812949
-0.6726170241997111 0.17875805989137336
1.961487470063438
0.7741143754776847 0.5663445806071449
1.5675977031196417
0.5883266764315683 0.07231759640067395
2.450526289587396
---
66000
83
-0.2945857375116283 -0.9676566441519442
5.476527338015667
-0.5519736407044982 -0.6471973690637761
4.647680028696275
0.9077364077414776 0.43516615118989443
4.855498925822585
-0.23776256422056186 0.05685643048886378
1.1930378443295062
-0.4411449234782128 0.7961127482045836
4.416676033570787
-0.9244556144960031 -0.8521365577744917
2.7295324251706354
-0.22185325338228346 -0.24915028276543888
0.2906860567456713
-0.3683671731551846 -0.4369589125545918
3.5740462104209954
-0.18758667810046617 -0.1962239657719776
5.5644613639170855
0.11954273618213766 0.9391289514803718
5.684619551103614
-0.04436104382729772 0.028351631192324856
0.6080171435870785
---
67000
71
-0.8373958911769651 -0.5702662491794946
1.1025002056951096
-0.8353824828776018 -0.537642594148933
4.684755115463764
0.6279139118900741 0.9143961989644591
3.241039695723307
0.5988508344553052 0.04984859834665303
5.233108000708691
-0.6741058189180358 0.5662891057770685
4.177186539203138
-0.8997714143370334 0.8678870757676493
1.9031099203530468
0.20369301469959888 -0.818632074093123
2.3624005151460192
0.18835520262907846 -0.9329221374338215
2.4663593821013956
-0.7369894075729474 0.21803181045622433
5.036272106403151
-0.024952101349118183 -0.31917357529479
3.78977811820406
0.3648371619912629 0.6540154924332781
3.60127354617251
---
68000
82
0.08751948329040732 -0.7627762691983899
2.880591519000149
0.16376681316644115 -0.8901333164645284
5.3684705003413935
0.059507240236014426 -0.07846360045132525
4.947658902559081
0.6645450421920772 0.36096509486823214
6.085932784072712
0.7663565433340095 0.569600353507002
4.196713483549984
-0.7349015173955628 0.30194855430179596
0.8829887787186452
-0.47784492687151287 0.5939281055201706
3.9624118737540854
0.34258820034766085 0.17797606508017227
0.9126255932871317
0.5279076586299484 -0.6056707900513174
4.193241039335006
0.9969783362072612 0.6778004093898417
5.774718354228195
0.9512560369278442 0.8889742695183178
5.365097535117596
---
69000
77
-0.6385358049711928 0.15103246854795782
5.647073369385334
-0.7101169121018002 0.12144026641620784
4.076919334879613
0.039695802343497094 -0.7428789934080247
6.10533929131972
-0.9579432459506931 -0.8518201811829982
5.8732739290129
-0.10283867010995458 -0.3914135662609114
1.7061536367706696
0.5894150532197644 -0.745880316427598
0.7123128803967624
-0.5222648974559109 0.4225493154991572
2.120880168897279
-0.6937114379034817 -0.620396017354842
1.1788552419691485
-0.842045482831498 0.41072947908909013
6.032650698959672
-0.21232568489991843 0.26256165878141385
2.7413328914460675
0.45323878497597214 0.42795513479283
1.7736049368459388
---
70000
83
0.3119124673859174 0.9707517233029566
3.2653347096164236
-0.04187292325995458 0.6011076605198974
0.6117704996074425
-0.3490076720312216 0.4299310893097282
2.757609492784659
-0.507358987740958 0.13679854094908625
3.261064188661411
-0.07265123996542774 -0.20784270256192564
3.85721990475962
-0.049961679211498564 0.2969923913657713
0.18886123181473202
0.5387907298366679 -0.44991513387649923
2.9221100783214418
-0.3624580261509429 -0.4334108535516758
3.043210230941474
-0.06134277002474912 -0.04362395141813187
0.9534391310480839
-0.06979782327661271 0.5712071176758596
1.5421441617634306
-0.1917837247149841 -0.6313679280775423
5.173732531272156
---
71000
76
-0.03397854312763685 0.39577405772850577
6.007691695638972
0.3189711610770348 0.264437875776935
1.9221840791082379
-0.43467764257806524 -0.07384206959440488
3.72568798426673
0.5616830936649513 0.9198346238736503
5.5297381898646885
-0.08026825839727747 -0.7625501588107498
5.64139588218962
0.5152035122573375 0.025168412591518512
0.8505366207817264
-0.6030914652574096 -0.007586497426066548
3.01578070736723
-0.28168445029694533 0.3845172569004491
3.107828526822643
-0.8219323331177159 -0.01580955538446851
4.656177040252084
-0.4671403974142222 0.04451922747798048
5.754278064718519
0.6868542907434741 -0.7925490526123031
2.661485390942876
---
72000
94
-0.15261629270270288 -0.7526154860262891
4.004475346829711
-0.08946578776488925 -0.6594467687124487
3.627113132387688
0.15830783706009732 -0.30431567348912936
1.501419804707914
-0.29470056662123195 0.9187030181296195
4.575559484154704
-0.46851638079413055 -0.10709329361629036
3.8598747860342426
-0.365953816370034 -0.24992152771199985
2.7787511684189923
0.6201220347132315 -0.6213707798405451
0.2818780044031337
0.2618395449183636 -0.3176452777406146
5.914134524964329
-0.9860674551213837 -0.6765374048503682
1.4843035525100108
0.5867925352559383 -0.2522231058041012
5.587103088057563
0.8189235943038814 -0.661969463668718
4.763388774350046
---
73000
80
0.8663579322316504 -0.22429653345760983
4.837795455122184
-0.933348695323969 -0.3043920874275997
0.2272412248419684
0.14005211266034867 0.2056440009434099
5.92356501995131
0.5189081501292699 -0.5949467634233645
6.208612302426826
0.5824365683019207 0.34464159196958305
4.863253195222263
-0.9028380883756133 0.07667590710074268
5.251375916025772
0.7182778177265424 0.4832586757325348
1.0168935787415947
0.6122216832154365 -0.9194299825215839
0.9681862949680315
0.4300307008399717 -0.3973326021840757
5.642583922202729
0.7127080594066868 0.22469717206704543
1.6200832591834153
-0.22203731452861988 0.7255360178812399
0.5965611975965617
---
74000
78
0.8338217263909499 -0.4864803118728453
3.650201442746281
0.8048872304933282 -0.430006124627238
0.1145822500157232
0.5085428207741083 -0.21364530867860046
0.29376020883280507
-0.5816606943156624 -0.624960515689725
0.7628280901330458
0.5159627772057146 -0.515020608995887
2.511230554371436
0.925894696740919 -0.6913887048949123
0.8258115124819083
0.47048937282364545 -0.7253355708793758
1.7067183931114007
-0.23312224407947355 0.9163508264462388
0.8682859586836793
-0.5337589523338088 0.8906299595877092
5.0591233163017275
0.9475179452732013 -0.823003046452782
1.7991444828386056
-0.10846107057494894 0.32996928599840153
0.4098098830642263
---
75000
73
0.10282932117294188 0.3604587879312453
0.840977108661934
-0.2703421812242872 0.12090535569149652
4.78687707443687
0.2293901467474089 0.26578075866446566
1.3185205692877053
0.5815727077193232 0.45657330463052803
3.7517273324437133
-0.8610156149677946 0.9874897820400004
2.8520764564734913
-0.10323092995064409 0.6011448335989094
3.8890790665739887
0.6043332729961873 -0.8902926688958304
3.14196326908644
0.29294468022353215 -0.41803057096303675
2.067076044651542
0.9053884813257493 -0.6383476738500061
4.312394573252336
-0.5279150425125994 -0.905536732133302
1.7780660029274982
-0.023139049157971884 -0.695827363467245
2.7638988777026867
---
76000
82
0.7991369871844778 0.23063549990661947
5.079718652463279
0.5427729108709766 0.1902512049550436
4.965892262787968
-0.47369116598221356 -0.09470269130338962
0.5206492716532223
0.9263418434204231 0.6807682070207218
3.3112182906307517
0.4579882675713039 -0.6577720660771881
4.81416110276543
0.9197722395518577 0.9430875024312065
3.0957141143912095
-0.789392476594176 -0.5214581261477544
2.773485372280682
0.6090145378962066 -0.6233312223924456
4.975009983353205
-0.8729383180669996 0.7617638416777651
6.096066732608463
0.28317355808753714 0.6785743702568967
1.8323424788528015
-0.21039557748003215 0.1652808316907558
4.620738379592456
---
77000
68
0.5388735945197504 -0.4400245850452406
3.6560409904715603
0.5857781519522585 -0.373635006526075
0.7874531866826091
0.9321890001320485 0.019502748651696523
0.46596626127863594
0.6213478887607732 -0.24286761857909436
2.347392307155567
-0.5430445456612278 -0.1747602812487006
4.359955941047461
0.34041881385274125 -0.3131533267072024
3.5642039665262857
-0.584565857386937 -0.899513172669325
4.136423176409223
-0.7804711063225469 -0.3941414699010564
2.6594997934125884
-0.4214922557250272 -0.9496724103746524
1.1969453704307638
0.5306611961693519 -0.05042276858260621
1.7629764402776633
0.5714992581340445 0.42559782701546245
4.489307751697349
---
78000
83
-0.11206290928832578 0.2914930258813014
2.7984295580181455
-0.5768246199670862 0.15386204991859154
2.7172194381051895
-0.48424057209345966 0.9505075657946447
4.372623989236553
-0.7115005632565717 -0.19594279270811465
2.856216350256134
-0.17159489505351222 -0.901340584056144
5.462131665979813
0.2471688133117058 0.8305674118210149
4.160394112091568
-0.760678733707872 -0.17221135073604163
4.708850457985193
0.6423161966894775 0.734744286508481
4.312647295158136
0.08288503658631353 -0.630755399728235
4.286583495726517
0.659994335966537 0.4961300754849378
6.109343660135755
0.14784410485949517 0.13040709086107075
2.186349874231177
---
79000
84
0.3035873816182206 -0.7835902416931083
5.805740225639059
0.6316413397902036 -0.676388315987681
4.059192586713972
0.1164596139166202 0.4762362751776427
2.7112992230258532
-0.3362787059056234 0.3426659951445941
6.079145841063159
-0.24169815727977215 -0.4418200437446032
2.516180867575538
-0.6887131949964447 -0.17722603842441495
2.6133678898497994
-0.4836485545755374 -0.9511818824742292
2.3614779825046304
-0.6538721123707185 0.8366164541125853
3.707367132729715
0.35183633100428735 -0.10210305747179284
2.578697069706144
0.013055125263282515 0.8492930390832059
3.450051084632628
0.7449230842075428 0.8430863017189837
3.8993066821913756
---
80000
84
0.32392828374749516 0.01754106028735764
5.358396514975593
0.3067387060235469 0.0738562043746735
6.085647890448695
-0.041641720324246595 0.20960723153239072
1.8039665772788078
0.6945302250231398 -0.6644215796603274
2.140808311692928
0.8515941661794583 0.5345154956988417
0.6083939847973232
-0.4799124029385355 -0.4120318469990643
3.696246213904132
-0.5299743102381588 -0.8923916029329044
1.897335845473422
0.7479854383615816 -0.799378074337632
2.9513969514121228
0.008874458648134855 0.602457188980427
1.4121369410238702
-0.13315411649266826 -0.6248298495878923
1.2456251320146938
0.6604039205437812 -0.023736341295089572
3.3644856409505772
---
81000
82
-0.25415857890602944 0.964002937209847
0.45211304083730064
0.4678575280093817 -0.9490518098435479
4.664324727570877
0.37663171328702977 -0.0642734116088145
6.185958063666739
-0.029400220234474184 0.7411451083269203
0.7176274815302657
0.666953102668508 0.7752810982168996
3.782039740566306
0.6165488097182402 0.8852496894303957
1.1434888933601162
0.5735247374613576 -0.7841339805572174
2.4466071047693596
0.1238725942163264 -0.8517177232453206
3.153838429398326
0.03588218189485655 0.16265607943270236
0.6313386858381902
0.1639753253080207 0.38974301076806805
1.831457686878868
-0.9831788487366422 -0.359646729574698
6.122337108278353
---
82000
79
0.9019764455308904 0.8335342965589089
6.088600691645096
0.8673983728544088 0.7679531589884729
0.8600732395851098
0.7365625333013714 -0.6628139115037625
2.3011916320123893
0.4640972681162837 -0.8029913946524455
6.080973004357281
-0.7256913246151276 0.9883146046269164
1.9417033488063868
0.6132965488713689 0.6359327931988747
4.052432995073816
0.6002411039821365 -0.9965247194515583
5.589247145179447
0.782509661973233 0.9328545328974146
0.9049485143262892
-0.13298416356562626 0.3501909122944319
3.9009688377615266
-0.9603637214720057 -0.6401404288751157
4.200228768575698
-0.7489671516559003 0.3482840190219535
2.956925769696835
---
83000
83
0.1892259676354683 0.3374230098261447
3.508788292048825
0.13646617130928404 0.3918443243538615
1.638491696906403
0.1808819936548256 0.9188135205371648
5.989405469376292
0.7211165644697539 0.29231639937535053
6.0926043561482075
0.14300119339844924 -0.3829109650114567
2.193282951359592
-0.46867506911808443 -0.6842887075292458
1.6392928388293688
-0.2567026327929284 -0.19937580650642103
0.551269317328849
-0.374354601076711 -0.3346181926730828
1.7292275028112751
0.6571284718508253 0.23610360617158113
4.680816281497512
-0.2360112818270608 0.05875504723322917
5.002405927397094
0.1271334818310181 -0.9169836336865689
0.8726830311528371
---
84000
86
-0.7871216347320134 0.4165719582068493
3.1951337432701106
-0.9656343558224367 0.5249734395670124
3.662590428969075
-0.014636868363860604 0.2545573327845599
4.3493033817842415
0.752834832195355 -0.47497371653149595
5.286907958242055
-0.738777727934338 0.39238562569830826
1.253568542743361
-0.41979027380902256 -0.6055545662700399
5.3606348153000845
0.9107560617960854 -0.2576504563190189
4.452750789375503
-0.8725591763848937 0.3141886141041208
1.6785450610469663
0.1534358969902033 0.053731007540179385
4.249200976383764
0.6556737617760687 -0.6888597649146563
5.256857617182567
-0.338852732502161 0.09514067839169127
3.1158135650316696
---
85000
72
-0.7446565074209512 0.6375830902549099
4.33716270597554
0.06812812040477892 0.5278942188009309
2.262226636927501
0.5273624239544941 0.932363911502419
2.416674927672257
0.05611426887228892 0.025498863415952044
1.1941784908512263
-0.5538656588418595 0.07523240500455032
2.6488365301814385
0.8799020165677847 0.8371551201177211
5.819712189273092
-0.9848385119772491 -0.1490820247544929
2.6254211167671198
0.18085259907089127 0.5468940873416214
0.9291607675525757
0.1467795218275528 0.34792421348993424
2.0754665911182455
-0.026778196918305082 0.2257388686755302
1.8429241530774787
0.7668460133725907 0.6257592244857938
2.752880076592123
---
86000
76
0.2739087485516058 -0.8202072145214545
3.2333548894781434
-0.033803968276375135 0.4212355109479014
5.011570494748722
0.11803350335511655 0.7329230072011779
3.0590615603382116
0.247149736813414 -0.11542084352691176
1.4347937190992939
-0.9844866621706176 -0.5734998984544192
1.8603184767156788
-0.1405967329064304 -0.30384595820805127
3.1381231419602766
-0.6803155115715372 -0.9066167330420085
1.708657420220371
-0.43273272554184367 -0.09958351202589337
4.003567677744833
0.7526932855023931 0.8997411267677894
3.5012364115115915
0.23585926024650639 0.08137271198694296
1.9407764536213632
-0.43971072718990634 -0.2803867277311876
3.5467259118978136
---
87000
74
-0.5070319474385258 0.7295814928742899
4.683681401184775
-0.8648319509904439 0.6362775767799055
0.6498818486279374
0.3286907687670184 -0.2294676114960346
5.64165281013958
-0.9503499981084806 0.12196679600057894
5.1699330685976745
0.31902956689589906 0.5704828842318679
2.2633414691176954
-0.9090519719191986 0.427468670862028
2.339749714516536
-0.04522818267996117 0.7707930276562189
0.34363295962481644
0.8957119173309507 -0.6476926745213809
4.835893234183968
-0.46598398380395456 0.10903494505555096
4.613949998763481
0.42980090197578574 0.3844335782432735
0.9785381127518633
-0.9966953374695917 -0.9174201861196187
1.8344130951498236
---
88000
84
0.4939205531982457 0.4488215830312825
3.7659234682833964
0.6092927350863028 -0.0573206016661862
2.4126837886854426
-0.3587681082681853 0.7155701237948537
0.7840253715500873
0.03889594801834301 0.348365885017309
3.685210308351653
-0.29500286757410965 0.7559457199387283
0.13224676804704583
-0.31156610545763336 0.4329101854813355
0.3082333329214064
-0.7801891561967595 0.41745151120834195
5.643130366205972
-0.6937038615166411 0.7039289850113956
1.1343762787553278
0.09283416314595427 0.3056380121667282
0.5229122129306543
-0.8967176074147851 -0.5033819996020998
3.4530147239230837
0.3322930752815824 0.22308075967734248
0.7605699313112737
---
89000
72
-0.20422378133193286 -0.42635712710349905
4.643203440882005
0.44959901000407343 0.65489587901323
4.88612375411002
-0.9913246223234292 -0.25434102889337606
1.4487721237934092
-0.5083630774565713 -0.5666031264152
3.899707548882283
-0.11981528919769514 -0.391665798986712
1.4654038696575595
-0.971832896682423 -0.9978195581711902
4.963633073499656
-0.5408892834500127 -0.35762355333713614
3.2342354192468594
-0.8689393247988411 0.33891857414036286
2.0359498719069125
-0.5041127624710415 -0.4967014965650278
2.610040540978786
-0.006466569275892065 0.9419972644164027
4.541576520432344
0.9611961763715788 -0.44895544102439344
5.0606111559986795
---
90000
77
-0.8624151186498262 -0.5282683449170634
3.960590280969288
-0.6877674546623063 -0.7268477030954861
5.803653234810595
0.2571026893698844 0.8858938896982036
2.3598575237887642
-0.07020037332223435 -0.6045220623521309
3.1813687052494517
-0.1658115158076322 -0.4181840781202385
3.0094658293464898
0.6112307398696468 0.24806399140339627
1.1902838774958466
0.8446451101587388 0.9729040966875563
5.905246610267726
0.7263713437655698 -0.7395448317508251
3.2817383290844875
-0.2895459366877268 -0.47124910408462756
0.17283065446198442
-0.5326529104044694 0.5877679748371339
5.864237452242604
-0.22636820347991843 -0.19471979385094557
2.6622180488541574
---
91000
81
-0.027447094954738304 0.6187224444040883
2.7242809646758768
-0.06681644117585833 0.6168733379508783
5.739258469610579
0.5462456555397062 0.2583159587773487
5.536863450863365
0.5466456175979486 0.5253440641595474
5.271490069141301
-0.28035389727576776 -0.5350281063679563
1.768638955553281
-0.8058342370605471 0.14342132672103045
2.166473214876902
0.27495464371918776 -0.0796034154975324
6.015529758795157
-0.45988051882071623 -0.7455108329836562
0.2824338008798124
0.47368209042107867 -0.11742448254418916
3.545266189345706
-0.051256587028678954 0.7733902345631654
0.5383753215553586
0.43743601472251237 0.5896670873905094
3.183653440863899
---
92000
79
0.8297131653674799 0.7381260839624817
4.717504643699125
0.8396092196772431 0.8226040819974828
5.404807519702074
-0.8893808976747402 0.4276094189579866
5.794828353355763
-0.12731682746742592 0.40018267254384726
3.511786892062526
-0.16227268285860139 0.9502737220741893
2.3719243225601563
0.4848097765942523 -0.4197355061766511
1.379095279590838
0.9763424847414894 0.4060847313094573
2.4210519399567083
0.9983051070033981 0.4391576429026103
3.0835256871332257
0.32725240106899456 0.6040176352827772
6.047530005627023
0.8465306080112259 -0.8333340337352024
1.932699921841917
0.9924404971103038 -0.8349000733168588
3.319192384797831
---
93000
81
0.5567859092112777 -0.12720604096109794
2.8035728161607416
0.5879775189068064 -0.031370035551196655
2.7157073164533267
0.4529446467282044 0.12118181355245677
2.3435727342654955
0.5484816441413606 -0.8676480369954743
4.467898104887839
0.3031918663745752 -0.7737705849973385
2.8255172628497567
0.20721061664554072 0.4771875057728415
4.480460404873306
-0.4145580782585462 -0.05962766828235318
3.5557500128973105
0.3904994060485536 0.2366433070844768
0.7861157453196626
-0.014274675739321598 0.5240091870499071
0.21801698226063326
-0.5843974902110838 -0.09633151253732085
0.6953039676357662
-0.4763667151088051 0.5059897626447516
3.4013765906608384
---
94000
74
-0.5324819462583563 0.7256525373894739
2.38370775487387
-0.8109306387150211 -0.5784253319188758
6.055219906772028
0.1689249883609306 0.18024461356017496
2.7663993059207908
0.9427873470752369 0.4913307907664561
4.7503032817624895
0.7784243958947946 0.580945286437296
5.638914117320656
0.6842358675932075 0.5778258661325492
2.9460146868738857
-0.13961724179862123 -0.3922926438306539
4.815018028964761
-0.2236972575227067 0.09728168981609214
3.690044931965388
-0.9445186983387422 -0.299188691416136
4.043461895720643
-0.08285624036430174 -0.635896878113098
0.7309917398842263
0.5914190474858919 0.1716478066806823
5.012940658365666
---
95000
78
0.17925626836172262 -0.9153396625226726
4.25267118632677
0.4933857537078568 -0.9955438245335708
0.9027244163699644
-0.34505558859045193 -0.37431625792388
5.757669381020421
-0.5582887995936964 0.4698275383159502
1.5662088040683981
0.9711860925925202 -0.26413901647543997
2.4676130999503965
-0.9730364392463949 0.7384490811167591
2.2781370253224438
-0.3082657925483754 0.24295843506549142
1.795735406531973
0.8336168872202179 -0.5563300478529974
5.493572436795431
-0.9764809651977047 0.7953428529704922
2.7791802498566307
0.5645787273525039 0.3179872190607812
4.500149397462607
0.29232890752463064 -0.16557799541921048
1.946660460605547
---
96000
86
0.5294338905526068 -0.5905505205846348
1.1426226095287193
-0.04550146477493419 -0.8388161062430893
6.052941527997274
0.531330041816293 -0.3231047633152068
3.222990743130228
-0.08571614632303928 -0.3895018878670606
4.145603486662665
-0.12123375521223745 -0.25328696364266434
4.154881508622402
0.40499353760552753 0.9273442074754507
5.563346930199408
0.025919929542771104 0.49490352179157493
0.7110787234679119
-0.10595319333817343 -0.4419587212205257
2.055489071602948
0.9502342774374396 0.3810515825797007
2.951899749255448
0.3995370851429011 -0.1488125462154311
3.4732686785021576
-0.3844885023163958 -0.6004860528359497
3.1652489540066107
---
97000
80
-0.7711678112567946 -0.8681210775639284
5.975513974795397
-0.7786594395935736 -0.9313009912547806
5.079995571515677
0.847579778420221 -0.1640171812584056
2.558889172612618
0.3898623218819489 0.843555227273584
4.7435678387559665
-0.9704618084006706 0.4979434932816831
1.4033150679795607
0.8993198104690298 -0.861694451361261
2.7249649606112705
-0.7581095984299979 0.1987150002002398
0.6781614921110437
-0.4602064915052033 -0.3956715287460434
2.7973124105693756
-0.39652143919929456 -0.8786509573987448
5.057033664445934
0.696168553242704 -0.19939045718087406
1.3103929978936728
-0.8480446755629759 -0.18050835078780153
3.380348923035303
---
98000
75
-0.48963238735082054 -0.18942605353841394
4.139867738542837
-0.48843324685017114 -0.8541172072885007
2.454619611890445
0.1616806580163894 0.6551511623572956
2.67927885113499
-0.33563725655476884 0.5775576219538129
4.841143666078531
0.48054931128523215 0.2434150212418489
1.4947037423424252
-0.03848516706894675 0.1365246457488549
4.1569367297604005
-0.7449456623450339 -0.22178109162643386
1.9787322108011232
0.2716239308860557 -0.28455827584124777
4.121200467705835
-0.7544213554911774 -0.1023480002513144
0.15080956228050368
0.9163945727366023 0.003909664263228849
4.565882783251256
-0.7892638893655978 -0.20923112018936224
1.7536572857381953
---
99000
86
0.5838802037355293 -0.7212964629749492
1.859498488446729
0.5312866914609747 -0.7146380048426118
1.989686365952867
0.7973178472167224 0.7739555500497125
4.141838586034534
-0.195173763819533 0.19082256821441554
3.023179334419339
-0.04690473131649265 -0.5950795107079075
3.4807941832306746
0.5352370654615219 -0.13345870711591012
3.466354089888588
0.4428367454837314 -0.06846261842365442
5.356838336423397
0.8223682952177325 -0.6000429909275424
3.739869999845819
0.39451283601471004 -0.5311637915265373
-0.7509051919390235
0.6847735464762772 -0.04528576241109765
1.2918988366841448
0.6207018989522664 -0.938995655999869
6.191175657833651
---
