100
{'run_name': '2D_rec_10_total_boids_slower', 'annealing': True, 'annealing_start': 0.2, 'annealing_end': 0.002, 'nr_observed_agents': 1, 'nr_of_boids': 9, 'predator_present': True, 'grouped_spawn': False, 'predator_halting': False, 'record_keeping': True, 'record_frequency': 1000, 'exp_folder_name': 'small network 1 observed', 'boid_speed': 0.0333, 'boid_color': (0.8, 0.8, 0.8, 1), 'boid_turning_speed': 1.5707963267948966, 'predator_speed': 0.0333, 'predator_speed_slow': 0.0333, 'predator_speed_fast': 0.0533, 'predator_lunging': False, 'predator_lunge_speed': 0.013, 'predator_lunge_distance': 0.1, 'predator_turning_speed': 0.7853981633974483, 'predator_color': (0.8, 0.2, 0.2, 1), 'predator_confusion': True, 'predator_confusion_distance': 0.4, 'predator_confusion_threshold': 2, 'predator_chase_time': 20, 'predator_halt_time': 0, 'predator_eating_distance': 0.06666, 'height': 800, 'width': 800, 'graphics': True}
tick
boids eaten
predator position
predator rotation
agent positions (and)
agent rotations (interleaved)
----
0
77
0.30256919765559903 -0.050394539548229686
5.436815876009278
0.653365087275228 -0.11870363433019232
2.5794912971803043
-0.3024723981175491 0.9678758586210233
3.0080036599984674
-0.20107354343134476 -0.06711949852580185
1.7957527359225507
-0.9369658598739676 -0.8828982383684216
5.649587982860467
-0.6053028658005696 -0.4480939189024356
0.3539298209879774
-0.4810024575027557 0.22799150922702982
1.5413199674707305
-0.7233116425756692 -0.8526590856659377
0.2959962621232898
-0.3611292308162961 -0.6715371528786299
3.0522782086337856
0.7456198514120358 -0.43385806865653564
1.6720906084628868
0.6744700658708427 -0.7947398088757816
2.4981369324956906
---
1000
87
0.09956946146233954 -0.6045004200271298
1.9253426846975865
0.48364564753432376 -0.5698180783872585
5.783059234826172
0.09430384661726784 0.9191991103941689
2.2025079720815857
-0.45232575641800515 -0.029030475122328994
6.1493425284929195
0.6829331897297846 -0.5943957061874848
5.32124922633788
-0.4304607399974352 0.10829420076678214
5.914058274814158
0.6793732058907995 0.5038983410124163
1.2545316191132367
-0.1870248012050253 0.3753290598457591
2.780548535167184
0.07591122475998657 -0.7604719244634774
4.011862483423205
-0.7519583567920638 0.6317941332871769
3.6112203146051076
0.6960762825466326 0.7381750731169264
1.4372137070945188
---
2000
94
-0.7314576733477741 0.005258816980118541
2.9512245556101635
-0.859719167793654 -0.005674986444125077
5.416403758259581
0.40846266604376225 0.04037508054162789
6.080888220931817
0.5203947936448465 0.4922498071378218
2.4185398759427805
0.08376034609103568 -0.9456793529111157
5.929290526555309
0.9575427580279279 0.2801663448053067
3.0358312238217655
0.2726688618815979 0.8766127996659574
3.499011967708391
-0.3373174021847914 0.6606790116828245
5.772063309348997
0.8499306859494323 0.319846991371431
5.212398575512451
-0.9618736609237634 -0.7814865732192625
0.3922242834657883
0.901291452891485 -0.06740961988089772
3.5182123367039715
---
3000
88
0.7164449728290111 0.1510024441478011
3.5262952727035186
0.7005539288670924 0.2415114986262498
0.8114603371584499
0.16485407532620908 0.43942120607941115
3.9973921703023505
-0.7431924460850697 -0.9303390491100273
4.825976603073355
0.5589423777844119 0.667062798395337
6.037436377686254
0.11665102780325237 0.08814333949540272
2.4889540809490462
0.2792590561765163 -0.29557609583187616
0.1138575602533276
0.19985715229603032 -0.5514844293572004
2.008104563777617
-0.04271533527742451 0.2565402873057946
5.479826382503577
0.45559889418252664 0.13880837912479102
0.4844621552313493
-0.06901277869121175 -0.4446777523020691
3.6625179591263235
---
4000
75
0.16405059941992314 0.5769906610666421
3.051247752772012
0.29744540861443797 0.9207145730062976
4.260309034701402
-0.542450424136004 0.19504375554785874
3.989293487541631
-0.14855829995143316 0.5673971119233956
1.5362219804561263
0.4576279415916835 0.6786456676437088
3.7614025613979827
0.1941492387765839 0.8158830258717371
2.0802433519497585
-0.6707068871769044 0.17837316465810082
0.8444671714895327
-0.33068682797903715 0.401652129924029
6.061766614351326
-0.15572226961734165 -0.9998844330787944
0.02224183128771351
0.3134127202566391 -0.677936967814985
-2.122136101698185
-0.2894272986395811 -0.7556291609715792
6.1613437562904165
---
5000
83
-0.5147651641979676 0.6372724417498067
4.091624167233377
-0.8723358465441947 -0.8505941447668921
5.160518996858418
0.9422524011519182 -0.5391013167940693
1.8419074705640908
0.5786230458710222 -0.6020610605278552
4.193323847417503
-0.17199958296707085 0.7755518785177518
4.758662892037544
0.18808361461167947 -0.6082714959810955
0.9164012238298698
0.29251442185623877 -0.7680874731893631
4.3961237946066385
-0.838766657672832 -0.8191161653050447
3.9753945178039363
0.516982202865004 0.96881373680092
3.168744710733958
0.2020717131422788 0.5123655495992664
2.7540847116308314
-0.14410220581021516 -0.3982663072415856
1.2106873831195406
---
6000
78
-0.7585312490198782 0.535351175950376
0.04333816995280626
-0.821103967522773 -0.7065584761373013
2.6181698395989503
0.6242692024767813 0.10900810334917424
0.9536675373882479
-0.4916798062150669 -0.3966134508192456
4.592250752872745
0.5241751603297762 -0.2109821920199861
3.566820994167462
-0.6143299536323558 -0.7881094263227002
4.833444329764157
0.30677411117649284 -0.8035846592299408
1.3193355174230748
0.08113053641617064 -0.33879657500043003
3.1335813797007432
0.942664568502035 -0.3878691533773241
6.202778233358689
-0.5084929703549269 -0.7763380276177301
3.763609197758048
0.4616970932006789 0.11342943723807455
3.901385790989864
---
7000
74
-0.7135948125307444 0.6990824552877227
3.2545925789511747
-0.8702066085677918 0.490238542995393
4.722879273661307
-0.7481695291965929 0.8701107989789668
3.9716715491444603
0.7551069731846698 -0.4986739448256714
4.742058533688159
-0.3632353933591684 -0.10691841384644193
0.2132777244114834
-0.7205664927589823 0.02333487478881198
3.3012005780914917
0.9789354003393854 -0.750890962347379
0.867174770138404
-0.8193283708214174 -0.8301607356487697
3.1349188980115805
-0.6890267076407224 -0.8748274853436423
5.7069688398267795
-0.4918391180039219 -0.4471178014085273
3.5920235551503046
0.5618568442596796 -0.9657503814982529
4.027796770779124
---
8000
73
-0.49783240161216713 -0.814743237694961
0.795697761488215
-0.7257861799318626 -0.5119287520699907
1.6743056135359051
0.7249488113824609 0.2322314816198288
6.109657981338204
-0.2561851708344089 -0.27692416725332225
3.229048048486729
-0.8809446032230963 -0.8844370466381266
5.133383832907458
0.028816796791622593 -0.4596759074682672
5.433448271218402
-0.676632496085065 -0.6974307814120679
3.0678928401660963
-0.126595221711659 0.11810123291118575
5.659838869404975
-0.7247511604518347 -0.1259447788308313
4.662455575149657
0.9216149931657602 -0.04592545888947033
1.0124578902755808
-0.6496539069822729 0.7696399934984873
2.811460439621494
---
9000
70
0.9584486678452825 -0.48449813708133205
5.316025248197933
0.9036851830230775 -0.5273670955353976
5.58134223567962
0.9625826862709089 0.28895102296779274
4.46815298531584
-0.7624513569000746 0.670018323360958
5.641105121636854
0.12595094826743417 -0.15737405093309217
1.9340797065555142
0.9318656143710193 -0.7106019764854979
0.41930742013965006
-0.8288071756008757 0.1057068239739079
3.592576623696366
-0.8992237411058474 -0.12286584874875042
0.42912608163435717
-0.9320772821527387 -0.6561218654083362
4.9822944029222125
-0.7339995904903169 0.9526514033512403
5.722432881103746
-0.3246199831292847 -0.20207330445011287
3.851087400078651
---
10000
75
0.41077554594724947 0.7703863981558554
4.982118740273725
0.3923359189111385 0.809212459799185
5.531175420206259
-0.20383594747515132 -0.4783918739661457
5.707911781663784
-0.27806573348789637 0.4680747964992233
0.9476457135502061
0.08568412027018368 -0.9016606937026717
6.02349064380424
0.7416398513352863 0.7184830636680974
5.6458512053005965
0.7240930471164593 0.5580832733135213
0.2845974877008661
0.04331626463442414 -0.6067808491124742
5.805353905005013
-0.9928709519449705 0.6237977382605902
5.935074276155582
0.5948714443202716 -0.9524823905032258
3.260839107784302
-0.6045012780535772 0.3868244753295411
5.450946749003999
---
11000
82
-0.7528158414680721 0.9050733789091708
5.32388235355968
0.8730438206669182 -0.8136676519136234
0.10913142222572425
-0.11193584618875566 0.5213462395136005
3.5236089231859014
-0.11237463081879082 -0.10642119715667017
3.5010036030682317
-0.09556442490520563 -0.8181522031608678
3.79622007324605
0.475514302703057 0.6278117006378545
5.465689888133256
-0.3311988025865794 -0.6418292659687892
1.9220212286496228
0.878993276980454 0.32188909381394387
4.67711023488528
-0.8132161297259037 0.7386315839699363
1.9747164778739048
-0.6285070852819787 -0.15972941897237994
3.106697639783145
-0.1320288260445533 -0.7608017319597623
3.9221216194888937
---
12000
78
-0.5601261563796103 0.8006887646885039
3.8988445596735417
-0.643643652200669 0.907365382995107
0.3313457449354438
0.5747074468423985 -0.5992150623478684
2.5927664279341087
-0.42962405899539247 0.23225145381069587
0.6382242539426448
-0.1299198231953656 -0.6991557164358836
2.252807757034608
-0.41916454246145923 0.2649011446762442
2.402740210227746
-0.6884303937215307 0.1692434299765402
6.049006378913708
0.36487997823049634 -0.2253128805276911
-0.58368560866903
-0.9142186406700019 0.40274587309794135
3.957171347734591
-0.7921034937483824 0.2627676784490732
2.7705412199553
0.08257813081926313 -0.7611082129581581
5.097411425429751
---
13000
72
0.23565285020826593 -0.8861831115525496
4.5528163054903885
0.232473637596179 -0.8834416986164528
4.276419143778368
0.465891237078613 0.5749077037048711
2.9432393359036126
-0.2775638123458307 0.7417779142828049
0.8399521097730993
0.959045848033344 0.6313651910118818
1.7826604487333553
0.8893746403264193 -0.7444232355687765
1.4783302450852371
0.08792364834913315 0.10988894254825633
3.2084614254962247
-0.21748172313221842 -0.4671143233540634
2.6556977639846906
-0.5574988238429337 0.7589515023682929
2.3386897008699474
-0.49551963701793345 0.7482404776775177
0.34299052160037213
0.6255495017432711 0.7754494088815109
0.8760740201132275
---
14000
72
0.14649695786175568 0.49291795898197444
0.3374942382379393
0.4740577953477691 0.4732986284949042
5.478053860478778
0.7753683483007424 -0.775136300537428
4.396414103242919
-0.4387406058532876 0.6838052563614936
4.5807775249664875
-0.1428977261118915 -0.3069283454492286
0.31277033803565235
-0.12139135279977062 0.26253996912586075
2.4986970914809925
-0.7200852433488927 -0.7362182508167132
0.4339762609448208
-0.12012985494456763 0.06368008442311791
5.058402696229585
-0.6341053196253983 -0.5840461217950416
3.7063845526272905
0.9857562443343643 0.09764414098279195
6.2743387394359065
-0.7023975690357737 0.13697656255669322
4.39317515259384
---
15000
70
0.38441212926705653 0.5121316796939217
4.509253648418754
0.8495128785730905 0.12382621863161358
5.675480094596709
-0.16751228134259777 0.015148289000768245
1.621331964518797
-0.011070802211397938 -0.7933229180880939
0.8326375537495507
0.05206216060081873 0.6141792493473792
1.1474525769575825
-0.24167384348659898 0.32368721637693465
5.564149612661279
0.732117062655444 0.7373592656651088
3.3370633725584202
0.22207635274934945 -0.8910138979947657
1.8445777040319893
-0.5006464735436711 0.8358580935684023
5.7697453679021615
-0.43873309579735054 -0.121983084103491
0.044401285295094794
-0.994043742624924 0.9542908360639556
5.900701954756556
---
16000
74
0.4724062378613716 -0.49992807127012134
3.61925142600557
0.5786505002737226 0.07745014181065246
4.195782138031993
0.021159306314144886 0.17544294298841062
4.599959810248305
-0.684288137354742 -0.44341616140558415
4.72860033241136
0.48849192149276155 -0.3919065567097069
3.48262566464608
-0.9955652804859013 0.007356612879942763
4.501243383608535
-0.07734211610616122 0.4466404677274807
5.829183970121137
0.8649971812516138 0.381991591664508
3.5938266799245904
-0.6281741501790703 0.44646132797364246
5.355267008275741
0.9517080527423785 -0.5419110439637997
3.6601896739765047
0.8734262601806085 -0.21735480478573732
3.737310571061946
---
17000
81
0.33155014184700804 -0.46903541190126313
1.6649995451619244
0.3275203830702814 -0.4715912310829734
0.5067726610137733
-0.42385996071345133 -0.5777021342040258
1.5769131846284559
-0.3708002239865673 -0.5799114303409257
2.4161484808744085
0.8600076364570417 -0.13276309308906278
2.9062963828830037
0.5311179423287208 -0.05996292980865055
0.0213715115762394
0.030781291413140045 -0.7124545380573618
4.279101411375332
-0.4128171253012649 -0.15822303696847567
3.659976847842337
0.3477838438749304 -0.26823818035572794
1.8762458317968327
0.8323672921465248 -0.4985791453309604
3.837232214364108
-0.6936134205790843 -0.6332901313399381
1.7204501615711667
---
18000
72
0.513701691993195 -0.1396898080432309
4.709734151051444
0.6117047713094181 0.24066929640250734
6.0087961820564955
-0.4163148047306703 -0.3950622751690835
5.950125046982994
-0.020369206516331433 -0.8410818348561915
3.845942096124838
-0.5914063368227436 -0.40888625934476647
4.996197432102843
0.8890644488389623 -0.48406129076758453
4.9676385558598
0.3597303615320735 -0.9741014630460313
2.6573131469334355
0.9042589943411665 0.824824979025391
1.6284079188215124
0.42700573584774226 0.6236089371663356
2.9109230517016735
0.8473985179851599 0.01026940500747672
4.236810128490723
0.5162803769239994 -0.6977287583301646
2.4197401528246045
---
19000
77
-0.8933617679905652 0.3726535026870386
4.107648812837475
0.9627282789781452 -0.6642253959395269
0.5995644718113899
-0.7209982074295841 -0.2265532316870409
2.846316480519784
0.9582721935094998 -0.3881377672874679
2.6682363796086292
-0.9142113635434108 -0.05812961912534194
4.887889602548699
0.9510031738600546 0.30690469338423093
1.8590682802439726
-0.5357980359045684 0.46545672135937427
2.126154560632438
-0.9437660378380217 -0.5937994684509762
5.617955188837065
0.11766828047619486 -0.25750769044432786
3.8020254446825303
0.6482138481040713 0.09519678413732338
3.700710887630681
0.5977608449511231 0.16536487140479905
3.058513727594934
---
20000
89
-0.6626715016374086 0.3978808116050345
4.7219795621200795
-0.5828981449506253 0.5752718044641376
3.1244189963449145
-0.26248378469546435 0.6274838147323744
5.222557153559892
0.055527702250822326 -0.8105347325072221
5.033494299541841
0.43655620457247224 0.5950678104031254
4.527208221975477
-0.5252897058663742 0.007205287818776721
3.306971655593104
-0.11700333881401964 0.7899286855302294
5.28333260018977
0.4848153961519556 0.6306079334877126
4.235378489895679
0.35421666932036455 0.4243121465575622
0.30098641557582084
-0.23288713396497646 0.21377561989742228
3.367221982837698
-0.22555217718894605 -0.20956402816259975
4.943028560937733
---
21000
86
0.26409736471728174 -0.9353496693648704
3.7060152765820167
0.8613396957737437 -0.7323443187491192
2.990494759200173
0.08393332922511396 0.5056191208389873
3.722123498779939
-0.39489052383656204 -0.5090440098006461
3.9286039149911574
-0.6166809193947954 0.047772477386841705
4.306450499672359
0.5693580167171539 -0.9455784705252915
1.9890271141135987
-0.8137186927168529 -0.8457976215819871
0.7660760979144898
-0.1758919450499929 0.020161991878089633
1.0375946421970728
-0.19462581659469413 0.0637434964741459
5.771881024731808
0.5105327905832876 0.5319209060507921
4.8547283844017635
0.07568173299244267 -0.8935910954457995
4.476769694147436
---
22000
78
-0.778248367391124 0.5474460902346425
1.3806140234734265
-0.7333850608090089 0.2832238000090422
0.7027066224050613
-0.48653368137869396 0.9538169206577549
1.6473276867115692
-0.8387063112200559 0.5105886774206346
6.037938407295266
-0.6874840972444501 0.4534825205704185
4.156999464533548
0.06157704029320365 0.9677566076624299
2.0136421679414225
-0.7603018819240402 -0.3032173789917991
4.893761224150417
-0.5423845190744222 0.5069138275310942
1.231356371878295
0.8194333922360223 -0.092045084707115
5.658893195663704
0.8309997936304457 0.8440736489439064
0.655788661790436
-0.9105057981872249 -0.14689863523119423
4.9001140613127845
---
23000
83
0.6685006755699784 -0.7075979866506616
4.725548826419045
0.5017596935184119 -0.4567610407079705
3.8521558119628
-0.9677748688855662 0.5266410269455363
2.1110551848287002
0.8392390532146219 0.5009073958145505
3.1924367097189528
-0.44405129285353784 0.699442859483485
0.9278063409397959
-0.4147759702635227 0.7795848303066559
2.1498131004745105
0.05051117378939412 0.9869663763738743
4.848173749067511
0.890611982020751 0.5555721328908063
0.09718723062499901
-0.6521766930578236 0.5124247068278254
5.6172943520519185
0.5521222393119113 -0.7609951755105405
3.2088545575046434
0.49439290007076286 0.18647552774361886
1.921761951392785
---
24000
72
0.81719219789683 0.03698513914945826
3.96505916106986
0.7528549160429949 0.1270189044506322
5.355253554959824
0.40879352554035664 0.39845259068929456
5.009969533972646
0.10853086654205261 -0.09624141056198685
4.1474141501703725
0.8820806423966746 0.1341818871005825
3.420386676192357
0.591645188465319 0.7392552730542459
6.271131371066186
0.721682412044602 -0.9577876487610314
3.6000801075536417
-0.4631323525105441 0.12128748757617186
1.928618708431018
0.6204690312922082 -0.8131487369905546
5.8758566259577405
0.8620423993001908 -0.5160069668978996
4.273611379941738
0.5158611620604722 -0.04170876420014914
4.954988189390239
---
25000
77
-0.0700039828963509 0.03490741773008144
0.026009153124154416
0.12302432510784202 -0.9042466871545846
4.833448350411213
0.9416838429536033 -0.13547690376539667
3.953842342241758
-0.9113962123843422 -0.4842230076282707
2.9684568642167513
0.49125708073133056 0.06273346245724812
2.4659625663969313
-0.04215739611393601 0.2731271013968513
4.301456054154794
-0.9618718680940921 -0.9580254949621008
6.218674641200168
-0.26706634847415855 -0.9358931063389299
1.763612215345046
0.5381265952611388 -0.9065652128905091
1.3030977029379667
0.1699104832034969 -0.8759416650975774
0.10734482216847052
0.31726274413843397 0.44564296281949445
5.491379928115266
---
26000
68
0.8751727967180228 0.5203514534904762
3.616824374519346
0.7780673600616812 0.8969637979335897
5.965700973690483
0.07491862055756213 -0.7916427695929146
6.084048546386886
-0.2605428353262737 0.6553318575140005
2.1301497516982666
0.10942274515191697 0.17951086541794478
1.2489636471695382
0.40040139668193997 -0.5660165511381712
2.5760720491662052
0.5571257857912224 0.7537846928700174
3.404061274679834
-0.6731332858134512 -0.7211823378487615
2.9661763314991845
0.5982078107075768 0.8539037295702655
1.7181435134745557
-0.9724261264711318 0.03705013611332147
5.963214120545258
-0.4884155507265093 0.9721371522062325
5.617741291867847
---
27000
74
0.0187619821289211 -0.38423867290289404
2.6148687047324684
0.1278993454176814 -0.40387590864319967
0.7884561112268944
0.13445605789543352 -0.508736826673037
1.4612304525453421
-0.8210483392407434 0.6840434416328209
0.02559858786533198
0.7235516378933595 0.256445142482648
3.3477528268925587
-0.7372578073240359 0.8621185165942296
2.834404351854385
-0.3297735872051697 0.9500998806172516
2.250674856428752
-0.9922740270948064 -0.4618153917223415
1.7913552377286726
0.5480439478208732 -0.5934024608040199
1.7209286859991666
0.6169022313001753 -0.4214219536908845
1.2533199414750342
0.05170723910803326 -0.4056857263115883
3.4278428635979443
---
28000
74
-0.19472269530077083 -0.0630416112380332
5.355310388963943
-0.6036727190337206 0.465815968939019
3.747230025172791
0.49980345632019885 -0.5585280075546332
5.8111236838156
0.2636395565947748 -0.24066314843211806
5.597935612218267
0.0991718577554495 0.2715104671142613
1.7394972204654833
0.8798340049770604 0.7442101547172396
2.8506364838774365
0.5836407822870254 -0.146376882739458
6.182437422519618
-0.10591227010644857 -0.879790629258695
6.077991893400282
-0.1026269065684835 -0.9355094254896609
0.41400021641189433
0.18134802096596453 -0.6729992808673388
0.6803979652128076
0.9755699902270116 -0.3055461266728228
5.260791895099721
---
29000
75
0.09355509772264388 -0.8989789069202977
6.274961404212514
0.3739458064286192 -0.9215895281664281
3.2498215534843204
-0.9657818157563588 0.8625883364463575
4.577942534715458
-0.8822684520638678 0.3180889089043239
6.266758892675434
0.7189314990717615 0.5158544664602497
1.9797970496651782
0.39305434895693264 0.8135333877943847
3.3667700992031016
-0.9190576587959964 0.8767063052278996
1.4959834209374492
-0.0920576108718937 0.7845147422751082
3.327055275570653
-0.7350467798301711 0.32448726683573226
5.2375867253837525
-0.6792957482282513 -0.17938150192094435
5.121991878206471
-0.250525472447168 -0.5528811104376405
5.498720527265642
---
30000
82
-0.5865550929454384 0.483476458177176
4.803474842221601
0.9582763123831957 0.32916460317399643
0.5742306070660357
-0.4061492997340002 -0.634146947132284
5.81789733155466
-0.3420999375359187 0.0396424642337993
4.980794619991049
-0.5128045586729889 -0.3862670936199346
5.1601917863840026
-0.9010683958163201 0.49219336886903664
1.2249463754783827
-0.4446792996473802 -0.47230102958620446
2.5800561381446663
0.891770656055322 -0.6304909540001434
0.1960251008032321
-0.41249193330430023 -0.46382188567058125
5.604118031242434
-0.2749021749816412 -0.30654033072093617
0.6476373959823905
0.4576875427486253 -0.25143239647247845
0.5518147553735933
---
31000
80
0.6347872018190811 -0.7147553101406664
2.101221908229387
0.5206136563428333 -0.6262074413236948
3.7351334997967047
0.2920742681103375 -0.9897904912453926
4.136724448874025
0.9107624573774908 -0.644578646781809
2.086289073767304
-0.4422599326711891 0.10173696506061804
5.314978165192549
0.32221058830336 0.630914942282681
0.3104488123199154
-0.49699855065363724 -0.47843286555440484
1.5833618345348812
0.2921765532834416 0.2944312166531713
1.0935633340042141
-0.13415137231835852 0.6543475233070825
3.3799893541894503
0.524167224224435 -0.22391785363170275
5.990148057386031
0.22358426426100445 0.6927560556718635
6.21160447319813
---
32000
83
0.3350729455003623 0.5515992010721293
2.8962122219793627
0.25341287720505173 -0.9915807498311031
1.669803989064877
0.5845616428322281 -0.23491167215414832
2.8769932008069787
0.5524427426632339 0.3888003697556069
5.8236031041182645
0.08687370480191042 0.4621608392317639
3.790115336846145
-0.7997585577153631 0.9045006821844668
1.1796638336173206
-0.3519953094628777 0.5894719417906256
4.338478681618595
-0.06200146723285582 0.37295890660557396
3.418452597183265
0.6102525983814422 0.8603399172583643
5.61063364093615
-0.8321202138122308 -0.1861239687268996
3.6834074967310375
-0.9187461288658965 -0.7932470613794512
4.408755275114425
---
33000
78
0.07095693792562499 0.6267873788130988
4.786715442955252
-0.025838073410951574 0.6670270813489659
3.279109691559719
-0.31365203366889743 -0.7903089414117378
6.258029334668509
-0.8000591219413361 -0.903590257043452
0.377542544330705
-0.7802137502766084 0.39171818905240846
3.1956143222484146
-0.3654177608629995 -0.6979182737435609
5.301255105169852
0.22493724487433303 -0.6034634320933727
2.836345225646669
0.2258025768699451 -0.4319685558746793
3.3802485117717884
0.31216387205477303 0.7050071787477709
2.6906811280272933
-0.6146819484924282 -0.7628327889984197
3.4329285779536924
0.8029289695248177 0.8340708811134819
2.48296514073942
---
34000
79
0.44446515511081425 0.1482331147678584
5.242125804266962
0.6293174386741848 0.121649580800247
5.610184745415576
0.07722652308631085 0.33609850934523783
5.829610451698644
0.5848811302833365 -0.9936839561855751
3.640677094800167
-0.4863586077012336 0.15773398034984618
0.27571301088800837
-0.026738428991614424 0.682497842184921
2.318714252961465
0.5615350852235164 -0.6236879359866812
4.013328393282027
-0.42100773124997665 -0.2091894791724512
4.202389092306193
-0.042479342816164306 -0.015218452691510665
5.7337531700611
0.9134469687367421 -0.7145593161073331
3.5806418122784844
-0.0022081669964637216 -0.1617820396010235
2.296609640248773
---
35000
81
0.5450096566737417 0.3013896007287741
1.5002292454934727
0.6339262812457347 0.31750092213404946
1.0753130821013315
-0.3426087763258473 -0.7492136420798572
3.6819293726388143
-0.30454191679476994 -0.37598336347684924
3.825035694804068
-0.9840579714095941 0.0075837412911765115
2.9333105002388367
0.172049606097967 0.6920864770168256
4.11773078017314
0.2157041600444761 -0.9308994325556275
4.345511196713391
-0.36247197715861246 -0.8594041229155494
4.04327420698201
0.1458665164228675 0.9601230360928101
0.6394158009192739
-0.07869330163351139 -0.19391476614165007
2.84278761769904
0.32357501694208923 0.6654958841544223
2.798919143728819
---
36000
80
-0.8252924475774192 0.7044892044912294
1.4100642187266244
0.7355291675343113 0.7164964433602762
4.169691640234788
-0.2551553681723859 -0.02962745989937207
3.8409558129581
0.41641483783686606 -0.3310647169225696
0.3366580269373989
-0.9487430550243592 -0.25870613815802423
3.8408148074109265
0.6837270520523209 -0.9796809649551188
1.4146466295476188
-0.471947896684257 -0.4270069302187967
1.07241593210348
0.9717260528707755 -0.46067100745938083
0.13593336683286417
0.7236372903990357 0.09879085359390304
5.210637052569026
-0.7516278074261986 -0.8796768743234056
5.610889986223337
-0.8614800972074793 -0.2877592217937374
2.509647959163761
---
37000
73
0.5776612028355538 -0.4993455570260213
4.779700579323607
-0.9111986994568502 0.20870764568103942
5.867621759239853
-0.29244243287434246 -0.25369600461543607
0.6125642705699192
-0.9389580542383505 0.9584282603288415
4.5193249624803595
-0.35405932602133544 0.2992212567440091
0.4401163488974298
0.11870122034669912 -0.08514454533438645
2.4063600576502786
0.29185093910735327 -0.8477872972262237
0.8791343570070316
0.48465544273381606 0.36623972355949225
1.079692263581621
0.3508298036121248 0.5262103570795248
4.087208441735745
0.01189600084538002 -0.703614473759398
1.611423612387771
0.36383144916981175 -0.4076919618284614
2.807513281374054
---
38000
83
-0.8735731501979906 -0.4988885030816165
2.278185750113379
-0.9036774445112291 -0.6117575059046977
4.141125337130053
-0.8368253207581884 -0.47194504481338656
1.3593565541328507
-0.40244120489269775 -0.4311214371254721
5.609390767977477
0.7423187178427895 0.7950692750046701
5.613757054258151
0.14102219789552517 -0.20177028556757665
5.021785216744029
0.5565565587822365 -0.5000728680636659
4.278727039300615
0.8611578099294293 -0.9254115968701988
0.0566497278424789
0.634731769233872 -0.9125297859560165
2.006929497630181
0.911577203956939 0.8603789882397437
5.72366233670332
-0.6333665552939092 -0.814275193698446
1.8484168703877906
---
39000
76
-0.5101535846407453 0.3834691090426203
3.084326345568213
-0.24859229082478432 0.5698052677924748
2.4549590755215043
0.10796317534958874 0.2561933730772159
3.6176577438182766
0.7575843196602183 -0.9334566505717787
3.076679243319063
-0.4392900321153697 0.5795363310139136
3.151121646722755
0.3094089101840078 0.4515588196193089
4.44237887421047
0.1134246157511529 0.17730366672563713
2.824632384521542
-0.2739244043139539 -0.8221064336685239
3.7719399961456395
0.029051656219051855 0.0030260496911907325
1.8882099754148631
-0.3757809933225858 -0.49719546495973804
3.124957015577471
-0.6779281605199146 0.6452720328059538
1.5877197378934849
---
40000
88
-0.3662786433757548 0.7371008449187585
0.638320227022691
-0.6518875082918044 -0.709333989555739
1.4316440668183583
0.594238816333636 -0.5616281333018075
1.888241290375185
-0.005971312864703241 0.8771112278917158
1.3176908777740899
-0.8486432433808718 -0.9430327202524398
4.2990715485637585
-0.6597098204651903 0.25378015337438
3.4122603496111745
-0.5645432832474391 0.34722909630305426
5.301388048876961
-0.2926991066798887 0.38209053264324977
5.639792348240507
-0.24439500727651625 -0.45817679655088617
2.883686286701235
0.5688620778392603 -0.0958766899162225
4.84058079806797
0.7908174316662742 0.9753748126547348
4.667384643560035
---
41000
72
-0.858723188460561 -0.31251731830660207
3.1880143023054606
0.8394181607094164 -0.2618546823613676
2.943002777905628
-0.6272283054517475 0.27384913299751756
2.3884298768287175
0.7994359100969187 -0.7640793096528574
6.0221007611249355
0.9148038056044584 0.15547493065692802
4.922662428964801
-0.5061748481738338 0.04024094143305887
5.900977619938851
0.5341615436691639 0.9173777183308718
5.17174196039754
0.04455213651449918 0.3320136041345575
2.682666022302411
-0.12492910368446228 0.8142469191737122
6.130713954511974
0.42632059207958917 0.5961915482982614
2.509023174773093
0.9357186011098435 -0.99023482705106
6.032185009302761
---
42000
90
0.2963567576301908 0.8766962229470265
3.884214514078475
0.3651045964862536 0.7098051244855641
3.0911864327114085
0.7260264556774711 -0.3030845273028272
2.581409868761087
-0.2306803368458759 0.9695203429104294
5.5955537479646065
-0.37147082708308204 -0.15744340620707054
0.06817964185756242
-0.8237282510116146 -0.6477203473687191
2.5507023298830998
-0.3141459111182137 -0.023950906771972966
5.7311703267936895
-0.3986781508913398 -0.3297491799282506
2.4571713181525814
-0.9608753515277247 -0.625826125510296
4.714076182587062
0.39827227176592755 0.73632363319707
2.458077835509882
-0.9614053820292315 0.7461751856526002
4.839690150250417
---
43000
72
0.25889936558556664 0.41460656997180817
1.7221016072340747
0.22139998190098226 0.4108458046234592
0.967763398435121
0.050119123271455006 -0.5858268941681262
0.5658636606375529
0.9904871724817175 0.65808705786024
4.431288274501429
0.8918811924828753 -0.6664984253019001
4.3634083837807545
0.034399685728957345 0.5706653931420249
1.2347006988419338
-0.530980630958133 -0.21321487262668712
2.896956350018221
-0.3639234190542028 -0.5872015767576347
2.8729498965426226
-0.019893570107530394 -0.9204281007553454
1.1629164596547472
-0.15977064934895965 0.6601214916691959
0.9886054008424656
0.2757716031756986 0.9350317117632482
1.5681513654625645
---
44000
88
-0.7195509777930602 -0.3530889218972577
2.2091546556456554
-0.7134659391974543 -0.36287256838217535
5.379597191136706
0.9677257723382149 0.5793598165688614
2.4287810127649356
0.24310081409028866 -0.9998903517476203
3.306289976034644
0.45545525660201225 0.058195308050456994
4.392040415087579
-0.6470626459933194 0.09338196084882176
5.987921880083055
0.959864809834396 -0.4762457912392811
5.948638855139597
-0.5147527874992903 -0.1613335199587782
4.599216902336148
0.3910972353185786 0.34202971435221013
2.852792058396668
-0.41068531797125424 0.2425657657122215
5.339458546118525
-0.841897569107869 0.21931105647033874
0.15642654805407386
---
45000
73
-0.9771986841593194 0.5083153755442582
2.4114463209276296
0.6955245828886499 0.13563453595720168
0.4984512451721992
0.4651179941811382 0.18624263954685616
3.4740520700872883
0.644987763996071 -0.8399269761519641
4.805640667646065
-0.32418183335477524 0.9128619067146709
2.308096540567478
0.10009325797834129 0.72130895807653
1.5101297381704626
0.8996284934311982 -0.6759529016398209
5.561221375735162
-0.9599861026389855 0.14878613662760948
1.6115101676056547
0.48991803539761486 -0.3771013391845311
0.4475845201282862
0.24974331261015925 -0.7858809644018967
1.1532245949571012
0.48142220272499625 -0.257818671060354
2.3203755389110015
---
46000
76
0.41861726574264996 0.5753938616334268
2.350282116351003
0.7058222019199898 -0.5717062227964061
1.2438893716181294
0.6484843193371193 0.8442509247665956
1.7315156109568717
0.12163266869758385 0.25072718391136806
2.9967260888313962
-0.13717780702910942 -0.6439062825790446
3.864809579565751
0.4393013919583307 0.011946499696182
2.9264681915761734
-0.4521188170927397 -0.6614034940761984
0.5813073565934186
-0.3645854936446438 -0.0043646660410929655
0.2646098330591711
-0.15254779912108582 0.4659685649656123
2.7329968477521263
0.8875897472388757 -0.9943651566105479
4.8426134692479135
-0.6470098053111909 -0.10101920558055988
0.002297104699781727
---
47000
74
0.913232145314956 -0.2705690982395438
5.453788326718734
0.763154658236483 -0.508591832741138
2.658416151968873
-0.08368304416521577 0.1948755826237111
3.475717504841167
-0.6479141542324814 -0.1466788174462713
5.663892148614417
0.7732584374205088 -0.374997840757122
1.5565855350727018
-0.8468231450379518 -0.08333280552196054
1.388853002647422
0.8675823323765377 0.22791711072631043
5.438669799583208
0.8591647931806692 -0.7991646691315913
3.8167394948882096
0.15224177584359844 0.3836164401366684
5.982585242787222
-0.9794862937313051 -0.6778365305628975
5.687988920954655
-0.9098216644174474 -0.2976784268508733
1.890683996574606
---
48000
67
-0.8577714290482881 0.1340260413379373
1.275387422328332
-0.4185524401015149 0.18094169755289224
6.209608754501795
-0.26620808019535275 -0.1832636631850313
1.5231096011987209
-0.9897175884535827 0.0052675940138814
1.8186979025306895
-0.09372813948161011 -0.4855936486793846
-0.7699928406043698
0.017256309404494116 0.14047507029055614
4.58579394328501
-0.845795875292406 0.29806313391262296
4.196067557547026
-0.6469871085416753 0.042185374566035175
2.1112920973537497
-0.8666074141029113 0.723375908465723
1.9788357867331614
0.9026684040347105 0.4640061608261417
4.50290015803864
-0.7865350217550591 0.6069079736398925
6.202864147970393
---
49000
82
-0.8749475568323907 -0.4213374559144246
3.624227347150021
-0.9087320038144157 -0.36384988283177855
5.026805063833853
-0.6059138676041342 -0.6018591313010391
0.12539480213623566
-0.5658034498639378 -0.6736034869833041
2.2909960880849303
-0.7694268703864301 -0.08034638027500338
5.618422469600455
-0.7554222185011954 0.9930775583931828
5.012951515139758
-0.6185235465325245 -0.8263972190887984
4.546133886124216
-0.5929704360274701 -0.7147148753083977
3.7992068728805037
0.2224175671974251 0.45981159658706416
4.796996229411685
-0.17062432758906418 -0.17807473536818397
5.111875089871209
0.7811919739997042 -0.9382035800029305
2.161989212804147
---
50000
75
0.28154348266522233 -0.1305104114591534
2.4103559295230306
0.1955362284802614 -0.3145168793815728
1.4853369162737238
-0.500116586492592 0.6607700958591061
4.226319552283252
-0.53877858804243 0.6824264620557392
1.8726126400215195
-0.0981391519175854 -0.27939816643625115
3.697700475964462
-0.9525094060810093 0.8121218817095607
4.406737419984543
-0.35236674064429874 -0.10696412288747928
2.9151744293012154
0.5175565339866817 0.5603766147705048
4.457246451480939
-0.12093251614976912 -0.393886202124134
1.6310782218061757
-0.06538529408522957 -0.36938424224564703
1.3239376572196955
-0.2156652993181472 -0.9766761195856065
4.440557064861418
---
51000
79
-0.6485467351934376 0.5448113651173325
4.170422399301277
-0.4272958400171928 0.7105880875216173
0.24591073587247525
-0.4128110071232094 0.8343015497962819
1.0046070456399523
-0.830087613526057 -0.8373761691521
1.0228508575206723
-0.11475382500866947 0.2639170915913504
1.4834017123061791
0.36537415916644583 0.39864603626255174
0.5434661565454171
0.32229271409260846 -0.5573321138901833
0.1326388247073087
0.04763236053304849 -0.9954138452194157
0.9802086792935842
0.5166369352236995 -0.8067621923117995
2.849977107539585
-0.4865671305181064 -0.937581530472047
4.474319156767203
-0.06986702009090778 -0.7450898138485199
3.461723673638775
---
52000
81
0.5882062303696942 -0.7571506668203076
5.032473349821492
0.6095192218672357 -0.7827608269838483
2.731215049470001
0.7087472954326282 -0.6611221819257114
5.557365552797158
-0.7205588699633079 -0.8513718189140026
6.142746018064056
0.43900061095581205 0.2819639077875168
3.2382299382908295
0.5665175669801031 -0.8894709012137566
1.998030946843719
0.2731618358921133 0.21920254331887484
4.215949304117361
-0.19255735603296556 0.05802188423563337
5.736734359103991
-0.7452504437701459 0.03652125245623126
3.6298800153025113
0.2597877556598958 -0.10382863164098818
3.7354084614094054
-0.2768278450938559 -0.0004334062271527245
1.2585645186690027
---
53000
84
0.9079467816147477 0.7006100276102234
0.5841013641135603
-0.634172474726853 0.2362977911237224
2.02739634359333
0.9420165460356567 -0.2700423335633631
5.13310814574981
-0.7937276206556818 -0.8807227376535041
3.1521537792048804
-0.5198856721410912 -0.23452711961410366
4.937956453448526
-0.03734564657009568 -0.019533141730988766
1.0804184808124644
-0.412074325801697 0.29328659453422873
1.193758313254781
0.9517884302252145 0.524745895731469
5.61232760327275
-0.5329508135582987 -0.6746599112819227
4.116074730025788
-0.758128878334663 0.17775902830585527
3.62365158802076
-0.24605420880998272 0.5497059608287991
2.4509957673984912
---
54000
79
-0.2836329823435517 0.3776582889155701
4.718785536669592
-0.016056115244221007 0.20269252980822092
2.3283451402516837
-0.9228279034025522 -0.6445829303020868
3.1244795829914223
0.015712830388270475 0.29739353882253305
0.878333281063707
0.16189005501777362 -0.28563648192800084
1.977535943955103
0.5467224979490811 -0.04088602535263232
2.455952683323103
-0.615733226963602 0.5791187541189754
1.8898568111970837
-0.4811092322740555 -0.21254779047634673
3.0465987713991396
0.1048591922430235 -0.13925042135936244
0.06730151209057578
-0.19457063035095035 0.34357815882149795
3.008565516649421
0.8061855620719245 -0.524783282312231
1.9003264509483602
---
55000
65
-0.2459124221508441 -0.32015130908226613
0.5035131550598867
-0.10376852053530633 0.9556133698264342
0.8705269716686388
-0.3319597102191828 0.1831904066723437
3.555148536013169
-0.05225311696548326 0.7917164553960838
1.5185477346586165
0.4549991538141858 0.499232762761293
3.044250893837642
0.5907417113120716 -0.5120449871049382
3.1684742073520695
0.07354682239480782 -0.02754323635862103
5.594318875009247
0.03981532903584737 0.7822921098250202
3.6462999150994166
0.8823240958493939 0.3799566486634373
0.8239123540417674
-0.33395932316169985 -0.7298525515584112
2.33064217349603
-0.3327947084309861 -0.7466866573457475
1.627700955400888
---
56000
73
0.4690987512262816 -0.6673841848856472
0.42873243459081944
0.3071340456339702 0.1333199908640045
1.996767375615475
-0.1487220680346014 0.6899120700603119
2.136936924407949
0.9282778538152963 -0.7761335707137782
3.261540042272049
0.8116871258280682 -0.2544407358389918
0.9321276322151569
-0.10534069209660216 0.5493587815620844
5.12917404595026
0.08818859943716609 -0.2631132807988344
3.378489577561485
-0.6913283147992458 0.003217374926597589
2.2654723765764513
-0.060012363397073075 0.35045344584526683
3.5504967014799664
0.6013442654839182 -0.7864108085162129
0.9617301300368186
0.3955031420336605 -0.5042426844281684
5.179798447994208
---
57000
87
-0.7989421624848867 0.01597704263958693
2.4991526913791113
-0.8317440584542845 -0.2566920423459198
4.480450502986423
0.16672740355330207 -0.139393910170622
2.0205259059887775
-0.8949216151293714 0.2837171777928371
2.17156867932138
0.8069904461797444 -0.3426367076696267
2.5049601837596347
-0.882497608769742 0.0005024405604229995
2.6409449618311625
-0.18433225385551424 -0.6643825242908625
1.3072705229391524
0.1992590442423605 0.48706813494629325
2.939745838097365
0.04822323867251454 -0.7406826188077286
3.1244552437154853
-0.8040648927034383 0.12391106721603252
1.2165219005317809
0.574926604633548 0.31830872208918787
3.5461102441585792
---
58000
76
-0.8701279780368883 -0.05397714345785917
3.380643119551871
0.9885104175996886 0.09736500217452446
1.5030426847812786
-0.06999083285952973 -0.7144042178584233
4.474257966412152
0.40722816469998346 -0.9173007077689952
5.262551751626349
0.8319631827167367 0.6674532115327956
4.74137004105158
0.2857053092961851 0.8372321934658048
1.7800878503464332
-0.6313428569856736 0.13607574512489604
1.8332400462780987
0.9959822740897419 -0.6198274722406973
1.809661453505723
-0.7999872539737257 -0.7315145029050205
4.929907887800955
-0.789615257979812 -0.6066280532894325
1.512277365964776
-0.4196925128536609 0.8485980612866324
2.0940650616457015
---
59000
77
-0.6319842331103479 0.8681719839289066
3.468364776062222
-0.2930205418291448 0.8378248145760945
3.5723952429882324
-0.9035214342726624 0.9011453904403401
2.067110335934384
-0.9150771525469398 0.010839912038988375
4.3794066658934465
-0.7427881240559326 0.41059434026735264
2.1456940252311307
-0.253647088597542 0.9848840800937317
4.94159484391531
-0.8196227826226651 0.8422322804876441
2.3475812448931137
-0.9720912808794762 -0.36664445616236685
3.9935916303006547
-0.4373594758416328 -0.2672002762097452
0.19551234371621629
-0.11638424471221245 0.13179817229914131
5.962970152836277
0.6891476769123344 0.5676153482807558
1.2934913430459352
---
60000
84
0.8088144377785763 0.49071134775784736
3.396401262459657
0.6478859207805109 0.4153379231944713
3.568368252892051
-0.037373857165970484 -0.6562106396644976
4.46419065225768
0.7080067760007709 0.4111585174571518
1.1291955144314656
0.5200898468215696 0.836206801759327
2.1494697800766467
0.8512372496875407 0.05663945854006806
3.974345837645706
0.40216944040138203 0.1498425909303027
5.403283621367885
0.0824614522533863 -0.430474222998068
3.804162801288874
0.20958323947396557 0.7056340507072898
4.7585942015214755
0.305313285232159 -0.07478847314208478
2.157238048400833
0.3184566236739289 0.9763098657900803
1.6154220081354564
---
61000
71
0.8797966614721573 0.9767175188659856
3.2715161548882166
0.6536960805344165 0.7013599365989197
0.1381580534115745
-0.5029409226415619 0.6971445890904535
0.7457062357500375
0.31113862863311 -0.7763996799890971
3.5898651215686463
0.46848353591452996 -0.5321224882737758
3.936652487601302
0.15713002724150085 -0.10198524915153609
4.75769551221738
0.3591004816040755 0.8222236772499584
4.671057289164477
0.0640515949133269 -0.8425395303086876
3.8243351068148534
-0.41593027337633326 0.6838988352901674
3.7542734273352094
-0.23500641686718182 0.596285910061848
2.6811671638000876
0.3769727582262869 0.06434164312743934
0.6342817333645501
---
62000
79
-0.6489641123881061 0.5859004829488739
3.295950618275457
-0.6829099334613336 0.5461162361847036
5.4943657826838646
-0.5243303249101084 0.021695609089934013
4.304811293921538
0.010777305768993474 -0.7095952954088424
1.7667521009453173
0.5130638325757474 0.5438818443097276
6.012143869853461
0.13947857905980704 0.04667909274586394
4.6858124823614435
0.21844237492764254 -0.05114715211426392
3.4713432827574824
0.6343542040012206 0.525351969522062
3.529996729517303
-0.1351414344265176 0.0842157278432149
4.33401473532864
0.09519155380577446 0.32240680074400035
2.3422589564967033
0.5491061725150334 -0.1330727882174238
3.2469132991306013
---
63000
63
-0.6722744783716652 -0.3920901915979067
4.804594699381499
0.4471694744612913 -0.2024130314814471
2.6287501793514965
-0.49870250552826634 0.35525674225657133
0.6784801562580034
0.29175023205768774 -0.8269618621553848
0.896999683613739
-0.478136666444463 0.23501536257956937
1.4117757747049833
-0.059226741725334694 -0.46473183453080286
6.058937805772103
0.9377735084374798 -0.9269480560563026
4.008697051261556
0.5200089135402233 -0.6388723008216113
1.1968737600320658
0.6342085751126637 0.9150764946959687
3.6709313446177463
-0.5315306305109171 0.16141820027913448
3.142628079836367
0.5617306439206589 -0.970324828507033
4.82340004619929
---
64000
75
-0.6260576319841317 0.08608804768333267
4.65885525615105
-0.1469283759512734 -0.8173558289785593
3.6965079590373673
-0.6564321360963155 -0.8609219561603302
0.2816140282863735
0.7454452247277961 -0.26386104443660624
0.028836074972167225
-0.5086332531603261 -0.23782050587442544
5.987018828906855
-0.5733529372237102 -0.7684922397988672
2.4247823992594375
-0.8110704683561268 0.9683480665510696
0.13988375973986766
0.45851075974755895 0.8521598866083889
0.9594465163224148
-0.45080351822742415 -0.465462974473716
4.340281454249778
0.19060546621410177 -0.5098523119378989
6.2543787808985565
0.8137853702535089 -0.5885403866181672
0.5591409123006672
---
65000
80
0.5380344190887514 -0.21673632271935983
1.8251158457475771
0.8343904736304412 0.25919351010834446
1.3928302254041656
0.8074885328869225 0.2317774469236174
0.9726226013772701
-0.5170959689090792 0.7057024157035212
2.3303086491463425
0.26170995930241653 -0.590250456147266
3.349912834128153
-0.7676292736823183 0.11534744618581187
2.1866580275924186
0.3648660145591812 0.7007947230975539
2.7346070550578343
-0.5727404493791285 -0.0073772022119602005
2.704101023960356
0.8322291974215396 0.6048652951858314
1.0794857947486247
0.02772383547154395 -0.7340206067651164
6.202610816476569
0.16226388299421934 -0.5963423297710077
1.2664483944600224
---
66000
81
-0.9422476324976397 -0.5489224501036095
1.5019219829642108
-0.9057678606504211 -0.7849253330491086
3.5318194565308874
-0.4898951201748663 -0.32506565623276346
5.592283022436045
0.04509745229802032 0.5116540713532195
1.8053353736840103
-0.44919242179824825 0.6993314824117612
6.182668151139446
0.7204485288912383 -0.36116512450155563
2.955002293228099
-0.17203615909338393 0.4822263959947532
0.16356268172404853
-0.343790159972863 0.7056893722526039
2.571152977552144
0.6637854092453757 -0.5285386108516203
1.3235175040299847
-0.36266503569812214 0.3528224192724024
5.419348297762121
-0.9189942649216535 0.16759751465032852
2.6379047895727155
---
67000
85
0.05200698617009472 0.6866948174636827
0.6776692133525412
-0.2769029708588208 0.5746511684981507
5.949710840947848
-0.7402319084726148 0.7081059783895407
2.2431011494069555
-0.6193049269042415 0.727822103943711
5.966215133087428
-0.050809618798710314 -0.8520991377926945
4.823929602350109
0.04268885891724468 0.734487443674122
6.047050908485432
-0.3020733058631729 0.5553649171670898
5.707387971682534
-0.9480968947587951 -0.4992867118241383
1.503432621435409
-0.5294727663353869 0.7748445535494237
1.135671931025752
0.13948153730741578 0.314349870754018
0.14501816327696737
0.4270454477017598 0.2713226490110589
2.8020332537886166
---
68000
75
-0.8127108768951794 0.05185740611743836
0.6283166109358997
-0.23183562389409063 -0.7777254016238316
5.755424737327624
-0.5361110883968625 -0.9905014867566382
6.177402630474829
0.1504341983559705 0.1977889202062925
6.261458563719798
0.42145152516455586 0.32639105305426325
2.4942393610571045
-0.8570001967872272 0.37412951493461516
3.848271460280346
-0.4572631626720429 -0.37432727872493043
1.6276090064677806
-0.19203395593109518 0.4472499571904486
3.5530564337228396
0.3598873628691323 0.2720244232602206
4.7111995503236965
-0.6479592213212858 0.5739745766361523
1.4944998672256684
-0.23700685805450478 0.03684646206526499
0.20573743512761666
---
69000
87
0.05911467504234789 -0.4846807835454033
2.796395382872081
0.030236370629859313 -0.4876035852881985
4.998148509177796
-0.3458667489017602 -0.9429080754801781
2.7579399501795976
0.19070182732583868 0.6296126633150675
2.96040650638023
0.36862584420356825 0.04184979346050466
4.954332032442426
0.6637197316069452 0.9195939050689282
5.2333096375696515
-0.456633736873736 0.47947653002691915
5.4370311004476815
0.7375347528718618 0.020020901214596095
2.848406944736645
0.8485230506795662 0.46365607476339793
5.598275153070174
0.9457501173307868 -0.38698125434463215
1.5972434119499503
-0.7695045400670946 0.8862062636462239
4.9029739739190825
---
70000
80
-0.5675305244505406 -0.2971283707905543
5.8149751688595765
-0.39426873956170516 -0.30405858002303704
0.058118033057792395
0.7044457583085528 0.1696559727786638
0.31171076491406513
0.9865671761661639 0.6874261634387225
1.9865824046165281
-0.42436912610472916 0.12301454072107115
4.396568472153974
0.827300488298248 0.2454487911235357
4.161993011127252
-0.8123768682772782 0.36157595925551245
1.7311029991772724
0.5904532352727284 -0.3975232700061153
4.392700863671115
0.4958264882413324 -0.8417384940686748
5.815331362896786
0.9921909418286714 0.06506938482122746
4.489367324956591
-0.7499412726491916 -0.5999182374854986
4.5558544134327095
---
71000
87
-0.8624288639429218 0.5382137380416991
1.095300953361082
-0.8170228227829957 0.5839478220378866
1.5529589866418858
-0.04343029118245629 0.4241987797383455
6.1136911327284045
-0.6044364449593786 0.2672831312784014
6.022943786770194
-0.9376660241026997 -0.09619536382289032
0.6115614975958072
0.5739201732606016 -0.5854208591248913
4.661600447884449
0.11887254584172707 0.18125093173853257
5.286478528245558
-0.5430112132322003 0.9968450219317431
2.2147363566333302
0.22661847582326203 -0.898699977417846
6.059725225843242
0.8688714924560303 0.4302635089603659
0.6359390604245592
-0.440802223759568 -0.1498294117259958
0.8232604258246257
---
72000
79
0.9354190831815187 0.631014744738092
5.328920360581929
-0.5355257274118015 -0.773918122237727
0.8670540340727594
0.9568590095815426 -0.10004440640291666
4.102294407226596
0.7968518134642174 0.8007898793695944
5.851653330996284
-0.6273041070921275 0.985558217294408
5.1380244611114305
0.3366594700231258 -0.5410059229027484
3.782665808840211
0.7847752083192615 -0.14734263301857223
2.178442617167604
-0.9376506572802566 0.8740439698133567
0.980940098828528
0.008890013098822463 -0.8636430460723659
2.4346729621307155
-0.7917478828878551 -0.22765762977358886
5.393541319911136
0.7202539052479899 -0.6005833567683155
5.823495850132325
---
73000
85
-0.5555172782550003 -0.5943043821813485
1.5148306433926089
0.4495887686576685 -0.7927615285872375
6.1546250134887375
-0.3002103203933332 -0.7311352959092774
6.235410522707557
-0.9989306338287263 -0.03236287739116781
0.4202036256756978
0.8282071644220516 -0.02770023963148876
5.107704342463901
0.11255746968595681 0.41469853767407006
1.5116694392254448
-0.2689788576865536 0.5048719106341258
1.5021432678486244
-0.18236031818703236 -0.77731273320288
-0.8759897546573097
0.4946816630321539 -0.7951666694043189
0.5905624135354941
-0.8636546619206014 0.5806334491994234
3.836437174524641
0.8226382667199894 0.009896979723647446
5.8649551638340895
---
74000
80
-0.17337595280353313 0.6403462045236711
0.6113543280857392
-0.052029894875179575 0.6412593158315628
1.5105950737269982
0.3297275547795939 -0.4702383355206138
3.986953252617056
-0.03821578528878278 -0.7879950687076365
0.33686704884040886
0.08384822880983878 0.07777245930136353
2.7196657766261714
-0.4793361463232801 0.9792547203387367
3.094652835230817
0.10469184248918718 -0.4343675062993628
-1.6821164104555342
-0.6675681424678643 -0.39833024546952966
3.9601404964274662
-0.37036598408326715 -0.6523087489151884
1.7561053847951307
-0.3392686258635729 0.5420723052654982
2.849164227890861
-0.12364578158030212 0.07780098100556818
4.672700016517472
---
75000
84
-0.6783114098005797 0.4586242448875967
5.786023982535731
-0.4931781711857828 -0.9495100198363963
4.455715324277702
-0.33161580226925874 0.5569882056416828
2.642861407368013
-0.13053727551197608 -0.269137930026076
2.164153674841872
0.27349952475335587 -0.8514763697715841
4.572650795982727
-0.4717870538904831 0.7525465138687707
3.2374091605565694
-0.21513646935495268 0.9231858376732002
2.7085731160045654
-0.7598784074496652 0.6095092948685633
5.424724408435295
-0.2652534006852675 -0.8523798885619351
5.4479664677699535
-0.8781150764749333 0.7180375424591865
3.0199423527879086
0.8679063224194072 -0.8228134483698131
5.30425919907156
---
76000
81
-0.6066512539340033 0.37542933929145283
4.69684192664589
-0.28487036095916246 0.4335983052927215
1.641076642907609
0.3534142045274394 0.32374712518007714
4.545086111838571
-0.48795192053728786 0.2076284269871102
3.9575297268597636
0.46672587399650856 0.6428857927975891
2.685026705123673
-0.38478362091487245 0.2771938279341146
4.4515071236938635
-0.705839286642197 0.028130317383919017
0.4714044206981436
0.7439726681263308 -0.788713400932932
2.5938144517765176
0.38494774866864595 -0.21587209937107155
3.399907056401333
-0.823436545699131 0.6938326022598382
4.007375365950609
-0.029314532895920207 -0.5940225095341111
0.8582510770208094
---
77000
79
-0.005829719162124311 -0.09349228954321957
2.6988518223980846
0.315517420365151 -0.09439669936401877
0.4708370905252153
-0.6136133420832385 -0.8561011783192013
5.859011050598201
0.9590264615812171 -0.7842941172609957
5.066363532453163
0.4796221345589524 0.13799086983625788
3.788954650591897
-0.92444975970705 -0.6577394345195405
6.185286444249953
-0.8822941381967031 -0.33459369359978197
0.52423337758463
-0.22004441221394605 0.8416717409319914
1.7870137550802925
-0.41517092054054733 0.011628800442543837
0.9220561244266747
-0.363596805937428 0.6192112836382254
6.26568219448524
-0.8176611240969519 0.749205468627624
3.8253515140433407
---
78000
72
-0.3037656877037109 0.72961504589831
3.9310588043662222
-0.4914162240261456 -0.5351463104084229
2.79892126757115
0.4594184217734105 0.8558890706779665
4.754768071945366
-0.21803903628725088 0.03797258243719331
4.265132964495085
0.6478997095348366 -0.43069766168889695
0.7889227928627118
0.5996208185692748 -0.07729392467219388
3.4243864345704536
0.41310883010454774 -0.03859638518734776
5.3199199276993605
-0.25101449190185937 -0.967162670701205
3.4877702347689308
-0.6840254556706924 0.11238894435357064
2.873217797849164
-0.6407057424414728 0.47043340620833696
5.329945676721229
0.014276156443913585 0.9357414298100422
0.16591971947021467
---
79000
83
-0.8551814845211778 -0.589184460786869
4.398294882159169
-0.6603960739519513 0.2746004297163387
0.926815257054443
0.5313339213333657 0.6060905486597682
5.106136230122843
0.06681846698117017 0.7012933553535833
6.281870140684802
-0.9916671679414892 -0.5334606597975228
3.9731077474338425
-0.786985620112772 -0.1966474502691795
1.023770989892447
0.06110773877297714 0.9134420168597899
4.92438886417715
-0.35260827140003864 -0.7687104832857059
2.849958352729267
-0.025822513571145653 0.7515465193753701
0.5010285692607868
-0.9906353563564547 0.453663538984636
4.377708862062573
-0.607510091976355 -0.17304738693680993
1.4014125190762492
---
80000
69
-0.2282307570354898 -0.31904135524735844
5.545015268627417
-0.6839921506710218 0.25380678484743024
0.591512010021356
-0.4649859748447088 -0.9088251351656811
0.6219021334240278
-0.271187885253824 -0.6925491920170469
0.79730327063863
-0.2480076082188468 -0.8547803843837083
1.3218066283504264
0.8393890427736834 0.4562817218662696
2.109455229729285
-0.5428114084662454 -0.4463954201264393
1.2834098015543747
-0.14828153234548314 0.05369052308145817
3.8481262811978674
-0.5465906035713176 -0.33774555092791403
4.0872237429612035
-0.7910976189675297 -0.8460426500820063
0.08862223486580145
-0.6681205983887364 -0.27925363571059997
1.033195710757794
---
81000
78
0.6960475163138965 -0.016059511752537215
2.888409579824101
0.4088039272739869 0.5820630388487162
1.3831097040451672
0.886557124549484 0.4485770176608291
3.199548004675435
0.18653687783494347 0.7537791660942871
1.972508343879869
0.611736409268262 0.19898801279420436
2.612180962231327
0.9982338392490891 0.8947717911461095
0.32297551125983315
-0.9124315268567311 0.6609382780643583
2.738198543474158
-0.3904487478101551 -0.2330380843075872
1.2753945913807438
0.8944875536267178 -0.6510624450338046
6.099559971708919
-0.21521227848877317 0.5600261351336565
3.6247987409946676
0.3688273987269391 0.14812207661191754
0.5200172902630955
---
82000
83
0.22498227111965127 -0.813997197737639
4.779201577976093
-0.13600212217621976 -0.5996490454593724
2.5169041095760525
-0.9131757829474751 -0.07377555660179098
1.1890830795814242
0.8732630057030148 0.2639910036235135
6.242737421943701
0.13198722505654834 0.7809812441981789
4.7782765609856055
0.6447243645424492 -0.2870131155729534
5.329354027447458
-0.7026996926830084 0.8874465273670061
6.249686029921103
0.14938305147648362 0.48879920923119946
0.41439131524345196
-0.8817081662816876 -0.4752249414621514
5.464613478523374
0.02216804567002527 0.5378499082431806
5.001232105595537
-0.2645527367117899 0.18255720072095016
2.2568880551975044
---
83000
72
0.9809349268539357 -0.17135183187039443
3.2513612137849566
-0.7118701395160344 0.0596284221012666
0.7998906018932814
-0.8452192163749161 0.08225680869020484
3.831067008825631
-0.14834404670417028 -0.20746596156750574
3.1635507715331217
0.3768214757108007 -0.4416975161990403
0.8590040729874087
0.4967724950160643 -0.7889070807330651
0.03138601764560445
-0.9157918721256388 -0.07855283665164425
5.6541157415328
-0.2495121775157348 0.9429336788974522
0.7910074061664405
-0.39767922399389094 0.3898099798251172
1.157913041001902
0.9868485147757807 0.40348688772705776
5.731991955188714
0.8167589775911833 0.9425770847895371
6.130573347851695
---
84000
71
-0.7460655872481586 0.10442696889790454
1.8326703409589156
0.9072908397357472 -0.18090014078917105
0.26200942467951016
-0.33404824667198413 -0.5317750052658552
4.769883604970471
-0.7637777648478202 -0.5991346850790416
1.141465573063222
-0.6794488475125426 -0.3757500227007244
0.8220693100597307
0.06327499671411506 0.9774943453915214
5.618012426974488
-0.1863606251076086 -0.5808015000886341
3.2151440995436156
0.15723343833333522 0.31102482682783245
1.3619839702625045
0.7791599619796808 -0.35807528262177074
4.600426152720064
-0.08511073350800821 -0.7891602363882604
0.41021630008952137
-0.103545679315898 0.7872979242777205
2.689852666351374
---
85000
78
0.9672776557771363 0.32687722148272647
5.2271180168319455
-0.9670355897001317 0.24638738025878537
4.480624708627897
-0.332869471624627 -0.9355406747308661
0.874715703089155
-0.23817650585953382 -0.3519292899013916
4.897854888023851
0.8968450610869341 0.49936916984354857
4.922211881821844
-0.4958433502147925 -0.11591979942786797
5.607513323186658
0.06085026362498455 -0.14400819086618666
5.587666510021392
-0.7055254750333618 0.20719224406407155
3.1833447794176637
-0.45959904950567904 -0.21782281915878784
3.969735199990045
0.6999075730306055 0.1574237378456207
5.283389448237098
0.024451024198949563 0.14570426913657958
5.11028980647651
---
86000
72
-0.8673712096536407 0.2236084204510987
5.26279630442063
0.8490873029768219 0.23410619015766904
3.7604206192167533
-0.5978642174708463 0.9824235837334003
2.5357727317455847
0.8273373443601127 -0.7403471837249936
0.40484131572960713
-0.6341848450898158 0.43616295564843327
5.9801870251414515
-0.37686313343037836 -0.26771541493902157
3.600879149631072
-0.5366263635187547 -0.5868985913048671
0.4802924202149086
-0.051512901083071085 0.42994444449068797
3.336871003035717
-0.08468078113464275 0.6718847970196192
0.7677314256647154
0.7899118567304091 -0.23681260956458608
0.14465139505288516
-0.04377884887823068 -0.7109674695907633
0.2095788661043878
---
87000
79
0.7234668477445754 -0.5188506971859294
3.1980385355869454
0.7566247736680778 -0.9702757530613633
1.5893042589694364
0.2107465596865638 0.7327621401318237
4.806233447267903
0.6406818649805243 0.1443248251567678
4.3072148616718495
0.7642540534592321 0.43702635993909633
4.657240164506048
-0.04602459879395268 -0.22431754601078266
2.357835114319914
-0.34178424585967343 0.14269804914928183
0.7029591682131135
-0.14957203043587694 -0.0818463357149935
5.158914188746588
-0.2286507849814506 0.4743113494557392
2.1043797370476875
-0.038247008937924466 -0.23540167871216752
4.607210454240918
0.3156458595168663 0.986166428309377
3.6669832055964657
---
88000
79
-0.9431301312649749 0.6797279926236626
5.575298116962755
-0.1544791763145849 -0.7621364126822208
5.148556885662095
0.2687336878497297 0.8720155997673074
0.7274794351547653
-0.4873022008241122 -0.2797550756329535
4.62253471058147
-0.20819275577441373 -0.0920572894958692
6.0244104484734695
-0.8255395470652742 0.06004020315517001
0.5125584922677175
-0.9058450050472464 0.673081641224311
2.7657979470776866
0.40316364897003804 0.024375418612957563
2.575996123644546
-0.10299142901625886 0.6823283373371695
1.7011008403057248
-0.34330609641636917 -0.9938765405912313
0.7597350977467059
-0.09412254476278427 -0.574617630031771
4.707881548511454
---
89000
78
0.5351884981825795 0.2736002426370592
1.6768591801378667
0.590027891803987 0.31324125744251285
2.948132946877002
-0.4701081111332405 0.4849614266796669
2.0962234409752956
-0.629679589520043 -0.9377759844551058
1.9494507298850046
-0.06903604698540702 0.32855185853396385
5.3227240612996365
0.13244074056090724 0.06138966664531032
1.8889451627617122
-0.39280330011486464 0.5440227666735172
2.067865106230501
-0.8129735915831573 0.8967307970347778
0.8376195308723959
-0.38436160413184567 -0.529822890431535
1.512055272241314
-0.9449149060107697 -0.18667665669151462
1.578270420816283
0.3536925384099159 0.34264853157689784
2.4908675329934917
---
90000
76
-0.8521788567297732 0.3867943938681152
6.278085357963391
-0.016978502368112002 0.5715101945909274
4.3575800389189
0.7241749256118957 -0.07594884371127934
2.1722799258896446
-0.3006946956636774 -0.9448526247012581
6.157870543207714
-0.9972289393682632 -0.3889838009008326
2.2405967769679256
-0.7048678254700127 -0.013366678856538212
5.999607324343794
0.7038031504320202 0.7965892369917846
5.019079041130009
-0.7096680149472163 0.44715939096532664
0.2734330557321094
-0.37995603827634294 0.2942615990412901
1.4235057530250774
0.4431156382159519 0.7421813802034462
2.020757998607132
-0.9014250705731234 -0.51880394115369
0.5318399960680162
---
91000
72
0.5296476028659935 0.8666503730792832
0.4652517783851428
0.47129497934401016 0.6094473863424282
6.066024610672314
0.4356327979956872 -0.0927667274278805
4.580115611897255
0.6921168301479885 -0.24117114815682222
5.136157972145514
0.07273528790685423 -0.5710901846640707
1.0520011067685733
0.40731469228022826 -0.6129945858834018
3.369403489671619
0.26960110644917684 -0.25413673082804705
5.163382375425965
-0.7079768768790827 0.1193403851102875
0.19842719550064203
-0.47768946908457594 -0.4989107873850716
2.7664506233493107
0.4928189425702271 -0.958404253907301
5.05543631781644
0.14688171374465098 -0.21728760431889982
4.623953711755277
---
92000
78
0.4525884123099497 -0.16465664593550172
1.3119201246535626
0.9437801887631025 -0.7294597768242351
2.314323648202424
-0.9197715562245335 0.7046150267222312
4.889507567083404
0.031338177479332645 0.887807402533048
5.397889273227898
0.26383818443045626 -0.5626260259466696
1.633220756091526
-0.14584053783115147 0.24346483555182732
3.9027241961872674
-0.019347297419903445 -0.31278967803411545
0.6727490324180367
0.8751987804355451 0.4992358221228389
5.405664581431761
-0.027263533222477654 0.3527980499331955
2.2783155690742207
-0.26379213976751276 0.42457778302093774
1.3843925046726957
0.7356271799668622 0.7591769139994645
0.4163844063830968
---
93000
83
0.5457438756766156 0.6655194283430165
2.42703767495276
0.7121497886777131 -0.6961335114324321
4.004094363212036
0.47883198839387436 -0.43909000102406576
0.8126362982952688
-0.11516783991715597 0.47165026009709615
2.930581756709924
0.5279480923355641 -0.6270584449142472
1.23536237879516
-0.176428124628518 -0.2197596577152782
3.7303985443606544
0.4210993860083109 -0.6515519304295969
4.828928493216664
-0.45438859196631026 -0.8360455142780541
4.213107992662419
-0.22007540283295307 -0.9156740028524953
4.008925244322688
-0.2476171978275678 0.28292225014480593
3.8619353682291147
-0.12280966204839633 -0.5617188654943319
3.4566340537316975
---
94000
78
0.7116927061109336 0.13798826152401739
0.7633694462100729
0.9375003755628981 0.5330832878370115
5.328976071583247
-0.052575916596154834 -0.3997763872842888
0.6798347019930304
0.4830048193238137 -0.5093216955616767
0.18474476277369778
-0.3751938723068517 0.8878893050896869
5.064534167413061
0.2606738872739781 -0.948956923452075
0.56416822426156
-0.9551434752402816 0.7506357160466014
3.2099749139963043
-0.5509178163291 -0.42173214573072443
4.329809427553055
0.9290061668450033 0.8115630856164515
0.9325281158281014
0.3527275174806327 0.4848193274937463
1.100807497009062
0.18752364098446428 -0.31988609791461325
5.304855672517019
---
95000
81
-0.914296196240101 -0.8405724852262996
2.637851209549942
0.658423559074276 0.4893625894898461
5.917658800610464
0.4066726379189052 -0.8539945367172902
3.7478915362444463
0.8707227010856586 -0.44258481232647456
2.036110059823012
-0.9597728233097884 -0.4320672978528547
4.680408880186086
-0.5846097668610375 -0.9560037147001912
5.486635551384199
0.7792260920474944 -0.4039656620218385
5.897550543660376
-0.49388351205588704 0.5780201224654763
4.127310437638982
0.44456278626613066 -0.363341750989031
0.4708454644385478
-0.14050906692038817 0.3664952218281995
1.6241506344821994
-0.4664996666529167 0.3051980751905065
0.6619724310709678
---
96000
85
0.7180960531145489 0.26957815305616706
5.995803291601461
0.38321001013194983 0.17029117450580275
0.33740316494235056
0.01802160394872733 -0.9964617614268074
2.7066238732562997
-0.9503576150666359 0.8175965916272333
4.036822640353702
-0.9934381348516452 0.8178715263012819
4.58745933178725
0.873916830722056 -0.2145383533532454
0.597343631110696
0.5939684151868175 -0.9311839526596335
2.2776362637968424
0.0965063216626044 0.6920767359291616
2.584907700458321
0.7683663816832916 0.3345848416101777
0.40875462248272676
0.4348938388477537 0.30845170946274997
0.9932864994924193
0.7832586926136657 0.28622050891967243
3.381782404483812
---
97000
85
-0.7135790434955579 0.15859884035716937
0.9513650830267255
-0.7271971324344864 0.1226124938774025
1.2735717466260956
-0.19986060548713772 0.3638071410817947
5.92336149564247
-0.464995804475304 -0.9682844228930828
3.8855391072605334
0.6955571545403161 0.5857478295819114
2.9858259292843172
-0.9367281402241602 0.650955499616632
0.8859458130776359
-0.6680910356972395 0.31415622961331857
5.21680335233458
0.11556445754073269 0.20830598277662443
1.019978942440555
0.9146549239948252 -0.4003368513282841
1.4784704810016436
0.9786725382959238 -0.5842817239601306
3.0406899292246283
0.6900383572420863 -0.2934496722083728
5.563926851494503
---
98000
78
-0.6141118611967443 -0.6516727557607965
5.89738276032161
-0.6144616533056294 -0.6515947006961346
3.6345775345949924
-0.6183857886974642 0.4444916880320721
5.243476706304823
-0.06414306665606409 0.7110816664049363
3.1232538533360854
-0.14161742390182713 0.2411490347349331
2.272443614093854
-0.6001940338102449 0.09254620865951828
2.4388459648095946
-0.014424063174932061 0.3533998024270879
1.8497033990760574
-0.29704257350469465 0.7180010369179852
2.555911897161673
-0.3143972473955443 0.9826921914895337
2.2828683175921114
-0.37415483025031837 0.05860092958571547
3.8795964495641933
-0.03703159123000149 -0.05648042381394566
3.1619553898317996
---
99000
70
0.18478359449473597 0.20302166256284965
6.039426817348954
-0.01581426061166657 -0.11861829658632711
5.6679827271489325
0.24567084476655757 -0.4997164014986404
4.631893002558595
-0.9582395485966801 0.6600397760169858
6.2758902840612025
-0.23751046496336153 -0.41451223811312304
0.5014041628368613
0.20025168478375646 0.7514232458729322
5.175616279837593
-0.682483807383053 0.5634610334518236
4.543181485139043
-0.5669834511316882 -0.6936199178710332
5.958374434815894
-0.7865986058287244 -0.9438243273421398
0.7785074597610637
-0.8139298212630268 -0.3651854929390918
0.9153388093270767
-0.28823898179270174 0.7705642356835937
5.585563441123089
---
