100
{'run_name': '12_other_boids', 'nr_observed_agents': 5, 'nr_of_boids': 12, 'predator_present': True, 'grouped_spawn': False, 'predator_halting': False, 'record_keeping': True, 'record_frequency': 1000, 'boid_speed': 0.0333, 'boid_color': (0.8, 0.8, 0.8, 1), 'boid_turning_speed': 1.5707963267948966, 'predator_speed': 0.0333, 'predator_speed_slow': 0.0333, 'predator_speed_fast': 0.0533, 'predator_lunging': False, 'predator_lunge_speed': 0.013, 'predator_lunge_distance': 0.1, 'predator_turning_speed': 0.7853981633974483, 'predator_color': (0.8, 0.2, 0.2, 1), 'predator_confusion': True, 'predator_confusion_distance': 0.4, 'predator_confusion_threshold': 2, 'predator_chase_time': 20, 'predator_halt_time': 0, 'predator_eating_distance': 0.06666, 'height': 800, 'width': 800, 'graphics': True}
tick
boids eaten
predator position
predator rotation
agent positions (and)
agent rotations (interleaved)
----
0
97
-0.11875952074530984 -0.6822218147596051
5.132212759271196
-0.12397940797777673 -0.6917492138853272
2.9438041644459574
-0.8472494148727501 0.9706763581034742
5.307486981767743
0.09080867102722633 0.508097490147158
2.8700631668040995
0.3983450471823803 -0.7516939959385895
3.2251068557305205
0.8527703604809804 0.640960356812745
0.3506088671739397
-0.6163103890593827 0.0169959849272477
5.989123404896065
0.8091281259695176 -0.1015412904790743
4.323149877040454
0.1994000474551482 -0.3238722512251493
3.791130572891488
-0.2196128938642825 0.7285168241272447
6.185675874687934
0.06787204263864398 0.6806211295149985
5.103165008226674
-0.1419406770356935 -0.5866877089542271
0.31746305500519456
-0.9084542645019136 -0.42733388343282236
5.937027106773385
0.7958692611917584 -0.4704880130847362
6.004644649645444
---
1000
97
0.5710080563242365 -0.36381379028273175
0.03403745499290434
0.595492676834701 -0.38422572648356645
3.238978126644408
-0.12862096818388505 -0.7337647187943037
5.22032842390902
0.13370283200807342 0.7645548974604354
4.134683357933337
-0.3870268794687639 0.7936636164522595
2.7675681260534537
0.24081519145218425 -0.2414045511176089
6.219355301524014
0.32839448350044587 0.8801167605091346
1.353581548803879
0.02580996517432698 -0.7126432697543109
5.9347439693725095
-0.6366588176393615 -0.8906162133986695
0.669068253757338
0.8324601322785649 0.5384325763504528
2.41781363677146
0.4368541602835349 -0.7917231920885001
4.346798567018106
0.6173040058584499 -0.4434262182176316
1.1306570833778897
0.7295726581625539 -0.5905538908980392
6.22441621400029
0.33845661674093247 0.023890633084406723
5.69242584274434
---
2000
103
-0.1685037284904287 0.4007221643683605
0.7382573160320884
-0.17364468961126456 0.4106339231327164
5.737902171771036
0.7258819274433357 0.9333163787522292
5.469115917444128
0.538760570893787 0.8382570365724481
3.772671394614497
-0.37641881983776493 -0.02610822213466924
2.061218809960325
0.25839771444436616 0.5840563603020937
4.435004421336846
0.5313908411733925 -0.6899572620593788
3.3722562844547053
-0.3873953653123888 -0.7110050977330524
2.335142201683203
0.7325458154311333 0.9142213607969994
3.691836936520896
-0.18210647262793433 0.541099975464962
1.5946473313488854
0.18682956845542564 -0.9944865254736204
1.5994444894220328
0.10271207931755649 0.8526119731625994
4.800186373953775
0.4620802390728218 -0.6563391788654847
1.849230723311317
-0.9078350386368345 -0.23640096602143584
1.3714667582762834
---
3000
95
-0.49515061415210215 -0.8510337293705372
4.86032803063671
-0.49446782799505273 -0.8497693115696228
0.6580080691058816
0.4548474422072822 0.46290896743791454
3.3819099533584183
-0.3803676244104587 -0.14038827571123186
3.6157180012476555
-0.04402215133402846 -0.6848001434588495
1.9412045588087166
0.9657206037336659 0.5089445766947345
5.711175625524654
0.17310850624577107 -0.7522647323346187
4.810465060926152
0.4318494368265796 -0.9166388732121978
0.6116473904664113
-0.0036766549230726683 -0.991104522301275
3.260712872800836
-0.5230912343926198 -0.07718293386934681
2.480847945444486
0.35481346206981157 0.03120773377641598
3.91708872534399
-0.075050973794347 -0.5939381107476795
0.488071512654785
0.5968550598921145 0.5656206451896411
4.496918857140703
0.972046724355148 0.14173121806194589
3.4504528004271924
---
4000
82
-0.359459081639049 -0.27720532239430307
6.268542816507655
-0.34898623990195343 -0.2743057392777609
1.4003299629783736
0.0014152934596091214 -0.3261190069099213
1.7587586304062617
0.859443585797105 -0.32848347777222453
2.4356882941856703
-0.4298501913069112 0.23352555795681906
5.303616777293643
0.5203539462627642 0.8068745371282592
3.4439228301407603
0.7667372002503132 -0.2217684400380478
0.7524742963610151
0.04579541461475935 0.11361619537840568
2.388263888085258
0.5052024125793246 -0.46670752851691866
6.24885633929281
-0.360984086202268 0.29081108328918415
2.0068285644003527
-0.21382672962343635 0.6577153127024187
2.913246306527334
0.4551596941556851 0.6144705907246671
1.1964973811084274
0.16908700272692329 0.7049594602684044
1.9652058846483014
-0.23640937398589446 0.9051840376503011
2.754256700773997
---
5000
96
0.47298921734861693 0.4040790151656838
1.6659374282278605
0.44543666020408956 0.3956137217187693
3.2712727902197694
0.5945821682182821 0.4696088697123985
1.3549468948136534
-0.6555771413940625 -0.21160110982584523
0.2657315330575294
-0.7083141662196775 -0.24829041371435656
3.6220711833480337
-0.263186769755098 -0.2324567612402323
0.5089252046193637
-0.6729483195313097 -0.019262994920759918
2.3700498917373354
-0.5056125678369354 0.03223305629815384
4.570253293275879
0.0581537486741153 -0.49520333886616585
0.6638734846711962
0.633231709686716 -0.3414863330212026
3.238713571250689
-0.6153253812960898 -0.012939929228564673
0.2283838606757227
-0.2543659351778569 0.8771985634375561
2.3628496891232817
-0.30562297753113665 0.9156212947685346
3.9732433427946257
-0.7108093047610505 0.7837962549609412
4.6844409741740325
---
6000
88
0.9766692669493227 -0.1611079793619576
3.6274881273119552
0.9798128455707142 -0.14700555902922657
1.5473420892095096
0.2589760856527986 0.9728700383069003
0.4914693915590247
0.28828896466232257 0.22322015246875182
3.1934658131809694
0.30393114448708025 0.3629993761080126
3.977593107935393
0.4336718119087868 0.24650949424769975
5.684453590266419
-0.2031352517691507 0.5213765965989473
2.955088918342831
0.1331308735961363 0.8046891582794451
2.0525247164519844
0.1297578083716389 0.8770028280020917
4.700606585968894
0.7450854019236514 -0.8077969172263927
4.395792832801672
-0.9956029203977935 -0.7290294212511005
1.1220354378284547
0.3537991621004918 0.7264602935350117
4.217036351113551
0.11761169717779688 -0.8026267887431328
0.264982030909354
0.7259541915691026 0.4185083208192114
4.739865518568436
---
7000
93
-0.1871744457585973 -0.18092044991158102
5.1110687806145725
-0.17004260778717661 -0.1532560393686414
3.7400887328367105
-0.8427884255330313 0.43971393110327306
3.5604677223500936
-0.8332983319137041 -0.4571511058111887
0.6468358597357406
-0.24693873728432858 0.7207236778432066
1.4323997576620917
-0.8627241055136656 0.02855200792052568
1.3182471819517767
-0.8604277562620497 -0.2971748683529266
2.7941677429877467
0.3995176510922985 -0.8522878118526501
0.14081453082498463
0.9353697768441205 -0.6653028266842892
1.6975930896536386
-0.7242425595488877 0.19015853305334193
1.0869027180349518
0.6924188661072394 -0.6746274995822793
2.727453486200237
-0.8094099456383279 0.34226189898357695
1.01958289257158
-0.9444580447017463 0.15903343904277023
5.59962260213591
-0.4304454486353878 -0.8395071110452034
2.9733713476928383
---
8000
85
-0.6448296552647806 -0.09956644651976361
1.8691131468952662
-0.644535367210779 -0.10244120970209264
1.5490733678357262
-0.3975398433924756 0.9167344493999463
5.215270921396343
-0.02254261942180841 -0.02000891024178289
5.02362193745717
-0.6319154972049847 0.33552152446577344
0.2735201554399369
-0.9749375569667484 -0.5939947758679849
3.0224221970123137
0.8685411945061167 0.5835542929022957
5.59250949231879
-0.258883562440137 -0.5168536960209322
2.421836975703445
-0.4583364599481322 0.35313655563562407
3.3943700776945116
-0.922840878587491 0.6876081309592573
0.2383425622545241
0.8898356873141591 -0.8082024557136722
1.1207191332933362
0.7241725579890553 0.4690705376732419
1.325019452938788
-0.4285335864310969 -0.3846703462249949
2.398508408203824
0.9030633767338174 0.2828456603387974
4.98604511093532
---
9000
92
0.5178735547655048 -0.3800690362845355
1.2324602688242523
0.5458573157907475 -0.39316346801352475
3.5556061799143155
-0.8252711354552552 -0.9508534568477898
2.7027234883098576
-0.8044396617549286 0.9561330575463216
3.533919102972294
-0.4600677230196171 -0.9457904175753371
4.454812559242404
-0.7511475720493341 0.5391799510638409
2.9276092136658183
-0.6143983325708444 0.03663679106876047
4.287033197487702
-0.009215554992367356 0.6447682186451416
6.076631326475495
-0.8981067609575466 -0.8903040311166276
3.5811038233055212
-0.45921430084684134 0.5746842823085575
5.7296475591558975
0.138356942675033 -0.5190972582693377
4.731332845349899
-0.29273657741432096 0.8149320232754849
2.8963494990825156
-0.4833932883388937 -0.9725019707511074
1.4998600891989866
-0.4949864095074517 0.3385534720518412
2.4668819080668447
---
10000
101
-0.9036551324027555 -0.53027397140033
1.3442543134346456
-0.9092437390361446 -0.4988180498673074
5.527633856146503
0.18734363582715657 -0.6714673395490669
2.804520346758464
0.28905396352081003 -0.5293925974312902
6.184251855645628
0.1049841841092791 -0.5964926248208438
3.877358345535778
0.11987652859375703 -0.3799561870153203
0.44184758780073174
-0.0006249169869747412 -0.5566852945901857
2.763255461004328
0.7252938248194881 0.1111701031947063
2.7105604411087088
-0.37058666733269263 -0.8232363546413917
5.925969377577546
0.38155728308181414 -0.3071979933650966
3.650528027396685
-0.08032053223796981 0.39495472963142175
6.127438125485239
0.9149667919309757 -0.5370300558267856
6.030483940563172
-0.7754592312965347 -0.9163532669318405
5.763175709739931
0.913807353837502 -0.47410049714547997
2.374596384303155
---
11000
90
0.6861240019027879 0.10033245215074799
0.6830097964618098
0.7107765649125848 0.09529379430449934
1.739025300840944
0.6246242260990564 -0.531625521907455
5.283287613712092
0.14002321799928838 0.7140838476291426
1.8883333251881984
0.42394602691931754 0.0692196285014971
5.043865942808638
0.6925889992284193 -0.506481305385661
1.2237703007254508
-0.5922742062456218 0.14615778989962605
0.06082710598287222
-0.08565962599463872 0.8763182567635585
5.234798635078916
0.8474617610744917 0.20033985485587008
3.981128973626465
0.20347020555616274 -0.8161938784089229
2.8822302682685876
0.1654461636637149 -0.10520239062009659
5.923335440335131
0.11867404051827603 -0.4255681043265602
0.556269945429336
-0.09500707325101446 0.5376819137550876
5.13868641257737
0.14314115120164353 0.7305686554417382
6.066494433438544
---
12000
90
0.8147522935566262 -0.42555410124490906
1.3574861780251901
0.8100267513893338 -0.4380632154177327
5.303234864263757
-0.9533154772050103 -0.49558701504864794
0.22800821335166788
-0.7200830414078073 -0.045488467832487896
5.329190271996843
-0.25976236376905215 -0.9936415832948557
1.087762581036797
0.47660996911430004 -0.6746820268851391
1.7643601410679661
0.5365907208786196 0.2022348407476787
3.660340653745785
0.34239924618032924 -0.5728343250290225
4.339673642900447
0.9795842245927018 -0.022572041770594655
1.2818915888395228
0.9751071757497354 -0.8041165461796751
6.14793249503224
0.03134309308235483 -0.7008728990002931
6.281454730609185
0.422452863219621 -0.5054986896240609
4.425187906700426
0.05137968423949414 0.15851265189244632
5.026289207010567
0.17231037718500988 -0.8139819850490564
0.3953771577103513
---
13000
87
0.15844054962016135 -0.2528600662125656
3.2247319259152376
0.1440494831696841 -0.24661595703339595
4.408814889741331
0.11188958356550788 -0.9235949833976826
2.33955246656825
0.750650672443616 -0.36723545734824997
0.05095318763589329
-0.4157582940567658 -0.666509889289701
3.7429838148628454
0.6630548295592624 -0.5950804144920936
4.289330484077405
-0.3662000376310638 -0.9296005674950376
2.6603352306475063
0.7281286866892519 0.48645931968010603
5.198751464642671
-0.27605775253888004 -0.8844910569533321
4.085642539629365
0.03537225197070129 0.27888391628397236
2.7291391923548183
-0.7219832075985733 -0.3855308380892605
6.023234080352129
-0.1460742751466614 -0.025963956881176968
2.99548361334048
0.423336779916807 0.26085485457878754
4.803289281898262
0.2151839476745876 -0.8558252531660144
3.284610396274619
---
14000
83
-0.6816922175949652 0.9156490324449268
5.796928983962598
-0.6534469920142444 0.907120360908744
4.645681848651539
-0.03968039033551487 -0.9498571254302627
5.894926827157522
0.7328553430467402 -0.6977029665232479
4.097500925307612
0.2092933990669431 0.6289921487730342
1.5638084734718327
0.9570977435511278 -0.8968312358811864
1.9650126681348172
-0.9106178059460462 0.06426638868481863
4.101218503674233
0.8835526875499727 0.6978542269861098
5.64374509317382
0.5426757711272829 -0.8654668232312562
1.4045548676956074
-0.14540837242786062 -0.5114566858732453
5.84825834912561
0.590617939077303 -0.2133229718811007
0.9165484683872589
-0.10809853392309526 0.21218760742896717
2.328281142912543
0.48477631400356497 -0.36019035291650403
2.1573006339705016
-0.7106288142195414 -0.8451982562557009
2.9530360874408137
---
15000
84
-0.29648958793501967 -0.7428427532264087
0.6982008552245549
-0.2951241377502911 -0.7133927211755948
2.66425764186853
-0.6561540807247577 -0.9681995884232399
1.72326531586815
-0.416528310996406 -0.33504909344135775
5.75906843888613
0.061100502454983774 -0.5408457487982339
0.2414301623899
0.19303332690259115 0.42950020626115537
3.834019165381336
0.7032175275930643 -0.6900778127695619
1.4029145664028553
0.4236315518507112 -0.22199865602497065
4.4430818858412024
-0.604969849314982 -0.29461496449334285
6.007562220118767
0.16149576284393533 -0.877648633738755
6.0534316317306445
0.373865624397146 0.5897399460178852
4.76594890996443
0.6591571157155468 -0.15262961950879603
2.178335245694349
-0.7728204124288607 0.9701466077131009
4.0501323085076555
-0.21892250564064283 0.5323685737724669
3.489081492180044
---
16000
94
0.5636327989622445 -0.24572138593820483
3.17667867858822
0.5482972958985834 -0.2272651464349201
0.6912471429678346
-0.43786894369710466 -0.2237961418508009
5.571128421817085
-0.5139363950428997 -0.5583250219098714
4.804021570996476
0.8379019779196404 -0.7942748715490633
0.6282671399220003
-0.23404216660318672 -0.6998808088798458
2.625662629542413
0.5002421654290375 -0.4297506656412133
4.614824845362277
0.9157768695900121 0.5840727352221238
4.436981225807304
0.5193184910498498 -0.40626363290569684
3.176021877074101
-0.979849221518029 -0.15917294344334965
0.09022780417862908
0.9834268839604726 0.7150837868905277
2.315087403835645
-0.4163066950531754 0.5882510482222361
3.6389863653856107
0.9523461899008795 0.04376772714472271
4.689038870768369
-0.39450566235069195 0.6592524576625942
0.1767569745439843
---
17000
83
-0.36533907493729645 0.547690428779016
2.8639438227660885
-0.3344742403254211 0.5600873847215148
5.655295962035181
0.16075046488791486 -0.836676804568315
1.7630336087975431
0.7170323868852534 -0.5862548173639172
5.2996607321321045
-0.6102992626403774 -0.8851578902798944
6.173554839207661
0.1473377860640242 0.28651789941433325
4.8603621894246825
-0.7124033757581256 0.6010448373303089
0.28963755810171055
0.9679220261090685 -0.1760433609673419
2.6070206618550786
0.8321168350144759 -0.6394635433521378
3.0189677731474864
-0.815526673364787 0.21064909904622975
4.448990093775873
-0.6110358490005157 -0.7781565876306412
2.0555067523756305
-0.8744839060525775 -0.9032329829243981
1.738190925858329
-0.34003159752588674 -0.6391643340268479
3.3132714082407144
0.7397746293217402 -0.11101889999800635
3.958911485191787
---
18000
93
0.7510702178650966 0.7465863736142954
4.620939706333814
0.7694086900956723 0.7432251395816569
0.5333247753341475
-0.2787127037096501 -0.5831678780254169
3.0515243280106272
-0.594966090977729 -0.23206292974728232
2.2155847242590965
-0.48769117166442016 0.20692904544695456
0.41286260339615666
0.9107701414089079 -0.9699155021872375
5.982379121959175
-0.013295194898037245 0.48612617576513295
1.643730550409562
0.029970785017312332 0.5660803965277057
3.7941119152649003
-0.571172542534207 -0.20616620480014672
3.645389700271884
0.7751176861833025 0.831445306625817
3.7459474054148316
-0.6816939836166234 -0.01580496720382487
3.6338671261375994
0.5333357530320931 0.683844182370794
0.4302356149458877
0.6346821996441498 0.7608411009188766
3.623266888113834
-0.29546302609632336 -0.12199370918972641
3.8334841627672755
---
19000
86
0.10014896170662617 0.7679381066825167
5.039542003361311
0.10303296472497225 0.7562287578146837
6.151795279336792
0.7100440605231537 -0.15902090033117477
5.578440856364628
0.6129104610567254 -0.3640275859471809
1.9640427741680915
-0.9678169563895186 0.41088425718100113
3.851712928201956
0.6045301801436709 -0.42006723004644864
6.022275458496468
0.9859739900294482 0.3151857807053348
0.6792092267514844
-0.9094222736566793 -0.7160913957924795
6.0567457082477105
0.6030668845075959 0.07032073157633634
6.000133119402417
0.583383812328333 -0.26321683643075083
1.5685925918883168
0.45242667884829235 0.5352456561422729
2.014597639803882
-0.43233033847752333 0.8985001683527754
5.971378598397269
0.24947921714561605 0.2445169519738955
5.4216535659158955
-0.7962959180909107 -0.7925790445830356
0.5938255744604932
---
20000
87
0.7406538405347487 0.14363783746885933
1.235352834696136
0.7127885278130563 0.1307977494464662
0.5535672752470067
-0.9225839984009742 -0.17890936018490147
6.110161624720094
-0.1255336248870132 0.03512817841310932
1.2937428057854654
0.1150763466813076 -0.1522941666272927
1.1680610222173327
0.5906508085159583 0.6881372178218177
2.332066366287596
0.5440216055137735 -0.765711436808158
3.579339225859036
0.8555676245354887 -0.4550657515784402
2.959622765577014
-0.27070360476298794 -0.18144711260184251
1.849883802230254
0.32194178354997355 0.24729077063658084
1.7297164658962618
0.5839411356215317 0.9988425338560996
4.221778417412999
0.9117423650451981 0.9402697037647632
0.12254117014768706
0.7380223143414588 -0.6560741263664938
4.436647145562912
0.6890870527840297 0.15913108096949427
2.373395524586769
---
21000
80
-0.8035356822198558 -0.044925394215618294
5.3775936738232115
-0.801814801660487 -0.04949524012574464
5.49839519895788
0.5113335334943676 0.9615872750766862
1.6091544882393531
0.0896913793780056 -0.22084761207654793
6.133838119174149
-0.3987156721518705 0.19373411705957339
4.830450379600038
-0.8775216731544029 -0.8113300204922221
5.782168986978883
-0.4178030548510232 -0.32690548431202937
4.129935148545195
-0.028993541244577956 -0.13906085719859337
1.7992350559592936
-0.13203989554540974 -0.9278304796043939
0.2564793036057367
0.5046624161322445 -0.48671388138600513
1.3501872865208004
-0.4107945302894117 -0.7592606516728426
2.1137711012575497
-0.23803786253755982 -0.2658043104736659
6.13952765131889
-0.384818744264719 -0.4889195047231355
5.3769814957147455
-0.22308997463777763 -0.49628448701293465
0.35105579819154986
---
22000
98
0.08143007701953922 0.9847994421576278
5.481624978625042
0.07150834995993709 0.9757272083530268
3.791466937994297
-0.7571006193403609 -0.7445376012160209
5.862104232874762
0.18242437585385196 0.24728697159038415
2.7921989342041487
0.9042029384249671 -0.5605885153971734
0.6769225527679223
0.43362855778238674 0.29293013272320645
2.4627473907840844
0.6554971538676967 -0.8313998350197729
4.462171321128276
-0.4796116422420741 0.6604684422122719
5.423349626919805
0.5508874636091521 -0.8717295890027461
1.833294125107746
-0.4984678169485374 -0.4754928965843894
4.775820915412012
-0.4757218317122386 0.30584489437500467
5.328904322646782
-0.9876741743749335 0.5223379750089915
5.5989322208545556
-0.9785700026279617 0.7634127949178472
3.7399715896189623
-0.6360112000509993 -0.09706623783785513
4.953966624700128
---
23000
88
-0.5129835948322324 -0.7713551169154355
3.308897483457921
-0.5169050388250178 -0.758931496209577
6.19743397823553
-0.9415666888576666 0.5627328713648234
2.453992387848228
-0.9376673355706666 -0.5516713822834831
5.329158340525106
-0.7863266910039275 0.7168259114953054
3.1819286216275047
-0.6213292776030741 0.09132278282408315
6.021805513324329
0.743329968344819 -0.8098396135465191
4.280427738950451
-0.4835094746767755 0.004335958607320667
5.941779849213033
0.14926789390460093 -0.564235187005622
0.21039587673402727
0.2926382021966864 -0.25385331187352544
5.597450274596284
-0.37991317616603304 0.7757175992968859
5.327642813514395
0.8703698155507147 0.3908805423036188
4.89768821583508
0.2521239461887918 0.36102385183784264
3.7738852541148757
-0.7241698684888662 -0.10255839577402255
3.985278458807162
---
24000
84
-0.11755052392328424 -0.37473044301074054
4.446178882607084
-0.143526071818367 -0.38777746357071685
4.256965849066247
0.3829282902013038 -0.41360893477595495
2.0805021368202183
0.5032945412913995 -0.21200285532487356
5.139844310490673
-0.17578650881720093 -0.5727085081791883
4.37627454145891
0.6668177423281118 -0.055741921910490815
1.5215107791794553
-0.20948760509371228 0.7982938161513718
3.374224308791261
-0.076822807924567 0.7624315167751751
5.580928040079847
0.19895810607890982 0.04744927914600771
1.7255242710819676
0.816578723627269 -0.28944249695851015
0.6853767976935856
-0.8100651125693039 0.2881427045742382
0.9438845909037648
0.2630036278538956 -0.8369840780164676
6.267154032005811
0.11695099515550722 -0.9032864125655609
2.644878035279546
0.7880889763415054 -0.10104800358708488
4.841376040340907
---
25000
87
-0.3803043638374764 0.2210390313031293
1.2301297919236118
-0.38237131023464965 0.2416174330685029
1.8726064833192035
-0.4542746395389991 -0.0882301420603147
0.8374818278547771
-0.8494113031516706 0.9988642059636761
4.312229649196109
0.9155456387056409 -0.9060344313184663
4.365667782739367
-0.5675950705446313 0.5828360676336886
0.46798716806762464
-0.3835089090470164 -0.7052406341741173
4.480038865669115
-0.30240031712450915 0.5463231739599975
3.6677142267259697
0.723619520897806 0.8916949877333825
6.134121886286911
-0.5772882039382318 -0.306839195411621
3.440172200382553
-0.1613345931136789 -0.44215546613821116
2.2764494813101672
-0.11048011454072586 0.0878561818267063
3.9247289530658858
-0.13267528117994717 -0.3408903608231197
1.4458129549037393
0.7278852452252739 -0.6398205974334173
0.14231050404155265
---
26000
84
0.388983201785318 -0.7034568391201321
3.438667798345337
0.3976291807051491 -0.7084411454781608
3.9729923802085345
0.15703485855798485 -0.7189412752314505
4.090118948984551
-0.8935051101376565 0.8148033015505834
0.3617227751623089
0.07936514393364585 0.6671934364719021
5.434160091850438
-0.21763989977250953 -0.13141267701874643
0.26188904398073465
0.647606553299931 -0.7778751537153288
5.449143698711961
0.7337772472556213 -0.13723785440948888
3.828427158228055
0.6765889523280268 0.9046047397870003
1.943101063978875
0.5551073227739874 -0.0566472233534519
2.6349357857946467
0.2697905749127439 -0.723626808549597
4.7352559188688135
0.574704778898363 0.554987559611865
2.2106406660632603
0.8819090197543612 0.6104559313854158
5.515305258539695
0.5776678224871686 -0.3089872629830163
3.86025797796166
---
27000
77
0.4827400771645741 -0.2582272762207193
2.512472182030406
0.4907789629286764 -0.26383732779745844
2.463939713783918
0.5559209027800189 0.7740042049881402
4.861221422026183
0.5241969165015068 -0.362355487839827
5.032528220548533
0.6872975992365636 -0.6104506989613684
0.3409936060172045
0.7710645217565577 -0.7341837022276776
1.1619459204259996
0.1937723123400609 0.763760907737283
0.20633601395264645
0.5368200115916866 -0.9002771551544834
5.169410723932584
0.345178909653014 0.8430643613620975
1.1149406468097744
0.2292628998101248 -0.8497324660094556
0.058950056275291374
-0.7372404313470202 0.4412569785783192
4.878394340283125
-0.5376488158740942 0.33914223970819934
1.6048669269138323
0.5728012510039368 0.13558568501465876
1.5604370035870092
-0.6159487263812664 -0.16829846881187363
1.7933235099220877
---
28000
80
0.7321720017502794 -0.3641701119463063
2.634428732945467
0.7365143356172954 -0.3546557894891956
1.9446484893589524
-0.6046098097001269 0.3829817040722487
3.3816571217340705
-0.9271642610797389 0.09913205379186141
3.763582461252425
-0.25088192768918566 0.066847039707353
2.825837316479019
-0.14615023610438274 -0.48498924947990857
1.2079525067082404
-0.3743087566104494 0.31870785451939243
3.325876751491509
0.0032047571170232755 0.7080823487729047
1.3846759178044588
-0.30203461829302797 0.7208300690593233
5.911834657203251
-0.21297734727305476 -0.9861515286246998
2.2527013038953303
0.8605453708192198 0.5448840412453037
2.09535703104359
-0.33288845139676276 -0.5609615508257358
1.1202186126264095
0.7081984914970982 -0.4056334520241479
1.3102732838181934
-0.7854722504678575 0.5740340712102143
0.1356914557228105
---
29000
86
-0.8224103262176309 0.9548551921683903
0.5846339289082011
-0.8046203951989362 0.9339249358453034
0.8625497032111458
0.8590346068368799 0.9618846632196972
0.8675687002510424
0.029097308722718228 0.8772856118617776
3.976596617660203
-0.5154118386080611 0.5769437840846907
3.9933693985892953
0.11005720487913011 0.44665794174132867
2.392257445991465
-0.22125759166401437 -0.9728447579958206
0.73748884495732
0.5515775311090544 0.6684017413336394
1.0840360473407173
0.7977779678117304 0.3089852528597412
3.6070493709162745
-0.24541816708650363 -0.8815159839690336
0.9836847803216067
-0.46219158442571395 0.5614543770194481
0.036267396356606696
-0.537419102372024 0.5633964053678593
4.023001334054773
-0.8550807475594099 0.7822105101093781
0.9711253252813803
-0.8045018482629587 0.6422052677323395
2.1221022361734754
---
30000
79
0.7487827087714589 0.5398458730710518
3.46029613968492
0.7487173293726095 0.5400669859833139
6.1342935468994755
-0.516916827615954 0.1109808275337796
3.019416135964561
-0.1774620607386648 -0.7697218909121005
1.1165805239871693
0.10195174537939884 -0.02667413189348802
4.891102126462865
0.31661344954825643 -0.025882770519977095
2.834764568459221
-0.3802239712106963 -0.8713845688409427
3.7501638880955213
-0.7142288691866254 0.44707049442741476
0.280356023092458
-0.19827219918366357 -0.4416488141887092
1.6302392184825418
0.8761258929341041 -0.3560264776955134
3.6385913272337804
-0.20809934878254507 -0.24608109873897002
0.3350495383826759
-0.2114407959778999 0.7995744456472955
1.2838613086185013
-0.4306603675499593 0.41820462720206275
5.017895481151721
0.3354838573864122 0.26870496575351577
2.016286501351929
---
31000
94
0.8702464894297236 -0.23271798948928263
2.264991075159371
0.8479938588747123 -0.22161151825028108
4.62812267718339
-0.9569473510600915 0.6199334388246194
4.743871140963024
0.7984634344748649 0.3304185141983559
2.031027672743135
-0.29439146926358706 -0.5469954025423185
3.6805813128347813
-0.6297859203506705 0.008808128910074372
1.6215064872929763
-0.9839607856345296 0.2660690632292545
0.24632133740678253
-0.09228363082950587 0.05946814480547624
0.014501439383449721
-0.07236744141769616 -0.20237966914205538
6.2350045429931065
-0.2325384474639999 -0.4525468074393347
5.461586889235034
-0.7716374997329808 -0.07001909304610893
4.468849564569247
-0.8490518840427252 -0.3490528655898817
4.3392009837663945
-0.7597050478395274 -0.1404329748941576
2.78035812855647
-0.19050030118913644 -0.012832106669956482
3.92783653568815
---
32000
81
-0.9470995136231175 -0.6997993129290154
4.8947481764509595
-0.9399622652500975 -0.7115922941378265
5.836745459609839
-0.6793251210642464 0.6711513341629591
1.3808342753057365
0.8172713375630042 0.7821769399812607
2.7578059244343907
0.37162883746561104 0.22070631214659941
5.857798063695601
-0.8327114255799928 -0.752265744235442
1.4517544919572245
0.20491488161624977 -0.23577314873342875
5.482690199380876
-0.555067257705991 0.644871746528516
3.870974940128556
0.3434952466864062 -0.9351133685033356
3.267653153788636
-0.8330706078444212 0.8443746355614276
2.8524918614396952
0.8421825558476064 -0.8171517204281837
6.075666759141704
0.08645968923402467 -0.7895460310555118
6.1151535798150976
0.47984279329812407 -0.834804617274238
3.293941498102437
0.49135619175187184 0.9455370242584961
4.833409563673339
---
33000
91
0.9666790433785178 -0.13499667092679488
1.6964055848087696
0.9732327569132192 -0.12077113794630817
3.5457223871422867
0.07939262688309556 0.7155820073733661
2.9230026732095356
0.7515096810166876 -0.37284933755198785
4.296793825877477
0.17588572115827486 -0.4732434523266012
3.8465308503492244
-0.07639014289034209 -0.2800390696915057
2.651723430348751
0.048127328528795955 0.08065103992757491
2.2541892365945024
0.3674744898211087 -0.4653036473383319
5.206311023685753
-0.1483423260048912 -0.18640956935683126
2.8118882227037236
-0.5909038011572081 0.5230061297264622
1.0931762681185901
-0.8195169355790698 0.2572111893604691
1.0983884678320255
-0.3200524880581091 -0.808632170399561
4.105423843216195
0.36767855278533856 -0.25893460071292346
6.110770898879789
-0.16451196652847339 0.3379400057848557
2.0741465364825498
---
34000
82
-0.6590434598789413 -0.46968039486945573
5.807424178653617
-0.6796902331314058 -0.49425444558745824
2.361185860946267
-0.3988622970832696 0.7580371753042334
5.343506810628673
0.9175411122655981 0.11276926313478336
4.318307435192393
-0.5516570313946875 0.23039054698571382
3.6127615529065054
0.33401614597439977 0.9386797410007072
5.74401872389896
0.9693633793711265 0.20589883993201766
1.2779830504303664
0.24065798030525493 -0.8752832498469488
2.9664005565538876
0.2972145875516628 -0.6921692232440787
0.8828641249397942
0.23112044453919525 0.8947984838276541
5.71636922306293
0.4826861995757143 0.05888493936762992
4.69922733089426
0.3857054276222462 0.09340800474294803
4.8705433988513285
-0.3088719528021289 -0.4142613172065179
5.171343115026985
-0.30237566615860384 -0.37950607777987666
3.2337317499726703
---
35000
89
0.5119856848885921 -0.14325383953719414
5.678887187714638
0.5182630434113069 -0.14687533578438144
2.9828016978347938
-0.999008359876373 0.6915470618069764
0.1548278032651016
-0.779360609811703 0.08341246937056099
1.7520027736914319
0.44193588523620525 -0.7371621492179636
3.1213706311483493
0.5005895473204194 -0.7303404983394236
4.284656108390657
-0.9970710811051041 0.2471804830253015
3.8369902733004855
0.9164068669464351 0.640094568840944
3.3509010494503118
0.30025777567985623 0.8618904807553668
1.2982685170170498
0.6277581592894493 -0.20098125755965818
5.390435882691302
0.5272572104645448 0.8703770441468379
1.2281562834038988
0.22622832071372692 0.5356751773278854
5.314286021490423
0.6144967451802132 -0.6813162594899274
3.0608761031402905
0.1466090265068589 0.5099578978907018
2.9936534198316425
---
36000
75
0.14606407178436456 -0.050277976069411215
3.2720812384781968
0.11901957477873987 -0.04996464049787975
5.813310748285805
0.2163986601005266 0.665169656527572
2.48525910633344
-0.29763380386956606 -0.038337775105075494
-1.441757194685909
-0.8908469544502373 -0.08312356671097186
3.622877955722326
-0.8558023864454284 -0.6213640239891715
2.0512598984215638
-0.6117409396862533 -0.9658222430550516
1.154198210558708
-0.19333672314368547 0.8854821771971615
5.923619378199591
-0.741547141135368 -0.9779405724505117
2.985130547624223
0.8838806800098082 -0.500119075147711
6.168553910212255
0.20657818584912602 0.9731990482630599
4.943036088349767
-0.25158067657440447 -0.17386436217339524
2.0157094248515666
0.3696257369915663 0.7468028776910371
5.621631475809064
-0.2682783540350407 -0.16008482835383586
0.47220563505141655
---
37000
74
0.17369505252634854 0.6784306495565888
4.732086047797257
0.15209898259178628 0.6536797177513278
5.337806210739553
0.7118167524308276 -0.4133979443264579
4.734915414326862
0.15183511088409157 0.8997733341506211
0.6918000453495843
-0.07440931654507854 -0.637333803035642
1.0331045594539425
0.30831616369997494 0.7570383465088981
1.4152308534962748
-0.2864230012038437 0.7662164660141547
4.612644430080858
-0.788553868918554 -0.5988825293601121
2.4333891710189253
-0.7141029238108854 0.2814023175865249
4.666862591303152
0.46015961125810534 -0.2213811986913642
2.6050380430258
0.590495966904941 -0.2982016838736548
2.6750736922230107
0.1765999571054752 0.8180594661294405
2.601191926383618
-0.6294163516694715 -0.7962911605542256
5.589231463019776
0.1811014496380648 -0.3635984270097928
3.765153879685559
---
38000
94
-0.3410435987337622 -0.5108333616025664
0.3773621553308426
-0.3625097373213779 -0.5259170832787069
0.9166142125640304
0.9331207495609937 -0.4831739466038853
1.2565246866174817
-0.35314936109015144 0.16587841926088814
4.777380103834052
-0.19179980477062453 0.1626778572113815
6.128181931791186
-0.6318986721655898 -0.379356575576039
2.07779145702398
0.09190297247850632 -0.8845370960804566
3.1424697833216104
-0.7910819822383266 -0.14077943617591046
3.1811387770210544
0.11589287535746015 -0.8550518454965053
5.752777264784794
0.44325705539924803 0.8478430018379032
6.190865138913726
0.18206007248480385 -0.6574499834493859
4.834667596195856
0.8731919237853163 0.7694804316333254
3.417356539768785
0.6641630872332877 -0.7924037672115278
1.22309466937062
-0.5118542125746306 0.401827812182701
5.2904448143947
---
39000
76
-0.7448637354787667 0.5755749141461088
5.77035134531282
-0.7446276272485168 0.5744300776862843
6.154687157580488
0.7028683636153957 -0.8692787195403715
3.4673620131200993
-0.017936757868768083 0.5981670173367126
4.607893654448299
-0.6930709807060886 -0.9179902158347844
4.319911340845604
-0.4577201175718474 -0.5949088763051161
0.3287957324431261
-0.24839011234880742 0.047620088118920635
2.6613200140686537
-0.4204444834508507 -0.9822289461374855
2.8935786766643448
0.09819654034846083 0.34738733779139347
0.10065730335032264
-0.7041395878686435 0.7766937891876732
4.259061543605734
-0.7440614842474611 -0.47037751656821447
2.7479771484804187
-0.35238434159692045 -0.8169202361152437
3.97067527604509
-0.4855164405314437 -0.8163055042018214
0.2932059282769812
-0.5025168393772352 0.30574489994681386
5.409352586430972
---
40000
85
0.46510691054014863 0.10789426649862408
5.6250859397906305
0.473757322017489 0.08813310289693425
4.423744605939149
-0.537942202426345 -0.41275808892023075
2.43808606118756
-0.5557052856987056 -0.47757190343902994
0.7811332723137729
0.5837911199546666 -0.09863226654118858
5.0645095979031085
0.5116578810330443 0.24171663253101947
1.6520132334739623
0.8467338389110256 -0.7733849246330488
4.445086328002608
0.3712907676339269 0.7395557275212298
6.0241826175685045
-0.28369025430599715 0.279069881289903
2.6576888178102482
0.8780278022499292 -0.8754737542392481
0.6034282464564367
-0.0231389233420527 0.46606153096839237
0.5273956313291572
0.6048181648295261 0.006354479969113463
4.761692550479344
0.6213722484739077 -0.8663116167344187
4.106566036870393
0.7280068243961758 -0.20081445314067436
2.6390431568814154
---
41000
86
-0.14276944128235164 -0.07907541299349737
3.997859198403604
-0.13773988976211768 -0.07565232521256648
6.004068050538711
0.7741698168026668 0.5221933993521614
1.3540032528968693
0.8612335262533812 -0.6275030096273365
1.695223114721828
-0.6334352979067789 0.9917256123556668
4.820750327452802
-0.7968541806341662 0.5390017787140446
0.21466266946653523
-0.34439488115906747 -0.43027861764125236
2.7578523248644657
-0.9841711145963314 -0.3247452339547293
1.5640426247328971
-0.9292239389082985 -0.3645264527974203
5.722124398740239
-0.768263941403139 0.839823791037493
0.46995144015243806
0.867856641476863 0.606547380044639
2.9826306156384605
-0.5516780023579055 -0.1338524961618817
1.0758056906565239
-0.6387822953807478 0.058023936862379596
4.346649922928269
-0.726800894496331 -0.2904401608117751
2.306267576280164
---
42000
89
-0.4247562738216275 0.8499625061787858
5.936118771113516
-0.4334982897931985 0.8532398093986033
0.04580999805964847
0.4105565739796569 -0.5955505097609787
6.221831013789055
-0.8587768478036967 -0.778381312109413
2.593501975721777
-0.6119793162799786 -0.0604856727798994
1.63637003041951
-0.3006670255798149 0.8467531091170567
3.7955437320574914
-0.3963170245300541 0.7735331851248417
0.9432315024098807
0.17936332978326408 0.9059323806670226
0.327942338691833
0.04715750129557138 -0.8877312999974143
2.462953064166136
-0.19861826235209132 0.804009680594541
3.9776256326693193
0.15436775508617462 0.8768619383778394
6.244270179427237
-0.10700732732916313 -0.8248401129490859
4.997687468094336
-0.8974136211980344 0.44812477326734984
3.6475362681765073
0.4462661141296462 0.6174829627160383
5.329127123884331
---
43000
84
-0.9014311895636312 0.790785961876271
5.702221337350147
-0.9022549249959545 0.7933490221734434
2.7041037637719763
-0.42454505819769695 0.7108073644713205
2.6752298697772003
-0.982419225653127 0.3932139907888389
3.642502507760871
0.6073139491848502 0.41043775318134235
5.625423092237066
0.1097265592713137 0.4329705814070418
2.86262887413585
-0.244363594216806 -0.34633036443995663
0.9142226374888871
-0.4347508522810691 0.5167489853293377
3.5298084281810524
0.5761692977096877 0.32483175378351825
2.4942404839371877
-0.5095911598676529 -0.08020213266394373
2.3333807295229
-0.07597590409726877 0.5781025632360786
1.009799029732413
0.08245281628207585 0.44775197418020596
2.897976741944608
-0.48262114111341253 -0.35112273128219595
4.244894366923916
-0.6455837685830619 0.49255673116601
4.2117413515576185
---
44000
85
-0.15634677437718122 -0.2082214922886933
5.623452324046397
-0.16804427338190606 -0.1898151101487215
5.386070730916014
-0.4715320866726229 0.7224862941226853
4.308770559896835
-0.43287414574459526 0.3967598050794007
0.6486098961468816
0.7265483260965144 -0.5275730419322912
4.425335668202913
0.48675211480826686 -0.4036235482621055
4.895465796231973
-0.8236421962505281 -0.01258625495655218
4.542518913589986
0.8809312148144144 -0.2427113192107747
1.2788456737986733
0.45309745624734143 0.4579860416850916
2.096147743431872
-0.6546198626574066 0.24301442284754635
3.3671206923631916
-0.6659436503147497 0.3777502960527682
0.8203199995099197
-0.6342097659955303 0.35594925772429975
0.6747813458733667
0.16252015364074218 0.800946841163205
3.729880193037184
0.9034753968359805 -0.1828804631649128
2.445609784175777
---
45000
82
-0.571181857375879 0.4508017966511575
2.1627831843011385
-0.5689586169639698 0.4529846146379097
5.021864297050461
-0.8200450435452022 -0.008118501155345955
2.782939000238798
-0.3015833456594065 0.5247661884881036
5.494152171484164
-0.0022107779461821193 0.6678800927113396
0.9930367313123426
0.4312625615624367 0.5206026110338472
5.956155766279954
-0.0012879311896211044 0.7503771695376481
1.7475218386253344
-0.4183745863177206 0.7163689032707125
1.4499247426243196
0.285476789800085 0.3919035546414013
5.483051098041489
-0.0743746481129357 -0.02812686192038928
5.951061530009986
0.1385279257018853 0.1541499785780874
3.6153261355340875
0.36959213387462575 0.45039823470318646
1.9256085237548826
0.6959339672020506 0.8033647459225941
1.2740318155528785
0.012375325900873391 0.3481260760072813
5.763565317460748
---
46000
83
0.9101924743715298 0.15047304822648866
1.501475613847257
0.8999457574384844 0.14352741532846874
2.330809368655548
-0.3310838814492373 -0.7434664002942136
2.544402519996873
0.7343439696196523 -0.1542902034129037
5.567065982542497
0.41436074815827256 0.07923830819560466
1.7089650263549956
-0.6935402925795097 -0.9405794559723489
4.144324383244145
-0.626760287783738 0.6048156323155406
4.5180974988381095
0.42332706483047 -0.45482787398285973
2.5661907171137095
0.8165384238284351 -0.9507577671094467
4.581176382285627
0.46749241546261 0.4355549795956522
0.06439831319754319
-0.5782604058210966 0.2719336853557762
6.1589074676372855
-0.17638872419263818 0.09057560508333316
4.1964207817632895
0.3140180633292179 -0.8177929005944886
2.6932574838556125
-0.08368977162451093 0.319660877609356
1.3656383211536811
---
47000
72
-0.6029031839640364 0.6304394607885481
1.9047757288498028
-0.5981153721029944 0.62114240787558
4.44096151388824
0.7004636035114529 0.01424676981638141
2.1728055113283284
-0.9513879742495479 -0.9581290782129886
4.225733442842457
-0.1792263430956231 0.1414588397888764
3.5917864798499624
0.1188677048410436 0.13820410308772196
1.9606605553293246
-0.8103616890230935 0.2033002934854658
3.1151074507709193
0.06832872371661336 -0.42411027265979784
5.135560620821611
-0.7385912958962296 0.6848734447256329
1.9956076339840614
-0.5410577926850224 0.8947187943200404
5.625031239707361
-0.5119191012786812 0.7204858498959741
2.4425784556277677
-0.4387994808656813 0.15070843137897227
5.533711924870301
-0.7724160213731464 0.24590145023539947
4.060561892096998
0.6325796229255712 -0.8693741762351268
4.797680460862722
---
48000
89
-0.7970965325024826 0.16267974426330645
5.915873133264874
-0.7954624790593192 0.1552396547948519
3.140309705992423
0.3026779034517139 -0.10311141373803352
1.1180740790225174
0.70920974989008 -0.920370522778457
3.6395860488733174
0.6653495499151212 0.06784011961262759
0.48775950426780046
-0.03899013974601528 0.6895612009386504
5.64300959490952
0.8588578553781111 0.5667126140617132
6.067919953328521
0.8777554077763287 -0.8024755406274233
0.049480215086555646
0.8334541512289675 0.8003092781925174
0.8390915692591356
0.6150730451436267 -0.305224296040585
4.526698260717794
0.6677804246855112 -0.7088932918026793
2.7875933070254675
-0.14777993245916815 -0.5220808293143466
3.463756223898799
0.6713058023566054 0.14017051436178773
0.3892729577669689
0.6389895656956907 -0.45648173465946434
4.870846192482343
---
49000
83
0.6280672809562319 -0.7192815518626092
5.8961592249058254
0.6494900323483318 -0.7044893949630583
4.4645656195571215
0.21817456785442224 0.09569515834339862
2.5118441506787086
0.31427499955287824 -0.1325878588476168
1.740284579450285
0.37761999387269385 -0.5712814888653094
3.607213816811983
-0.6884959213076061 0.4996709797036975
3.6573966852796165
-0.5208626909654727 -0.189309427086641
2.178071874176296
-0.4725364934492318 0.042212502436894866
1.01276762074143
0.19199958344328277 -0.1169536335281833
5.639441492691041
-0.8389461722818536 -0.1693530087635375
2.7781160586197107
-0.6440068843723861 -0.4578895799000248
0.7430937318547031
0.8312597409878494 0.4690222950631307
4.636237379931999
-0.3351195653458429 -0.2765614480796339
2.564839392855304
0.34206707664148345 -0.44896206960059143
2.756496507406463
---
50000
76
0.08263822187083292 0.7018532884443759
5.545129766831298
0.11211747513519224 0.6924432110257753
1.3806409152680201
0.21645051779240168 0.4011961195519147
0.983720472316369
-0.12397946894344304 0.7200152607849633
4.386104821430202
0.10711918132852728 0.5528957080843301
0.3184477421970673
0.02057773905804476 -0.9076821512335489
2.78289059852915
0.04518469961216135 0.5857713405576616
5.190225486402113
-0.05563873753473528 -0.3968961656991178
2.4266140104630285
0.22261806043879806 0.26418798448912306
3.9717028407711794
0.3062667262285126 0.7963526730198174
0.7164432749279328
0.7049570620671228 -0.5001735938085967
5.75805904688819
0.3455815316242838 0.931902609157811
4.957177611535245
0.22530169353560855 0.9430037933390596
5.552142116922697
0.07128178435082427 0.2859923624236219
4.123759645064634
---
51000
79
-0.7696972786283465 -0.9357351833410317
3.1190217648837564
-0.7701215201316806 -0.9328544250886666
1.636762423626343
-0.7814551349236805 -0.3767467168917829
2.036403809899573
-0.7549932277572285 -0.25206521687946715
4.531304241120639
-0.6754510269469771 -0.7078203663341763
0.7751907588535492
-0.7320261143189882 -0.7326549175916303
3.74418692189903
0.577411315530485 0.2853878303514662
3.2579204672887485
-0.020533975819331182 0.5267961848073871
3.359013823940061
-0.3335414749041001 -0.7786185726821228
2.6857707209095034
0.9002843646583325 0.27125068982957173
1.2477967547995616
-0.2612881600928556 -0.0744140732926307
5.9807574416894544
-0.13879233263904817 0.4991760996149917
5.108011799890427
0.10523767058662303 -0.05782614712541942
0.4979345359396756
-0.7521811463889883 -0.513800348725338
0.6339115906379114
---
52000
81
-0.16311885107578444 0.4807292387364673
4.855691452611681
-0.15294291575492072 0.4778940823852335
0.37736219153949513
-0.8380144586510783 0.202138762781236
3.712529339673757
0.6513530322582017 0.8379976787674415
0.8976618243336993
0.5486790614675271 0.1798964476383662
5.902065655098279
0.48868052865543093 -0.6878159697777406
0.08283876539510349
-0.20794779616552142 0.6440528634509918
2.188299795810657
-0.23411923726492945 0.1966675218746805
3.807830836571191
0.4431012318075068 -0.47307708662525494
5.169474486685191
0.8858998930286932 0.8420929464828071
3.4234212893219693
-0.8544626548449924 0.35136525204358143
2.8947489446844656
0.2261394453041366 0.5946316562727989
4.152079819364907
0.767844378084527 0.2119167108085082
0.9698927548498739
0.9063517459067029 0.5945737244673427
0.05713558903964344
---
53000
83
-0.9306009502111874 0.6917116488902457
3.3419389654467104
-0.9216461880852589 0.6691844165924397
4.892063598105373
-0.24342001384352618 -0.0965047250342329
4.0642478540887215
-0.7148608240755464 -0.3248375475330201
4.168923520557012
0.6911194403175628 -0.7075239323855981
5.244104003458147
-0.12493697674659852 -0.49863622494854254
1.398948923341222
-0.14049980423687475 -0.19825912850892752
4.209764468793666
0.8064974475859128 -0.21391344095093223
0.5726951360048336
-0.33216464586921596 -0.10093274136995158
5.231830330740266
-0.6520655144659155 -0.6079107816607305
1.676894326671265
-0.44372438286244936 0.6727514011463447
2.161024865652842
0.9673534211875425 0.9227907644317278
3.1049962904774677
-0.2392108009719049 0.4293579322721521
2.3521090144427954
-0.6143988344179133 -0.19310292347734717
3.68473539091866
---
54000
79
-0.5618954143239724 -0.5118516036767968
1.2382320422517472
-0.5580390101925772 -0.5010753173638172
5.0723996982990105
0.5208063652806912 -0.6671163681729605
0.679505064615749
-0.8840490026218155 -0.7912975678473596
2.732780873475792
0.4941224637679476 -0.4863046527250992
0.7441039047038531
0.8000645878764875 0.1525077641197778
1.6957358730501797
0.029331507857696764 0.4667913795221579
3.3217028524360277
0.38263082979689433 -0.9943985994485673
3.900553144377371
-0.2800130913423261 -0.9273152594661342
1.3373211666873583
0.6772671237196214 0.711658307123972
3.8546214847368097
0.4447842429208914 -0.613959071704568
3.8812719554477937
0.7797959271583923 0.256701850954318
5.107157104388505
0.3250023543970255 -0.8520739325101658
5.755437016426637
0.17830006062908954 0.3757075446329983
1.0986077083129615
---
55000
79
0.7748367924875121 0.409486685800818
5.447647610501247
0.7953678257596347 0.386677194246817
5.736363693383484
0.9708695635956097 -0.7958127042596334
3.7492587053024193
-0.12057236173860301 0.11622834956350729
1.532616219992188
0.4291399507775443 0.13610464715121948
1.456200351884462
-0.7703188604137008 -0.5392296792914907
4.642819221471607
-0.08765198762211915 -0.3421974901466826
4.939448341679121
0.005433582819132254 0.12693224961261945
2.689605314711361
0.10490787911408413 0.09773916396297386
4.613264578923944
0.39127725104057776 -0.3708938943418535
0.7526130733341683
0.5887824980214638 -0.9429278484296626
5.260261755380663
-0.012971634556280962 -0.8513169989402054
6.065033170339378
-0.5365424127452351 -0.5066547664006693
0.6435143091578857
0.7235556526762816 0.2876971707548504
3.3688909776857345
---
56000
81
0.9377418630461708 -0.06491664292821803
4.51356904683148
0.9377174903980329 -0.06480833408729142
0.5420662338498881
0.9428352862284649 -0.7800710040951544
1.33549973770063
0.03231249837403124 -0.08019991904816812
1.2749551470188933
-0.03452509014009239 0.2834369066912318
4.590188819083675
0.5172924441539264 -0.47041706563479585
6.040988073580203
-0.5585305391286977 -0.10778916407936244
4.7951493270183425
0.549242303352105 0.9502846239859442
0.8661617910331136
0.20253373518254209 -0.5390420112411931
3.722858790637204
0.08558259682301905 -0.8315329744065748
5.298210496630404
-0.7547053359771868 -0.7664629034070984
6.083319091540152
0.5235747894549634 0.16341955239283967
4.302604456039593
-0.903438588518757 -0.44297852593206505
4.805910283468981
0.18069740770530557 -0.43724369460060863
3.983334816586779
---
57000
85
0.13792109692166996 0.005239265595579256
5.317812393211017
0.11672722066182903 -0.004924570222780686
0.43779093878770325
-0.8601905183331863 -0.7402123303276037
4.596605093358092
-0.02878335282369758 -0.4480912556244182
4.5103973199856515
-0.44921077989001956 0.4494179137749418
3.2229990446741397
-0.779170586032143 -0.31259900981234795
1.234953060926471
0.7908509794768944 -0.21304653890253877
2.8521409828273327
-0.9020681512490938 0.3372197604959194
4.037659755700416
0.9220099685636587 -0.41095613821360444
6.0638819727735624
-0.4668842901819073 -0.9425179330043167
2.002104817914229
-0.4393390343760371 0.3423805058278414
1.7597479732844974
0.38268028780256846 -0.003107763080041912
5.0841431370218055
0.6467233909837097 -0.9019522352532477
4.130320426837267
-0.24077513646640014 0.3647335402855466
6.173513920642897
---
58000
74
0.2214455517650917 -0.6046821975782137
4.816359597209388
0.2192416055926396 -0.5935136754572815
0.8472016270721108
0.6218989686278106 0.8613350940157484
1.3704966643916388
-0.42238022457571917 -0.27961887603619423
5.473028608458742
0.03508936679084124 0.19010519287926636
3.5700624301711796
0.6574609840955632 0.4997637716342166
0.36460680328121686
0.16888440599348695 0.9400677044246639
4.869364720706872
-0.4120900612816404 0.8228801183200142
1.3067441676999945
-0.857203347515335 0.3161327394939877
2.503851651277529
-0.9699636605806677 -0.6111123089863677
6.06510222330188
0.18105678779336787 -0.25821084249259696
5.342479831847903
0.7003032655291469 -0.7484183496319259
1.5339080911977456
0.31910794856857005 0.2075744981288517
5.430437199858115
0.021214411011280496 0.21942203798438842
6.167284552383792
---
59000
83
0.6788826670228559 0.21346590744531546
0.6385193642798697
0.7140501551344687 0.26084588997021063
2.4803041135170263
0.7502040646842976 0.2258785896274264
0.8971752388384928
0.1242004438362028 0.8175216873996934
4.984762745636932
0.6893967577246889 0.6641820420488164
1.0790210376810343
-0.008545256007771082 -0.7589276250647663
1.9257489336535158
0.13276507188952166 0.928281402420681
5.689980853077858
0.2862769554592705 0.5089086377725025
0.043636472127245085
0.5024088229966124 0.6294106631057079
0.8137666548017695
0.5564066751656397 0.08894263521304821
5.403754654756814
0.6789881205122527 0.11551581810865158
4.713297850520084
0.3033432008876317 0.042379362598743656
0.026788660313218138
0.34792882753653614 -0.9374834367671987
3.620422241779022
0.9096478399737861 0.7949374051085233
1.9234047072746217
---
60000
87
0.4839099556036243 -0.44966981939103906
5.418445989008898
0.4788517076393022 -0.4391321673655247
3.970278068874266
0.0934315398679514 -0.014807678655991932
4.768789140125502
0.5976186741270724 -0.6728520195215433
5.937528268241087
0.4536151969175883 -0.8708846842863924
5.757141209978428
-0.009126978305072683 0.1337795956878763
5.98491634396155
0.7765319481539413 -0.730966868518652
1.0911705624004941
-0.4449241567031163 -0.9923793079076286
0.5171724734817262
0.42114180796070183 -0.887912018518922
0.7564874237065444
0.2827413826993795 0.8784848772449428
2.8942976366689006
0.15794375315134865 -0.1779041068474312
2.0038985244565124
-0.97891202138133 -0.12438720903224787
1.1430013606347504
-0.02869626045910149 0.6342823053544333
6.283065500523902
0.5432960613829197 0.07885552005736851
1.505710790300948
---
61000
77
-0.5450767399631901 -0.8617146873592652
5.023020443953982
-0.5542886230123864 -0.8624445743510056
3.972467599940674
0.32573015830166785 0.5949478025038764
0.26006423236513276
0.25610527932903765 0.7441958167049361
3.098616477558285
-0.930238842713499 -0.6201577240853726
6.095058810778516
0.08269589715767584 0.5193347248950855
1.6256116351923042
0.46149133452557545 0.32243219797434364
0.6050617698538874
0.7579769965825729 -0.06365482543574531
1.6654600753027413
0.2907003640857318 -0.5871777125544637
5.56658218000746
-0.06375676969854902 -0.7444457801368055
5.234058568948298
0.6405839563301547 -0.5410896133198642
0.8598061026936348
-0.4366816258729001 -0.7359928102469413
0.5209707698098112
0.3088444458454467 0.9705818578841335
4.402645615002898
0.029482440350614016 -0.16723483676896034
1.1946885705548311
---
62000
91
-0.9062849766472812 0.30975546528393494
2.2082127296033383
-0.8999956575158387 0.3101967693414253
3.4380662529484596
0.9532466146733668 -0.21149929621136843
2.839908496152675
-0.5814323137673504 -0.9869334335714985
3.0076780216742867
0.13073382509645606 -0.4816613422812497
6.121882686776551
0.7169309626453587 0.12666517432686902
0.10542480386204822
-0.9272667400983061 -0.29839183602151254
0.3806865113118185
0.5340870805909088 -0.6285878523091906
5.3995980642182655
-0.40052400693375506 0.15789824187095103
2.972767046654349
0.8376305417873676 -0.4343892558549837
3.6703823095930392
0.9438847232167387 -0.005605896882873974
5.318888495783168
-0.9944958767029586 0.07836066094664136
0.9720247243504838
-0.9074405817959065 -0.30155429135328643
3.0118180669399033
-0.7274060806834479 0.1491093216970808
4.134096765317795
---
63000
89
0.5838717947046993 -0.07221752229889887
0.7182365270776199
0.7726545215108466 0.8204700911230789
1.4514027522143669
-0.024240580024447348 -0.6780910355315912
0.6970660030812112
0.8636246966277649 0.6978536869996157
0.6553725459913258
-0.9756580176808473 0.3593052891493419
1.7933595067443644
0.4735152391239553 -0.22178357142188976
5.93929262375794
-0.008028165270171927 0.42982343183862065
3.0731239585973604
0.18861550018805012 0.4562965687993933
4.372840285091569
0.5969744702338813 0.9159076279647453
2.9115194108065072
0.9576063884202142 -0.15683983844799032
4.6767442681915465
-0.8846562876672766 0.39697370243494257
1.1286046132308902
-0.3535935156306334 0.18402266368737422
3.7994271714726713
-0.8665980083961488 0.8960409616664775
3.8956112860243763
-0.9822320129589415 -0.016387630657995728
1.1837288564980577
---
64000
87
-0.6784149983676724 0.8821034256105478
3.4627996138065718
-0.6661072440097361 0.9125209655026663
3.336739397993102
0.3433834363978372 0.4618534359980035
4.792365882223548
0.21775266048552583 0.023734962525567945
1.7678224563139624
0.40076957569114896 0.49154073757044014
5.2810738110200335
-0.37088387056263106 0.7656406620424836
2.356368166230304
-0.8347653042149134 0.7703426079535222
2.7627532876930188
0.5081146787383718 0.04102833362646364
4.0330221198098055
-0.6743778169837272 -0.8022793493778877
0.7894529730744182
0.35940037662881713 -0.0788297330417618
4.23867198590637
-0.8789722067927614 -0.5551605913125057
0.7924895554503033
-0.4513036551265612 0.9852095970213403
6.190294027919785
0.03132457212463634 0.20556406526173698
0.7626729006825794
-0.31742130004627556 0.4534998108090627
4.501187598822633
---
65000
86
-0.25223550183027177 -0.9909549092226095
2.766432938959065
-0.24646191424137498 -0.9988112651122769
4.131460780380956
0.46768479182579137 0.3484123882496112
5.316047423890985
0.3894904369492027 -0.24918028653094335
3.699435364316706
-0.3868632294050355 0.8043131081424075
3.6876046094447243
-0.028313391224367497 -0.9986691878518372
5.0852279733060834
0.5702931301284772 0.9639673816072545
2.537024780837351
0.8128079342497857 0.9058341154843347
1.7982178655664809
0.17444279051550235 -0.25280191437267724
0.05444181737772347
-0.013514324557271145 -0.49245149941888977
5.010120609614761
0.2315414355900455 -0.24871012379727073
1.1095945834332275
0.14926106402791484 -0.02124722670903073
4.371770169826829
0.3365775859338033 -0.3392317465233186
5.800990068653895
-0.5351689480676113 -0.0697121471441641
2.7733555364611213
---
66000
86
0.8874738616042255 0.10636501680390908
2.267582771981081
0.8787819207812414 0.1050547670348015
5.219929160263256
-0.8135207683907171 0.10609039007366798
3.8783232908592167
-0.1707607134991825 0.419861605712505
0.6863640777564513
0.46649506301455723 0.7666625937246402
1.3875214557482902
0.6229614661652808 0.26418693417808514
2.946558694901122
0.44028663600830875 -0.14297023238756962
2.6458197846545666
0.5308582825486001 0.673570062806909
4.259036354277933
-0.9432804104206917 0.6804063956665829
1.2715955580832432
-0.7960957768339687 -0.2977120549156528
3.588444046862019
-0.8509258050370482 -0.6355538349421194
4.170478485499283
-0.8440064814899939 0.3650075409726148
0.5516317045094441
-0.7077605943422375 0.6721117818221466
3.583117207455741
0.19366767323291137 0.08694881443492596
0.2392832605928099
---
67000
89
-0.08485953003168589 -0.04984691403704672
3.506876346624752
-0.08706750263265561 -0.03554611884344489
3.8118003346055707
0.30054159293745775 -0.47265025675053873
5.7982879211034835
0.8099044500166539 0.2983788955298945
1.3313209027687112
0.8779143496106894 -0.7832723853982206
0.3957734213503725
0.7323171535748474 0.9571934489320821
2.3817424151488025
-0.12215309810293384 0.7850416257332545
3.133795116322852
-0.5860623003879399 0.5203748006491046
2.9772840333745405
0.5326843917762991 0.572291620925801
6.010965915599869
0.002503095600763778 0.31455934718103423
6.260361960722952
0.645213684687384 -0.8558989080132472
0.4531607607969024
0.6354496224254691 0.6869317871923332
4.220561792923651
-0.6589865516786171 0.058461474781210915
5.6143070268253625
0.07344316756159894 -0.8428594237798581
5.943738266839356
---
68000
89
-0.4798287934732668 -0.6627146152056909
5.7847665735314076
-0.48127366951270395 -0.6665713930688351
1.29001549061124
0.44781038275134544 0.9479568387539901
2.064906633744063
-0.5951383504801129 0.4610646809649176
0.8439802561095542
0.11175956699486364 -0.8360593257423788
0.45749129728097504
0.02570838682637765 0.9418345821412634
2.9354952789175046
-0.4676624193621354 0.17853858530781078
3.850573368844058
0.17616618469716258 -0.5975791682571087
0.3424618145319904
-0.18251888031256103 0.14829773455104803
0.14337412561703022
-0.3982650189111435 0.48756918281585393
0.702162259347479
0.021872396607218368 0.33020831230396863
0.9585149931591292
-0.19872058619526684 0.7879240914948681
4.889759540209961
0.8120083076596006 -0.5862602160365603
2.8263133681885737
0.28173175985817916 0.7164959200681541
3.5164525196045213
---
69000
82
0.8543652621436404 -0.4813954118578877
1.2183957638358618
0.8524744228380527 -0.4804973654315941
5.304344177332983
-0.10813660854835408 0.9536409767697457
6.116677923582501
0.7464880612918697 0.9394371157779291
2.993854328947066
0.024982133451982518 -0.6019763860288806
4.52107386531038
-0.6009280407158717 -0.17340484708312773
2.978538114802547
-0.46522585235395775 0.07570441221531433
0.8560514146059672
-0.6541169328054947 -0.37926162676411834
1.0692003844513627
-0.31989052068432866 -0.29208244598878713
4.792296097732071
-0.9814925714755597 0.29423813497060103
1.9358230817450313
0.7919240105248709 0.05722277909406206
0.23477554965646963
-0.3472938524387871 0.7874492716010398
4.892816920571255
0.6068920014748527 -0.5641861309450171
5.53831612500499
0.0953994569182793 -0.6526638151391477
0.37148356130076277
---
70000
93
0.03509863768061967 0.522484169625667
5.2517047090300375
0.04626621131235767 0.5209987813593391
0.9647240299232962
0.1334866098122746 -0.8414588851480411
4.626291435161299
0.1815852178733855 -0.03395109690526991
1.4315376751623035
0.38513012778563477 -0.2769793846417533
1.3235750969552678
-0.9442195723884155 -0.40809150312530595
3.1505783097398687
0.19852217180176068 0.749617825054105
4.190448789863154
0.27820057144668137 -0.4950757858627617
4.044803197079007
-0.9906068355957358 -0.9215407187204804
6.106613123082733
0.8015105581842793 0.23580090121391464
1.6611315388416568
-0.6423098594065595 -0.29240769582319126
5.534751073449574
-0.7302031549725887 -0.0183830986120071
0.5167961457927346
0.9059755003784045 0.71660595174838
3.1300041285762763
0.15939452348016023 -0.6315540216187695
2.6277483633615724
---
71000
84
0.655389770218062 0.49788356696820446
5.942623161848348
0.6678243976465884 0.5094225141897208
5.067430034555648
-0.39411878705372927 0.2903153387545043
0.90385715039878
0.7009038016485516 -0.7508405511186256
2.182337436041922
0.7549900926731723 -0.4780156313627417
3.924635794528041
-0.492851826339879 -0.41186314429457066
2.640662703147668
0.2784554228731291 -0.8071911293869096
1.3158487590322148
-0.7211179442465028 0.2750120245101318
1.5281318812068294
0.16304581928831935 -0.44861950335965084
1.2204684866977749
0.34254459343755383 0.8754860966964559
4.5948280677742295
0.9043544419977069 -0.262041462376215
2.530999581903245
0.8328242452452862 -0.8816407672487032
2.7271672556452256
0.5250177769852666 0.3345883457849318
0.9555648151911749
-0.3638528967627235 -0.01576540956182429
1.1143729715677662
---
72000
78
-0.6701316739095619 0.9771332096587112
0.7503054954372291
-0.6475366817977213 0.9595209298591991
3.4738390658578497
-0.5425085353189747 0.05771207906523916
2.6085949613730604
0.8052524164725527 0.2587522703625841
2.1478267668488646
0.27977775634170743 -0.12789992926243682
4.684698783871149
0.815013493540256 0.1725969596007913
2.632105679651315
-0.3139329655029577 -0.650956432296065
2.9488435185459094
0.8114789262574081 -0.7606583367079591
5.507713462612576
0.1262024541930053 0.8987234869081899
2.5829164730251346
-0.3730953928948635 0.0846905512814182
1.8540061153874152
-0.5822703736839147 0.744321658805864
4.864861084982955
0.7122822463090913 -0.2215331740683046
2.486945393073584
0.11859070100708155 -0.4819579372075166
3.219828503518067
0.43108303713675916 -0.41772786544626117
1.5083815455786418
---
73000
90
0.8403940806236342 0.1355160163884313
0.595184981397944
0.7960065714129314 0.11397092993295323
2.5715901620341617
0.0668984859934516 0.7633945316063443
3.203066500217369
-0.4984414045435269 0.4850199173860651
4.1739894781049935
0.2418533275140155 -0.04789489371989153
4.033491407016958
0.4663659814140244 -0.9686512614309
3.7091024495095777
0.3077778842360578 -0.5957576365319176
4.435404844817696
-0.7408699676877183 0.3714107055050374
3.458680734421411
0.6550450008517782 -0.015574536658784822
3.5590986885531386
0.6590372972639514 0.2435943917239189
0.7605495383907606
0.3018425781867675 0.45941816361470506
2.4269645863971103
-0.3262450728184021 0.29038507454904516
1.2604406228222524
0.652338909753205 -0.2868350385966902
3.1621215942791627
0.4681454802283507 -0.44106376222271493
0.8928214540184998
---
74000
79
0.5266354496668352 -0.9951330901525088
0.4262857866641241
0.4952997358903744 0.9678129564567688
4.405485846438642
-0.16453445903110903 -0.14979668498301787
1.1132919056899384
0.04544760435046921 -0.5335326649646078
4.401819726149837
-0.9671321450551157 -0.5746681711168337
3.8406449465629846
0.5611631935789742 -0.17466937820761735
5.401221011392802
0.2566565182681717 0.05091507476734862
3.09349357441858
-0.03763901749056911 0.8959969193134871
3.396618636008382
0.7495566685357817 -0.2367694340068136
0.8748151521343628
0.9764597016717174 -0.7111754701928995
-1.3168705736671218
-0.05992753825085011 -0.5246200501593764
0.06434714019182852
-0.7233606455549367 -0.20137171905600076
5.759661932971829
-0.5777729846956994 -0.9143660750495484
2.541642728858603
0.23831990700838812 -0.2727764621636458
4.512527784295221
---
75000
92
-0.4960159428753997 0.7120712917966385
5.7457207837306346
-0.512705646696713 0.7230338091003079
3.7043222215497096
-0.2656266966166561 -0.1319435634635238
0.677532384778603
-0.3962438500347979 0.8162071316085874
5.27438985597495
0.4909320537882376 0.7065236109993484
1.2817087192776864
0.12552766465468046 0.6142442776908191
1.7497138005857344
0.11083939824095786 -0.8739833231845922
5.488288135561704
-0.9457875112868739 0.5749042038787466
1.1002284947024634
0.3376579942740163 -0.9255681187020313
4.843505171116657
-0.8258249612422013 0.9680138941172913
4.776006711603665
0.1643663303385563 0.44259722913104055
5.087041351797876
0.5613656978746939 -0.3518184389039685
1.3519048078186682
0.49526188518555353 -0.5686238996759271
2.661782543911573
-0.029161490393080414 -0.9994817956762085
5.475879782780447
---
76000
94
0.031819811033083796 0.7662054450885614
3.5222173844869644
0.057086517398523356 0.7569768586239615
3.46392805900953
-0.6118055777975769 -0.28722450863356946
3.7835244503049115
0.20931564451817575 0.4621734531583194
4.892932937703908
-0.697265956688717 0.18706059783499981
2.1158056967528447
0.3616463014923456 0.19530926101832408
4.717218704807002
-0.3545701297193812 0.34520517293388703
1.3400691542271774
-0.23660318522119375 -0.41470993582019283
2.0818801046812334
-0.5205144798673599 0.17958848283021972
0.02566325484611287
0.2312822226222609 0.673766195217518
1.9527001371491233
-0.6750653241278504 0.3948413137659581
5.468020647890583
-0.14704695644166613 0.29017858749694647
1.5425770819498332
-0.4308795624414782 -0.35877943939732276
2.718205293813627
-0.26869972162507755 -0.02645664145177561
5.1677416865342565
---
77000
91
0.7648241253022074 0.18837247958469452
3.232757944812069
0.7454100380475134 0.16564276307083248
5.278150985145721
-0.15137301352979596 -0.1674162511265479
0.8595107256831689
0.47741390988261967 0.19301058626522422
4.011736946485941
0.7656405621419204 0.7155134795055473
6.118073897355482
-0.5712904302438757 -0.45500039747274634
0.8015556290625128
0.930990560603317 0.2658147463153277
5.761984441389766
-0.9152407289712121 -0.7091091276336423
0.774367827637513
0.5980324696812209 -0.8031060866635932
0.8374510648661948
0.21338296062449966 0.16229647713383222
4.438696248325255
0.3562052404822393 0.2968335462925437
6.271583553643945
0.6267473887433246 -0.656536817240983
4.038915636656205
0.12827012121960282 -0.9390995930586602
2.49066397604326
0.6314202559649583 0.6261996318155165
0.9662576172076474
---
78000
87
0.6049811700077012 0.13578693786071297
5.940030020036784
0.5947508208283858 0.11688331095878392
2.6740286448682227
0.07049209453259594 -0.00609206383169433
0.17483397703454262
-0.5477698871256222 -0.3603704965024606
1.2158477367537381
-0.9776806243161734 -0.9806370187104106
1.4650289120996698
0.3509442725500609 0.32360128032340135
4.601711527123897
-0.40724797121643674 -0.48175393034425973
2.5636175031900166
0.9696793437203716 -0.5472074692790344
3.263631534781191
-0.9474238730595809 0.49281299063064854
5.5272593122103535
-0.05226163232997891 -0.17217431660178395
1.159184970984704
0.7652890964064167 0.7790210318245105
0.9149980448264426
0.31758587601266364 -0.09510455710959907
2.4428825154212035
0.7023363610355622 -0.5016006781952186
2.119173622340335
0.7658594723058819 -0.43668787693585065
5.969560061150208
---
79000
90
-0.28443915145194404 -0.9607998738186582
2.595510575357377
-0.28262812463983766 -0.9724618848209126
2.382664148582043
0.17762249844590033 -0.8207161929165114
1.156962024046873
-0.13109204888501508 -0.9442538020844276
5.400183662054886
0.2781007023759196 0.053326136591439775
3.6361410648589487
-0.47358486434712754 -0.4909548276434072
1.2851798126781375
-0.11423108421350711 -0.5293664829410475
1.1478987031971537
-0.21884441568615035 -0.8867340685051079
5.948495418458522
0.48381810218306043 0.6172311971637001
2.124176609743645
0.18758502457428353 -0.0055348744241876385
1.288183363747593
0.1499597139624116 0.9677394634833589
1.3793639184034578
0.2192881468193484 0.7286690641228948
6.270425023992494
-0.5846598494916779 -0.02250408593603462
3.605981432922735
0.001172664891452381 -0.9162663546992809
2.6234966110415936
---
80000
80
-0.6019185108864576 0.3421460875626432
1.831350890310764
-0.5719485528135471 0.3558512360671071
3.900715022857206
-0.9150361049899907 0.3199030565703356
3.9625807655768543
-0.5338122400584322 0.5617958744550876
4.504200524514958
-0.8031681826345866 0.665471971745289
1.7037293909992792
0.7762659448058722 -0.10166025102042349
3.256318916570449
0.7834959135133264 0.3108725207301355
5.121800678609478
-0.9823546617672904 -0.1777527657709228
2.9445846314563084
-0.4424935850385559 0.9710110046641108
6.1569266569600005
0.10169903835592548 -0.978435289951797
4.9581991620897385
-0.542744121403665 -0.16291562582843114
0.2604031810500924
-0.11763193934952437 -0.11568726028634241
5.492671240847035
-0.8350219649868877 0.2881832121948803
5.887638675864834
-0.5719792405131977 0.31853426610954083
0.06741867579504834
---
81000
82
-0.46525923804553027 0.08163667676952455
3.74529332326783
-0.46583251422690514 0.08882861054462107
4.073802523561356
0.768127352340082 0.8792492147324081
0.8635836881577346
0.8848026391677092 -0.24545739837050645
0.723903959870988
0.09771755882744781 -0.7968599791471678
3.0269800285472543
-0.2932265412379985 -0.9411999421056788
4.536266192001104
0.02425970746262597 0.11788323905610541
5.900964669528793
-0.9153746612428358 0.8000995527130581
1.3677080449199481
-0.505853288099332 0.4345336374570961
1.2416305802848262
-0.7671632806025395 0.6334970462537197
2.0940045420383226
-0.6482347353622031 0.023490302160903493
6.0201968779890995
-0.02548854070343916 0.6854760617675165
3.4868883506050183
0.21032141892292053 -0.9117406193295187
3.2888324135017237
-0.26629456077566843 -0.5303216302005554
6.053855660351872
---
82000
90
0.04945339315290216 -0.5254970191691503
3.46358547060612
0.04567330819978596 -0.5270471962980906
2.477086136997963
-0.11829583339828452 0.5182007784553935
5.609870145630567
0.24931217981373932 0.006131900382267193
3.6092827712830147
0.3101381223593674 -0.6772564122129547
0.02981334191798979
0.5380834906565051 -0.4656756345962279
4.614282379999369
-0.7255417157990203 -0.7564804945615018
0.8717966169780071
0.5245758224963062 -0.8920816437685605
3.2501450142641204
0.5403897177483112 0.3078614415257306
4.942805134703843
0.22889379687262254 0.8555010329277724
5.815297885565578
0.39664983041362917 -0.40577319664291595
3.562921439771519
0.7482542814548366 0.37543727724651604
0.6094355574833799
0.3966079479077808 0.1637334709560452
1.0301890524420383
-0.28099789617549414 -0.6810866841249709
2.369672237505048
---
83000
87
-0.2639547005616914 -0.6249819179223709
5.253602821026088
-0.26085649045073994 -0.6139946554708593
2.659849124819317
-0.4193792208656754 -0.061977476599270276
1.3552119610652964
0.07993799230065925 0.20767668586103158
2.2065374078444275
0.3159441518510207 0.9135249929863501
4.482814354133578
0.018105501313029265 0.1310505360936193
4.631276207603522
0.8364409556952045 -0.5767106534705828
4.3716785165089105
-0.7413004537639456 0.9845722725086563
5.5905047392797
-0.9913575921104935 -0.8897637047419896
3.9179232183191655
-0.5205804110785961 0.08370695632859577
4.212350924342252
-0.8947776399236175 -0.7199925748226145
1.3777827454008804
0.10480137947426141 0.2597194388237876
0.5561000992616121
-0.7484638001248236 0.7463093750092108
1.0318448400822862
-0.483013206486854 -0.11228975941757982
1.4431821601145947
---
84000
77
-0.05599477390723433 -0.24761944758013651
3.006090236389428
-0.058836918922517606 -0.24413086329474729
2.9938093937768304
-0.3435915460132921 0.7380150334334474
2.205236703675255
0.25114595337570317 -0.4546515550889271
2.4575076896662313
-0.30484499749540095 -0.579221192870399
4.48859566339702
-0.9378772525607351 -0.8508507875545426
0.05274999205549147
-0.4316883218676087 0.13429121858107204
2.196849713707423
0.8350688015704264 0.049428335524927355
5.074738159567048
0.9128300848591894 -0.6562895971436525
2.4436001843065016
0.9346650459944654 -0.9486829460590134
6.213411632584049
0.5413574080810826 -0.5862608802581076
6.1679184940562015
0.4807240350261265 -0.8260171296015558
5.977851663869761
0.9140923499919862 0.01486731972079336
2.749926385901122
-0.36365992619675885 0.9508469904871037
3.4154090074011076
---
85000
77
-0.3144595642717504 -0.3386083406208426
4.947594296521297
-0.31654736785127935 -0.3371373493614328
2.7445686449911717
-0.6411756254285523 -0.9134259439064156
3.0870489567851926
-0.17581698800274234 0.4490560277208105
4.421386387597957
-0.09426426194185668 -0.29068252115406534
0.6817540136279625
-0.5560581072246044 -0.4412593992598605
4.9642650068565635
-0.025542091512134452 -0.8865689273330724
0.8072131624018128
0.30581045052980277 -0.9844319661900676
2.5918152606421136
-0.5817891059970696 -0.7408854797373938
2.4485508001454477
-0.25350965865605346 -0.9095329112322941
5.819615051625162
-0.8621613712726739 0.3235748460060915
5.033097069184882
0.3470470118484759 -0.7537019081028811
5.038318036388131
-0.8875996052093067 -0.9472535320181159
3.946510465790192
0.05277699430148394 -0.6386119024264552
6.073121500168674
---
86000
88
0.4592981317340364 -0.2741095060166322
5.389941982514909
0.4529592764557202 -0.27805856729246775
1.4318830786688306
0.4603827413116721 0.16773719933172843
5.905164322028626
0.7805595917297035 0.6994264501401711
4.152078304840465
0.46572841501878276 0.9332890728827875
4.501420807061735
-0.316189817001526 0.8584891851856541
2.30551084681439
-0.6852850802988447 0.934775853286995
4.528604227037613
-0.13241299954285166 -0.5429134536818322
1.2825860498048094
-0.12410460551841575 0.7842074999451991
1.4303823912776616
-0.05804517793085549 -0.8035582288666531
0.5033329451113593
-0.38415460689764874 -0.14269537403744967
4.253039327159639
-0.5302588114001101 0.958636416066378
1.8839676994084682
-0.014729297238721215 -0.08897159066685234
4.930164132832466
0.08179965450225786 0.7462966369928496
5.218061275397983
---
87000
81
0.03351622103874011 -0.8652856539750107
3.9817247163142993
0.04325273504255854 -0.8539695588600313
1.6457177392601245
0.15955288787951363 -0.23287611959076682
3.6400261465412713
0.04991915605329568 0.45516173758664413
0.7485060480556127
0.38409303931788225 -0.2969583552258368
6.057718034981253
0.6056389583442964 0.3905524352593838
1.6295418291033874
-0.07510377559982284 -0.46309546905509197
0.7337253169746711
0.039972083930127925 -0.30139875028743385
4.287583220925349
0.6736300661416156 0.6491368302569553
3.7448195365405486
0.5358325439329583 0.28493949177583444
0.02801791246631602
-0.25704349229695106 -0.38584458749196987
0.01013121480497503
-0.69739756164646 0.5405085306646292
5.782824683095335
0.4570077843784548 0.5836633589305912
2.908023977676983
-0.8591528468997457 0.2568265277894266
5.418625396258584
---
88000
81
0.44200820005088126 0.7037197524024867
6.176591457233681
0.44969608591553584 0.6952550949929971
0.8899410288934497
-0.33418730707011196 0.7237857681613266
3.4064195179953147
0.3446365079548809 -0.8789602962969386
3.507294431157584
-0.8143193769939653 -0.5211224432422523
4.715059145503642
-0.3225793416597822 -0.31648356826854085
3.695579594090227
-0.06418569400209309 0.31923530478912204
3.441533376491475
-0.6028605561410545 -0.21060108093167285
1.4167223074460535
0.5692984485239282 -0.770877415560993
5.535836347049288
-0.19822563390509754 -0.5135790216875975
1.340463813658058
0.5619342239312392 0.9345809934851831
5.965784701869296
0.7638866873112327 -0.06521018875415072
1.7907983874875582
-0.25020624845427075 0.9575353510216388
3.959964312176041
-0.6144745316046947 -0.007809267285370788
1.2609833362413356
---
89000
87
-0.9268034669595034 -0.5876970189643186
2.0585207040605296
-0.9491065474844641 -0.5884757701966229
4.320513167348035
-0.8768582567511218 0.91959046652232
4.882604817747306
-0.5359996416853465 0.44220884053763126
4.089534187557902
-0.6430173142571 0.5646802849013808
3.8074927668186405
0.23208175880970472 -0.5912613261438432
4.012866008242063
0.0942625342764365 -0.39118635010572844
1.0231718973559616
0.3968281041802762 -0.4428820903968516
4.811062104091323
-0.9441022077371959 -0.1825862217547035
5.784884679014662
0.2706952317280813 -0.24116700393738438
0.6241376496688629
0.3946497913955339 -0.4543590948555789
4.372402481546668
0.3231184834531951 -0.1867840866993269
5.783109799365917
0.36273730939282034 -0.3389995818990356
0.07306741898673597
-0.9629770361207101 -0.594709415275311
6.234074690148395
---
90000
83
-0.546267856963003 0.8669376519730295
4.613368386984893
-0.5515320585774727 0.8923395955730061
2.436810295486568
0.9485661746344488 0.54933989310721
2.500421363937847
-0.6626240981971561 0.5487139862888759
3.401492313947309
0.7286685773470277 0.537897723409714
1.4447235871117883
-0.7991077281731483 -0.8342044944927549
2.71341553732929
0.46371018798556307 -0.504659279209455
0.9878097126395646
-0.5669837383170425 -0.01839587926048092
3.954011452132786
0.22056126172762736 0.29841559612800733
2.121793538475046
0.601759392033427 0.1273874483187408
0.004892544033484825
0.8775866438061402 -0.7021020002329139
0.8977923163166945
-0.5322725620284627 0.4812950739426562
5.082716256699128
-0.026073653513852886 0.6200868433611436
1.3097163092852977
-0.710708016411516 0.5544951323617775
3.0330019982012395
---
91000
75
-0.7897687385990907 0.7861080491243324
0.8051355761669523
-0.798585750153784 0.8407753609086657
4.859033247850764
-0.5823035835306181 0.8417792446248394
3.7341568513417966
-0.5260417105989359 0.8683206920568665
2.718960074104589
0.8103781815040345 0.15806436175785354
5.016174395425963
0.8996765134890852 0.9207443662665744
5.518619770254823
-0.07682257531086892 0.9789099749544669
3.770766516202932
0.9641691163977785 0.3700275046125492
5.572959878463083
-0.32869373044472305 0.2147907732208187
5.306922525057791
0.9823499157679785 0.6922117067613055
1.7159379198503348
0.8426788637034612 0.4335909784685681
0.8061348557160093
-0.5751107357018946 -0.5131389167954377
0.10807065836064478
-0.8434994353662583 0.18506695308713103
3.865131666018388
0.88112762347512 -0.39240934141164385
4.924230876835764
---
92000
78
-0.8391828466739563 0.5530295590415607
1.4857478212019681
-0.8004394128456422 0.5515144549131802
5.147381018693884
0.9190451914332644 0.867413659878511
1.6830663347270782
0.2835841578878682 0.49122092784699256
0.05411743518162826
0.8664959638498619 0.8511825808311897
2.0030532408617567
-0.7894598682882912 0.5019821679381837
2.7279293985479995
-0.32877246623637535 -0.7152355231334775
1.1484992727043526
0.6609810330098475 0.9930899102594648
4.463157862890656
-0.47664511580653623 -0.3974916566415924
0.9305651947910025
-0.26988400007831626 0.82069612720281
5.717971941974316
0.5110149225756488 -0.5297114060852474
1.478743081999795
-0.9450085035633087 0.6284709595692383
5.721957589067626
-0.14479456907193797 -0.07735739827378596
2.2541587324414474
-0.7254594865085071 0.38187563471522673
5.210539303642498
---
93000
78
-0.7449788842066744 -0.7497857812323496
1.2124266481989074
-0.7105882951765684 -0.7029778252027501
2.579207297762843
0.2684163716955643 0.3441284193909084
0.05582512748065227
0.7579918122252894 -0.362711709765531
2.618893195887491
-0.4735548589381686 -0.5388588809743315
4.385764445549542
0.2682380835497514 -0.2824879829131279
2.0675419852908243
0.6066810177087794 0.62325157256036
4.142511938966517
-0.015680565366809177 0.15950906405588358
0.4736245980708702
-0.6162258769323617 0.19762504410446038
4.1441741203520035
0.05538539667842009 0.8736160713086013
0.8552319791314007
-0.45968013554478154 0.7331365476101541
1.436184765587102
-0.49872364899488747 -0.6898132471452046
2.4112034426832736
-0.7211953256182302 0.6802617066548027
2.3318919015106614
0.00012228026023987544 -0.15124082657711999
4.0625025233565575
---
94000
90
0.5154572688099102 -0.980377926531643
6.0676630543293
0.51991701706113 -0.969397552748704
5.902840068637486
-0.4448538021093099 -0.6258125330854102
2.596480711173675
-0.18880590536419534 0.6386426050615241
4.865510661736692
-0.7315686428753386 -0.4518902527472866
6.0726685886935305
0.04241954615226606 -0.48843720185828726
4.559370003531907
-0.00036632534107088055 0.21747609090751108
2.636728431184501
0.1216368932947042 -0.6636151698517303
3.7411915774186815
0.08359830597238149 0.23033937394691967
2.6189947082467393
0.7428061804944213 0.8442928773025764
0.9869657428868042
0.031837155937273945 0.9526082354770261
3.029288443591235
0.12058978063780315 0.3205370034046685
5.721782750206607
0.9780610558276983 0.6343708348747167
1.2438054633940263
0.21499014227205965 0.5912835325848445
2.1831897328584624
---
95000
73
0.7905590552284516 -0.945104424203331
0.11603339042597298
0.8013236436417469 -0.9562124167078279
2.779621277518232
0.21962414278103298 -0.6525408046013524
0.10451059933490026
-0.5876211555138106 0.6221989950455109
4.922900898876379
-0.8795747913183971 0.20535489503044907
4.703983850712378
0.9199467843993888 -0.590693824921759
3.977439304837662
0.03433613967367061 0.96195977415065
2.39882582965532
0.9830201575371774 -0.4529429051069055
4.980281966919881
-0.7751271066894263 -0.5068280320045725
1.835110981413119
0.19968835849215794 -0.362340679719398
0.32103315816500366
0.2592846048808159 -0.18214662605341564
6.242588856492908
-0.5523743834611157 0.05477898136990042
6.071215967412636
-0.37907828048062386 0.8345959753612597
0.16093901600479477
-0.5053895538925899 0.08028460707645303
0.12603836706213567
---
96000
80
0.8426624827262552 0.47681614887276963
5.259145626203659
0.8176264072482307 0.46727477772804954
0.3747679860391999
-0.2530669685241607 0.19200611713611773
2.5497441430045633
0.5592520725477841 0.1281544855358071
4.725900973722468
0.19100435367908963 0.3647743969963994
2.3248044261716387
-0.1905669096498947 -0.03799473188265055
5.985419114491384
-0.4096807362533957 0.055801725438514534
1.4250881188333544
-0.7063555994258389 -0.3584783693531309
3.374811918457394
0.7715943547123961 0.08034461915650831
3.000337084266036
-0.73148375399757 0.05993371508633293
6.164324604494502
-0.07398264748765404 0.20919343564784773
5.32522609040908
-0.46598642955883096 0.2875810877488968
2.733184416219543
-0.12830972480897757 -0.7472597588227808
0.28400210038612705
0.10257473282101379 -0.4209222981419996
4.562885000903703
---
97000
80
0.12894855997319113 -0.751396702102968
1.7753858065351416
0.2069281133613748 -0.7319057617524266
0.7896761031269852
0.9327163373001722 -0.6947530182340784
3.3433622150305053
0.29085297408430244 -0.7573529604359966
3.6706269368322273
-0.12894553152587976 -0.6550288812665306
2.2780849932067646
0.6691018615360234 0.4684002675162514
1.176989065597195
0.8173243956309856 -0.35055206408600986
2.370768618374256
0.32751608133347715 -0.3020240240954364
4.525522134719674
-0.363394200922602 0.2815749574286153
2.2149396789105777
0.4620614247391631 -0.790216019054572
0.9091828888075018
-0.9580854556772295 -0.21169257898203997
4.645474483893661
-0.788571321596098 0.2445888814274639
0.5427075266212462
-0.47590705659166166 0.5036980124357019
3.9627187143249163
0.4068933923941213 0.21930455083779532
3.30509421749493
---
98000
87
0.5009067836569576 0.9653497543717634
0.7977272898870214
0.47023154464798905 0.8976192898375933
5.959828753384692
0.4037863144929447 0.9189969740942435
0.7072631343644451
0.1150324842771078 0.7236168920958367
6.221437862291906
-0.2776772183671464 0.3326299562641868
4.06490706490472
-0.181650483867912 -0.29179594641118417
3.7211926114680463
0.18655302971412724 -0.03311366533406594
1.309629902708017
-0.34156201928354335 -0.6640075081321898
0.4989876719363293
-0.720895308835759 0.8169906854792289
5.709303618602275
-0.6707780788314598 -0.7944654290527678
0.4812161166233473
0.013077142065978056 -0.891359676332315
4.070258001041302
-0.6493892730289079 -0.7518914361339436
2.0195841540074015
-0.7496187361858334 0.190713619542966
5.0225656375367915
-0.0843594439987679 -0.24827135558407273
3.860705467687402
---
99000
79
0.05034046647169953 0.1376567174141981
6.1946343827900225
0.035908604560035674 0.14585715844202546
3.3648384193578993
-0.9199027848343476 -0.04801459983002969
4.2987297417895975
-0.8168099792502791 -0.4907401836271279
4.075122535266855
-0.6261087155514098 -0.5750082150439552
0.710515847125456
-0.19295891399370368 -0.1797245700099349
0.3997465916129306
0.6485798100208643 -0.06796614343509617
4.6662390075414
0.8321489829831235 0.2717816559152422
0.5570341209814496
0.9279018212238704 0.39213635764597754
3.5609039246603995
-0.42767294895108976 -0.5018722527115992
0.09356365036226322
-0.7231503905340892 0.81301270798183
2.445700781158493
0.5040769366200691 -0.3466225196011993
1.8188882015180274
0.8518104838606161 0.9086674308733597
3.398053858758119
0.2898437619014006 0.9243370621343527
0.3901476757175031
---
