100
{'run_name': '2D_rec_10_total_boids_short_chase', 'annealing': True, 'annealing_start': 0.2, 'annealing_end': 0.002, 'nr_observed_agents': 5, 'nr_of_boids': 9, 'predator_present': True, 'grouped_spawn': False, 'predator_halting': False, 'record_keeping': True, 'record_frequency': 1000, 'exp_folder_name': 'big network 5 observed', 'boid_speed': 0.0333, 'boid_color': (0.8, 0.8, 0.8, 1), 'boid_turning_speed': 1.5707963267948966, 'predator_speed': 0.0333, 'predator_speed_slow': 0.0333, 'predator_speed_fast': 0.0533, 'predator_lunging': False, 'predator_lunge_speed': 0.013, 'predator_lunge_distance': 0.1, 'predator_turning_speed': 0.7853981633974483, 'predator_color': (0.8, 0.2, 0.2, 1), 'predator_confusion': True, 'predator_confusion_distance': 0.4, 'predator_confusion_threshold': 2, 'predator_chase_time': 10, 'predator_halt_time': 0, 'predator_eating_distance': 0.06666, 'height': 800, 'width': 800, 'graphics': True}
tick
boids eaten
predator position
predator rotation
agent positions (and)
agent rotations (interleaved)
----
0
79
0.3592321525155501 -0.9057594652403248
6.201660067711228
0.27811011292758375 -0.900900214303652
3.650190163247735
0.7042786469285723 0.6516358562187432
5.037027750231269
0.7351625470527192 -0.24025546050723617
2.8054887933960577
-0.3076324085114876 0.8667130712970046
1.5651946619062929
0.1102068409206431 -0.8797870368591504
5.642217307394171
0.4321186432115195 -0.9358177190272134
5.561825374777312
0.6235626735770371 0.673700014587657
2.9734669652916432
-0.46365444250924015 -0.9750518036981289
3.6815913963200315
0.6548905464291656 0.13571558843118497
0.25012461950426534
0.1790488302007567 -0.9866514057261033
5.856921058980286
---
1000
75
0.7444461284320726 -0.8852943420954028
2.7339814914667153
-0.45370739484855444 0.2440919434281839
4.532305543393106
-0.1732269045096047 -0.6579281485292687
0.4834821093788211
-0.199357039553547 -0.49556052823465796
4.962122785013586
0.8353057258360256 0.9806510165371818
2.783032934165974
0.8315003596229628 -0.7202497724391803
1.171349127442455
-0.3124031846621116 0.8811311144222318
0.03632390637190941
-0.7342767859385695 -0.038180054230444904
5.597091642410007
0.9722431725869409 0.803360722888325
5.683165785063586
0.47206187304015196 0.6567429136218998
2.2929772362811924
0.43952832814327436 0.6071805671058284
2.826121564132678
---
2000
77
-0.6240022564773862 0.9780170347614484
5.100299904501656
0.8999886693405168 0.3173743982828786
4.067226224643176
0.2712781791082982 -0.29699180604533004
0.6076038361820038
0.9084168936558028 -0.4416307853623689
3.64134815636643
0.032453898909581086 -0.9387293118754831
3.6877834929864313
-0.09429098862057356 -0.7915254791805271
4.958773248386516
-0.7400196954687505 0.12872847331150689
4.550690963838017
-0.20919266208026124 0.07163351371323502
1.5095520066604742
-0.6232704593094913 -0.20110410756381486
4.521684415314538
0.6878018162025822 -0.19938675500337738
0.9882770102576908
0.7560648653447348 -0.13236573790246636
4.25956740955169
---
3000
73
-0.3691475761558431 0.9266121521227244
0.9071184311096103
-0.4388347648478255 0.9596583774970745
0.8173560149366033
-0.4868822140688734 0.4580634795799167
4.726828442271403
0.19038193768051404 0.38821061052337197
3.5688858231048464
0.4522501013546143 0.9316010515394071
0.755815742813633
-0.8627727424458318 -0.22037329278730552
2.6836530986291214
0.027166468450881328 0.3758389734285034
4.696916809370419
0.8694103352714087 0.303783137859201
6.275587015233612
-0.048824386300677515 -0.0022308682061846982
4.3098339859574715
0.3321333599978283 -0.5902421270816307
2.6301030889973704
0.38872470159317657 -0.9534354752500475
0.6263452866344998
---
4000
67
0.30663504942238984 0.626197343695963
4.4297220185355775
0.5609668763325062 0.3744023338630861
3.24676776523388
-0.658639579152931 0.49985749864847706
5.190115690643922
0.9371489625776039 0.49830408655617486
2.4442914037600225
0.9529402294402767 -0.38268158568300126
4.310569354713694
0.9746188968148517 0.5711726257009093
1.4367704061234008
0.6167100918078957 -0.0182726729261124
4.999705791098909
-0.831652827596691 0.8419417510398786
3.389873370021207
-0.7934059914208106 -0.9292410916009068
6.142898059466559
0.3765208634558389 -0.8694685451131712
1.574166400287945
0.5297930419507803 0.5904548236021863
4.380558216464954
---
5000
80
0.666697252173447 -0.7449733993321562
1.726157066897037
0.9379106083866287 -0.7527604859709035
2.5438584336248082
-0.051546878532482986 -0.07361140608752269
2.2110023992292014
0.3532847376829474 -0.28286126547933127
1.9668070250564957
0.7170663323239344 -0.2954529503703803
4.942581134044437
-0.9473163011537075 0.005810799955034663
3.5686199260363862
-0.1685493991956892 -0.4462664816390928
2.2472910507648622
0.21158376558406344 -0.18168805753320855
5.486574829759185
-0.006489018266596178 -0.041025083591148925
2.633761788306476
0.5505569041589804 -0.1633935885467945
2.9459739151497075
-0.18540363911019947 -0.871219148006175
4.2249691623189936
---
6000
76
-0.5251825889468883 0.2987675734473906
3.794393924123474
-0.5219508085306097 0.2921752453763291
5.759350626027996
0.3339508782346229 0.21594433155637474
4.947465722035126
-0.7392098441820576 0.16818073861152302
3.349321050877987
-0.46273877080426923 -0.8146055443692358
4.193646064136579
-0.8285432842571019 -0.5083257772171513
2.008194351678303
-0.28996483105718784 0.44973069791659825
6.169353169221997
0.869567300472469 -0.7991411510572396
4.193662318873773
-0.841321790768149 0.6566878619437992
5.466598212352552
0.5655236750249923 0.03245041762571546
3.684582764916434
-0.422433277480942 -0.32343333978544087
1.2356302901162888
---
7000
84
0.7813699142356191 -0.06273097805467232
0.2782161950536254
0.7409009331785485 -0.09155348002618757
4.4041075821187885
0.3290666772647885 0.16196442236668313
1.7126016181940802
0.796323618256622 -0.3101363755346472
1.116605308186987
0.8641514604028825 -0.9450041767788957
2.488604747075696
0.5344750782426534 0.033465799005132246
2.8703924038038613
0.8047712556325523 -0.5554285877462013
1.0398799455115828
-0.9918577498950736 -0.5004108315758088
5.25252658721825
0.20543928470663805 -0.8682889953214218
5.146375286910372
0.7923369593853736 -0.7501780408301051
2.373955282350881
0.9453450438359454 0.24026185025073063
0.7002617204834358
---
8000
84
-0.5342191303219583 -0.23323059964023204
3.6881021624730193
-0.46493614919824466 -0.28122837129614725
2.4549217995294876
-0.3900256161163136 0.0744619647247184
2.8666490605817643
-0.7271746519832814 -0.6113766755838184
5.552313319867492
-0.8623621381799342 -0.44453749761964007
2.1715754473457345
-0.011874502085018238 -0.19270752769175398
4.570958038443107
-0.5328268129751319 -0.1548661189681992
4.8145336478264875
-0.7052337247672761 -0.5398035029790414
0.8755520165707438
-0.5353419344226596 0.5818879586847117
1.5382015278904202
-0.7295362523626723 0.9000919410434567
4.938898572154263
-0.4911399924771338 0.09176889708002786
4.4369941328919
---
9000
89
-0.5603225085327598 -0.7458654679528751
0.7457218268182203
-0.5058093936792891 -0.771205294597886
2.29239687251516
0.07708404207889352 -0.6023925497883733
1.422290264300833
-0.8105869365575499 -0.7745650827758287
2.4718528887614912
0.3842784368482915 -0.4770603341048954
1.4994789909313049
-0.9577785911422618 0.7634189039048445
2.88741176857749
0.13010911929076327 -0.2541163900082729
4.870208439272532
-0.11242193471937455 -0.2653073438327497
3.6363540416834077
-0.8083026325660873 -0.6181437229910932
6.124361751969162
0.3986914104100181 -0.9408628918878849
0.823655302359457
0.5221939064812462 -0.5369183827149456
4.427716439923885
---
10000
82
0.9196536365425922 -0.006428242520220805
3.5288593078928714
0.8568615980713011 -0.007867868082057895
3.594009189638628
0.1301557881723953 0.9374473369901212
4.5552501894419315
0.32160297299742563 -0.450591671802208
2.3108229744153768
0.9120421487619367 -0.35811872196839656
0.05451165817819592
-0.8873599411294629 -0.5584686852151699
4.692049164039684
-0.5986860797265371 -0.8951074013866558
0.4045999098779003
0.5875883834165645 0.5050230002256866
5.605549778212968
0.46207706585243397 -0.3411536985185585
4.512929748235475
0.8443859286343169 -0.0475137520481529
4.283525912170481
-0.38770567626254027 -0.8534883371274615
6.184521257120916
---
11000
83
0.12400901630952813 -0.9553388786473883
3.355412733278878
-0.782842617607809 -0.2529843986925045
0.6992263030733277
-0.1185066429939308 0.8804178812360973
1.0102600535423418
0.7247267787062606 -0.7364471198141697
4.886488228294613
-0.7594614293823886 0.4026710270000515
0.2836555244392054
0.6247414638145914 0.8465014907643555
-1.8268410243248892
0.3774966151572321 -0.5953539531122397
2.042937859261473
0.3791570279946273 0.9904782412649327
1.4104887915451183
0.19649592183596404 0.18791165240294033
0.33781449352281534
0.21729199871312344 0.875635523319893
3.322807394237321
0.9522018976579737 0.4739191753670232
4.323171014900356
---
12000
88
0.6923239213697966 -0.5147476083867414
5.382471523533071
0.7124543895736399 -0.5170092213178883
3.0813345056838575
0.45478333036072627 -0.8056297289919255
4.427615359519038
-0.988298298111074 -0.21987791082828897
5.330316988050308
0.6259957905618024 0.7834535188856416
2.9214505940129136
0.3258615515978234 -0.11150640879554458
1.4236645047125416
-0.041385746772212434 -0.2404332873474763
3.7010722946228123
0.32484262919419926 0.7721639250509985
0.9702457484508376
0.9657139802246614 -0.5558727076412704
5.3497938483202
0.7110806794684118 -0.38252150273247515
5.331069134936912
0.4460117513844703 -0.330481373905518
3.264507045270995
---
13000
69
-0.4503299746987623 0.17531746038696586
5.770582694455184
-0.528665484712973 0.18668921579107034
2.0957194037407394
-0.8895534324861171 0.46226956041062933
3.79403053061481
0.17062544055586473 -0.13308648281354873
3.899437653668495
0.016231438785092825 0.3105939409256285
1.3245978395156728
0.4112059469046227 -0.3217215329729611
1.6391158905033318
-0.28570970340978524 0.22387112445628315
3.315236159890837
0.2287878481005156 0.70973329931212
1.0492189255185957
-0.9061099097754141 -0.6619754448929376
2.2559496490108337
0.3269982813468504 0.0024073115707353007
2.967065088516911
0.9011294276479691 0.07677172015301922
4.592717936808109
---
14000
81
-0.8032104519161042 -0.371925968001616
3.335536146518713
-0.7693734598797661 -0.37636464834761013
1.3149023662787584
0.6990238025104144 0.579776294311484
0.3470718394294128
-0.01715226296807534 -0.8495919287923983
3.174075504235063
-0.005696561494894434 -0.6746140399546425
0.3792080931995283
-0.8168144986150996 -0.9494867536481348
5.686836632338646
0.5675703111207031 0.8798173001136602
3.090909742939684
-0.6678262635074583 -0.8197242990904734
0.7602443940827914
0.5175001208611059 0.6218876623418654
1.7544265745564438
-0.6395346675668303 -0.16838570398814776
1.3867184257699003
-0.9308896059322758 -0.6103869917057619
3.67530883641684
---
15000
92
0.30188806390992584 0.23398703149948247
2.098887194244846
-0.8403295392013117 0.9232147219617357
2.2932694414789596
-0.5477014544927908 0.44692399458227294
0.7959514083462791
-0.15745273830327855 0.11950585665693211
1.4121754966702458
-0.45017733094402046 -0.2355470740617387
1.1495917684576986
0.6735577759528857 -0.603802641576467
4.394021419224057
-0.14047236769542412 0.0062177157953395845
4.458658120855089
0.5543906827464438 0.22383343625663937
0.8975598980229185
0.20810772976554184 0.035898781325183135
5.705050856078556
0.6329002702176915 -0.1746380620676164
0.7587168351372355
-0.3361071658568491 -0.8980541562519095
2.800081592398846
---
16000
80
0.1304894600532438 -0.04285832810732735
3.943065667893127
0.017286618084528263 -0.23638814821193088
0.5849921696960516
0.5579220360796686 -0.5590499525040064
0.1494616822565744
0.45223515669098713 -0.21743534583350627
1.840302053261615
-0.2893226485443255 -0.4408938212624825
1.8562142635933765
-0.7837160669023499 -0.19623049572780862
4.115026563392145
0.7093204906221722 -0.22956029646683246
2.321643964558369
0.061086396367445686 0.3195003315677365
1.4058623321950892
-0.02900523483753043 -0.701973343681906
5.882573903149071
-0.5027731815736706 -0.2802230602090423
1.9287031360334943
-0.11846387525094283 0.6506620759135516
4.155582492366423
---
17000
86
-0.2223233428880537 0.4276503550679931
5.280872291450033
0.20163286917777476 -0.2783312566017098
0.6691507048230356
-0.6881900586116103 0.5442852715488298
4.9062833784135975
-0.5406954876007112 -0.0151898718777265
3.5282800549133295
0.4461261144851537 0.6831109931070993
6.091607876349809
0.6095020230521692 -0.1587680041632041
2.6397170484100636
-0.5263518807951979 0.9091339708834901
1.7689897140217292
0.10532819156947341 -0.1051085505519043
5.460838559818502
0.6972479261801985 -0.7920479247110291
4.240797814964077
-0.14112376393392861 0.41222385188250693
0.5450315354961228
0.7811576089872253 0.5369070237669548
3.9960589889202014
---
18000
82
0.8532241317731798 0.42669212272772883
5.778427483358971
-0.3921567242767907 -0.7817257453161139
4.866094990234497
0.9760178567053659 0.8220553367099703
4.601115791699489
0.3428390116739216 0.7277478890179694
0.9238835222585573
-0.9016586307318193 0.8351350417159136
5.477373717215131
-0.14738234238059728 -0.7540134246779449
3.980921303194191
0.6615152889937959 -0.9930841502976182
0.454647443188521
0.6577967686669624 0.57153016983236
0.06536868862064793
0.46224262007844885 0.40159846372776997
0.9183751905650865
-0.46529962564827365 -0.04193775928104301
2.093633001089863
-0.7255092997320876 0.9321064261599309
4.831563675199602
---
19000
74
0.13716940849610293 0.9207450521867867
5.215551722949879
0.370309202783881 -0.7216951335008492
4.596356774506195
0.7798580248799211 0.06542195937917673
2.90767342413372
0.43571262714487335 -0.9903578635251968
0.9543278788938938
0.8516932457172282 -0.9927768922917137
6.2722261434060105
-0.7792865463922706 0.2624742434149817
0.8734185214401062
0.9074975222501216 0.33634852608519034
3.018991366489538
-0.27672707902664295 0.1383751148780433
0.10670548657064671
0.040471686142331126 0.7406628667177562
2.936974432439353
0.8807528407600254 0.3558309696280262
4.005350635751562
-0.659780878173391 0.09957569455997221
0.9366732669836857
---
20000
88
-0.30142532884097023 0.326494225219707
2.863037231018356
-0.13740713134046306 0.4069812740347378
3.9404428733309045
0.8783243914661388 -0.23432516198158188
2.1252066365992857
-0.14215292577624444 -0.9065627829602743
1.3787077848780873
-0.027610203055938743 0.17132501483111107
4.814493213607436
-0.6457737588926808 -0.4982953452500163
3.8915774808952817
0.9472272453904677 -0.3009171769276402
1.4274155236487074
-0.008044790056800751 0.16885538532668068
2.795726608577122
0.3410268574390025 -0.4588989139418198
2.6270060048744224
-0.5330956853665979 0.7054067729463308
4.833272970631918
0.017167807395316474 -0.3821671064170515
5.190005381728729
---
21000
78
-0.07905537314062573 0.33692475639929476
4.04794256216346
-0.06656566379179951 0.38616058862199637
0.2056419577154518
-0.44744949579286714 0.4852989318799461
2.9403437286241196
-0.6507925433321283 -0.4968093626062493
0.14456352811766404
0.42253207428524225 0.20255435222449758
2.0629245714983115
-0.5091210012338266 0.5072771915973341
1.0071348834254366
-0.38005285878353967 -0.26262203416985674
5.737761372263137
-0.7211178109116814 -0.43559506751406407
4.804703156522458
0.5203599845402287 -0.06524970588816799
3.9107955152444047
-0.8233196476820772 -0.09997161310316949
1.68971283392088
0.5739191563280269 -0.38203326354770717
5.800629381255174
---
22000
85
-0.4596097699671485 0.7231688059671899
4.206886820706868
-0.6260745966998462 0.6662889754212549
5.368520939072897
0.06579087796768411 -0.7120835647318073
4.554582960355591
-0.2417678171093584 -0.1603082458968941
1.354130449643038
-0.0419074282565228 -0.4068073714728125
2.81182261903923
-0.347776154341584 -0.2735342988883208
4.353015482323355
-0.7825170339291784 -0.18879471931057934
3.4291287465954445
-0.397174464417264 -0.3918292827909158
5.890723283466638
-0.5122654723818173 -0.27616735061367226
4.5629265217725
-0.9616679496750314 -0.628356000135787
2.8104929169241046
-0.825943188098566 0.3498994000278626
1.8149537533158044
---
23000
83
0.7225182840790693 -0.632877948059555
1.4983080470923575
0.966933782549026 -0.5653169059970855
3.281192833672291
0.3246924853957539 -0.6271149335915146
0.08036599631988572
-0.5443785814592869 -0.29154129312373456
5.402426016147537
-0.529158990478722 -0.39599656657482374
0.1547494771367086
-0.013458714628475973 0.005397051082334514
0.5606784904352455
-0.16341006519913565 0.14889272916773943
2.0132643802790815
0.6582118988477076 0.48841287180863024
2.3183763722537014
-0.7149829814143316 0.4903177724630461
1.6760391862095405
0.8185574262834514 -0.8750736432970256
5.178720189737021
-0.2726784104324709 0.9454616698673971
1.7593522595960112
---
24000
77
0.09573482339127332 0.2623229248421085
6.001555125458462
-0.7178207571776796 0.1816696429327936
2.659438947629985
-0.43152993070318985 -0.7757573397621985
3.8299837036169935
-0.14177084967438414 0.913670655290497
1.9408832199660138
0.4679983390137529 -0.49240859906456125
0.9334401204881928
-0.07238700147097515 0.3729139709479824
5.828351772856416
0.682785596881806 -0.15304422878591822
2.8651571949059393
-0.35939190383099157 0.13826029965536274
3.779571800997604
0.9806046358426711 -0.7058311545224015
0.4835898268019623
-0.38781119539041914 0.6682092430550529
4.279281471054149
-0.302378971630698 0.9649334754560928
1.333456260449907
---
25000
77
0.1233602947344864 -0.07578425060400706
3.5170434895886045
0.1247866263589309 -0.07438020582777902
4.143761347606067
-0.49755069591587914 0.34591367879612217
0.15935403089624778
0.45981782160725865 0.9329833658167394
4.919835108440755
-0.2515826807138094 -0.9375024949424009
3.278844823556404
-0.27562900567382154 0.00867116051223989
3.2294572944800457
-0.03406569145649398 0.9029795029828047
1.436841522433431
0.14865678437606475 -0.9822320904279189
3.6411016653477146
0.9695633376973206 -0.9975831248674677
3.832974306715565
-0.6991694421512291 0.13271664087667406
2.385781404304975
0.1661767322588932 -0.29565703031310897
4.844041691736384
---
26000
87
0.4276479726856998 0.6641563960044339
1.6273277278131482
0.42038439432081376 0.7733394639193681
4.9039803052920385
-0.25170893459603305 -0.43696710096644453
3.271671709988582
0.23631047902616273 -0.9104709622870502
2.2152749326706163
-0.040740149512409674 -0.42290705534182105
1.3598372218963757
0.3033917562755165 -0.2498097957815672
5.821440653810422
-0.8235305197635383 -0.8822608678476307
0.213647879996687
-0.6380315171915609 -0.9329143124138178
4.297924226748817
0.8373975168258625 -0.8508408198312815
5.268561556099702
0.8189900806900696 -0.22232309656393945
1.0225708715479698
-0.13318692893705397 -0.2479852939404582
4.746838427986286
---
27000
71
-0.9650045674449426 0.41211509086339704
0.41335065028712653
-0.8089157389792281 -0.8680256468993754
1.1524010057786205
0.10512197685449261 -0.81839158930926
4.72970565670648
-0.729465266523343 -0.2947551220188756
3.0832242442731
-0.5009394678332799 0.7726537967367364
5.382716826131697
0.6703074673220124 -0.9333752949972858
2.2212327405115575
0.35526863360170535 0.0006108367302738033
1.344747811654984
0.3354113060923488 0.3702457329388578
3.448623354390527
-0.5270436421085157 0.4787010198290712
3.61443526344076
-0.6450810684761181 0.8108164265142614
1.85348465744688
-0.3264562060895838 0.0872520301892104
5.30129615017303
---
28000
83
-0.8743263512210282 -0.511420599900092
4.917087649366844
-0.7287513862227848 0.3293544822861427
4.358415628662789
0.4713622819707152 0.7557846379390671
0.6509635915121517
0.1290725425601171 0.8066607639188064
4.0676267388879195
0.46883795551221946 -0.869685238239785
6.27113652292189
0.03299033262815914 0.7239133765336909
4.813160722672483
0.2793269879925559 0.5723533722426182
4.067780764023442
-0.4562009079063256 -0.43837352021713294
5.048153944720124
-0.8186241554460593 0.788662496436172
4.308989807359799
-0.9969799070156242 -0.9247255199454089
1.324549880050752
0.8274494968562015 0.6941015180728852
4.62530846708351
---
29000
76
-0.9464754910936248 -0.726246035891983
3.927539038735865
0.5481014590678999 0.2715166652721651
5.4681977488589055
0.3971329144886266 0.0046253743454617805
0.4804693276580121
0.7015540842237138 0.036471272969462
4.607001863697292
-0.4833970797803353 0.41111647431849596
4.352119393609605
-0.553081827377927 0.6803793380368113
1.6637621135736023
0.9194509865137488 0.9396106516311711
1.5854350724657396
0.5588404791470378 0.11107309493169644
0.4718909954719992
0.7733186796719064 -0.6416584595394008
0.55922738098816
-0.5417756507669057 0.7120701984534789
4.473321281130915
0.6216492454655569 0.9168364921177088
0.005400965243044453
---
30000
76
-0.571528400601646 0.24213668009812786
2.901587884853707
-0.4442211754945978 0.14598349767008484
5.1979221738791095
-0.516805594949028 0.7498297147271027
6.099783020980177
0.5188666877546413 -0.30591490927871695
2.688552440720172
0.2443086494301866 -0.8306028635979854
1.2721788853183087
0.1278788230757258 0.5411896604139251
3.4464054272158338
-0.41601023836115125 -0.5636285200611401
4.020375838531115
0.4510137676175881 0.07886232103273681
0.2906633744447138
0.41442294919477846 0.3036322613664067
1.114647562816022
0.4612240324838786 -0.9702356967583522
4.646269489720898
0.5061885272023902 -0.768825346589942
1.3702083979489155
---
31000
80
0.27281357700153397 0.9355187490720487
1.180027475129476
0.08952253827886597 -0.330589096065501
1.222403965743629
0.8621145563075113 0.3475424744342481
4.267959157412926
0.44289811211853863 -0.8521087417199409
5.485969036963833
-0.08120455467755255 -0.07262560244393708
6.147830734583222
0.8237081886298456 0.39347894044931797
5.032787547936304
0.5945273136785053 -0.7888083444893371
4.231350328485541
-0.8179079960624749 0.7790535790796739
0.45103764337506025
-0.9990683566004954 -0.10690813723784391
2.3761046651076363
0.7709649216201789 0.21560856332104633
4.36255273318504
-0.9837127987637919 0.08772065229560203
1.8381847995223408
---
32000
74
0.7480135391707218 0.4087852318389081
5.334683852540333
-0.8797975727758678 0.3885039286525067
5.127944640166226
-0.979713314557614 -0.8713770606726065
3.3601601168335256
0.4957214899494868 0.642144390090886
4.585270424292559
-0.6494907782393252 -0.7732706832916074
0.546206445585355
0.9553489028578119 0.8207867394231588
4.882455547779753
0.018321791121997874 0.7890846421366804
0.8881488824461163
0.6017073349458687 0.32868885472383635
0.6446098345078779
-0.3278341102274709 0.5328523627734126
2.95615722563986
-0.9429932053960469 -0.7597942855771671
6.074988526393208
0.5630157096080431 0.8623566997428209
3.7724003019200776
---
33000
83
-0.5008323454703839 -0.05509157177640487
0.5272795752019546
-0.6956241454749107 0.1928834515999464
3.324258436428959
0.3986813332714668 0.7031682796827815
4.510465477616659
-0.43541522645931674 0.2890326626716448
2.4373922292509853
-0.12806456375705141 -0.7466928636575367
2.0977558778556826
-0.46420343812603115 0.44068320545208967
4.026280837390195
0.8568035482518982 0.21208937156130636
5.246899323249093
-0.26097573510101574 0.34361580465452113
2.4941189631009824
0.3969658699637196 0.980969563599362
5.458812462569604
-0.6332525788805304 0.408324210584181
1.984062236862422
-0.41572440000136973 -0.9887690788661124
5.856301014432882
---
34000
81
0.21490086615066634 0.541654070632775
1.8839467042959306
0.07553458028283151 0.5047358342694697
1.853424181675524
-0.0988624117981637 -0.12081186488891252
2.4106647748624797
-0.16767424416087728 -0.21742612700408673
4.669920915504922
0.9026303484761092 -0.49362850516299445
1.0512177680485166
0.4418280866056356 -0.47261388083604733
4.744219198336029
0.2824657593708286 -0.692796272590328
2.9651892230316
-0.1468155910371384 0.37611270853159545
2.1741095842564038
-0.4355099046258804 -0.12137514519076886
4.376209155308091
-0.5090437335159936 -0.3676061238027494
3.676105144430097
-0.8690166443321908 -0.4594254648408199
4.61482373568928
---
35000
84
0.8941129461501948 0.35508621151533626
1.388866460296727
0.9467943585201575 0.3314030088493922
2.3008333176575997
0.5384273945983802 -0.8443952458816493
0.6261555162443679
-0.5241755006616415 -0.35592729433586234
2.485799999408293
-0.8977068215413386 -0.7215532899879871
2.20037280504246
-0.9229506133980112 -0.7366186627084297
3.204720366694489
-0.16079087126508762 0.5753644350718284
3.9282303797021303
-0.39946025202392277 -0.08912567473584243
3.0745704914427563
-0.5204052731944544 -0.32534488000378664
3.173900725005968
0.31610410168998443 0.7543886448637682
2.558285793486493
-0.8463459945990143 -0.8506416353702332
0.48351851429158454
---
36000
83
-0.5034908674059276 0.03834742038186015
5.991337795077801
-0.523682760227051 0.20606170571697077
1.9851344050367707
-0.9267373998589643 -0.16759679955091744
0.3620388756597075
-0.5956270753972964 0.1693473168684852
1.7332200059924698
0.5818456425290494 0.5288458444911122
1.029134281669128
-0.783274333091282 -0.7975918604011293
2.2572504861408116
-0.6975074269265338 -0.07352884035436397
4.668479945560193
0.18167757889055783 -0.8907253443786946
0.1228086506317192
-0.43818118496401165 0.39012124198319054
4.1594325950262006
-0.6987254065615801 0.09232001765360484
3.868014426262657
0.33674241685519296 0.5781368453662807
3.1958679115426802
---
37000
73
0.13222950930215172 -0.7845768653500124
5.916485078159597
0.744913412676311 -0.597745207464092
1.5706045292212991
0.715074190339631 0.4483994717916491
0.2755635679952908
0.9917685941770059 -0.05727350416980336
5.628913870178071
0.2609154876204951 0.9305609896391377
5.258837184130756
-0.4206048438664166 0.3473983818211723
3.270897582855417
0.6705820746478156 -0.38587439489942144
4.1563363135383735
-0.8444729932069197 0.3343520833298053
5.703298921325893
-0.7863119003330952 -0.6981012564162224
5.161084683042337
0.5040688066779566 -0.8909296041390188
4.377164002133422
-0.9015371947120939 0.8792661636360525
0.43143433927907626
---
38000
69
0.6934180896216998 0.4479275515529166
0.5618359246543645
0.8271091058474191 -0.0025262965185125115
1.1665339918529725
-0.9934059310741503 0.012898788966685299
2.9781828297226403
0.7600180105677318 0.4705873480128382
3.891850878005843
0.12839857570863544 0.8915199263667026
4.191572077712434
-0.4775663795897552 0.21976747247920034
1.7578103323453114
-0.873131604638419 0.490749278156093
0.9363082789138844
0.37795719844059883 -0.5671946051430647
0.16417730152469012
0.21216794584195597 0.29525469175149194
3.563218779478209
0.18671475818732952 -0.9382319552764837
2.009088442647794
0.36084411414755974 -0.772993131209577
0.2552499171507492
---
39000
78
0.6344364375797964 -0.8306916122381178
1.1284017861501607
0.9284818691223766 -0.3771873442994537
3.785544514667917
0.8063040016149808 0.45873796865899247
2.4874905482466914
0.8853433238785056 0.30833327237841124
3.2363851635546412
-0.7629832915958404 0.5330127410677495
2.3346044266946633
0.272101255969391 0.6610418576767898
2.5686102492162384
-0.24970913837273234 0.5862210360191222
1.0058392422788147
-0.04332482424948139 0.7724219029642782
1.235000591862423
-0.16333617691067095 -0.6551726678238868
1.3872673088137626
-0.8070022293986843 -0.7220255559043103
0.23696485958420954
-0.3047196713396318 -0.6957147420614177
5.357218587542357
---
40000
66
-0.42522793061509645 -0.9050744694865368
0.3182866368821336
-0.5881019107353965 0.9034982005984027
4.851556248443199
0.473060901766904 0.8995084295405593
1.0852196161484322
0.7002086432047222 -0.08168961054462509
0.8927092693072352
0.42953329107537086 -0.9438665664576005
4.827100040913361
0.8967869787804247 -0.5424015469251957
1.6093868594329104
-0.563321436932882 -0.09292026354311352
2.572369127302464
0.6969688333389127 0.13887591226676604
4.169901158849152
0.4058384482198403 0.930363564052352
0.08582420587208883
-0.9048154563324793 0.9262484691896881
4.461387799522689
0.43276441388973497 -0.8029724873497093
6.022445756517298
---
41000
72
0.6623498599356132 0.7724496169705757
1.149708638243424
0.7562190232106687 0.8153849097515322
1.349204926560839
-0.21844503447765046 0.5828390074656706
2.8297102752294014
0.1623104948487228 0.7807732266156173
1.801026959608418
-0.5338686149256914 0.9335551516921566
4.0920893091121195
-0.3324870613087963 -0.5463467519975901
5.226807676380003
0.20546260226058477 0.5729333355386967
2.8421225834130137
-0.6360487896028661 -0.9065800702538459
1.3589816917817137
0.8736886025332717 -0.6609095998772798
0.09534441291012818
-0.8460865306632893 -0.3624999661015005
5.04436075059828
0.7446392486460371 -0.25176398344155854
3.7220521978525847
---
42000
72
0.3152000044201304 -0.8255093165426423
2.8912042075205076
0.221084601749726 -0.913698527963242
2.898734854702062
-0.954869440946455 0.689078693552281
3.6378281439875657
0.06574480972651661 0.4695120220418359
0.08541301463687834
-0.6498843869157016 0.2525041961566109
0.787843868607891
-0.5690377817691779 -0.8258151075979139
4.628901430926004
0.3773792993784722 -0.5857140225954153
5.010385443762915
0.39432862296623816 -0.9687437204938127
1.91659796198309
-0.10603173004895784 0.7377299030246344
4.851487520224759
-0.45717333575597874 -0.7153120028902159
4.815399748844698
-0.3393986075665138 -0.3470287516635932
1.2208331243115857
---
43000
70
-0.40995352973532184 -0.7167778592935334
1.1801615093306908
0.22180014316509267 -0.3946674567077708
3.89593422944502
0.41875485606269636 -0.16119880611841136
3.9341209431993622
0.09244228753452696 0.36022978093801056
1.710327180810033
-0.3153698055479676 -0.27043489377455976
2.5108147791598787
0.7127672797139767 -0.5562025074521597
3.1618380784438473
-0.06530296390756178 -0.946968618411711
4.854615251975492
-0.9964694381673658 -0.7198544433016407
0.3182021397518273
-0.038712911601963856 -0.277641604224375
2.742086763497655
-0.9852626889506455 0.28709684895415166
1.573971350932414
0.33381747992804417 -0.4733211364087419
5.236931752621508
---
44000
82
0.10636109216314976 -0.21974433132982596
4.129086925302469
0.10745059173811483 -0.2211178684883081
4.261486442236361
0.366978792145244 -0.3770377118861816
0.4105579968351929
-0.1017956896518041 -0.2795540107554611
2.662578693788584
0.8186176318486602 -0.5424310836359865
5.425870760238885
-0.9679706603923082 -0.00595370039945645
5.822904307609692
0.7066476394004173 -0.0825233348335156
4.337483134756302
0.825179174185374 -0.9552191261353127
3.613211788938017
-0.3564397234818927 -0.7355603995926506
0.9449711909063154
-0.9661561488317496 -0.3959461776213331
3.218379119683772
0.29768909984871506 0.730388672215392
1.9784890751241404
---
45000
79
0.04914470114894928 0.6318973344740301
0.2678967639643222
0.25193138896769385 0.8455195579464412
5.212929379161939
-0.535855552499499 0.34614495179198923
1.4689597114777495
-0.8710414592888774 0.20540622809440662
0.015633378639949846
0.7426348382801305 -0.02983301375812396
0.47442263058574685
0.1109903057042058 -0.8346066503044297
4.82887342084918
-0.9415471852306063 -0.01909037540760284
5.9288534786842995
-0.5213055504533429 -0.7146574552400694
3.2685259235963384
-0.6599882856614802 -0.8087860219831181
0.6494997388605999
0.8173851289128442 -0.6692706158822135
3.773024448659977
0.7918519143579242 -0.9699025848899208
5.0442360898396
---
46000
66
0.20214158160222656 -0.5103402205230019
4.49763627862208
0.7345731847963728 -0.48316724153918483
2.640285173029575
-0.7671545444528103 0.5291230663935077
4.5110674374405235
0.009325183649311359 -0.6230773838827898
0.0994211501522706
0.500095036694475 -0.12598706341224108
5.1960366322491796
0.8644417147466028 -0.3863920770573302
3.1714548817112576
0.3694704543593385 -0.8063925486467028
3.9637160606195705
0.1988128166861218 0.6275090891707328
4.636646614864048
-0.19162372935973135 0.25256157354615977
1.6377698360832182
-0.8112077616983674 -0.30724065444125476
4.085940313848093
0.03737084366203415 0.9403843882514492
6.106162629510715
---
47000
81
-0.6801589225535134 -0.996068702738764
0.655143917330504
-0.8407999453355599 0.9030750876788985
6.110373456687784
-0.5220016352401159 -0.030536815610480782
5.767486883996947
-0.4355177389254736 0.1846025407471357
4.755352265835959
0.3473327371902406 0.004427605400618227
5.08832957239729
-0.5417165619765547 -0.6421723308781667
5.150251874149297
0.718419613985442 -0.7761891222229784
0.7084667862605674
0.8525163231269295 -0.08569898594317962
3.626160502147247
0.2600397918879816 -0.12287350639334743
5.001042573692843
-0.6117018680600899 -0.44800521996475867
0.6520871000318573
-0.9752174709404485 0.8541575006122598
4.009255971322201
---
48000
78
0.9389677391595145 -0.29123740344338017
1.602038376614622
0.9792717066959337 -0.3526247495703578
2.004378004037216
-0.5827296998990678 -0.5824962320117735
0.7495802831929215
-0.44475787885647144 0.8231184964890704
1.0324778593318698
0.82809297720905 0.016792707823927073
3.152134503105648
-0.9509282290568248 -0.34167887318313905
1.26086542251356
-0.5044895504812477 0.602824356627209
6.0567641857877375
-0.19897764586300598 0.16957698550709377
3.146731215694251
0.905243540491718 -0.045124596550682766
4.30150144527065
0.31550226387532404 0.1533769786103772
2.7106641076162274
0.6380557467713468 -0.6536405779661048
3.0055687181937243
---
49000
74
0.539605879633684 0.7946062749465883
2.6518350807739197
-0.9282088183971443 -0.8286147266149585
5.006216570091511
0.8346924879213371 0.6427643758344674
2.2677537532655228
0.031883866883278766 0.7489182814583203
2.7969026792287686
-0.0502595267952153 -0.8417813749458698
3.5649268551369415
0.009242164756383363 -0.9295497493974465
2.2201754755027316
0.503258929936372 0.7733781457941842
0.9942453238308104
0.29157268478144144 0.6436072945894342
2.0276891507767116
0.9454628609880187 0.6821023579781339
3.3346590972941526
-0.35490180820809974 -0.8023627661183493
3.946699672915951
-0.0499912981034642 0.4793841111339192
1.447101128834288
---
50000
82
0.03933408153063958 0.8618404873330198
5.76271798692636
0.13368872684203165 0.7962900519523263
5.506480064708618
0.17984987054492332 0.6809290313088406
3.517025757621746
0.11700828676230765 0.903714420189779
2.5830674527935376
0.8699620989606888 0.09767595003177848
0.19906551008279438
0.3781561348630875 -0.11078345908362205
1.3268288023323906
-0.7099103109332642 0.5818130099801352
5.958999065960053
-0.4866941331826814 0.3372306463774534
3.0322986036083615
0.22377595201138042 -0.9143209211787914
6.178202907133791
-0.09221893910032988 -0.5647884794904748
3.0767630731897597
0.45522760675791657 -0.43583485505231284
2.399211884913842
---
51000
78
-0.05381745007020479 -0.06788589662594752
1.6714889115029727
-0.129418160085296 -0.16900020044393077
1.7929895228758683
-0.29671132095801933 -0.4996521565920216
1.588361808834283
-0.9793901387821881 -0.6951089379432751
2.5961525109350942
-0.061303105263846136 0.9122979767445006
5.019000055587796
-0.5718848131923339 0.8965097852685747
0.25181290970740555
-0.1669793105643746 -0.6190236534338176
3.65085050274545
0.39956911777796145 0.4188897961137754
0.8494852675185629
-0.007358935854832754 -0.7083757889619984
0.6937102987644552
-0.7737198853865805 0.8565810487159586
5.892889132949761
0.731090590829828 -0.7307686934786488
5.105847785489866
---
52000
77
0.9686540877389047 0.8214860776102616
2.0179433312635893
-0.03061244181722836 0.03148464411864549
1.4951786802526161
-0.03930096402267859 -0.06108906362473831
5.776086222926508
0.31323865903729653 -0.08055638585385681
3.568264817727229
0.6564124531222486 0.9399417773610683
1.2184675486589276
0.9931348051213145 0.518240919814459
1.5598104801628434
0.22694466059679536 0.13410362576452667
5.646180746816179
0.5857562219700428 -0.7266044564215967
4.981425153146305
0.8017452189927283 -0.725485241971886
3.5833112171521204
0.05527741917341178 0.38012948546666914
2.2790071077900533
-0.9276239062265588 0.4336631503120577
1.508135032608907
---
53000
72
-0.5935838316220005 0.25192189572004825
0.1344280163546635
-0.7018263537254265 -0.4076400048753845
0.7747088689693795
0.1424326954597048 0.22273389164950083
0.1323377671447341
0.13200473409002147 0.06316946063987083
2.1558327661994925
-0.2789254925420527 -0.6960879613261827
2.9145253848644836
0.8234335066937446 -0.134725677191292
5.504836059772981
0.9911467897372757 0.049933038552663025
0.21772079653712773
-0.4961675289208817 -0.5911222527140909
4.419643437798082
0.08085660617860009 -0.9151994187200201
5.618785504204795
-0.5455447406206032 -0.3738494480893502
1.2081494378835167
-0.8955854613100203 0.7863213752628169
1.899662943278094
---
54000
68
-0.11713014602514964 -0.30154489890314173
5.199973136129729
-0.03601482394704785 -0.004264154508519823
1.3296596982814348
0.5564778858739207 -0.5919723922977176
5.435565225127937
0.10434709963802413 0.764815284355129
2.5184350362666894
0.18548072310272487 -0.14902560203971593
1.9174861206469114
0.22052068209053077 -0.8408414264823302
5.676832296338386
-0.22388962480539223 -0.7397036067342571
1.7061218476869309
0.4241443949862892 0.8230816167356122
0.33047384046736283
0.34772214710698723 0.38547660797372896
2.5180681629083024
-0.47967626774090066 0.9134628320758066
1.1681141415515865
-0.8414561270424261 -0.8647710771812516
0.6886854243566978
---
55000
61
-0.8596358479056059 -0.6845663934523779
2.093444167201208
-0.9921581153409254 0.7699334199157223
5.267039184603416
0.8595385673329556 -0.3405376257693965
3.466100423411026
-0.6324864555214493 0.040992414806959046
6.107121362121068
0.21907207683063867 0.9039504102864695
2.4706797961403684
0.8264936050749472 0.7641275596392391
1.1354984142229734
0.24743495157901252 0.9957612898985281
0.14263412171810153
0.5807053557879471 -0.6684873595301941
2.115564736055278
-0.5419238606881516 -0.04483389231920476
4.679495796082802
0.43558092465083187 -0.5854602577520231
4.217350863188003
-0.11333428661181189 0.2591937504629204
4.993936962502191
---
56000
65
-0.09581189289218761 0.5268756132694565
2.2830040382647465
0.751798222181757 -0.20395916664980251
4.148281104644203
-0.8814652600537923 0.41500125306698893
1.762641195601013
-0.8568041554195616 0.8574122434382239
1.2261359477726703
-0.3458636847469799 -0.13894507785791635
4.517544510221974
-0.8858435209436797 -0.15833706028011413
0.9195761153968736
-0.41705694234340873 -0.9214309601166899
0.6171787933873913
0.6716993984323616 -0.6886423188084072
3.659773248014673
-0.09386175794786537 -0.6688191298578529
1.5719090858305558
0.7932648480892748 0.10009112317196545
5.2607904725841905
-0.29114377355594745 -0.9667489554624831
6.060497047304226
---
57000
60
-0.9879858210064805 0.06853931050842765
2.3936884748034455
-0.5468532883042788 -0.5324416215483879
5.170190055714658
-0.6570383689995457 -0.09009720676625238
3.8815046839897462
-0.6363878022124764 -0.30863373951196404
5.614602568742257
-0.8689306240204128 -0.5935168097070098
2.3865709076627066
-0.19853656130352448 0.37639045069780275
2.3427529835163012
-0.4589320963298012 -0.9913348300992713
1.9463937803720883
0.3448282459480478 0.43490762805243854
2.3948310517086133
-0.36911483372789966 0.9001642482810133
4.133668306433243
0.5569448067473067 -0.20920271620010375
2.0485510214076754
0.07377258834746891 0.7897614827751976
0.4851148967993799
---
58000
81
0.486351689327268 -0.22432982446534494
3.2483397142674124
0.3496275348995082 0.4962328478612276
0.9628102994726149
-0.6053475458792202 0.7263929842427761
6.025958557888574
-0.004067404902161106 0.2372044264914929
0.08166993125315614
-0.08089815170320794 0.6447004988710608
5.686600481284627
0.8736977043659715 0.17707900449288677
4.3872570338953025
-0.5770634189686311 -0.9249913939977399
2.009476212330422
-0.9377575483454433 0.965203972477736
3.8346400045955074
-0.7622834224529412 0.8439780609103962
1.21267212415711
0.5547828480724804 0.6519731342987886
1.9667311872953475
-0.900350384721043 0.699687426375468
6.15694842915778
---
59000
73
0.3898589677187317 0.6134629130823117
1.8921986145160774
-0.057425701308894045 -0.9511621645478818
1.141868570368687
0.11141143444803422 -0.6845034245430487
3.2953904514010235
0.08059335133714313 -0.21092946958388764
0.6796566631803174
0.7884151622506875 0.2776511645396681
6.153340403554737
-0.18688249235950327 -0.3565456288197452
3.0394328940984146
0.9129896334678641 0.844684511277061
2.120899299912347
0.9262673085263596 0.9789603508618667
0.7409354652241751
0.85548970294881 -0.4980562366532809
3.305398069228385
-0.05867102285500683 0.7656256514099791
5.370939235116526
-0.09080374359378483 0.8108923260327325
5.153375926357376
---
60000
69
-0.12181407146878621 0.02102564153798739
3.418850111094868
-0.779993347491885 0.21441761390032588
2.5612673684800047
0.40440424640911343 0.2703878862545599
1.068978895865731
-0.5239499360754578 -0.3048051925800364
3.2467494569246966
-0.4551264171509186 0.6868212937674332
2.647463318523328
0.5662188923850532 -0.009390899473853893
0.45001180140295194
-0.757509025121792 -0.22685514838144785
1.678800274115087
-0.06588209509779036 -0.15594173145753226
5.328281645869261
-0.8986655917278943 -0.6326214458019084
2.4200016812679737
0.06523902695134866 0.002307619566600333
1.0662821727886245
-0.5512813744941185 0.5167642334221442
1.0219393473269491
---
61000
67
-0.9310792783607413 -0.9693886458258065
6.277272629740771
-0.5920698117759052 0.40203522570418776
1.8883806500745308
0.8739523525359385 -0.38092173653130945
4.173154098202361
-0.061170016038157554 -0.6304260144247482
0.2938698253841956
0.7498350282253657 -0.23061234173482995
0.5437387783035756
-0.6509888578570949 -0.8679621541943583
4.459795708364821
0.6247085363075622 0.32872060262515823
0.7443175933230384
0.06761326750841126 -0.31581687544252784
4.490151002338076
0.45219481819389884 0.20234454216642977
3.759460248006542
0.07365632448395137 0.15149766663677094
2.5428737766476264
-0.40416683906230333 0.7724681342376806
5.740116438561186
---
62000
79
0.341200895183244 0.8112937095748535
3.4006241772248567
-0.5625066790631871 0.3324336304404854
1.807768854385004
-0.4845025273148906 -0.1074626804926065
1.9420311164468789
0.02970076215438933 -0.18017608862021123
2.621504617731304
0.02970909056894276 0.5658636739095588
0.04437940290554199
-0.3062222608492732 0.4934482410048014
1.4991702917435656
0.1231663132426806 -0.004237458469131084
4.02636738280224
-0.8332214731163168 0.7069872963651679
5.708908218130005
0.009695749907520269 -0.9485031725993592
1.193498812740887
-0.6146204029455026 0.6876366587717907
1.2236241179008172
-0.024999547715251667 -0.6838358774351132
1.9399034569328526
---
63000
76
0.7334767837496604 0.5735832647665381
1.883291832469864
0.569865110991583 -0.9095894235883095
5.533211362387698
-0.7610052695085698 0.33369654816502076
3.533779797049977
0.4625628980488536 -0.875330320748816
4.988962089837371
-0.1874044991190006 -0.2851339652121027
1.3600520615932954
-0.7714240460363507 0.28674614767076895
2.6426344548964167
-0.12720057197843554 -0.43801953096647617
3.814875616541139
-0.29070320629543805 0.24354361927090562
3.0246157334025323
-0.8266973744921766 0.04445382660992734
0.1465040854084334
-0.07674624688823382 0.601421407429439
0.5796958621918611
0.4609475262021713 -0.8316185969209068
3.2500277906242587
---
64000
65
-0.9787568308754708 -0.20834880412107712
3.7404958297096043
0.8229966842917347 0.1819572314800384
5.585608253512459
-0.22199157791861318 0.9506102957426479
3.4717171428625084
0.8498042811829987 -0.2259624604490652
1.5385276850846301
-0.948093306143162 0.3378338178779304
3.9776835222609037
-0.4639999869188888 -0.6718718696166394
5.7497919747411785
-0.9255808741638971 0.3161770527352048
5.286779996100126
0.4586383153853484 0.3504429896514157
4.684649383431376
0.4602828993913005 -0.25840025424760993
2.1668672972049254
0.7098454442624598 -0.7465337126342976
4.2119937206482945
-0.1944783744448758 0.23686961824416858
1.5677263331732592
---
65000
76
-0.13596105505526246 0.8756562008959835
4.269806754579694
-0.09982962592149527 0.8928263411029794
3.3829791684697366
0.8015799285452188 0.566196104544933
5.207145456881259
0.08706812674764886 -0.432473825972147
2.6795822893616457
0.0498575379047839 -0.9424911985014931
5.260627605545842
0.54509182888552 -0.9789855467691001
3.1957602888501624
0.3145161701931699 -0.9329861002265096
2.910916412735511
0.6346486553427727 0.5486729131912542
1.2352634812320469
-0.7643286593360957 0.6256719175053996
6.252652199953344
-0.6098445496197237 -0.23080358443244078
1.0046241001756941
-0.009248198416368376 0.39828862262209674
2.1394609739403414
---
66000
76
-0.07713963787322312 -0.9089058442889092
4.282900791097562
0.06316432600054062 0.14431742406779477
3.326075961260842
-0.35624446323744113 0.43312650946630626
0.1649215463215512
0.29272511337202434 -0.06427259207746466
1.1561154070787634
0.5663238968673456 0.24158587436363194
0.9401142763012293
0.7399970452993697 0.036383776946094154
3.839799946197834
0.1204160205866705 0.04675986955814697
0.7082033850480647
0.3958781650449824 -0.5617845737897548
0.19328537099103116
0.516279486336463 -0.5059056913625687
2.98284425368416
-0.5841985008200437 -0.544338959156051
4.757382789255314
-0.8227299948796555 -0.7044098727903799
5.294593525522777
---
67000
85
-0.9741075070243501 -0.3741309344706276
6.013904910374078
0.9484317570261303 -0.26592013086798166
0.08787859448516055
0.2253373758067969 0.9515079078930102
4.504470576159658
0.4123519540947817 -0.5541886035482494
2.0616678427566093
-0.42744899464072766 0.1353491269689107
1.102032017815497
0.6968590287655771 0.5474679656866619
1.2013907214847341
0.5518237223353331 -0.5333409355495535
1.3475848305937257
0.6361731386940137 0.6835086019855194
2.846755355043207
0.9754025362252187 0.4887250095899681
0.4272943241721947
-0.8816899046522709 -0.06881889613154848
1.7803170874308858
0.9257793694169805 -0.9337300060349737
5.1522698717807325
---
68000
78
0.3317885760223824 -0.9142060306228248
4.100180849022433
0.4531444638835587 0.8505431276398101
4.6884790586181
-0.7961315490730694 -0.13013661807247975
4.855353737110486
-0.7586309314570714 -0.030416628998233552
1.9863257371489635
-0.32229429161016077 -0.19785505866719091
1.2988237734533838
-0.5413486434383283 -0.13349789934217307
2.8405749003085616
-0.9954121943201782 0.44132132696612786
2.894912612718816
0.34230145304519444 -0.14876468061601453
3.285799371024421
-0.20394292077685075 -0.11219923656334807
1.6893555143013832
0.2513082184816984 0.4815869820729372
2.978837953417524
0.6034724660895554 0.6973603544920061
6.078273271938159
---
69000
79
-0.07994350585438165 0.8294527600587533
2.8653796939301075
-0.08402350529126548 0.15495165547978013
0.8496901883262877
-0.1176726151042724 -0.16364615271413638
4.892384237328817
0.6769335928751885 0.9808457858690225
3.8343014138663465
0.8464894763090209 -0.8443480499052902
3.7072381157934
0.8008504292175371 -0.3161343956220853
5.253944807619779
-0.5239334155886549 -0.8825479356029245
5.33952525291363
0.8304023535530578 -0.7994114700682509
1.4892484086976472
0.29070591444547594 -0.23440907696284735
5.892061893335988
-0.5027922314617923 -0.3415432138826042
5.221564035347652
0.26880328053213054 0.7900394530051513
4.7984731336511715
---
70000
74
-0.5741850972436253 -0.12259464597201972
5.908622277847822
0.18244562604861875 -0.7254197593812972
0.7267200891840675
0.31550261707691846 0.40480610215253887
4.362681080548643
-0.3735034851291059 -0.8403840644339543
0.12452846494076741
0.19668097044773505 -0.22298650194674718
3.2380103806672667
-0.7582848465780945 -0.3532294947502258
2.7198703671493965
0.2936759547766461 0.36010610032096435
2.471560164630664
-0.6186003830915222 -0.47834815652850693
2.7351227714023407
-0.09613215314390322 -0.8362536069130215
0.8562827641984745
0.975045933137569 -0.43821636465547537
0.3813178381077984
0.3931541488283722 -0.4818840183401031
5.929266385682326
---
71000
78
0.9800866006072072 -0.5665517563811386
1.980252083328585
0.1338820971019145 0.974572791173353
4.356692743824812
0.38908245417280224 0.8257931682635961
4.295891934130889
0.8698824238090602 0.030833441280647626
4.500604269153195
-0.3963956082208092 -0.04036977606282975
3.7127887146375755
0.5025296114963653 -0.28455094736183484
3.452896274226063
-0.0827079350102054 -0.5917967400292321
6.080024113694761
-0.9597694561077231 0.988747682865095
1.2674935744285838
0.45166410000247226 0.4165276880801919
3.533311635056659
-0.16512234580805607 -0.43510641725383903
4.939834468968925
-0.7867949716404565 -0.9528720776812517
4.672426286967508
---
72000
78
0.4209617817030571 0.33034600329995945
1.0472587136895368
-0.5642521283782086 -0.011570056846984492
4.296739471442848
0.495509062427918 0.8913755618593093
5.943781478963932
-0.5077812507516467 -0.10822300324415104
5.266189406557585
-0.7984628688258453 -0.22186014632865483
2.790981465783041
0.7675157872818466 0.511199504192125
1.4715123052037669
-0.8781864589913339 0.06799912082490536
3.997289574769331
0.6204884291231377 0.32218368642757045
5.960756935397172
-0.4967422041333674 -0.6482554242777726
3.632794606535099
0.9093597284615356 0.3080632225547279
2.3111288051279812
-0.9299982482070315 0.771424337073826
3.2748032977841115
---
73000
71
-0.45773903128403143 -0.42859725456397657
0.17247370586489763
-0.46046245088363824 -0.5730646795129833
5.029844670270714
-0.7055170800185361 -0.9724535408070586
2.674853602375583
-0.8126009584904087 -0.4354371218840031
5.051227415301956
0.7708296646867407 0.7976737844427754
4.216738676481335
0.7636878663102497 -0.0608166456833724
2.452628017003188
-0.8123467710528279 0.4041619768250963
-0.3296174219604671
-0.7142317475104072 0.965692030449312
4.466620042267094
-0.3417973505731221 -0.12039364752376507
5.992650235711533
-0.8125056057641471 0.17181922342676995
3.556443073464025
-0.46075153898874854 -0.3797437406210597
2.8247269994205624
---
74000
75
-0.31012114745977265 0.38681549528634795
3.040839040044061
-0.2451947511205415 0.2557441875515246
1.8638948705070888
0.6394606281689098 0.15903744700237352
3.357984244672818
-0.8386307428176304 0.17491645926306518
0.8791783983841057
-0.30730450417171895 0.5935100968709374
5.154927047722308
-0.45260301219934845 0.00010610522293456404
3.0685894261309885
0.3406783943650321 -0.2492269676499541
3.543611404510373
-0.9907652248321758 -0.4848504248436307
1.5967566009900258
0.3560325456419813 0.8214394744046476
1.810637600602674
-0.04419543217250492 -0.9747986169870745
2.3363880296868196
-0.12053714706215027 -0.5405023707979252
1.2662459772593926
---
75000
72
-0.046978040972484855 -0.05265649499083003
5.401029062213658
-0.9690143375457426 -0.22597404161572782
2.7108354039022142
0.5049446449135172 -0.8667166990080756
3.258837812633878
-0.5417942422288832 0.8161452157152287
2.3537832302237085
0.24429104289998882 -0.06616896794298865
2.804965839501895
-0.6543318370240919 -0.007259297854014142
1.1286445780848284
-0.19594644086139268 -0.4682783901832077
5.1322177811984275
0.061042915284392055 0.8936229257724527
0.014773119714062588
0.6244836000774179 -0.5886107507385664
5.461925943877395
-0.10886319532113121 0.7274266207742968
4.3862026827508585
0.5018592000707749 0.07462801832405894
3.0391297141548135
---
76000
77
-0.07938858282909551 -0.4700949634361159
4.074442583029215
-0.1316691451689652 -0.5198124221380303
1.3974248080966305
0.8928863965188851 -0.6550894547146153
1.4266710849235569
0.131383630188451 0.992134114535979
5.532880418745582
-0.5012575519738137 0.8255821108329157
1.4222651123419938
0.8767955533772669 0.6453265982153058
1.3043278529110376
0.48658769716367917 0.890771448371973
4.611284534707359
0.22093569614418215 0.6787358670131381
3.361643027310226
-0.4904150814280563 -0.019954112303153675
6.279169920026558
-0.23726129355482703 0.38481465141375837
2.4688348253642403
0.2992985962917308 0.879598964598958
0.23735957248332618
---
77000
67
0.9156482521571266 -0.7715484028140602
6.18487604066041
0.9276768233196582 -0.794903261024793
2.80604125200815
0.07583795567274476 -0.786323679570838
5.963098708173519
-0.5541936286730369 0.9266184370708646
5.474992643736654
0.9172305116987045 -0.5488812274742981
3.2904578257911954
-0.1722803432175728 -0.3038797902540276
0.1776129678296936
-0.46544135741737647 0.008243808820870072
3.1466506135876786
0.4138442390704844 0.49984254444665166
5.573167979809345
-0.6462846273525611 -0.012086549273702875
4.652965407036583
-0.23813319888840814 0.3285467287085775
2.8540038762697657
0.4058838379283999 0.7123094484867639
0.22715277689625513
---
78000
81
-0.601922654882543 -0.6706260046971265
1.2122181161809702
0.8028191073509708 -0.3595763704387877
1.0435111162461013
-0.9467574149994656 -0.03943386961107538
3.8390666017564126
-0.07988171628389364 -0.2822598952619956
5.433354859258734
0.731790867314785 -0.5782980191601982
3.3179003145066632
0.05613171192100806 0.1671400065665543
4.751089770293454
-0.10167388564092318 -0.6588301667441745
6.10218185028949
-0.8367570677843027 0.8333058192038659
5.2346044274811785
0.34705426988829025 -0.383813570393551
3.0746763520853007
-0.4628300996541399 0.9889256047588708
4.984601810693886
-0.6938308527656943 -0.31225608621143275
2.8061212948415335
---
79000
78
0.3086357851810193 0.9509292050576189
4.000454041396023
0.5249918379916393 0.7863027780775081
2.2190388637093568
0.9004674256414205 -0.07916943459939046
3.794405923808454
0.7405613953234914 -0.37668426810402117
1.438564819972152
-0.15317930344643796 -0.29740597867018476
2.6111742668062385
0.34252860002214697 -0.5759111129030727
2.103883254699764
0.6674898521755553 -0.9001299394726113
0.5070904280415807
-0.02188749974675247 -0.14536210347927808
1.4431696065840267
0.46539497456106105 0.8693494530463859
3.0678725760444783
-0.9876594615054608 -0.5632337823830744
0.8340984186722702
-0.07142848200881052 0.20824793628553953
1.3954655512269039
---
80000
81
0.21040268249378705 0.8494043639645228
4.1304959422818674
-0.04000490874395168 0.6751952790562831
0.06929798471199966
0.7156540525277264 -0.40348915725986323
1.3016602347364845
-0.05221631860132574 -0.7870624946330159
3.5702371391122085
-0.4950379362926022 0.9542015819485529
2.9862161707117254
0.2541523547794396 -0.7200058498641462
0.3902156913691801
-0.46014730951542027 0.0375866171208016
3.0754942569588453
-0.2728985779789187 0.9245467785178789
4.545755789785796
0.8925465627994222 0.29828936450022986
5.204001655952763
-0.5310744815539181 0.23355013780642814
5.153176590873576
0.9713458790133995 -0.9222146631925401
5.250386707790318
---
81000
80
-0.1411599669925234 0.2090434827375844
1.4725340677377576
-0.6465361396165064 0.342830367136108
3.108640282451546
0.5900846752981895 0.18193473521603518
1.223494278166637
-0.6985680191115965 -0.6005440631562143
2.9494382277015605
-0.08398541361572129 0.6788937864297344
0.7574396975133739
-0.2189918553874129 -0.9022275402139776
0.2337000414768431
0.2558125174230018 -0.4686690658682245
5.815764568293205
-0.48534198518137894 0.873405143928936
0.20896937165892915
0.07633274548598637 -0.7000571961480514
0.5498483061076769
-0.7081133845361504 -0.07559175134104294
3.329184802308257
0.3238072884777628 0.8138601772323544
3.213189699491827
---
82000
67
-0.5665408146345101 0.18496355037236242
4.586577219396476
-0.46927183090498026 0.22998428015388206
0.09703010098584208
-0.7517571460650704 0.26257679638797704
4.895634596427139
0.5923402947759744 0.5528090523255654
4.461648893121436
0.21056898677505972 -0.9249530651266062
0.19346343829422352
0.08596959789912036 0.5280453307372727
4.951240453626182
-0.07711410458862375 -0.7992170266011791
3.4972625457469464
0.4520807178224712 0.998063301474474
2.209761960283132
-0.012058107329701168 0.5447038098064756
3.7999144329286
0.9654802663711827 -0.43212087367243224
3.702218064876896
0.7785594108225374 0.23226816229181124
0.6875152885782576
---
83000
77
0.20574473849984537 0.46266612955037767
0.6433630153317716
0.018182541687370775 0.7216577094152646
2.589347994947283
0.09204579594680026 -0.7680302848962218
6.115375075449516
-0.41793910591654626 0.5269672974897347
4.728437075871464
0.37725175906276137 -0.882707004467526
3.056479884812636
0.6840075378711086 -0.9487104369084415
2.2607949840284407
-0.8036825249222361 0.26929979170709245
3.131960602741681
0.2405809800711978 -0.6141329416458081
4.399774083593988
0.109241016331884 -0.8646264348281874
5.2335005764369695
-0.6591494345088695 -0.5887935590348778
5.300247699669941
0.7845628965523017 0.06630998254271085
3.3582142084941093
---
84000
78
-0.7437693636500532 0.4608348781666878
3.7025790686311097
-0.8289184942469868 0.446534998236699
0.7797203433215403
-0.13693989530436385 0.9174658823191639
2.0123324888391974
0.474926223961283 0.3316490153105271
1.448113211849365
0.5480078037237917 0.12983839783521384
-0.6698850141656544
0.0833937114465449 0.856772468455527
4.563927044898932
-0.8920637885835085 0.8676235232680359
5.991972266150269
0.9444890147089772 0.15803561124437682
4.326018417037126
-0.9970524099996518 -0.7805503246352263
1.4016190727850413
-0.7360330586236545 -0.19260282972540266
4.5389307417622256
0.3844266453405628 0.2737135456411412
3.9944661467992466
---
85000
65
0.7697019352913003 -0.608620665982917
4.854407889504307
0.6134004356046843 0.06046012077964344
5.237402295278888
-0.5365130784290911 0.17398588676163496
1.507481559781576
-0.2571809524991021 0.7556918826556985
4.08350480904279
-0.845990858588471 0.22144324639984855
1.0904282997967343
0.9397853741778462 -0.5664342013012182
5.488124359000389
0.34141210331628735 0.8673547301459072
5.294864745404967
-0.005814530776910083 0.17584952591129996
4.221405268875133
0.5262039273141421 0.8739693007228764
5.345516679438206
-0.37098991037981865 -0.3377888317429989
1.166478490727557
0.0938192257797755 -0.21983704411319357
3.5746683896289504
---
86000
77
0.5574348170177159 0.6116292907255909
2.27991424524854
0.3094379736787178 0.6453995814525091
6.196733386333702
0.091586759421115 0.604460839024083
2.805059028497338
0.016558410776470925 -0.028109418661208023
3.736000259373327
0.3362899841288675 -0.01575734399207391
5.142221305191319
-0.8385168948950791 0.8163052320028236
4.962110184617892
-0.01919685820206624 -0.704114357230511
5.7477398774138635
0.7504739251102119 -0.8549762417907005
1.389420985359628
0.38436386321880267 0.398929261910607
0.3088281087764262
-0.6223115070936449 -0.09906398093663693
5.296897368516713
0.29984707162371826 0.11349713841821345
4.36463652725046
---
87000
72
-0.735818062426641 -0.6724636009566834
3.1823781115344882
-0.7454896602291884 -0.6496205308954719
0.9832525237767342
-0.21816235915423315 0.9345843401497672
5.335996711431745
-0.513215416221354 -0.253031675126721
4.795509172464899
-0.5787620050047687 -0.5656916055954145
1.7300356968571577
0.019972442860807713 -0.7675823961974393
0.16376172018710466
0.8718933642668034 -0.19802317760155408
1.9268333225609187
-0.7921685540916612 -0.46763070817519675
2.6983826435314278
-0.9075114569782088 -0.9342931618967237
4.851649925670363
0.7440039240498115 0.9007291357501814
2.541530176290773
-0.5927263041300713 0.12502737350086973
1.095712771861531
---
88000
77
-0.31903875194953646 0.6888037355012181
3.8018583855390107
0.28330314886619307 -0.2539298763142551
4.562680250281715
-0.19931780683629066 0.2679255046658605
4.267812257771128
0.24149787237039935 0.7816479589078881
2.4932611613138747
0.9402259673677876 -0.8042334251352183
2.26890992497518
0.3453747806382584 -0.11810665475539553
4.373138580903211
-0.7064699830046975 -0.0022616582336872845
1.8494523132012421
-0.7485845201544884 -0.20059924391710415
1.4753064344851348
0.017629361816384102 -0.3598523330186136
3.5503555066307024
-0.044422740611586284 0.28141689902629813
5.119518675169471
-0.8853693511902774 0.8194166546574349
5.136549579760711
---
89000
82
0.2807223825519845 0.9549102461519656
2.8010652499078486
0.24619644176789043 0.8602135149441197
5.624361793084922
-0.09503880936692852 -0.13499992864617955
5.827332491686608
0.41676520758125357 -0.5831992586541643
0.7940855269945013
-0.627909079018157 0.30499431860926185
0.7869126782238993
0.7378805193224275 0.3733341251536166
4.950158459006561
0.2728517194582887 -0.7052411149855153
1.9689095771414191
0.09245804372500185 0.627701914114538
4.626439003308276
0.6352217528020089 0.1571796720796256
2.5639319302942614
0.27451902897011826 -0.6057798368838978
3.239522449198777
-0.7053039044598809 0.13360063892094234
2.871585951098016
---
90000
75
0.3287453612062808 -0.6436867958442769
4.917536634103269
0.38272930194228727 -0.6776090326624171
3.855327108682646
0.18608343034663943 -0.6939291480743923
3.4751039230532035
0.7141457251596957 -0.36033515728416465
5.242543987197013
0.2462527766094688 0.7313738924851271
0.5037718740983239
-0.8238496565663366 0.34707581002999277
3.990356517250219
-0.6024292217191028 -0.19133327084896332
5.349452444838408
-0.5029048388214679 -0.7260524134113295
6.269895456161494
0.795331892477243 0.584521349573764
3.447923625676532
0.4057049714305612 0.8570838033865954
5.4507091722458005
-0.4676470907795037 0.8241610922530967
2.6025626542645295
---
91000
83
-0.21421867920955312 0.9325736913751355
4.639514585784144
-0.19226043399227424 -0.9596049601798731
0.11474653456894668
0.6467993244718826 0.8160059875128954
3.3879475906759637
0.4137672805299342 0.45792802115473474
1.186137645531459
-0.8878894163293362 -0.7027698452406115
4.00532196753898
0.8777633690218933 0.7015094771476971
4.681740569071063
-0.3066449727224001 -0.893359347682245
4.51797421077756
-0.8182672017053809 -0.25589163110259594
5.758009067564868
-0.23910090682343899 -0.5466722415154716
3.4638749135456317
-0.11279060585860978 0.7124045381335623
0.5079447187532784
0.4950852520868115 -0.9292865455400292
2.289941187890875
---
92000
75
0.4078629258891454 -0.5502581854551671
1.8466908651988185
0.3429726575148561 -0.5574138350955012
3.835604201455089
-0.6745148107065748 -0.8026991583564499
4.683297664358172
0.1763326478832918 -0.7343265887174194
4.554203928934399
-0.11200550043018448 0.6304246762968286
6.073966342994135
-0.8368309248061989 0.33859983801948074
0.11300767046457239
0.27776424103460634 -0.15048779277571553
2.2361170152503522
-0.20153872588891752 0.270752179782177
2.884043734298637
0.775347161670919 0.5075943818748144
1.0166766808079926
0.0427441207311368 -0.1425098750704723
4.301929532598877
0.29523004901874467 0.3273102847620672
3.3153444846179125
---
93000
85
-0.15938567241411122 -0.5336376202600366
4.887444141413948
-0.16062373616127995 -0.6878328364976355
1.4316219625335806
-0.7947939141362652 -0.5944714545629166
0.5661970932511702
-0.8957672927060588 0.787437159596844
4.7200417955525324
0.962613790535717 0.6868920716410396
4.492863319874793
0.19069896741087403 -0.8325238556571625
5.536874562105561
0.41149290628215285 -0.5773830575539128
3.39022900400962
-0.658385646981075 -0.8206689687738572
1.2274163402997829
0.3435283192455677 -0.5527873349514748
2.529789139235705
0.4272535945762189 0.5081736909071513
4.8105677528023
0.6460687318649124 -0.3102280729572853
1.4918449920544123
---
94000
86
0.6275331127334242 -0.9168839763920752
1.994998344501401
0.630000551364644 -0.9596126526190801
2.764759173168895
-0.8479643847383512 -0.45570321477411135
1.4603142739274642
0.30929492842699274 0.02840566335413776
0.39018487341202235
0.9262420160528441 0.43870052125671793
1.8667597314617614
-0.28549570653663475 0.46998725898221455
2.7470560134042747
0.6551834727957704 -0.2543109906318154
0.2470454927934842
-0.20028740713377616 0.7661920299497964
5.903994135110739
0.7445888150028794 0.3832273983507985
0.032195519131544614
0.13706713336769932 -0.3271352512808273
5.121468138808219
0.5396905414124928 -0.7498018629219846
3.6297383714763214
---
95000
82
0.8258932347842067 0.1701533247292593
5.8809281360528995
0.8869578681397119 0.3762955093473519
1.0379255592142407
-0.38385932885878915 -0.5328543107822142
4.163439406445992
0.3512576549811308 -0.19676825671233747
1.2345472443396694
-0.055448116758992874 -0.3666059302448271
2.2398714450690838
-0.11288737022443149 0.9437428732748218
0.25911322311801843
-0.005650129918322703 -0.3180336600671206
3.7477352610350794
0.5851295675461599 0.5731927713349128
4.358495665089224
0.8902472538348623 -0.8858087155510141
0.7010655011318763
0.49978645475301153 0.7230365851021447
5.80667553862741
0.5566150524322105 0.666031584644555
6.056500695920828
---
96000
70
-0.6788803362502326 -0.9934938658904838
1.1317315038139841
-0.7712411359923251 -0.18572944368739797
4.52481223594239
0.24093806963728576 -0.5761587311397061
4.810201897033158
0.1692324878597963 0.10632097532818949
5.684327310254666
-0.6555617156644391 -0.5597233998092243
0.0472708000465234
0.2541407024607237 0.41225920775645014
5.515582851395665
-0.5493692356959397 -0.6100611129296432
0.12457292976909251
0.7166840339944102 0.5106500632010972
2.8861748126061615
-0.05493132774605995 0.7243505794102152
1.3730457571150145
-0.6789561480089824 0.8923075435852801
3.973722009664148
0.41767612269031307 0.731540609812559
2.0403220096237016
---
97000
65
0.7896954724692374 -0.8942726558641825
0.4342737746721579
-0.12199145387567747 -0.1745270199440449
2.4780587159944405
-0.06646652315954306 0.18754818638149603
2.214464207983151
-0.364824773502824 0.5808614749841184
0.4598896656929796
0.902853110259614 -0.6088024605378336
4.86642667113493
-0.5151006821145075 0.6881496043347229
4.307668287638627
-0.5551972306720877 -0.3979470364329214
3.0033493106585976
0.5446601003629772 -0.30605076592838004
2.2494662320427556
0.5541880766802423 -0.438983367281406
3.576826100660651
-0.4351658475412883 0.9290331840568322
4.260053348604265
0.7360659263699545 -0.17856387851388644
2.219882999146968
---
98000
64
-0.36075317789074657 -0.5379760872008731
0.44599033035014857
-0.225115556363856 -0.5773598319174211
4.028571163179566
0.18257938953640215 0.7152036867201905
4.3267789182446785
-0.8741561750976399 -0.6979925382344645
0.6109294631172668
0.49345928397032235 -0.12900404272876764
5.4088342170594235
0.9088967816398653 -0.5044947286630431
4.645868892061402
-0.5662695653737766 -0.26544006236379336
4.8094703372371646
0.34364004384940566 0.07876754032846961
2.2973260534808055
0.43001602884090456 -0.085866738330375
3.3624185599434924
0.3261511498433882 0.2518234675418541
4.0444275483388505
-0.07360339537321123 -0.6897833790746003
0.4917332862710371
---
99000
82
-0.8394830814539584 -0.8647277842179624
4.129724914255773
0.6722284740957843 -0.5304563112268521
1.9099926935449165
-0.34216164872073845 0.6494817481652976
5.118109975426333
-0.3966415093615122 0.29846981317903
2.010836415023694
-0.8155043997476503 0.7341515860860549
2.6454953776951893
-0.8650386274037648 -0.94528666490008
3.7859780054734467
-0.7966562212058487 -0.9182640866119439
0.261853506030695
-0.4326512793049371 -0.6891436991467516
4.250670094877857
0.8676415840495877 0.7976013208403298
2.8672485910507213
-0.27829761154956356 0.07920260882338286
3.981569642661144
-0.7352746530880544 -0.3049210053558165
0.06909938901114288
---
