100
{'run_name': '2D_rec_10_total_boids', 'annealing': True, 'annealing_start': 0.2, 'annealing_end': 0.002, 'nr_observed_agents': 2, 'nr_of_boids': 9, 'predator_present': True, 'grouped_spawn': False, 'predator_halting': False, 'record_keeping': True, 'record_frequency': 1000, 'exp_folder_name': 'big network 5 observed', 'boid_speed': 0.0333, 'boid_color': (0.8, 0.8, 0.8, 1), 'boid_turning_speed': 1.5707963267948966, 'predator_speed': 0.0333, 'predator_speed_slow': 0.0333, 'predator_speed_fast': 0.0533, 'predator_lunging': False, 'predator_lunge_speed': 0.013, 'predator_lunge_distance': 0.1, 'predator_turning_speed': 0.7853981633974483, 'predator_color': (0.8, 0.2, 0.2, 1), 'predator_confusion': True, 'predator_confusion_distance': 0.4, 'predator_confusion_threshold': 2, 'predator_chase_time': 20, 'predator_halt_time': 0, 'predator_eating_distance': 0.06666, 'height': 800, 'width': 800, 'graphics': True}
tick
boids eaten
predator position
predator rotation
agent positions (and)
agent rotations (interleaved)
----
0
84
0.7416902890370279 -0.11774099679600875
3.8777537429236757
0.6300177061262447 -0.07085827092639817
4.2760225928644875
0.1639982932975264 0.7441746230570755
3.869643757833919
0.8138291108185683 -0.028687238565005775
1.5477745877702902
-0.020754354631545693 0.3608912897103918
0.7331774387583487
-0.47383209645507884 -0.8952407625939273
5.475030008121645
-0.009350692994949665 0.7243345020492207
2.9536779800373165
-0.31134289231812406 0.49233464597999405
0.2592708583133968
-0.5019843208377525 -0.7399606388796826
1.7491177908457747
-0.07107049960211034 0.7628131944867403
0.25497722280208124
-0.006848402023720231 -0.04866054086506368
2.491147321356099
---
1000
71
-0.6525701488036337 0.3180965032167682
4.578147512153917
-0.4035656821671563 0.33152931964259
1.995969541382821
0.4471701185171817 0.9345487148191285
2.4948496270403977
-0.2098683694758074 -0.037918525490936536
1.125142066214404
0.2027927672771872 0.08223347795400855
0.8032820347284844
-0.25749523610588865 0.4366457152381439
3.483789827304112
0.7591590887343154 0.3710484124787877
1.7770027136036424
-0.27711320402724365 0.16553138940694243
5.702219362027568
-0.22334415665507007 -0.18376569672312204
4.11487523143776
0.14337762608422017 0.39326732055439056
2.240562201206271
-0.6620655115262124 0.3583995818448238
1.4993856147536206
---
2000
72
-0.37428531275359034 -0.4888432022617091
0.20360777931301308
0.5659665795761076 0.1431578551798372
5.666674117068412
0.345415811666515 0.4045046318474745
1.644682445122907
-0.4695538820156084 -0.3345728602500174
3.475244792642626
0.5372295318786522 0.6564420045262356
2.107575946298316
0.6830871275121759 -0.7538339003766121
6.20134780209522
-0.34991688408565097 0.6950600087182542
3.95229350374057
0.7062953468188451 0.7123285657286399
0.8761197821594964
-0.012264938799112345 -0.33615242497942166
0.7475566720716573
0.24576209542406935 -0.3136685846288467
5.817842474911487
0.3089406465979057 0.6124841834901518
5.3080390238883535
---
3000
77
0.6069491290924887 0.2424870817904908
6.198870932709228
0.5516700196686091 0.13249770665942795
4.087335918041476
0.3442841048942389 0.6965148607315431
0.963191750535783
0.20766807426854775 0.9068482136176501
1.5001707918646012
-0.6029200878751038 0.2857070662199408
5.0287561426327105
-0.014914251474962736 -0.6280962556803955
2.314951542345181
-0.4000455159934269 -0.676653961213286
2.5272148828029906
-0.16219700405451967 -0.5341211226135015
0.6991596566854739
0.14087026143383727 0.9233342064540984
4.730318700997408
-0.7413135834545159 0.5738185843114667
3.554414156782388
0.9651608894361157 -0.9437670556685746
1.109652010202034
---
4000
78
0.9083049989770603 0.06704036459531987
3.653783566871766
0.874898959609502 -0.031490080958932395
2.6140778459989376
-0.3342066728100452 0.2759623844203064
2.4414432489733935
-0.6962178492327963 -0.7215476114256157
2.6627985518955644
0.45035820402434873 0.3425164283182818
0.011034948572673287
-0.7306943329078772 -0.11896512659623203
2.6538113310278586
-0.25198118105994527 -0.2850752463744618
2.103605513396297
0.8031005243717155 -0.7265515550944404
4.419126664728922
-0.28309982136381456 -0.7811497183050531
3.480640089966358
-0.557430496887868 0.3516244723570049
4.167538970661084
-0.7950263895115006 0.15098903307818806
2.8780196941554754
---
5000
83
-0.47342197024288785 0.45962085123531976
4.506168698985746
-0.547417371296068 0.011819764412818387
4.671334526024343
-0.9806530534162269 0.06654147068032619
5.109950995688014
0.09788244192242998 -0.40352835683771227
1.0740463814825603
-0.845941367707503 0.8800688575689286
1.5732317083738936
-0.6799006178361959 0.39826617823500604
1.215841382949077
0.8142917537300672 0.17810245799795302
3.6765335469154534
0.29467527056773346 0.2900205021739316
5.458463965773861
-0.2157136237061169 -0.7592669298874313
3.603401691658177
-0.0402586280929899 -0.36448327241289624
0.4355825927048844
0.8639598729151515 -0.23008352914700853
0.3502050888084698
---
6000
80
0.7389153377029113 0.4881149072856191
3.19216160110613
0.9923500132739668 0.7029649572544642
1.8009931252436413
-0.9476333924720097 -0.8892081603162816
0.3433811878014037
0.9091941967735394 -0.8146459184115646
3.7145995979614495
0.8362129561143707 0.6382900764328322
2.9698305655717734
-0.48927561844038003 0.00338218285359676
2.45111304569986
-0.8976787605341416 -0.40777534419298866
0.234997765138802
-0.4468731971386774 0.7144647022697027
1.4435292955117136
-0.2815261063204298 0.7776132959148505
1.6042527636667883
-0.7286067104235965 0.9736845347543182
0.6608272962377528
0.1985294182459444 -0.9370781293687218
0.6825054936197592
---
7000
83
0.44869763752732195 0.6006314297820997
4.236178108340709
0.42433152619772047 0.5776078128847212
6.186557950519307
-0.609126266230309 -0.334835548400538
5.569052591743322
-0.10925961038401293 -0.8971064506387327
3.888625813519269
0.7107795294541874 0.1438030785532855
3.2885543704298055
0.13528173169605318 -0.58589295491391
0.5995058260169035
-0.9597842298647261 0.44750648748779376
2.9958112115400617
-0.6745348365435975 -0.3925615110648235
2.092565501973316
-0.3915926896439211 -0.9333344800318542
4.426878378928508
-0.7974356200289743 -0.7070731443805596
5.2086385264265145
-0.3353677890664693 0.8861638303244023
5.857992647571528
---
8000
85
0.2907768185371995 -0.777856762829875
2.1513665722102773
0.1837785474668145 -0.9752428425750188
1.0407763310550102
-0.3739737617911418 -0.6444542549661574
5.65295827258809
0.1446197661904061 0.8105411531857564
3.0788042994730844
0.3019001498066421 -0.770376912186057
3.3969199103993795
0.17451841770618323 0.5095707310383392
2.9604572637133186
0.10648533935476835 0.1491706201519089
1.5986528057426312
-0.03595350723475829 -0.7738053989424076
0.8274824181922877
-0.1538048229281646 -0.35815744866657556
0.30777912532636353
0.6214099047958597 0.6405259530226244
5.262229883016005
0.5123192600415899 0.41917827596125457
2.5058679519944818
---
9000
84
-0.02489402152882872 -0.5933871015301052
5.774034005326223
-0.16776449166540947 -0.90255820633939
3.0552206675536864
0.40480304676204504 -0.8313635151596575
2.7557811776966323
0.05551523515614451 -0.5355339461721996
3.8240808864526157
-0.7553681983824487 -0.41820683106469003
2.5748356073558014
0.03131679875915956 0.48285341058786785
5.3949765634675755
-0.012636610767311526 -0.6061290328723268
4.6671167781933
-0.6251358090951372 0.6600662043617742
5.6166390545836435
-0.2127778297242126 -0.8484951039452413
1.3474883579196817
0.5884455513865305 -0.977714496252454
4.77036468880437
-0.2516850923037383 -0.7941606775232569
2.251923747476149
---
10000
80
0.48381340843970577 0.41899787975597336
1.1575938683016291
0.48274579929651495 0.5035759629955925
0.0948919203831684
-0.4867843501472789 -0.32136956039574793
0.6911098914600915
0.6337367333543031 -0.0904853264739081
6.095903131151919
-0.9234871584657923 0.4551129046770747
0.7289092331016613
-0.7663277674662784 0.46574175647087324
3.728402272096952
-0.04112536543203761 0.4076278643548765
2.953474198510409
-0.05662834454475313 -0.3816818858346055
1.319302909811566
-0.4143681588655335 0.5973141536452269
1.728661414648542
-0.04352922227608268 0.15949657752843455
2.3434128140668173
0.13179246417833232 -0.10629788869915043
6.24827662539768
---
11000
83
-0.8398567711203367 0.8735612345026635
6.232349072774009
-0.8751069834651856 0.4462745945428492
3.122025782982572
-0.05928018375849964 0.6829917500630999
5.546731373981683
-0.9383974229347002 0.1896669048526366
1.5653191533665183
-0.5837502115234828 -0.02321164378625836
0.4340706965604335
-0.8608790026248004 0.052711946261040005
0.6132002844527937
0.5792732004084417 -0.28200928440749784
5.0490677212266215
-0.15074866943410822 -0.7591525276979052
3.149700929480515
-0.32242535964030106 -0.06254428388520655
0.6694496768956215
-0.002144218499921184 -0.2184974107553369
1.0817913863551345
0.5803024597112884 0.3796838186666423
0.12400919156816226
---
12000
81
-0.5317014348024955 0.1376121398020704
4.643882195650331
0.4790022304713771 -0.9580762858310979
0.8161174324239662
-0.9452564079811016 -0.7958359772035579
4.635657032145298
0.1520716398313913 -0.9517307142790532
3.5595405215819933
-0.7678306875398582 0.7382320467230048
4.102426188247617
-0.984183132752136 -0.007355462585611497
4.807149587016234
-0.3281012619634618 -0.5491782641399312
1.3833825045720358
-0.29359922348102 -0.966162946331051
4.035387614461198
0.039025606060300595 0.8396289668161196
6.2079198765148345
-0.16117577642787898 0.8102370001448969
4.7964893927609324
0.3912428495136082 -0.8841562741988013
2.1757297244876748
---
13000
77
-0.44899260065745905 0.342069773384671
1.7443331329130187
-0.6080452965064301 0.38937596429076726
3.6996478259162684
0.9356671057284565 -0.31268179801038215
4.378515907763495
-0.5019387090829284 0.3685747765049871
6.281404008557452
0.7338593331032736 -0.7045121172486579
6.148852355766786
0.819038580661343 -0.21967181915471456
2.7547901506171364
-0.6487581008092826 -0.9733014184436672
4.547576816236517
0.3825247501608841 -0.4352282420529866
3.854715385860527
-0.005951191906468364 0.2263290693776785
3.402992164992641
0.7379816954920516 -0.8768464326029599
5.949796728431567
-0.19377769064337932 -0.126056188194733
4.929494543983254
---
14000
75
0.6560032541359619 -0.4241565473763709
4.161199295989208
-0.5663549328793945 -0.6200182843382795
3.2056965758207694
-0.5651796885995843 0.09924694245024773
1.588442434854108
-0.1263017021478076 -0.5625208083303472
2.247137471000241
-0.002917938919206303 -0.05275309567707841
2.737407676436823
-0.17228339516626076 0.830199308302153
2.9492713876897305
0.7812473225584551 -0.312461355522059
5.125435115725211
0.7073016202359877 0.7184368587437867
3.5186342851930172
0.7291782744614126 0.9097786053877229
3.5575568946747076
-0.853536306553569 0.7165542214142133
3.6070554938121644
-0.08043608697782156 -0.5559414623122259
6.069133467228612
---
15000
76
0.31363704020978433 0.8386369483520055
4.9284298610333765
-0.26662487235499027 0.34022145346421373
4.778984493766491
-0.017238513975199973 0.27437354207841425
4.3402329177962695
0.09080484239675916 0.14301471790305634
4.87337802286011
0.7457358788400142 0.6400495250097954
6.156048041513127
0.22714210524222653 -0.9136566374139585
5.435056336273617
-0.28022286282129294 0.6713421633146657
2.8138408049840997
-0.6800558630588477 -0.23827086601268788
5.996608652168472
-0.26657484426981065 -0.991547677093444
4.469559955805157
0.8321844684455777 -0.7760268040390627
4.192012067644667
0.17214780491695852 -0.5334003613014732
1.8516492763296188
---
16000
83
0.8683459600980893 0.3950785740944741
1.1995581788568441
0.8785005115715052 -0.022215707378132884
5.458466723011233
-0.7089906218222204 0.23272670663158573
3.283963158364463
0.8545473990417076 -0.4765176208344466
4.976892883823966
0.5498180013593972 -0.10066239646190725
0.037531589816200084
-0.5793891820809846 -0.07386817057946463
1.6728244811747064
0.6300951145119477 -0.697812981838308
3.8626098563769236
-0.8032281903569298 -0.3404241792407524
1.5656146656297896
-0.041170587715392615 0.8211931796968743
1.6961420423881783
0.9481761297553843 0.9967062311943977
3.6156832279109308
-0.998593796593932 -0.47029649076156027
2.5199091320623377
---
17000
82
0.35640220175220033 0.8117281651156014
3.1037766830770157
0.7707852104660151 0.40570897717104043
3.272638434276085
-0.3076850299403042 -0.13552566162378196
3.13817884082627
0.3921205657532428 0.253337972702636
4.913422972409733
-0.19434671015522378 0.7578385657006889
1.689308574123113
-0.3501917167681872 0.5702789633529604
4.291641819243259
-0.003121498362426485 0.7745203320503232
3.3518905896540137
0.6599405050259799 0.15061648376491718
0.5011735611534904
-0.9395157672805415 -0.019468792592989143
3.993273511271922
0.13865841279362384 0.39420515597962225
2.50069793249137
0.28304746428505506 -0.09377463267819044
4.637955590084506
---
18000
73
-0.40894162401869205 -0.8396090650649364
1.3635948541399836
0.21186843282864923 -0.8084301100945117
3.069412490214307
-0.5765473923864382 0.7322443110575971
6.151582913226871
0.5130399305153849 0.9182729098678353
3.7391073652890707
0.2934630159455428 0.49827355572461035
3.0210016739586987
-0.8636731448565237 -0.237937030606451
1.7262848629043805
0.20724486126144437 -0.18233205013746037
5.9566896857173
-0.5938336614974312 -0.4203006527309363
6.098228235925896
0.3366896504542771 0.31295597798695024
0.9330580763011103
0.5065167062325086 0.2630061374408237
2.4712817920733032
0.37490438837591855 0.2905060809629344
3.8342878907789952
---
19000
82
-0.30949399410449385 -0.4088138804979906
5.3764931856307205
-0.3806995727844379 -0.7263109755201372
5.345583401020901
0.11537478602308851 -0.9263364729796324
2.681141994924018
0.5398787080694144 0.9398163522267737
5.718233753712489
-0.300878977958962 0.948993688979878
5.213787735140456
-0.16831494005141906 -0.9965047141842067
6.0044232977879055
0.8290295658598119 0.10534823755519537
4.089099470424949
0.9408115198477449 0.7827257383137436
4.9715719519043065
-0.3380325883251857 -0.9672088318755067
4.145520095739288
-0.022560663712537798 0.3529101735085856
2.512399921051683
-0.1358746466268954 -0.5360063449668238
2.9901228037044767
---
20000
73
-0.37501925954856513 0.6870350836690774
2.505852010481152
-0.36457152279925126 0.2621844147729586
3.2770181179554214
-0.7957085880937356 0.5824675175242041
0.7605009708693933
0.07750087279228661 0.8665810764616707
5.885878681887823
0.5867516254570184 0.039122289894219356
2.632290148403225
-0.023007762790252934 -0.09336507061035712
0.27564965264243746
0.15353534179334927 -0.635668891274742
2.8869383856757462
0.8545469758339935 -0.9232292859650267
2.4796670799334306
-0.4125685544381949 0.5468328371576459
1.7044151637038434
-0.480541697227962 -0.16409286785976251
2.6084799579710625
-0.022907359770025726 -0.31458626194762335
4.8693912389121445
---
21000
70
0.7895095256510754 -0.4457779388221426
4.503956250968306
-0.9985165599180018 -0.8311138080956775
3.4809778253294583
0.3729925083011925 -0.698233434883961
1.6973290103771905
0.7610999399561944 0.48728322354656
0.5733980750855503
-0.4230891561390969 -0.2479743595887619
1.6030138997271566
-0.39924508915679574 -0.7166869804261372
4.809857755027742
-0.46680257637932937 0.8310725740212527
4.760547656682339
-0.3126383370595568 -0.45012452688812704
3.2698689284292577
-0.6724063271282353 0.6252346740219701
1.7194255333205337
-0.7862915573727908 -0.7682818161334872
2.7334252532410854
0.5548992513033288 0.17896412599091321
0.839262142238824
---
22000
76
0.31160669584621364 -0.5788923504155553
2.3190308288253623
0.3338648572991744 -0.7118537726879076
1.5224839393305896
-0.5841623689512218 -0.2708130554630553
2.5031993874940888
-0.6249573978954844 -0.23834494422931798
2.18065439341267
-0.02933369423962589 -0.09554969896877291
2.6007277212184174
0.9610343129277521 0.8580516838739369
-1.7765697550332107
0.8090199484510423 0.8826324490173159
3.562975040609385
0.2980645385203615 -0.022472497066857607
0.3756366059574292
0.28671949735072183 -0.6375311969360851
1.1122214322484973
-0.48546176119348267 -0.7307671956151723
1.825904659632644
0.4767387361329408 -0.31417567606243796
2.0379764297336393
---
23000
83
0.2272943398887045 -0.5710526678100212
1.9951138919360707
0.12723523198775916 -0.8359585355573041
4.32086923109289
-0.6553277649306398 0.6572288011015375
0.37634717566596976
0.2874456817300012 -0.006631400593317131
0.7711393460579261
-0.6073764932420223 -0.8014103247405113
1.5919255011742885
-0.29692681369174667 0.4792125261076261
4.524946436834863
-0.13854766672267124 0.976675126293113
1.8297691606097901
0.5367906284842898 0.25708655405422387
0.36814319506794657
0.8333400812812296 0.20275004904749577
1.4638656616386152
-0.8684884309911024 0.04054996178734581
3.2549822092087455
0.4060159442793922 0.4993365241729308
5.999649615013273
---
24000
70
0.3612496818663299 -0.6191405427580036
4.759547658347561
0.3079424748238118 -0.5372189495348532
4.9147766753772
0.015026041605550208 -0.6305319124358205
6.023063609291856
-0.05104157459715882 0.007419072505091752
3.377343410452645
-0.04733201962024633 0.7681645391074974
0.2777050621178221
-0.9327013756510989 -0.5813066002632881
3.486208029186768
-0.06484039856447382 0.9281485652672249
3.586102641544472
-0.5204853791233361 -0.6144067794736203
2.9791622280327514
-0.35721668963336417 -0.48655994322235163
0.8734984576981049
0.5358132888334184 -0.9033844863435355
1.4233620965772467
0.9573540951256364 -0.14526734007911932
5.011318445889002
---
25000
81
-0.6271467974013281 -0.880648446171514
1.791683413322782
0.6319417215074253 0.36759188369671375
1.2885596100912373
-0.26814471111805466 -0.26054903452998696
2.7884863885452527
-0.7066374268966583 -0.7231776385806867
0.6099182689076681
-0.31139306544948 0.2764188963626894
5.727136057462493
0.43039691889536147 0.7262924864325171
0.30552321494432544
-0.42376355744012495 0.7019862196598972
2.313400176791432
-0.3277242191614481 -0.26681106374352037
1.8041149418608757
0.9303901917426789 -0.9364765232356311
4.273050120962488
0.4033071184704937 -0.8330762064152364
0.5195602029172353
-0.2127387238778618 -0.6573734839167824
0.572050636500629
---
26000
83
-0.5749350732298324 0.5192276883404622
2.4178736797009055
-0.3577767564390458 -0.11388356059327208
5.108458380053129
0.6936251039534846 -0.6339077904015076
5.650836986293632
-0.09707833755482913 -0.06444059495458038
3.822735994320899
0.010696578772596822 -0.087469968190092
4.4982351087431045
-0.049928626549800625 -0.33824767143764223
1.7752335938719304
0.49862377954874143 0.5131678628648186
1.2684684282573357
0.8960763873789657 0.27894879261574124
1.1491744938501833
-0.8453990821655223 0.25227954370421385
1.2639607663175951
0.5151221923872853 -0.2703648245306019
3.1265194123173936
-0.179399707171296 0.04173176562712054
3.2421829555476576
---
27000
75
0.013024973012677379 -0.04502204241974563
3.471453470777884
0.43480885769742833 0.09067287945810398
1.3084990196256916
0.8909569739670125 0.8313581460500398
2.188764315248738
-0.00311414951138856 0.6894471581850065
2.4528630538416074
0.9818230369982581 0.3807097123446446
0.1271058267565488
0.9922247096411778 -0.8878836789249336
3.5278176654195113
-0.8131573070472448 0.74450611829585
0.8855797623362687
0.9773934868844738 0.5090379463623211
2.530162487678364
0.7046158598284324 -0.5832236347603732
1.1267348822443655
0.8691930382804592 -0.9602396321360862
1.3301234040169057
0.538668935266745 -0.28118661544054924
5.352314252525595
---
28000
82
0.21467041526046893 -0.7348246151160853
5.800773211425968
-0.8240517583566671 0.716351293893114
2.251363884513541
0.38657740252019146 -0.1225178544617847
0.9699671410202839
-0.3844920465174528 -0.23026712871760754
0.9557632125940634
0.22865410201114272 -0.6670960004086239
3.6192566782004185
-0.9002294390634182 -0.9463753330826213
3.6693751760765627
-0.06257941238528461 -0.6782304877809524
0.7596294790019051
-0.9837930415610476 -0.808596980479102
0.16768468633994527
0.7309120579611609 -0.4526317817873544
2.761938205706448
-0.9491842188376407 -0.45355437124190373
1.0305242250048563
0.21985277245947774 -0.9838738017152895
1.5496159378016152
---
29000
73
-0.27739301462777816 -0.2838280247865253
0.49570519112884953
-0.44937649421424103 -0.4848379794538526
3.203939554412872
-0.8959451108660594 -0.624027612487233
1.8117067819973034
0.7439293146560977 -0.24788917851630662
0.8277982263449957
-0.637375160707582 0.07337196438220042
5.985508329710198
0.05198248609826085 -0.8703811354437226
4.226046132940977
-0.8834921427900231 -0.8113401337628495
0.24416314175338982
-0.07928264220290936 -0.30530165169579
3.842218985463484
0.20416306071438342 -0.4766344475257621
1.326128559229737
-0.7741272387789163 0.6548479855495187
5.959899935274345
-0.22737744597437967 0.33997475154305373
0.8207563400643343
---
30000
79
0.5175462709890537 0.7888351612835978
5.878712627324819
0.5831295966809643 0.798666243325756
1.4240264945334973
0.21003956417965566 0.45632930250050435
2.383349294009273
0.3192441289012913 0.10755447860486599
3.9254457140993724
-0.22627658897745226 0.6226102769623834
1.6927374870801586
-0.5915818792760087 -0.6345654860241197
3.5230578248845097
-0.9738666379010414 0.5140827931534855
5.363161042891437
-0.5395324530169422 0.04317565162566592
1.4366418343454637
0.3753377406614384 0.05910917614541386
0.8681489338817894
0.5476249107747618 0.7959130730392636
0.12951774397601534
-0.301428506792909 -0.8665053549415939
5.2427051510870095
---
31000
80
-0.20739660699256032 0.08975641768406485
0.5411190094642752
0.9149865236389751 0.8782379333656087
0.3706123571132238
-0.8772405912482353 -0.08327073743949798
2.2614142633686836
0.6382060400228433 -0.5107617003861481
1.1515145117350523
0.9337359659922927 0.39629197780422687
1.6077963100999781
-0.4539854989172075 -0.28977084710667456
3.924195762594559
0.0073555674183219365 -0.005398331042130881
5.3197953411605905
-0.486689921393583 0.1429478820097006
5.023989942072026
0.5468366852336441 -0.6192891260403859
6.049092804243609
-0.7863036857923398 0.08290677456392068
5.924654334599924
0.7396806510330418 0.1329149932262877
1.4569299212235682
---
32000
76
-0.4474839362479385 0.08466736077229628
5.317065318477498
-0.4814733200385802 0.09189955595986833
2.503754091470494
-0.9224750637934522 -0.23496699060737708
3.272949649579787
-0.7903225196111967 0.6600687243165999
6.127085922521695
-0.7597391002030253 0.1834942396575353
5.905344449917125
0.7848367937904336 -0.7447021364499735
5.2610079894414445
0.8949292111665469 0.9986780646821634
4.881003413158218
0.03160442236045319 0.13622666743614695
6.254409013589148
-0.41433861953753437 -0.7123508021597659
0.22022602374740785
0.9209920143599452 0.1970331299758729
0.9734799321306067
-0.5781396470542668 0.5751119709254591
-0.5779666680748656
---
33000
78
-0.8644238707590788 0.9080015242006578
0.6946915741885814
0.6571873800047787 0.3837641025272997
0.9071327539938894
0.1440467484746526 0.37877954190748514
5.903047857672688
-0.6401810903009724 -0.6611457641455043
5.811773491631557
0.6955557799787447 0.18883540912403518
4.4810298255077985
-0.3774689470584054 0.4071135082695808
5.258518034505954
-0.46349864583639344 0.05011334657773127
3.2741297466734007
-0.8067619205166128 -0.492008123600606
0.40015198159159127
0.02285110961886129 -0.6993712271600148
5.566567416062834
0.6452093003185506 -0.9557410777804399
1.5797692576938376
-0.7915402977791275 0.11234174073407817
3.0954931677155466
---
34000
77
0.7951826764371218 0.7295579866258174
4.1177072332141575
-0.8459758194593396 0.15332149373986115
2.075066188051779
0.04682306950653449 -0.8534903283337941
2.5538708657536553
-0.42582075606625547 -0.5920013410577455
1.6934362284661395
-0.381569485319257 -0.9853996502455115
3.636252623427368
0.22975104327284762 0.7208504675678266
-2.628481003312898
-0.22625052596072726 0.8015454517471822
3.6158658831756183
-0.5928227917340172 -0.1558089028552736
6.183575897088785
-0.9278986303210555 -0.40694141960202046
3.594198109227494
0.7552069209253938 0.9873324724932684
5.476246092329801
-0.5326632921040693 -0.20128912547002017
2.0111668029364154
---
35000
85
0.048697902928912594 0.9512335726506487
4.527666921100962
-0.11923166831209402 0.9269610136834175
3.855929491751973
-0.05616730012429487 0.3734175345613432
0.6967663137906976
-0.8999016123457937 -0.3635380514680375
2.7520824787875027
0.36876900080573166 0.8725935169445812
1.7626016426291358
-0.9853188396343989 0.43868679718528175
3.1305184911672166
0.3468265560638243 -0.9957235025819827
3.451168527161058
-0.6699662426292003 -0.2645712813621518
2.2923917830543994
-0.4775617225536023 -0.7014499359516836
4.793507842669103
-0.7397687333139997 -0.7019243090083476
5.9644067996155075
0.30048200592424834 0.9587543489743916
1.8472643990948336
---
36000
78
0.29104259576211233 -0.6032469916673797
1.555374513057393
0.3247167447114009 -0.3974756374008257
2.715080888387127
-0.20265252875029954 -0.5760524757630723
3.8941527083540786
-0.42085853770934123 -0.582692597264677
2.6354829876995858
0.37448179199527626 -0.269466344093915
5.521961977262491
0.5693277395323971 -0.6981539782208718
5.122884898662497
0.2784885679704325 0.9171978879085099
5.683326931321029
-0.10249183673813042 0.7146048899075546
1.1905008928035432
0.7085681759234853 0.4248375942717544
4.444163388155445
-0.045053357003632326 -0.8439232113746495
3.566913858135316
0.4424010962124451 -0.5728215931561685
6.248779599356391
---
37000
77
0.36790820516599776 -0.9122605276652876
3.7902999533297574
0.3554065983652028 -0.7437498433843129
3.5374647102498153
-0.7062450455353254 -0.9618278016881078
1.4345708746834251
-0.9118161674931033 -0.43942514944528394
1.0407249037051765
0.44016473978640064 0.48899368605981336
2.7303867860213655
0.6288232948882123 -0.44173730395430505
3.287199939556314
0.19954871987978612 -0.5969893798796769
4.148108225941879
0.4778034021951693 -0.430256866930113
4.775102143773233
-0.1944377524519223 0.4304182841513371
1.9230543859127955
0.7010619677751835 0.887100819003261
2.5935443787132435
-0.9809018247840549 -0.7999964698131816
5.751198240241894
---
38000
78
0.595465259794848 -0.26324546997645026
3.2074680535973914
0.6901307807782086 -0.28006031806403603
2.7861923981287617
-0.956458156872248 -0.4452898543025957
2.0610011668141297
0.8761116070334851 -0.6362467972512325
2.218727480362775
-0.701297371628711 -0.22818492523482137
1.7528663397681674
0.15608122737438307 -0.7764255096251927
2.4812935959632494
0.11230615406715794 0.6233629120630029
4.531285637633781
0.7160534173288935 0.44973054844993526
2.1076676741140714
-0.5246772160662139 -0.9890144593451291
3.036785175212275
0.3537613708042651 0.8881418650882562
2.0133481373137885
-0.84455661837232 0.5449505174779057
3.2638879580460722
---
39000
83
0.6539062924454035 -0.9723275183369129
0.6688441478173942
0.3815261895918556 0.8676893135770336
3.5745340549117746
0.5980039415921831 0.7026326583286916
0.793287297463964
-0.7079321759187741 -0.6285328265021237
0.37261844116509657
-0.9929348022374822 -0.021770518085794117
0.2972050534128927
0.20159597593260042 -0.18895192416336967
2.585581321375953
0.753131922300314 -0.47538776614131445
2.2105508024923894
0.5296504746019675 0.20059265787952169
1.2753154646784282
0.6091310702646754 0.4504782848113702
0.3503321940459676
-0.8491599845910551 0.7665623916221216
3.7833036469334846
-0.5446434811363394 -0.8700700543719242
1.9234576647610488
---
40000
77
0.7008798322664836 -0.006840894489106061
3.1031966323562044
0.4101521180756407 -0.23771191976498146
0.9203373698336144
0.3647296020895064 0.05676751118920598
3.8036034646026895
-0.2346732729800337 0.3788869206716735
4.405752177916398
-0.9539509240299412 -0.8086033516017728
3.9255733475427004
-0.48257286050164777 0.9328421249127482
5.1535512022490915
-0.9061904365921583 0.6745462381036639
4.357937365349061
0.8112818891000593 0.22934449785853772
6.24743097524788
0.6707992526537089 -0.32967415830870483
6.156672812618959
0.943342872357942 0.5428551465240194
2.9044847293768914
-0.25019922042182596 -0.7045653258373121
1.7432184918457052
---
41000
68
-0.3468517084137566 0.6120569885807376
4.617154436472868
0.7515412910113676 -0.4990869945765788
3.7359782914642077
-0.3649304777191598 -0.49532091791685157
4.788225784589226
0.5143867794697329 -0.13654696502824132
4.009103840846686
-0.09397816439266068 -0.6289343502895213
0.11550988826092379
0.8452813508628642 0.7218738853611436
5.868606002155657
-0.13682156764438796 0.7986030426905708
4.541611162780272
0.5471050237246055 -0.09960357429070223
0.1914491628681949
-0.5367502866921862 -0.09516622275089626
2.9643917681729914
0.017898684074360963 0.14796477722902995
5.31050578303919
0.414201302890528 -0.46077352233260915
5.30243722497299
---
42000
81
0.40615720142450895 0.02150607236054064
0.7689851697200979
0.6862049163807369 0.24709958714253338
4.764938688637616
0.36746960791897487 -0.847734228869104
2.214430203597227
0.033808689253356616 0.5678228233854171
4.783026665885529
0.7255793638983331 0.2585853928455651
2.510442283506724
0.647937700331714 0.7141363963770138
4.7309803740314855
0.499718064603187 0.10300809301059818
0.23162422826677886
-0.5143302426420501 0.8951098875092789
5.986461084873227
0.684749173644319 0.8457359367482008
5.561024319434179
0.8930498092119975 -0.8787708657175525
3.620063845505494
0.5393397917010702 -0.36348316097432387
6.076352406759723
---
43000
75
-0.1299388540655278 0.010272654373662198
3.044292434610416
-0.036418943942289644 0.10808615178170594
4.781251609808143
-0.14279529890425055 -0.22306231815882197
5.473041108988879
0.8405382147447386 -0.4754674155251331
1.7710056686359832
-0.9760947176835691 -0.27345659998805083
2.030352507959984
0.40505151777858195 -0.09564563884727374
6.096156717662139
-0.48526108627577 -0.4926039765436027
0.2570038369780683
-0.16482086311183072 -0.6887961743074726
3.953705314126603
-0.5218375680139224 0.7318569524845979
4.535146101746651
0.7161972194293855 0.021902065273225385
4.709791104737965
0.26245098793048927 0.5247976014582312
1.5981319995537617
---
44000
86
0.6824687262373916 0.7285308648268445
1.304977120073806
0.7401515222847672 0.15259809471626304
5.538065518272151
-0.8052507623164565 0.13003811944732652
4.194938133623361
-0.8107473680517665 0.365355126198911
2.021586041902694
-0.14438138234601158 -0.3552578939609134
4.9128524604351
-0.9726143194452509 0.21438884156088556
3.09919149978355
-0.2143423795596523 0.23640923976328024
4.377643609377519
-0.32525643070037824 0.7397728641661201
5.288775974584103
-0.58229179019444 -0.9447804180119714
1.8904032896307843
0.3692632891122688 0.1348985557102012
4.768667473255371
-0.3307297041355889 -0.20876121723511804
1.0527174472219327
---
45000
83
0.8650651589197891 -0.6687443220137554
2.1235697996321585
0.45227357473672075 -0.8407862960952122
3.8141042305626183
0.7245897015100777 -0.4810378770747003
1.6226271369177345
0.20116047074396798 0.0775410795738968
0.612015542879635
-0.897597149278446 -0.46523567536618915
3.1833529878802054
-0.6148338491256564 0.40228010284678123
5.216038146020988
-0.27297276053123304 0.9903374623626044
0.17206585760352588
-0.775009431050695 -0.07663929731777851
2.7611331859031862
0.6499698160730545 -0.6151041315319304
1.944862103030986
-0.8071656325461721 0.054857899814561795
3.4171104058505053
-0.720968960930105 0.5910956308714299
6.044162563579486
---
46000
93
0.044937542157879755 -0.48843429580610037
1.3456942349753593
-0.33456255265123486 0.9209237858182996
0.9176859753042281
-0.9671370976643267 0.5071202786252647
0.5791953270061692
0.6053954420168026 0.5557349290698637
5.860570437225156
0.88103913707726 0.5924940303976989
2.071793679092532
-0.7518682869932177 -0.4302209682235845
6.218067445987274
-0.23232724028090165 0.33318795753015357
3.7425483349313975
-0.2332520617686885 0.5068453065568284
0.24127180512567437
-0.8988240831289842 -0.5325125931383927
1.7133970470075663
-0.13573645014740632 -0.6417766116696867
1.0527075014351774
-0.579582070980014 -0.5031035925032652
1.5405843835172974
---
47000
85
0.9308859762457662 -0.9291574187277993
3.77108888819179
-0.33208314582526866 -0.46082092607307934
4.160003478827526
0.4288910099790543 0.4452247811664502
1.0999782643954692
-0.750450143455276 0.5465134474597116
0.08996460337146672
-0.4287263045146782 0.9947107690063479
3.041317627866156
0.4194213341170522 -0.26480782623446913
4.1398672896194535
0.3908496670000771 -0.8355252509732456
2.702855918212979
-0.265319019822955 -0.005568580720582264
5.612673901352773
-0.8413310353432186 0.032944885284921656
3.5726458775924437
0.9131215531475032 0.9262511605504008
0.9504471519592528
-0.541589870179132 -0.27968145794561267
6.20103356756838
---
48000
89
0.7191419005088088 -0.6409709670944659
2.41218058375859
-0.9929171771555101 -0.1619352752025105
3.6676421587439636
0.09609671571980546 0.8670204960722037
4.645261879667817
-0.9184966704675671 0.8570539683221542
6.13172114236603
-0.7877470947924867 0.8925780873054489
3.5404265125217904
-0.9352973588460346 -0.808801786748623
1.1912640861980313
0.45884412635888905 0.32383743593058456
5.564440411329229
-0.038691684130675474 0.5099339239735478
2.32182806150324
-0.6416976189275605 -0.7970680686980485
2.8735305169616066
-0.44850137521524697 0.7563649425855817
2.463856639390963
0.4284260871795314 -0.627297400403082
3.2191972196966736
---
49000
78
-0.7076993903942287 0.15730568202926698
3.158532534165841
-0.3044824699770116 0.047391689480338124
3.396863369200716
-0.1475885305621416 0.9581456789063203
5.763711935560303
0.5375712775405822 -0.5633304876378296
4.569215815773788
0.3929320269461622 -0.41815543541806105
5.028966294523123
0.4211007323151395 -0.863941699918582
3.0060685771790636
0.10183910549940628 -0.9967903158594789
4.315442545305076
0.5007723340271497 0.517202602708851
1.081853874592217
0.23816743589779854 -0.25572923329843933
2.747745388115126
0.7921242150383153 -0.010545720004152982
2.0056222059472573
-0.59181459728382 0.43625206595156285
5.751226992745274
---
50000
81
0.11357486039775429 -0.912638406875107
3.580816583194255
0.15536741948873217 -0.7908688926724636
5.247738982406882
-0.9395848891202587 0.37689885397838485
2.1589047442580935
-0.24220802076725342 -0.13993144608865055
0.6701859090163529
-0.35336048532652803 -0.3698026155792105
1.2113503134176522
0.8111586313563627 -0.9313299344913545
0.368872159875151
-0.5985695808918514 -0.36901330024681966
4.536729194469044
-0.8158316847356637 0.6595471328777058
6.09052598224648
0.17358609511119988 0.6703719577091732
1.7415375720358313
0.3559041655307864 0.07031044117842486
0.3491861138022756
-0.05646496989313237 -0.2609024434274682
0.21490160104984213
---
51000
81
0.7901628049906824 -0.1269989507280888
1.840602790109657
-0.6333961826070265 -0.38264360615520526
1.0816101591472567
0.20467337730982232 -0.7411859204831046
1.0863063634538843
-0.7959849947883958 0.2134954218254537
5.396986046289512
0.7849663248500194 0.33819309209397336
2.737195909789805
0.2635327933095001 0.11647115809577362
0.060741252314637784
0.09412298368248953 -0.09731092381753942
2.77464175145027
-0.9757424097739931 -0.8944336103125875
0.25909500177751443
0.21855051975561113 0.48232394242262727
2.188926489007926
-0.8048125037475559 0.7270721396467562
0.7751738232278358
0.6625822592841408 0.8570495045668017
3.130852500747638
---
52000
91
0.8178244919539543 -0.9808291906808828
0.48216815200530894
-0.9678596928756926 0.7584781816637646
4.334881912165791
-0.6389763023528758 -0.07449945256473658
4.776002796691972
0.3841356778945617 0.38291986400416994
3.259552639910078
0.011002993158903664 0.29428388926336313
4.089987438888936
-0.01650753185502637 -0.767978606366654
0.4807636259655723
0.24513992891691094 -0.7078466611173595
0.4262408888591789
-0.4078392348129327 -0.9229812513677746
2.466638315535665
-0.9830631941082959 -0.5033427773865488
0.7433464747492149
0.5229448103858901 0.8636832736552627
5.077927508216158
0.49662293051235207 -0.586844522077136
1.1383435339550632
---
53000
84
0.35934308667588516 0.915295059680211
3.2278204778854436
0.34926668010973994 0.660949799945236
0.18221496825960326
0.5720438489240395 -0.3555676204107448
3.4684142976077172
0.9614011838063659 0.02450955166874881
3.7884742825313333
-0.009875051768024253 0.19929682935728593
1.433816914422919
0.4767908833728033 0.2531286805869319
3.944943816134801
0.01617612916492929 -0.7375038235903036
0.4851510738742788
0.9210326511955196 -0.6456396914954264
0.780253045327723
0.22313697291367232 -0.15580612233538887
1.720425373127041
0.27489426134747796 0.9749115708387915
3.932995892820947
0.9880863345589406 0.9604602428295856
4.288485733542091
---
54000
87
-0.34669205918674795 0.169428773074192
2.968980215567688
-0.24550950433758845 0.15608838913927878
3.0158573380795177
0.9436172502964953 0.3608346737364461
2.2831307137507046
0.13372256607897215 0.6358295760810783
0.3059498776114937
0.30651728059509037 -0.8319719697889866
0.916865752926709
0.3391838688390894 0.6769462342920656
4.841869599938726
-0.1242543574125074 0.5100174554870519
2.5063122289807414
-0.5973906861620808 0.419854172295109
2.6037787709665814
-0.9529782742980002 0.5806402421406299
3.7082660128513707
0.5755320869409726 0.3439199706790481
1.4469986278477132
-0.34204581801623934 0.7437744368461439
0.8350982152502731
---
55000
79
-0.8319699768221832 -0.44236940485514803
2.947007592335919
-0.7605726321514836 -0.5502782569355722
2.8943000127779355
-0.5411893460486891 0.7842856811553172
5.551866019118444
0.23549312915783904 0.41508849170391604
1.055868528538694
0.7180975626355275 0.974341756444429
4.9014735724125185
0.5752409559903968 -0.17665907851442242
4.492620302218704
0.6763196368735306 -0.11838913042976035
3.6604720296378375
0.9565012976662678 0.6282721169211553
4.315121426130673
0.05939509189784117 -0.668175679202552
1.4293731912828145
-0.4993947902553164 -0.4701476417483726
3.4958657801455555
0.4801400097384351 -0.9019819793315038
5.813550763433272
---
56000
82
0.47314226701808343 0.3430528196995485
2.814679626727994
0.4459452723178133 0.22879851429496717
1.6171122997097163
-0.7985660739057923 -0.7633608798494251
1.7472258301940293
-0.4336834182461812 -0.5693518670731685
3.957741000900195
-0.7501900220317035 -0.8554737844418803
0.16672255028317462
0.6509322573586507 -0.18121461474852502
3.113893342136291
0.41332538041452194 0.7576844778669456
0.9412190211394655
-0.7012949866031122 -0.4266524119955047
6.163169265459472
0.7210368550154247 0.05694198297219569
1.3610210187970155
-0.37882230779463044 0.07276334579156003
4.633847710742106
0.8278624228042982 -0.36899830861392136
4.451530250721579
---
57000
84
0.23003876101869142 0.434393101931862
6.205206987364981
0.1937881573332807 0.15381997364180597
1.1512605507649347
-0.15931879675487176 0.4130233192837564
2.1240305827650543
-0.328395862374958 0.7764002720991253
2.7480527812847706
-0.6594383361819816 -0.9514832919184397
2.4140693640742032
-0.05968843026816392 -0.38853409760335
5.44556148499402
0.770473573803194 0.20297365139581441
0.2659543937642779
-0.7066218726938034 -0.1807392295187398
2.9008802744703477
-0.8624918202099061 -0.7679515237772807
0.2774818555098033
0.11080224926903166 0.6787104155203855
2.764640695631132
0.01339363820301391 0.2286668129384431
3.8603284154144175
---
58000
86
0.0941307057575829 0.894237175049546
0.338473399912883
0.4365567199653746 0.4224228054433438
4.855548691373684
-0.16519581465585742 -0.07668553920598059
3.419099655570151
0.007568176268113954 -0.21178541174971519
5.409564453705165
-0.9606440371100917 0.013090642139258951
0.09063031359857199
-0.002673840391265319 -0.12275683543316811
1.470791654797618
0.9253905937557453 -0.551897241439434
2.6972271888398236
0.20415817181582133 0.5642965700692413
5.869366939166111
-0.9804672552896784 0.5065768507808106
4.4606272045688655
-0.08814851527580786 0.002434484589686533
1.5744402555614014
-0.5543156370337803 -0.4537660152490186
3.8218498198134103
---
59000
80
0.4003495419423603 -0.5072257552045969
5.629942323261148
0.2653195565585866 -0.8392620402298518
6.00487787411406
0.5066370445417159 -0.6785564885679141
3.971606295999681
-0.308661145163459 0.9177358779096803
2.3894173155647103
-0.21846685301049343 -0.36603037637031965
3.5367110170300595
0.5525393005932283 0.27924112231747666
1.9917036388774374
0.2663180171238127 -0.9149231883900885
0.10861894030236652
0.05024897306204157 -0.752829313771905
2.0719065720119527
-0.8657133287866301 -0.35084699456782864
4.6812417282907814
0.9716214912241881 0.08046196897762369
6.150286386081211
0.7336137959227672 -0.342473631579091
2.1226725876593786
---
60000
80
0.960410758188466 -0.7743929912309017
4.695461418566917
0.7540296452668853 -0.8056152828938272
4.95978851244849
-0.6884334609733229 0.0340749181112323
2.5611027910555624
0.7466671567345248 0.5773648614208912
4.554832632516965
0.5930737599945881 -0.41869579094992093
1.3390678084487018
-0.13219810374393948 -0.6095061810387563
5.122554430678967
0.8985860040441441 -0.49381983570953625
0.30572076954922167
0.05251014849453191 0.6556327714039254
1.3948749403616345
-0.3201738203695314 0.06834707831861937
0.5880968882890228
-0.47888247463141587 -0.8815591077403616
2.8427562081426387
-0.9505561947816992 -0.056477599186090216
3.0886205374565545
---
61000
78
0.7311866593872215 -0.13839523942754148
3.701628917329293
-0.4758357601562655 0.23763851400425764
2.117225597800984
0.6996934203056056 0.4679938691048197
3.143901955531181
0.4219211081986357 -0.22886953489759349
3.3341653344279365
0.8631179740592614 -0.17073661347957506
4.479573357437129
-0.4732751110695349 0.7341545829807401
1.3764517831425618
0.20134604312858476 -0.21204132548836271
4.504994936125878
-0.22920674546148123 -0.6996001949054486
5.069364640584828
0.12168138089102991 0.3138058318384447
1.5947158103960075
-0.4258791582694476 0.3800966837410775
5.245039986505096
-0.5189435823056171 0.5324616533887997
2.720786035936647
---
62000
75
0.5521465771230133 0.9876180909686105
4.599545028305584
0.5030564412461769 0.9252276917074244
3.3803949165509666
0.6827898181286117 0.679051171357543
1.6516317236176414
-0.9703940739482422 0.31997408082827816
2.2759456360670622
0.9384465936063345 0.5371977445961589
4.673319478319758
-0.7608968015007646 0.28225330543348776
4.199451646133104
-0.21983639745346029 0.8555336757553009
1.864746992852913
-0.20433321800304668 0.8251694966886378
0.4977122752281291
-0.028889078729427406 0.8636713478115325
3.2320357520954923
-0.07268155886479251 -0.5492634269659458
0.8611301965157123
-0.5350003378762277 0.2706095655457013
2.3506249182377443
---
63000
77
-0.3600330049513772 0.5328405343077305
5.635489965513163
-0.24043948622540454 0.5392976988732151
5.681429355897782
0.5172144471326331 -0.8012526588656228
2.3372515302189063
-0.06854068178882966 0.41782983888186986
3.4774560265137664
-0.9292865005924745 -0.5569806974739887
1.034878474040258
-0.776104182415136 0.21536944523872803
1.2318202650146368
-0.9933501588437945 -0.6942584190580127
2.9179048109320274
0.09807306720714468 0.6505906753382801
2.5042888517904167
-0.09446092052915997 0.8953866160786745
5.400035898584517
-0.0525716762524797 0.7450712868018217
6.14342348602859
-0.9831406494902798 0.8526313719931363
4.766391433242039
---
64000
73
0.497818986760985 0.34761554522854005
4.684522635735188
0.08368002877212032 -0.010242688172126578
6.255653002746005
-0.21345534976220346 -0.4845786100033267
3.8327319882393915
-0.6779921034049456 -0.102274508625876
3.965944711849513
-0.9372199638237945 0.24507434037898987
2.177479801487176
0.6971555139522537 0.22896673366894602
1.3064483811650636
0.7702468657420665 -0.36771029759389123
0.014440353028534636
-0.12246369831255036 0.5478419887913629
4.7071880270452295
0.7415049027322057 -0.7191730901372598
5.526291227528824
-0.2862245653565934 -0.19243969193082566
4.311124757751829
0.931698866778205 -0.9239770511996038
4.638449590464646
---
65000
102
0.19206491016260507 0.09014972282682843
0.41720934591495507
-0.02068273524745238 0.18631737189992947
2.8296909027435895
0.42594358300709734 0.042742901613936984
1.0348329704587105
-0.7151017481792635 -0.29450505966381585
4.186623281081336
-0.43689392535367544 -0.5696725071141424
3.4259867683115264
-0.8057123379482928 -0.5400710370153174
4.574537487858477
-0.3441259804557909 0.02454837716060284
1.0030083303708786
0.8633139121933966 -0.020141475609710253
0.28921969183942586
0.9970486753662655 0.5082319361911987
4.596256941933341
-0.7412425062658232 -0.29919081724468033
-1.6397975761268806
-0.9494212199977599 -0.11693681229390994
2.7508967861832305
---
66000
78
0.5085465035676318 -0.5644710474344924
6.0592107575191525
0.4590041363306568 -0.4727096712711914
6.176856493980987
0.2161070499319969 0.7020217183813471
1.4145984538930865
0.5319769661624908 -0.2928525211584197
2.453163613749055
0.07903279713549538 0.6722024087512035
2.1496206716150077
-0.8258936124818775 0.5852397478938572
5.938518672416849
-0.49745955531654856 0.5122557410960894
5.685056156091177
0.5437984683837834 -0.018878451878475887
1.4306674715195706
0.12102788735478032 -0.9991810984168539
4.15246346929618
-0.18867298976768665 0.2363819973103135
1.3729389517523938
-0.6408312951349823 -0.10151929616550466
1.9695201153676392
---
67000
77
0.5508957290621639 -0.35962179822027257
0.20307879369870274
0.7530104627097018 -0.6467473188717536
0.8736660754499113
-0.9471310542812295 0.9058656286777588
3.640487823575744
-0.5514495010062714 0.08432204934611859
2.9309491498099853
0.635079204555442 -0.4045039690682632
2.6792483863232475
0.6080716211953305 0.9692676708558504
4.059209035266685
-0.3918232175323289 -0.2048599700968523
5.535025347358177
0.5385760353580642 -0.48396599851565764
4.713168538237802
-0.5013767557915694 0.6901977058566628
6.157166551769695
-0.47213457180157037 -0.4435204793422712
2.768039048343339
-0.9507009973746663 0.05537499244090198
3.9957652681754157
---
68000
74
-0.8822703663730945 0.239074876528454
4.350988229432334
0.524816609290237 -0.29523901531633107
0.6845769665020107
0.1692197867849712 -0.6013000834190865
2.79939875909396
-0.8822851267082079 0.7979913419763437
5.138394154765372
-0.2198881566682857 0.6546991442083155
1.2152944979416311
-0.39941528805318005 -0.021195343273181778
4.009477771075962
-0.8727711653532697 -0.10153515545001514
0.045750315327345525
0.6312910525632963 -0.7382188606498855
5.056911860896425
0.35452312365147837 -0.04876418796688753
0.5190600549228028
0.5385392846128637 0.5830671629252931
0.7315803888487826
-0.29521200117004365 0.045016125438571294
4.214814002606895
---
69000
86
0.6062352435294246 -0.6560784792815454
5.236867126493877
0.6850704255329995 -0.5115753327384964
4.378890953098233
-0.1782084704191892 -0.18752824023693368
3.3077356933076567
0.7218828980103335 0.12609009651095882
4.7529214134044455
0.03163260255979107 -0.4365499406209613
1.6416408987798228
0.18102270580723367 0.048230490763411724
4.037156758925412
0.13968982004312763 -0.38892591904571144
3.510901114311511
0.15715276858694105 0.23946292088840532
3.004622460660181
-0.44746289725083666 0.6229262623507963
4.230126585934045
-0.015185505670483657 -0.12538142076520595
4.004307974800518
-0.3342110721475301 -0.23418133888999698
6.1453422284488
---
70000
76
0.9145559663719331 -0.7545867526862867
1.0617250133721927
-0.9388909276622799 -0.76730787476774
3.1198394188804244
-0.9098734885580972 0.07955182349154144
3.33881236184497
-0.8576480572095584 0.7493077668411661
6.175040058065146
0.904287910201327 -0.6664182726284115
4.30090137870697
0.20153716235201316 0.11660303931329727
4.337037770480906
0.3245084325484646 -0.023744447490517222
3.3993528618510114
-0.3880171774597364 0.2128106273379684
4.219108458714943
0.7070060142552704 -0.757160427967195
0.6052703960131538
0.799760566556236 0.5028141010397383
3.8228443481887258
-0.006794106221659574 -0.2325212801920457
3.717570090047025
---
71000
70
-0.8138231250172154 -0.2740882379527187
4.811757685367559
-0.8113640013255565 0.3816514961082271
4.511656150394262
0.6152074143853994 -0.18281755291083418
4.705952414465211
-0.8084407492119395 -0.5281563231605003
5.439887948259974
0.9629328045621925 -0.5435368507119629
0.32700331103132907
-0.13983044655171292 0.03678396967182551
5.493311499243782
-0.6700591592373459 0.4077010403927144
5.277474962309056
0.09060685385574306 0.20717160108287644
4.16361585844459
-0.7812838718666174 0.6620354419871598
4.2721265477990675
-0.9930662050177141 -0.04593600139110417
6.004007301465236
-0.5859994734778811 0.8268876546487582
0.8642400007533215
---
72000
81
0.7663823528689597 0.06510076199268433
5.969416318791079
0.8680563256301478 0.06800455118778427
4.228667921324729
-0.12142499983530575 -0.6775484703673745
3.968401850840321
-0.6463191317467339 0.11076449766280852
0.4318051104940226
-0.5508388731358278 0.599180838441189
1.5339583368300023
-0.5873364150223106 0.3356392216027474
1.2920669694259184
0.748812724715474 0.746283343854567
6.0460682300202375
0.7686624074804381 -0.44937752264557096
6.020350780540295
-0.7002477008421844 0.7421399173725637
0.21524389611808292
0.9541973402025409 -0.8378505264629301
5.7111071186712605
0.9408526375106754 0.12115724515389356
5.203880562326735
---
73000
75
-0.8924779403152016 0.29394399360429796
1.0204207178736988
0.8422342543218613 0.46282273255857637
4.7201953458981185
-0.20234722585254877 -0.027223941252941208
0.7546743719070337
0.6905414932097593 0.46643062473508135
5.055303746463895
-0.7530823571790569 0.3928767249212104
4.494009600774942
-0.8840457922744347 0.024227430515333746
0.9813304519151487
-0.08474960657466232 0.5569189955767342
0.4785319077334691
-0.33203598962535785 0.7660379687354645
0.46262727510652724
-0.18322298216052674 0.5991908099892653
5.0676200562618865
-0.8839418314475078 0.30158450263655073
3.6626151291262454
0.8921651232201351 0.8534534418868231
4.372360071883402
---
74000
82
-0.04789044264394644 -0.689713822089495
1.0318562281478725
0.6207096580468953 0.256887560467274
5.3954665359695095
-0.81428609704999 -0.6922772492303039
1.1424415173410702
-0.6455847284986994 0.39799931492751717
3.690968588939133
0.5343859579826749 -0.09932809324301628
4.330057995977227
0.04604721801542771 0.9269863163433872
1.2344647108502116
-0.47976983541698104 -0.975953915636401
1.2089598684757492
0.938416868251302 -0.46408315920783794
5.238187919031954
0.37221738350294054 0.767211228615566
1.9298176929760604
-0.25998779626503876 0.4075510196962678
3.652478928030927
0.9874106395904163 -0.7914524399896901
5.950659747081684
---
75000
80
-0.9215315229790935 -0.8286350346892778
5.108230023141687
0.9128841953585559 -0.963468969937061
6.179469517096512
-0.5280682181385408 0.5733790299414252
2.9713163929216027
0.4463107381886523 -0.19050953055958875
3.2290333802079507
-0.35019066471613397 -0.5419471260885963
0.4870361450980427
-0.6116397786190432 -0.03772894018879075
3.109824982240447
-0.3726949090740243 0.9934973928124315
5.323381280763018
0.05571244874560294 -0.7976678844291013
1.5082859638606756
-0.8119003823414573 0.5401124946667032
4.743386493073732
-0.7609152605596352 -0.5470162187473196
0.17519418565444855
-0.8195294956899233 -0.7874841389168049
1.2209985064647704
---
76000
75
0.3853072579828412 -0.2595078346886661
1.2472748899412263
-0.25137740791063407 -0.20944487800675118
5.8024015413531345
0.3721040811703034 0.3292040713240257
0.35841721671238336
-0.28973819849630456 0.16518695659152272
5.811214560786112
0.10311535353503803 0.7501388569670696
3.373932804809284
0.3338394926395351 0.5866748489341547
5.865799229269193
0.43498979179323977 -0.047060164716563185
2.2567839716280513
0.16659671353197236 -0.28295979575262586
2.12187627548629
-0.8643569874016489 0.28733479466887385
2.8556758799696063
-0.90620430158182 0.5013790325193356
0.190183168913987
0.7655807746133034 -0.42481717812601605
0.3075615302301964
---
77000
70
0.5870396702328641 0.9232386108809094
1.476370339535751
0.37482518595351705 -0.5626474734158571
6.2385765150979395
0.705337731947616 -0.8822233012322273
4.1294896402345795
0.32958533635002396 -0.21184811553979427
4.212176690356923
-0.3360633111117919 -0.9893895986387911
5.234305539017229
0.09805517970273443 0.6397987502548509
2.9401399693706436
0.2950335135673007 -0.3034694349835918
1.6054605818720633
-0.8656249955049906 0.7713677706545382
2.6493577259593692
-0.8874814161948988 0.9625150915643202
3.4941710371492727
-0.4403685074353755 -0.697644358154668
2.7953192583804194
0.2841421131129689 -0.28038652876300985
4.301310760820314
---
78000
75
-0.476575044713311 -0.10324477230676067
4.516204526925985
-0.7506139935166163 -0.021594046581698903
2.7726847812069257
0.5421627737122231 0.20232764162994984
2.9862377461158256
-0.3473108818106083 -0.10280782902164531
4.836544525685549
0.921264031144361 -0.5648622749724294
6.15269023411241
-0.16082377967558753 -0.7611549127203522
0.5917569451767077
0.5785552378889629 0.001453883080277052
4.9881467311299055
0.2532418349984389 0.9825671311189706
1.8287325181414822
0.34710628357730505 0.47119734256109164
0.21142819514726963
0.24700296064039878 0.263982661315349
5.395655036115753
-0.7207459739082509 -0.7956636098957497
3.323829984841195
---
79000
83
0.7501521573384727 -0.5454930953481301
2.0755391319007805
-0.5586254646169079 -0.7636335445983298
2.888541601952028
-0.232487758915901 0.7260636091366248
4.583423508525847
0.9446932779911713 0.1615017040241047
5.2973201816868345
0.7528847961183106 0.17636006569350757
3.3612931517927356
0.6698878110510951 -0.8018459429913034
4.87205678112309
0.4674928912558711 -0.4689966806454952
4.421168906110383
-0.8220547700724234 0.8029022431042988
2.7836464053952197
0.547430524375569 -0.27731053216162027
0.742955603621609
0.33842028760903514 0.2887410556203207
5.119882492778388
0.9950724902157111 0.48352482027001786
5.414801414053038
---
80000
63
0.6220008723381922 0.29880300420151634
0.6317857566721301
0.6634607035982424 0.26930703704210884
5.914061006941664
-0.118761455762138 -0.17274114240540342
2.3813438388860453
-0.6366410428348677 0.7654234398556177
3.519440195114699
-0.26026651485014873 0.43527746483246427
5.8362710578052805
0.16557188946702686 -0.9596836251875445
1.9780710837203346
-0.06111916971378635 -0.07713193978923648
1.1524350645001773
-0.03977322380823389 -0.7582109695482212
5.146152292502178
-0.40072879245221055 0.09355811699945286
3.3480903182741404
0.1855037263438638 -0.3371308783013632
1.8914132485740758
-0.25351400894973425 0.6500189041393074
1.9898360100287595
---
81000
69
0.9103308073229228 0.34572961896923354
2.619163250043278
-0.7506228948447925 0.04950569317808336
5.738833768094102
0.7511018791804136 0.5146642301231739
2.431172125031357
0.17860184000908869 -0.13415282455633507
0.38215363851211936
-0.05600909590751735 -0.6537520365343857
5.767677702819844
-0.781876322528456 -0.6382113333286511
0.9183364253470749
-0.741592838322453 0.17397198586466717
3.9977632692473337
-0.5353604217862941 0.008638398678232883
0.04724780144981189
-0.5166966194097462 -0.2004245565812741
0.38691316135993326
-0.6072508758314046 -0.9539515245624446
6.153183741784987
0.4988550157364556 0.04230617378100028
1.6678558454010215
---
82000
72
0.6330669255723934 -0.6959144527887502
2.5909341588098136
0.33693706300833504 -0.2167748743944669
2.797167295021489
0.7394812280312699 0.10146882199895897
1.2651748994155432
0.4619115272340263 0.8945894775516601
3.7559483610275004
-0.24965939959272487 0.8992491414378588
4.201995338676288
0.4381238265151794 0.04524619740922895
4.651963501212258
-0.3048425666991019 -0.5181923348593159
4.849720676588162
-0.7445127325597529 -0.7935834116049146
1.9460219965054275
0.9480963731304917 -0.39819597862524686
1.4853267622896453
-0.0980761956298481 0.8944671753251513
3.0496845555414867
-0.013697869893627765 -0.8085469947710993
1.2863104199709525
---
83000
72
-0.8921139674623569 -0.4955275382073312
4.58612013325242
-0.8911162574685164 -0.30114525230322664
2.7886086344433085
-0.48741446878038436 0.3003958384678814
5.504047016516829
0.03733641571722605 0.8119907993364835
4.046102537684649
0.6360332252610311 0.29791547787091277
2.8870930128087005
-0.9010538653739268 -0.6283756113780551
4.333375373899707
0.07427467635195434 -0.36745027411161785
1.3444290781677148
0.7545931216315949 -0.596037810985772
4.075694956143071
-0.32804476902290325 -0.8200894045999555
2.9098858334333144
-0.08748975739899079 -0.9261604884179221
0.39190261182376585
0.7657192062045763 -0.7965926340801563
2.3180521660538327
---
84000
86
0.9236781153731958 0.5380951472202998
1.606320549736319
0.8465024310506003 0.6394409533178936
5.2553058141113675
0.3640831731240699 -0.8521122760636196
4.9451501090914585
0.8766985402874278 -0.40911388984106584
4.698492155929012
-0.23090241151550298 0.8930596423188109
0.20902320382560635
0.4235245832212021 0.5501829358157295
1.9270983738643084
0.13480100792350289 0.06538566267950473
1.6244385865155966
0.5609884150677126 -0.34636157198768563
5.710989672674533
-0.9235754946975986 0.32010347745815587
0.492445437573485
0.6161066623293233 0.049134635639429325
2.17776429502658
0.19992678149158638 0.14251123830394746
2.9741743527742663
---
85000
83
-0.6152373202553109 0.8152631196633688
0.944894332129674
-0.4805612420993146 0.8485818245394778
3.378952546291729
-0.31767169368713266 -0.548171425839587
3.7989094335074602
0.49604931292548005 0.12650382871506155
0.9386920879936458
0.7308924022683317 -0.5359955633800176
1.973944638936083
-0.6253646368999645 0.6758564540948021
0.08327678900737823
-0.18043280423118718 0.4489276866126192
0.8294062151448109
-0.7024861233800637 -0.08098496449683201
2.69442792773995
0.5989410768520002 0.6841689958772145
2.2839096723544294
0.46238078329979926 0.061562560392656486
4.498142127243652
0.03531911395722104 0.6261072763215866
2.5549491012863133
---
86000
85
-0.8165037233602552 -0.8179991925809517
2.3363123579735126
-0.8728087261493145 -0.8040539184826965
4.207172540309975
-0.1867277429640536 -0.5171485753581467
4.332089792254924
-0.3028585426474814 0.3015061449582899
1.4999323537136728
-0.09767770144616045 0.573273501396104
2.9531940027066987
0.6832560860344858 0.46527443478330155
1.9571080364865736
0.6676325057484817 0.39018930959210507
5.41518867176213
-0.06957961283869281 0.6902667553377335
1.629551959308328
-0.027233564929699174 0.9481225563822834
2.732377643984381
0.06673139448780491 -0.11869308070513065
5.775470729033269
0.5236471375179182 0.896578575450546
0.26502369896510203
---
87000
76
0.3713747204372621 -0.5477224118580344
3.376348015515145
0.3772380932599823 -0.23719060940146272
6.0447676043214855
-0.7252408080371017 0.35661541667839913
0.24755085132510501
-0.909233636898615 0.912994727411539
0.3798728257930506
0.05026920891117567 -0.6055393161179962
4.209373105183591
0.0411161910131292 0.8154520779695111
3.384328798243322
0.43135341495485674 -0.5110131652860068
1.742884029373097
-0.04652983093066408 -0.5050586740905625
3.519230781365759
-0.08855249590368605 0.009602936833615749
0.5840196799494954
0.23918125145493863 -0.7929916377809783
3.448587392300012
-0.08608809347668732 -0.6769137477487421
4.2452832597216945
---
88000
69
-0.9647453911863306 0.761725660125382
4.443511521879824
-0.24062858264530887 0.6912412239158765
1.9942294273960002
0.20270085911275076 -0.8505768947514248
4.709528743872596
-0.014816328934565852 0.5756664507552257
1.1491214301322152
0.09338951552082284 -0.9027256783465327
4.110833436215222
-0.5418878136216608 -0.45363532013342367
2.324214817400046
0.6412840456240086 -0.3782849893946718
1.4025338290578713
0.008691562950022422 -0.3149773583998478
2.6060022638066007
-0.641701604995916 0.6878836289069259
1.8789566466782057
-0.7303458106884264 0.36431861254330544
4.259233404960375
0.2688512584847411 -0.5500464338759181
4.0910183963559925
---
89000
62
0.7534707467583196 0.9886736632736375
2.911711171476682
0.6143853794646625 0.6971540015624016
2.534194100845146
0.7930402868516865 -0.10773425359710143
4.834060190020656
0.7579261279117145 -0.34468493214402
3.6182463375875535
-0.5178381912065237 0.05105608154624505
4.560622774072627
-0.5029171863652756 0.88662261221438
4.944680437718409
-0.7340731143381647 0.8854807272775242
4.273476735453525
0.13562120157710378 -0.6222663595961849
2.7759058073493907
0.5804040619522979 -0.5227030793335374
4.058879213158044
-0.29263966226094706 0.25082066309531065
2.5107224823887178
0.3454849568914059 0.6235297059206896
2.4893300786187664
---
90000
78
0.5378919614052545 0.5165339979783597
3.4497724692460245
0.5794116334022451 0.10972260280961327
4.251229075735942
0.22430602312174525 -0.47225962228332574
4.099719855083105
-0.517359112494707 -0.01398623847775126
4.195473348659179
0.6557939793156095 0.8112124308482259
2.750324766882689
-0.46946544063711493 -0.23185209921022518
0.4726831146838544
0.7213508766256427 0.2533909323107728
0.6961980558637375
0.7711459583100134 -0.27395310787918925
2.4350247336065767
-0.27405455801710377 -0.4334301578139016
3.849378799208134
0.34621869579009146 0.8533297995833693
4.400297204363554
-0.7986274220133547 -0.16781799723907806
2.468073758316242
---
91000
78
0.44652437492550645 0.3793382819775556
2.412735726618675
0.18370691177658793 0.9401222021064795
2.758900818187808
0.0075897846414295644 0.969932852467811
5.844995796582853
-0.6303143024710579 -0.5134333300698226
2.801647629268153
0.07899612546268162 -0.9777617321466948
4.72912366420244
-0.26592871909413934 0.09083296875298352
5.567619713435397
-0.6129552789960517 0.3446015970091089
2.789916632546575
-0.5918140400403668 -0.725875244479268
3.822943057645803
-0.05416414815075506 -0.6904528935933291
0.5433643324838267
0.9611047984245027 0.2260614284922318
4.744443589698009
-0.7181249484616086 0.8409187993090459
5.735126307908758
---
92000
62
0.7346862297799427 -0.7382347089227577
6.213434590478023
0.8378030544178452 -0.9254900273167773
4.314241249116154
-0.6025260714988817 -0.43531865862388147
3.719441342535492
0.7776316539159924 0.11588756474197
2.9736015058981096
0.100973556608597 -0.5643984423587786
2.0520872616164727
-0.6978276753208251 0.38612913851443664
0.6051399980388261
0.6854596814622269 0.621687500940995
5.951560338403762
0.3205311514595496 0.3127681134856756
1.5037315230461274
0.30735884038063566 0.7923156028266024
6.146061058784811
-0.5747383333913387 0.349687696271775
2.515057457877856
0.965883877912606 -0.4547468549603566
6.109019472512587
---
93000
77
0.19380797895396 -0.941387750444292
4.975500892762529
0.4838677491338386 -0.17158178975584323
4.249721776586819
0.6081375934266344 -0.3033895355678409
4.260820272059284
-0.19467947158575355 -0.016369202077446007
1.0109209987449734
-0.9967757552425816 0.08869135961640642
1.2408778549892192
-0.7768625131555743 -0.5936300677312174
0.44868999170646884
-0.49569227932401877 -0.6865371726382057
2.816038754455353
0.17968290150160732 -0.29860182847796213
3.875872450893672
0.46309902012450066 0.8268104036521565
6.187708103001601
0.5210843778803702 -0.6005461915666804
5.235066605227105
0.11482263369808807 -0.5651474571920632
1.0209789560236464
---
94000
90
0.330361839334302 0.9469834796891006
4.3522985637555625
0.04869963621893189 -0.5637456314372166
6.149616263096573
-0.7559588050364017 -0.31464004375985216
5.1008425224752125
0.4405761445580131 0.6703544065803788
5.39461490808543
-0.5925129278294202 0.049031478658490286
3.071852968351381
0.2933804953836835 -0.7072347583417777
2.0726925902541806
0.608677070541592 -0.7751264729767152
6.227057654125469
-0.3906454043260174 -0.023246719572658017
1.1419072298013537
0.9991264730993559 0.22187965096775691
1.9580712430195026
-0.20660495507467502 0.19950539884163082
1.6825009082937585
-0.8452923504012787 -0.6842281532525581
3.997748451561579
---
95000
69
-0.687955656617739 -0.03474903014899051
4.033509351636221
-0.8365101842679951 0.1315809735447531
5.496787164313424
0.2646175966120262 0.3571083759077739
3.3111756507783943
0.2819189296197154 0.8776876420838692
3.2875266174894406
0.9433223622644278 0.8786771449336241
3.4864920929511696
0.021888899711104724 0.25859114660534593
5.3570245411542965
0.5094004088513081 0.6139030287997014
1.6771046459765104
0.016031245036012866 0.9735082412529932
5.119137837418885
0.588906077974021 0.013930026610212953
6.098175680970955
-0.00863885970964329 -0.9875532896225823
5.2766718282540275
-0.2329808718461419 0.8670425612049202
2.022332294842773
---
96000
86
-0.19968849830768146 -0.5037934042339222
4.735931813378999
-0.19781422549137492 -0.4994992283114396
0.9320773723472531
0.716635528758673 -0.9562424346966205
3.774809133828877
0.7815279449451277 0.6587574517243596
2.1220300092411897
-0.07318250691861763 0.3926147730643284
2.9882493411796887
-0.7606044004081824 -0.8979382049835641
2.7796307821977395
0.9669663674661179 0.8979246662510787
1.3704186501132583
-0.15134284060542808 0.9063321799462971
4.473848528708038
0.619973063683153 0.7537965949255618
1.3313941228841717
-0.8572270219654571 0.8378730411522374
1.1176372405318071
-0.6029487382729481 0.6402287654350389
1.6289698009682994
---
97000
74
0.40019362752376614 0.8946348622196537
3.189836368453918
-0.2066745894017142 0.9268314795457865
4.104001179734444
-0.77229485691804 0.3191088958111807
4.489419464699934
0.9557767162831504 -0.3741092080211341
1.7774316846529272
0.5612523583082748 -0.1600422710893316
3.881441786289294
-0.4643220021203147 0.3402489013795794
0.6450828025833522
0.9665912874756087 0.13187494733400087
1.4138602105146907
-0.44313788566303847 -0.010110415613485963
0.057057290944035444
0.5122215704304295 -0.08834979530707768
4.444909117628174
-0.6784892757374413 -0.650243696098652
2.220374442867053
-0.1503299135984309 -0.6662024912801786
4.228573349854608
---
98000
75
0.6536626431558272 -0.2369738352437566
0.5730384792344873
-0.4337340494352128 -0.9247419030838343
0.6242550581688349
0.6118288023217984 -0.5146841622368875
5.240294362521806
-0.0017530876082823693 0.79245601641574
0.22707710156584326
-0.6444589727538877 0.28686678982071356
5.029651383169633
-0.7124663802275191 0.10952163125510324
4.892437861808329
-0.04797869795947407 -0.48218534274544356
1.8733375023318208
0.8133941749978439 -0.7034821862709151
1.1982862617266914
-0.5869828531162539 0.5177842503672839
4.225624843102268
-0.31954268894990306 -0.4113085076553643
1.3665642451319835
0.4166076907985962 -0.62272893863057
1.9607390014162922
---
99000
78
-0.8373428977132683 0.3209679490554286
3.1355917140817664
-0.7614607657771424 0.20499855047670057
0.830643345421147
0.08267728295610756 0.7499399167394009
4.033785774950343
0.7865089969144284 -0.09623669094757142
0.7788455186532426
-0.8478654292192227 0.4735772136763033
6.2783249596231645
0.8855072196597116 -0.9144590870573912
5.195478766981764
-0.8037312455875516 -0.9959894825174431
0.7629005262583863
0.049809206280199345 0.4852342513220952
2.453190838943799
-0.4474702902202796 0.46901888160834254
1.2038506776340068
0.26570503120664346 0.3184043466208961
0.8213675367249236
-0.6555230356198435 -0.15036756486603706
1.0760035820633194
---
