100
{'run_name': '2D_rec_10_total_boids', 'annealing': True, 'annealing_start': 0.2, 'annealing_end': 0.002, 'nr_observed_agents': 1, 'nr_of_boids': 9, 'predator_present': True, 'grouped_spawn': False, 'predator_halting': False, 'record_keeping': True, 'record_frequency': 1000, 'exp_folder_name': 'big network 5 observed', 'boid_speed': 0.0333, 'boid_color': (0.8, 0.8, 0.8, 1), 'boid_turning_speed': 1.5707963267948966, 'predator_speed': 0.0333, 'predator_speed_slow': 0.0333, 'predator_speed_fast': 0.0533, 'predator_lunging': False, 'predator_lunge_speed': 0.013, 'predator_lunge_distance': 0.1, 'predator_turning_speed': 0.7853981633974483, 'predator_color': (0.8, 0.2, 0.2, 1), 'predator_confusion': True, 'predator_confusion_distance': 0.4, 'predator_confusion_threshold': 2, 'predator_chase_time': 20, 'predator_halt_time': 0, 'predator_eating_distance': 0.06666, 'height': 800, 'width': 800, 'graphics': True}
tick
boids eaten
predator position
predator rotation
agent positions (and)
agent rotations (interleaved)
----
0
85
0.12443577238905631 -0.09360726805516935
5.093660146653273
0.21285835520731752 -0.06863021797278783
0.724967082095759
-0.6155945938943236 -0.7357392537905953
3.4936117775683053
-0.22017435920298772 -0.3692597020677934
4.771192296349152
0.2175797886411761 -0.8284124047264669
3.4043401623468066
0.20869047649993272 -0.24787467473115785
4.377210812410943
0.6106208516513559 -0.884406495051219
5.137195152050124
-0.5113386506331893 -0.7380948704146976
5.2396624881732645
-0.12421389875994465 0.1320685207446176
0.7159706541275311
-0.4031177466256905 -0.9584961193022153
1.5320401497800304
0.9472307736265694 -0.3923403746647436
0.6145992156241415
---
1000
82
0.6471856523561589 0.42696769556384523
2.211362977560512
-0.06805236290495152 0.6594906594597228
4.896517632616692
-0.04135850676434654 0.2003399313747489
0.46290990345526684
0.6545029766345091 -0.8317416492356529
0.7302667456821679
0.9789179075410063 -0.3956984019558516
0.6545940592283177
-0.12124273409201158 0.7156132848515472
1.5902237308787566
-0.7241977442049183 -0.7584037472783685
2.004473643473922
-0.5407737296234546 0.7647778648981364
0.3138780650071942
0.3577424581793317 -0.19126793923349833
3.3996184684475574
0.028358625297288446 -0.9696672379673515
0.9054759736296614
-0.44099339751843514 0.4234759898171631
2.171173848619908
---
2000
74
-0.7762262938591072 -0.7467491293655248
5.877179498050939
-0.08927199513985264 -0.8471310731019831
2.434200863124457
0.7473973330840153 -0.5800785843373526
4.970064985982186
-0.21619391405892568 -0.011294151729668231
0.6620602695536677
0.7858726351066645 -0.9114301076191687
1.1041223552878954
0.1163038976371656 0.0033778557298678666
4.603842494548563
-0.3156206744556026 0.9182800224770616
5.057410055713965
0.898793184483592 0.5565908530603088
2.015951188417045
0.30847936393500996 0.46397218171646387
6.097473005244435
0.22767397838106748 -0.908191383797865
2.8539525819121456
0.1663431906282928 0.8312328340670362
5.964881850933728
---
3000
79
0.6900075541748406 0.5983536125335044
2.4081222133256803
0.32365155210975094 -0.5656987848812443
3.976028442503031
-0.6277890704668401 0.011408325735575492
0.046067608050475606
0.9422823295743961 0.7526446011070702
3.8512850147042954
-0.7737139567895897 -0.3690539062547805
5.378138234851142
-0.18790179147979108 -0.2528210741206771
5.892662748503282
0.7990614307314442 0.3015057180214193
6.011746859402358
0.7782868421966536 -0.17613451761648707
4.835070874757594
0.32348020619643875 0.12102837393880367
5.733726957432303
0.7993255028387822 0.4924418895015674
2.6651499343539573
0.6695328523272135 0.8239925159263841
4.378120044943072
---
4000
93
-0.7696280597346046 0.173685020416987
2.5611909191251847
0.9955606317330465 0.3558823229121221
2.88414122914976
0.6588846119368571 0.5105304027716442
0.933986597968862
0.28004156098636757 0.6784210467664034
4.888007376183061
-0.09966137216464066 0.26881026855133816
5.959475938399547
-0.09676931849155354 0.04494726482876733
2.3645750324087116
0.36950924388578327 -0.33077626930458137
1.9146843496074935
0.03565124057828304 0.19238282727686154
3.9248579764414098
0.13679057347657658 0.6672428949475078
2.722809912148689
0.1833912971153575 0.9726656839697001
4.925368251092984
0.15882672237372722 0.20670024704341083
5.569106787700476
---
5000
87
0.8248360291635556 0.9254740138213471
5.426053171463898
0.874894054669563 0.6008264557165738
1.8824399107524137
0.7401985382826372 -0.5489096946501889
0.5946975773506233
-0.9061056883526951 -0.32439915833311306
1.5055518282106428
-0.6298993057013391 -0.704619641502835
2.9297709932921565
0.7923624280209927 0.5141441158829446
1.0578566055895022
-0.5170485344711795 -0.708342205058766
2.0387423097740625
-0.5505726527583621 -0.7374972088880685
5.245030240754373
-0.713422567993095 -0.346812990151867
2.311422927393985
-0.6837467613057447 -0.9331829221545058
3.778265509223634
-0.3183903163283533 0.5598667626729915
1.2207446259401316
---
6000
90
0.4678046781441981 -0.7720712222172479
2.295344663994647
0.17905693819634894 -0.8368420527665189
0.9390580762233585
-0.5557908333973101 -0.6004303759672434
0.8919408733122767
-0.5831669042292421 -0.09268740450312651
5.932100212811082
0.5364020662834791 -0.25468859312223185
1.0794636486362945
-0.3184861700523004 0.0468732500120037
2.435724557154926
-0.4426436692331454 -0.05894115467678944
1.0546192524379308
-0.5733033267738539 0.36428575745473624
0.4310654599290915
0.6862767242517525 0.025200614820088778
0.7199116355631103
0.5272832841531242 -0.8225464197979008
4.592158889224361
0.8620704964103465 -0.41870237145123385
4.9967962635888385
---
7000
93
-0.2801090166171794 -0.958097435354263
0.47437412282020697
0.12088586201202435 0.11930700792487055
0.9961903071545679
-0.47973840423352654 0.3926638601637275
1.638273894257777
0.4228280043092694 -0.060639420513162415
5.469023779633954
0.4309277466236111 -0.35246556841190757
2.2321970312256996
0.7404468220723985 -0.26793285038305387
3.377340285222819
0.8456477123338155 0.20114376334405173
0.449626458478229
0.163432291830563 0.01171924560130893
4.0612005137797595
0.5445108121823482 0.516091880219208
3.9485750693228505
0.13950005348300165 0.19193175247186064
1.9199335251594216
0.2597305375303126 -0.005359304437915463
0.6559680480574182
---
8000
91
0.6281074834911963 0.42525279966269447
3.286154563279209
0.5329067965771572 0.4109110143152195
4.342443280533845
0.3188274922941939 0.8776204485255402
2.776851923950775
0.8468420963833332 0.9737469090496957
1.7850215515574233
0.4218024227734194 0.8492906936036455
3.1685641510875
-0.8494160167718903 -0.3050149729514141
0.8308139918795345
-0.34216132347899575 0.5613113676355788
2.56891480027555
0.2974616277451672 0.3249644927271351
0.7591156452306302
-0.680844523713988 -0.9756034301166225
1.4475349802340451
0.43225579019973454 0.03938072281296421
5.235134798122109
0.5100269703865988 -0.537459140243469
0.11955752144389109
---
9000
83
-0.3828137881446677 0.35129348170499053
2.5812101285362448
-0.8697794465164647 -0.4185626326941506
0.6282468360395832
0.4839189979598466 -0.517285820377537
6.184207605391505
-0.8553175322519144 0.05787550677377655
5.773455893927768
-0.14004690756555666 0.5172815827803886
6.096123066103101
-0.1962133384708563 -0.4742587573500501
1.2803646490488116
0.09281257549538102 -0.24200630894148745
5.045867673433836
0.6226914270281915 0.05986480778512461
5.102966021520358
-0.16476300144114037 0.5390970089015499
1.6026876469359816
-0.3128319995990374 0.06023496077872484
5.628198966663531
0.6984405399564169 0.4681643441440213
1.0229433819553213
---
10000
90
-0.4253175146848441 0.31411937932903655
0.04822454705413319
0.9710262014629225 -0.09878675425332344
5.9668890752759065
-0.884733979915163 -0.008216551744295964
4.70333548864927
-0.2658712758908517 -0.03948141516931966
2.787676743026835
0.5297524097613544 0.5920986017063629
1.0600618810399538
-0.6621525483673207 -0.6371062165161364
0.4945916010380209
-0.7523584257044447 -0.22904471561484127
5.077512843899347
0.4199179367998779 0.6654437047501817
5.883283871259446
-0.6892486460731526 -0.3009607228814556
1.3850111740654558
0.4106255315704989 -0.7134093218269394
1.4407081556558605
0.30215496710637846 -0.7622058606234277
0.8175387132455034
---
11000
85
0.8340561074437122 0.45484601552109993
5.12916496701609
0.8552133107268765 0.40943818391603704
0.5633283903227868
0.27717563953111113 0.9432152224548532
6.197502726880823
0.6664389120038541 0.2973293632181248
2.7115929394045093
0.8934436629357514 -0.3151197844901604
1.7282204354640387
0.29139845027006595 -0.2500443122175454
3.350207182885737
-0.5604453777463799 0.3368286410303526
0.6255094512974608
0.579716308724908 -0.5520916070570784
0.04914678005138251
0.9657072255848308 0.28464888703893615
0.55536298701535
-0.6196826734870912 -0.005688090529908575
4.347380303519884
0.04855916882626286 -0.308186182448205
0.4117691211307184
---
12000
80
0.07870904728531453 0.4860365588380797
3.4203310263971813
-0.07506234806571097 0.6397844058559622
0.38881907670500127
-0.17491600815605074 -0.6914163630794755
5.361713941565053
-0.6154583117720699 -0.873809066995904
1.490948356115453
-0.009908231994526666 0.4435269996417811
4.22386771298526
0.28155323564952295 -0.6947218394860668
6.229857910496053
0.7618233152318213 -0.44294275565390917
0.408437218528638
-0.5376865503242422 0.781851477116407
2.7961978520150694
0.43123491448508394 -0.5547447355292723
4.872011264882949
-0.35093839723074244 0.7244448786881384
3.3185025191770663
-0.6378927381048979 -0.19023084702786314
0.038968859596091754
---
13000
91
0.14630508286552146 -0.8486468503218833
2.370614267399401
0.19355098128465698 -0.44496534748379457
2.321933121635589
0.9075084437865909 0.30292667004884105
1.1899137583773012
-0.6203364134407526 0.8504551571959871
3.1403227063580355
0.43015025443563004 0.6198702827019456
1.3176498004936414
0.970591936431382 0.33722017522349645
5.385956346149966
-0.9161464785193212 -0.15219013409684126
0.17620393014496916
-0.8291251497701851 -0.759192765654015
4.370540370317506
-0.2977135196548715 -0.2444469953808519
6.127596688532669
-0.09757328627684939 0.048409971616597
2.8388458576374953
0.12237418927979354 -0.451629849131829
1.7409731629029839
---
14000
82
0.914022502061364 -0.806087765228011
0.6980495543598166
0.9706397459014032 -0.5643868313923481
2.0165601955431027
-0.5859076668871516 -0.7195976791145157
5.901984168732698
0.7292114973127719 -0.6804914048503333
2.6248668569462037
-0.3411698795473348 -0.7035225379769827
4.444994338730925
-0.8171593049989465 0.8910174729559943
5.236362327446507
0.07085839248950754 0.8957534186776437
0.4027523888078086
0.19459276029276013 -0.47410925220667843
3.1208057831530676
-0.5596796561000444 -0.5569987671318931
1.555157500765917
0.4019735362539907 0.7198750402921924
1.2042725731393409
-0.5475386136130178 -0.08587834950699214
5.980871906151142
---
15000
83
0.06601308604979678 -0.08749018695246258
1.2816059146376706
0.16035039698258483 -0.4897449423556212
2.6025286352447043
0.17813816233947788 0.33138347188478007
2.6490011997540863
-0.21174012669717998 0.9214025901280865
0.09411923924387011
0.19793621928937305 -0.8651733756189061
4.274599236403825
0.9381438000449733 -0.5593276426287412
4.309323173710266
0.7813921281992618 -0.795341384681229
3.0969458747909098
0.5765775352511544 0.40136003422872885
6.20948270068418
0.5594164597803283 -0.2734947218383588
5.4910034839493305
-0.13471904755923214 -0.04777639508382911
2.758183838530261
-0.021490838382216326 -0.19719590701673184
5.511757425571284
---
16000
91
0.7743368009863926 -0.9837413901096164
0.8114439160240665
-0.9789353786361392 0.17810347765931145
5.47787947435695
0.7480970885246276 0.5652491512575796
1.0092565017743578
0.7563088132164512 -0.9759317614314665
5.354352374153435
-0.5190590316581344 0.6274520659390583
2.1652887904000586
-0.7302965090574229 0.9214283854340501
3.2831110702580686
-0.38682073991816107 -0.963407705010733
3.6986282853039922
-0.6147668875804716 -0.8665131579611578
2.3053928798710857
-0.14047206001134743 0.41954691232397
1.0694212697724215
-0.333559450155071 0.3926119350482598
2.489964033271331
0.6408261119070644 0.7815639579098801
1.689593954449978
---
17000
82
0.4023590255894277 0.7823684782226025
1.916866640038403
0.6901181750386449 0.6495681851012273
1.172900104537522
-0.8940400779321669 -0.9688843597287393
1.8501660135009281
0.3501925821290429 -0.2843322500639658
3.12911557163887
-0.9851601991188219 0.6642334014798801
0.31170858039070914
-0.5063735925530367 -0.5290071136573266
1.373925125250116
-0.8459457054779085 -0.7724652948456412
4.448558987824275
-0.10227424354730622 -0.37983369990431703
1.7203392556792947
-0.19389381223966967 -0.995960762643689
3.5483519175877873
-0.8129267930931082 0.5189528213911856
2.166470662029722
-0.7116222277374709 0.49895761081403545
6.190044564531605
---
18000
77
-0.20007901237472955 0.46599658850998915
2.3622169703621756
-0.6014504275243774 0.4909977336565177
4.600504509508914
0.01511769205586857 -0.34674717073761707
1.3363743729808695
0.8909247329451064 -0.657393861719791
5.765798976333658
0.8280697856520048 -0.9417267815326479
3.4907531294482714
0.7576102226661957 -0.5567476940747426
1.9569373865371302
0.153484588639569 -0.5635926803800686
0.012605825422646433
0.2416966232927475 -0.48615176296002094
5.808790078439727
0.08039103637674849 0.6297689616096255
0.912267337904896
-0.5547510564610106 0.3766267747571055
0.6765900358461652
0.9860303990551875 -0.08149091552867282
6.01538397526412
---
19000
94
0.05180535632683747 0.09507014490570431
5.066712338643807
0.2093056895999995 -0.8697915918799597
3.1371978400622877
-0.34206211075303766 -0.8915656207324211
0.37277616470318975
0.22497234485666326 0.002665259133641726
2.1553567870312014
0.2119798735454747 -0.31150398549154495
1.4147421339834523
0.9060446402554763 -0.7162606819730895
2.267422577494192
-0.815584847911179 0.04190670307967055
2.5741313730548354
-0.966935566638679 0.6890657919857714
3.5800927141128396
0.4792160538930878 0.5143201511336305
4.928051902432625
-0.3356109084081415 0.09391082494165193
2.6666310065096255
0.4918439141127144 0.13782847441068233
0.6150362637168909
---
20000
82
-0.03516622461201445 0.5152472147055314
5.133053488681297
0.46293095082892116 0.7083007942737585
0.1174560645230569
-0.49548725247873476 0.10248254684127744
1.3007951954099077
0.25598553605275226 -0.601894741832237
0.5746926623749102
0.9797092954432935 0.11741098728631554
1.6255721127673413
0.6443975268033776 0.7322998555948778
5.465097111657812
-0.008984349501179132 0.20864220487561488
4.700721306999424
-0.07485241104207438 -0.49103219941216303
4.719385428579829
-0.3150527283097092 0.4265238984879465
1.4122518113694333
0.5196788868788403 -0.3526992426874834
2.469262332906906
0.9678221092992149 0.957524500648096
3.977306631346937
---
21000
86
-0.6804641492601682 0.6893116817719844
1.9260206353555418
-0.8326599734177189 0.6273215772074031
0.4198553101226006
0.16714033388553448 0.49087541219455116
2.560474701413159
0.5104844428224338 -0.6536673176129696
2.297670776278218
0.1347854552249698 0.6162880961799707
2.0817013329523286
-0.9873696272875986 -0.5955467837811594
3.5671387394376364
0.28123283117415837 -0.24325176002060622
1.7193195301551967
0.8614577468897292 -0.02203985074951678
0.688105751660991
-0.9241682784858811 -0.41607021885728435
6.171689532822203
-0.6191982799823428 -0.4780622270166125
4.663076154201373
0.5943646175913817 -0.7683273951576077
0.9632632774631968
---
22000
86
-0.6225510936690596 -0.21219999511214993
4.860397745406279
0.7960300780604483 -0.7323199645208244
6.1453132238742985
0.48939371242101004 0.47794447617981917
5.612018750741477
0.7481688842028713 -0.378665833501922
5.750791890408582
-0.2761286285229994 0.3598224334621209
1.5192544025781944
-0.5115286975386891 -0.37670625275310043
0.7379466820397509
-0.27252005701234 -0.14597832265537675
3.98570123865487
0.060162364615469414 -0.2820210154188028
4.570368629981269
0.33944191386105393 -0.1689279342469852
3.3808403087924956
-0.9033318933706473 -0.4282195206052268
5.340008182156143
0.9081592292320848 -0.41988679655812317
6.212776429007472
---
23000
93
0.07756793426545605 -0.5634259420870655
0.14387446767695244
-0.26486414436857425 -0.621420247746677
4.820220452650842
-0.5942488596973501 0.09293845466851226
3.4347221509787493
-0.9136424703298542 0.037863737704819836
1.9269414960841749
-0.1163199013483587 0.9689985021256202
6.010041829613348
-0.10677823925919257 -0.6508365804910438
1.4470818690554834
-0.00456970277685669 0.31061224499749734
4.251812513259695
-0.32260147249834265 0.5812621526081567
0.9564417032257282
-0.3358628591534878 -0.9161399598511055
0.8296075240702523
0.33048574416430687 0.18446956704173892
3.0502040129148016
0.922451868286907 -0.2396138977064476
5.5801104952201035
---
24000
87
-0.7353330744604072 -0.8103352750405449
3.737550038499286
-0.08323257888818765 0.8448151839411894
4.238118856250515
0.7298428116033507 -0.4713331384438162
5.85922714391503
0.6574752304616274 0.4391131899233387
3.996171838308011
-0.6477593131337098 0.13384365210249652
2.872730329218962
-0.5816048087152087 0.7370695147897286
0.8726213889449683
0.8043961212287309 0.0870730840787654
0.0156739587508552
-0.6073262627634268 0.7632965047961082
2.284357697010483
-0.18357879112170344 -0.12998059392729933
3.002831029517033
-0.06786598088476833 -0.22756444551402705
3.634759825878275
-0.6708474591642938 0.6083184852794278
3.3751558144154377
---
25000
84
0.6569449748960096 0.16450274761844555
2.1758890613293036
-0.5088258945596503 -0.45087222422346085
2.3102580353960462
0.12108693916817309 0.9257715717339169
3.750449852597172
0.4546426410387678 -0.08263934909471492
2.6086312444728934
0.7829272001882327 0.40408784018279326
2.6785652922451524
-0.24703216102609385 -0.5300089272055478
1.3159562990537
0.11544780325291308 -0.40212338270831877
1.556680041151747
-0.7631699242005403 0.008219816643118886
2.5401021452832335
0.4553500422072221 -0.8447863415180896
3.2598378146301377
0.7464447152530213 -0.1941733702514582
3.5667181235640064
-0.9156449691687258 -0.3411623152219833
1.6328941697085582
---
26000
92
0.9510682120007602 0.4981525540985918
3.869028897252972
0.9296958270082308 0.4684336020041102
1.6723239209011531
0.5212125328791183 -0.7818537836264179
3.8809208416873044
-0.47441604595309994 -0.2939540860705823
3.776107886499358
-0.7658094479473357 -0.3617864800383612
3.0927023345000633
-0.9545110624945176 0.2646263858774167
5.27476278159837
0.11476392086568309 -0.9539724163317966
5.760540170084694
0.8728312389699283 -0.7351007597774469
3.6329617050515965
0.06236563364165862 -0.7904715538108171
3.7875710916246845
-0.5341221329293352 -0.5850497306603871
4.632522011206203
0.916745357719848 -0.8279518936142509
0.06108475227750887
---
27000
87
0.13627915219982464 0.3325588485131288
6.272594170303194
0.08342733626644505 0.6163887004917905
3.982795261172156
-0.19638219201018345 0.9727127061461227
2.9370707130068627
-0.3845381086541098 -0.3355067081088501
1.7835076828641712
0.18304396304611345 0.1498568510966317
2.7138159628162004
-0.6381276911607031 -0.8697315319772021
2.1773059794634815
0.10368168134939779 -0.5659526806623691
3.0514228116818156
0.11710334884603253 -0.7185766904245323
4.083796544164592
0.01746218925338823 -0.2277841594138928
2.4243907578797312
0.1652127371514029 0.2961974331939823
0.3818372596027908
0.5224530909740427 0.26948357304549814
0.5461325176229517
---
28000
89
0.1723954286116135 -0.9112507209233541
4.638427899851655
0.013831324027618056 -0.7361408890020967
5.769314005926224
-0.8451286902550669 0.9487778303831235
2.1102246368358246
0.21929009570940547 -0.6110258806532948
0.24181051436519585
0.3075729344987451 0.04410236202081387
4.667985173474243
0.24992469060624117 -0.07882987497359734
0.8527810663446216
-0.34765952282782536 -0.757791805305075
4.866294670621065
-0.9137257728794239 0.6996853387855441
4.587235803917936
0.7263826815322859 0.7145200518145531
2.2692444485622145
-0.8650282585424514 0.27993102443570606
2.87263213891028
-0.6810729960220033 -0.30197661136123566
2.6417114749287123
---
29000
72
-0.41039821085214045 -0.007184469226959048
0.07104979164189507
0.4298569824351204 -0.755102957626403
1.496196734184288
0.7766314010203648 0.5298504632632695
1.8592955460249758
-0.5508871514026524 -0.42439758687768936
2.763607766671389
0.3094722756525108 0.4739054467766357
4.0766389313320825
0.9430787536680179 -0.6317633065450772
2.4100546832158676
0.9698169944058797 0.38297825586097756
2.1609057639773273
0.5848225127510549 -0.3156127118779045
2.5360989529278246
0.7024023765799823 -0.5443196122737352
1.3912261323984536
-0.8064426308592314 -0.6057193326536983
5.289389232620947
-0.7941431795912108 0.12954490652154743
1.6005620946060901
---
30000
88
0.6076860588949358 -0.7126249898323691
4.46918593694057
-0.13248424597630803 -0.3119511604247388
2.9086820843318533
0.6096429783885369 -0.4993320153098307
0.06048498965993687
0.4853826870372564 -0.2326986086752242
1.6473379927574836
-0.4080103111112631 0.5201489896243243
2.338214206878037
0.32956493459676905 -0.3128263711868484
1.5130874543249746
0.053920447455158636 -0.5002051058289392
0.8642734139753436
0.5240342960140406 0.10317799211725265
1.9176517584610897
-0.3053722944848558 -0.5904212718016428
1.218651826926263
-0.5977953306981746 -0.67903274119589
0.8492180701569518
0.005626996547191496 0.4350374104330653
4.964754644370301
---
31000
89
0.24965992613234717 -0.9177513537022366
3.704954231950338
0.9129556573153708 -0.9057781898134751
3.266826943963946
0.8976944805990297 0.9773936320298438
6.168143067324114
0.8285172190797797 0.25074450856578545
0.7527981472732428
-0.8959297692437397 0.9229836041211374
6.012357039190206
-0.041845400811682684 0.2956841218362738
5.481555079511961
-0.48506124510303916 0.7044613202479034
0.5206703352477362
0.20899420137409563 -0.772959800198155
3.4608994776608517
0.835236864109399 -0.8734468206492981
2.9529295913126834
0.560151146169029 -0.4515952009934478
3.0181879084616234
0.9421988392529927 0.4525623655502165
2.0421009664479532
---
32000
85
-0.7850835305666214 0.5370626493352851
2.94240819254212
0.9994546623422464 0.4789748094499896
2.173922561772465
-0.372868088499985 0.3393037818060682
0.043925747327403286
-0.6610812027563788 -0.7798198513940292
0.8167785427991019
-0.0473404222548931 -0.12567449463225905
2.1496597144396445
0.0883591743119529 -0.6487214959496002
4.183584030805303
0.8490316349220174 0.9491376695132333
1.0653173198505055
-0.11498459977984377 0.35544190417266563
2.762301521992776
0.4956468084044884 0.24973679463647291
3.9538008309167862
0.25255580396137184 0.2895859186551991
2.9492551590981027
-0.09412212363737849 -0.6022901312178597
2.6963988978625384
---
33000
89
0.515983703928836 0.4001709438148427
0.5555885806069094
0.5928409778306392 0.37008333638616936
2.237936608494577
-0.6089650501687849 -0.13029463227789106
0.7287852895455869
0.615353954010684 -0.9926547943494656
4.241115407141914
-0.2319085629442938 -0.7022597457474034
2.7480566917800484
0.2685933541447801 0.4302406081588038
1.6487931500843196
-0.43563166538862724 -0.8589953312019207
2.4795237336801366
-0.43677078229792954 0.4495279109436922
5.308768634824797
0.10355569635036596 -0.3724098192065021
0.4684098176583156
-0.1372993470851391 -0.8152200617509031
1.216918846401697
0.33356590744412434 -0.23338322934845268
0.13757364501130098
---
34000
76
-0.8174750537376372 0.5541133681723627
0.9769325109844653
-0.9326047016417294 0.2646286810473217
3.9913608801525164
-0.4104238178268281 0.4127118856911289
3.5849055859721624
0.2050160705029291 0.9425642860124043
2.389053805407535
0.9522792950256043 0.7746742888757348
0.42104553415223744
-0.23191958775446672 -0.7194291213142264
1.3025493906833239
0.29557140934936926 -0.47686094997821343
5.78179280423816
0.5669520993754331 0.9148981504044227
1.7135611930656784
-0.005447600344423317 0.8006482807597733
2.2612725091636987
0.6044975127748619 0.06331241666181765
0.3150824856000378
0.35726782255658834 -0.7262090139813766
4.011773544470649
---
35000
85
-0.023111090341317763 0.6038343784165361
3.208612421725751
0.8176209654524619 0.5746677143432007
3.2350944012367515
-0.8952806854759384 -0.013052953143078697
2.208452708036287
0.3936848222844658 -0.23228578150582757
5.115698694664531
-0.7153441407781866 -0.3297631565113012
0.19125101441436065
-0.7745682348232088 -0.7722151123239702
3.579215337933963
-0.067628813668904 0.621223199607174
0.6756177055000281
-0.48806999592567335 -0.007988217396967461
4.059284187656762
-0.4659526990169858 0.6175584254940414
1.3669805191733593
-0.05734420689786408 -0.8709969077892392
5.734099687448176
-0.8049721244657865 -0.6568253310972785
3.5869289716800967
---
36000
85
-0.21930789984877067 0.990264299881567
5.7480931869662175
-0.32543509529052994 0.8038691984898797
5.85490812456973
0.37982461651243954 -0.4064114636389422
2.9695776822364914
-0.1258026207386501 0.849136431123316
5.355267837712249
0.7448610796557468 0.4906976203269273
0.8544890561142866
0.3379279431393078 0.9853070547837388
4.772232689528875
0.5088476772570307 0.6076088508338515
2.786707527693137
0.46644373438732234 0.22510347561921729
2.922411254460936
0.3466074504133124 0.13274706370452022
2.7166681469592975
0.3994469525545796 0.4576730299789834
2.4179739208422113
0.4598956187708977 0.3879648139253058
3.3920021820829858
---
37000
90
0.7848735788258129 -0.379932750716018
4.8929945918212026
0.8703479641767722 -0.08762440927112101
2.521462228018173
-0.6531590892738769 -0.04404499547484238
3.2000446084554497
0.4313523488726013 0.500396035277233
5.294618082921672
0.33607128835010797 -0.3290548824018958
0.14816998511618262
-0.9017777005914589 -0.3954263501013197
4.334461567792501
0.36038551771095517 -0.7553606308170461
5.368789796688373
0.7306091691359061 -0.008608530878639376
5.999576984513139
0.26632643988964144 -0.026201599887950247
1.9855925358754227
0.8120320493839036 0.06530169647777702
1.1668938990669329
-0.32775969737019334 0.9994463595125801
1.055693060979909
---
38000
85
0.594816677125749 -0.17715113943159985
3.718608584824219
0.9096227118652137 -0.5348354984048511
3.1288733854753934
0.08669865052336212 -0.4933137859976299
1.3565714902250878
-0.5269028678172327 -0.7045297320613936
0.29867443371681546
-0.16871009896013386 0.2386219431873814
5.747238353304875
0.9333377855998878 -0.0837781007079556
2.2959211593244264
-0.5290652827704745 -0.48774614957483053
5.708108948118855
-0.1110767636760286 0.16035056911241113
3.7331952728577145
0.032312992548907904 0.12265556218425532
2.381465044106667
-0.3238461567189333 -0.3140499589188158
6.133100190438308
-0.16072442853865382 0.6253508693373874
4.3914177126302985
---
39000
87
0.5994204707024002 -0.8905431569969844
0.6311756369276533
0.6121309283181667 -0.7988742654224864
6.248661808799139
-0.907853242409666 0.24292876653782836
0.376838216055809
0.053040511984053594 -0.4703996990679823
1.7783177907345786
0.9276447272756562 -0.4867129685290907
5.372886734903396
0.690437853717512 -0.32165667339612863
4.806102755599085
-0.5400032504500942 -0.41080237477690007
2.014619221716565
-0.7940828895373453 0.875544356879228
6.087369594727313
0.03836843332827154 -0.42633729875312903
5.886951865904246
0.5828936162816565 0.7456557148320853
5.603299031267135
-0.8067191216140659 0.21932025517728843
5.6351108973116695
---
40000
92
0.47922889353147186 -0.9920442562327478
0.3378014189165226
0.4126180922471506 0.49435216447429897
1.80699335839038
-0.05997362345485942 0.3377469522242572
1.028640669845176
0.09099378212078751 -0.32499004361718264
4.930571997747262
-0.5231505184432401 -0.47450264302339873
3.80587174073327
-0.3780881215636971 -0.4433449512792734
2.736349730900746
-0.9742855653716743 -0.5861540056313934
2.798670261124304
0.7900008585070492 -0.6933504436331347
2.6182719667421486
0.9348724500488851 0.8839465485211292
1.5352792875650327
-0.9864668224764253 0.8399748597397155
3.5685820049912786
-0.6531848512567995 0.8894543883014492
-2.124595179988436
---
41000
88
-0.13445107801532438 -0.9864024487057815
1.8879372102043377
0.41911737877734395 0.35185457054249003
1.5030520662223497
-0.08671843925966755 0.728170040675529
6.092540655631611
-0.5342608370344022 0.6844961067952136
0.31147648871739975
-0.9130099303263657 0.3153819488551042
1.8638674492970715
0.22994693218724133 -0.7923476600820067
4.329024762475141
-0.14547525151298976 -0.8360343460401828
4.697036147825536
0.7133663677209365 -0.005115547784436978
2.9091133637402846
-0.30631481879263756 0.6744498791067246
5.731021442094793
0.3443772952447356 -0.3323348466039012
2.91454507573129
-0.9620562664610514 0.3741138905092943
4.943811703345027
---
42000
88
-0.1022666868550742 0.6307202245304727
3.364196274425317
-0.10078439931602495 0.5983699539608235
3.4802533630312134
0.9519227787296645 -0.359747282861359
4.493613541271167
0.8845800992319972 0.7398238835636552
3.789260553875134
-0.8234784562203502 -0.6410618428586217
3.8662085437247704
0.2779232901209116 -0.6721354965943352
4.743732466020955
-0.6273926284813447 0.48850259782328675
3.7854786534702685
0.3447131036579413 0.041278310951697074
0.8372971127389741
-0.816852334080328 -0.8595438373146002
5.776154194530605
-0.3157923868424494 0.9960128211608387
0.6513159493785103
-0.2243621700864517 -0.6115669391170322
5.293678533790663
---
43000
87
-0.49921645257750574 0.4091497829730917
1.2318621256582287
-0.0766860283993982 0.3534150515322541
4.007892048548763
0.0164614916625029 -0.6948232991965744
4.42656491324933
0.06097508413404424 0.5554114598939709
2.0849051951521833
0.463166133188848 -0.17435928093573114
3.333479540477371
0.6371401065294753 -0.9408174716824533
4.884570894142434
0.4486821746264308 -0.870399960864788
2.980569210344483
-0.5302655183094737 0.8001463905996323
2.303986489048966
0.42358189453350314 0.5433103483719329
5.312116013210489
-0.8113547160992128 0.7436132990170374
2.705605831546422
-0.8309245170586735 0.5504204562185584
2.9325304213144703
---
44000
79
-0.09954948406254388 0.2802454467035527
4.809287579079446
-0.20131964528588306 0.19671507052377524
5.309806796085617
0.5315887039217846 -0.21470943433710296
1.687351148523713
-0.8322390196956908 0.23673061228799852
4.06732991344999
-0.20210808739095185 -0.9662832752132713
3.1449371382835993
0.9963267401496966 -0.7326892224974564
6.137318076050256
0.030044751746539842 -0.7844858211740562
5.359922212604617
-0.06920610924166255 0.9403649844502713
5.245810872632183
-0.2211187077432124 0.09706979511176632
6.160100658465987
0.4467755929620739 -0.4840239539412954
5.392496572932429
-0.08727189172311887 0.7384835713734672
4.7668301627911225
---
45000
88
0.5070247325085917 -0.1008432239616187
3.3536836996172608
0.632088598110113 0.060463720854489394
5.124963538797417
-0.1543350468973106 0.7043764978056029
3.2345994642408655
0.49462043464567196 -0.7825779864679963
4.4155482380780064
0.9716206542181849 -0.08074645485764048
3.6726380374331047
0.1291929188992788 0.8033392265203598
0.6092877758957833
0.3853358461083258 0.002428002173173679
2.232567849427401
0.5008978317051437 -0.10669528086385614
1.1097632487544997
-0.11916050253117254 -0.9217995357208555
2.618423399901361
-0.9301758813377295 0.6364146637567283
5.363913753986238
0.5399667932219726 -0.37945933542012655
6.187249320436052
---
46000
82
-0.2832998058835803 0.8733453540106789
2.241559495776017
-0.38863261158239076 0.5110342581205514
6.233361932145579
0.08256426634423022 0.5022607458064727
1.207632518999713
0.40150853465678626 -0.7026168158886703
0.25282732763228655
0.704162603102276 0.8794849252670689
2.6426544948461235
-0.5944572873040984 0.1928767800336498
2.4605639256249017
-0.32728096321692296 -0.9316608966711053
4.602368041219341
0.7476826799008981 -0.31975411664496983
5.713114665409849
-0.517562799695343 0.7444909167590118
5.3922359522210686
-0.2967418145042741 -0.41324335312270793
6.008229348184653
-0.2436683862645744 0.3075226010707237
2.518802908986218
---
47000
85
-0.4930224745581809 0.9737265003515384
5.6706005384791
-0.2331983986917726 0.11833590494788696
-2.837471756107302
0.4133759734502131 -0.26611001098216547
2.8423283112455273
0.1338672179683089 0.19528616155785097
3.3512961441194973
-0.9324505499990065 0.7334880692867738
2.1236785024987315
-0.2980916224786074 0.14780905644451442
3.607523613960394
-0.2387873714111728 0.4488477630384596
1.4751353491257024
-0.8897888877917546 0.1168240510454082
1.9871568513810018
-0.8481850887507265 0.4274805739711825
1.6678822969096565
-0.7980357507130417 -0.8014247488207145
0.10978757827166419
0.18822406997415314 -0.6316401866093555
4.254228953812155
---
48000
89
-0.25366106982761494 -0.6144481555897711
3.685730101983355
-0.19819970680131527 -0.7630051076564557
5.785412240570165
-0.3647608421876853 -0.7470202970831031
4.125300296895148
0.11350862067646852 -0.06019707920577247
5.329361067562613
-0.5037363202755927 0.16011323399622973
6.0815976378772305
-0.729166752385338 -0.1752108259745313
4.428728740257413
0.1465225170379972 -0.11105799554340615
5.753644583139687
0.5044649162169835 -0.921353160283383
0.3564533178782687
0.5434697150411927 -0.7128628031335551
0.6794788783184282
-0.2166102594746415 0.752557748856759
0.8206965816931522
-0.4474398711853237 0.23550418778562227
2.6486316016719718
---
49000
91
0.8082587837222975 -0.08742127216331522
1.1046502973492451
-0.1418967739291566 0.6210812600986241
2.1341645459801346
0.2266806745347356 0.5058275578453272
6.1501333751905625
0.4451918224184701 -0.01954953360037567
5.324597300584743
0.7261087317797574 0.6308060682228271
5.916180439946905
-0.2514043858280354 0.7241503680101193
1.7599014513479698
-0.29279216188548707 0.21030998215988753
3.795705334545037
-0.9308761556790471 0.516643674196808
5.171971409492089
-0.37929349198826534 0.6707186324070702
1.0162467529804706
-0.20432816517935296 0.21415979404549615
1.9212334896838001
-0.8526612256918981 0.9695726354033307
0.8949556660904943
---
50000
85
-0.018766571776650535 0.11486709244375229
3.0606997284809614
-0.7846359459911414 -0.8226888828783667
2.2483894373880506
0.8400964488032626 0.9879615514072922
2.3646426609740168
0.2747041464462842 -0.6219186567724894
2.9490486990332387
-0.9549500994177577 -0.4646510947966315
1.9425373502288146
0.17233799131011623 0.9726691777778471
2.267938199453657
0.9824022554559011 0.7344078389438893
4.244984075873759
-0.12101103643549013 0.046193069099578744
3.12976741692059
-0.3935445455844417 -0.7960497912679444
3.0506342245127716
0.3513703231183491 0.8745784351561678
4.314474941658315
0.9979587196312066 0.32336463580198627
4.682778509338576
---
51000
84
-0.6595782027807734 0.05516366019462793
4.119382794192603
-0.6439034633401582 -0.33658588350275764
5.3487667941510955
-0.8984066716733817 0.1224467657507022
4.324985000107598
-0.7358972212147554 -0.9128773440969401
1.1090314024653933
-0.4873303450423813 0.2045985469104577
1.755112905556353
-0.7841879435592701 -0.3291484837381042
2.1290148483549425
0.20469424909592596 -0.7578440805934177
2.7725556939280853
0.43035375026830586 -0.9632542180279227
2.0583142193118995
0.3008433211665599 -0.7281430810469536
4.270443296390251
0.8159977869352124 0.07309446286750365
2.6742488073763644
-0.6872287382156397 -0.8275191752090414
3.89257762325673
---
52000
84
-0.12742197296069152 0.40116932147400797
5.060572771650191
-0.9990820135788009 0.7783594512384854
3.4351159153955093
0.27186788401138634 0.8098813320860407
0.7215518593860315
-0.17197817942481805 0.1712155719770121
2.9712030607240676
0.20446987343365608 0.6829088011073366
0.27172037770814583
0.5998748379973162 0.7316963936854959
1.3851372904128336
-0.1832454777684913 0.5681689573451574
3.7640182422324084
-0.1674813274720529 -0.9656988032012825
5.727516112746109
0.2251984451264226 0.002692273372412124
4.572535402210776
0.30227152838305443 -0.9595379274567151
4.673833388393617
-0.12850735422971665 -0.881687656308583
1.932340200310759
---
53000
77
-0.4260396335574703 -0.9197511169540888
2.1116991988353098
-0.52598856617797 0.7073624088010628
1.2012063419665457
0.09723788055359506 -0.03972074256422871
2.5422409711071206
-0.11335904953260155 -0.24128989052823174
0.743186777519127
-0.5327996069711899 0.9536409692352016
5.901356336520795
-0.3125761157916528 -0.6061008020958241
4.15104644941706
0.2608101511320633 0.2796992612587297
1.364539149358408
-0.020547982925739047 -0.5907139557603052
0.12686534986867937
0.07807935927889939 -0.4680110973480654
2.6814536611237694
-0.008333228295832443 0.5357315238869834
5.48111844847592
-0.24405511538804928 -0.4189915636880783
5.679129850302384
---
54000
87
-0.6534842215747172 -0.5945735516232011
1.2784722281961454
-0.7528908598738432 -0.6236947125882067
6.242006736594994
-0.08254616945387228 0.13899829322233515
5.928425146916705
0.9302528987943944 -0.7100586961345138
1.2727174525844047
0.16360868670992362 -0.8143179270107033
1.2747572861305754
0.8634836818907345 0.29517811329785937
6.107804373518131
0.9079062652663852 -0.8035642327025299
0.0745913851075386
-0.19749664149671345 0.4601429903507824
2.3491547066346374
0.6957533917923141 -0.6615209049496341
0.7265579148376728
-0.04071860762448347 0.8107437128169213
2.298287843083724
-0.7056875520881755 -0.23823370526460338
0.3698829376824788
---
55000
86
0.05289209301561131 0.5710962684394029
3.0136914821759415
-0.058272351957760975 0.2641956295567956
0.1733978719092164
0.4583457526495439 0.14902712207914504
2.5754521194372035
-0.8559359496799801 -0.4632134623080036
1.6207152894428107
0.7040110958625073 -0.7299649207044016
4.562171269113454
0.3939587812307662 0.48241591595899924
0.48605693701030983
-0.1182388687405272 -0.14258636518049347
2.7067599530418436
0.3341099753057331 -0.23129902952973763
2.8286020296369174
-0.41801333928931966 -0.8686407857734111
4.515609725651089
-0.5662095155711948 0.4315287322758455
2.9823843486748416
0.08450514593605196 -0.159500308274986
5.789831093443318
---
56000
77
0.7323518964778838 -0.32629204451342775
1.5600640406375585
0.10399250973077682 -0.7288545202557025
1.5647200888985946
0.23339601705661694 -0.16345139069133666
5.936956730845468
0.12125987766735902 0.0880717373999028
2.8017873526041495
0.2297271863603998 0.04120712679681951
3.6472473802652248
0.6462610252874065 0.08095400584850831
1.3595789684806272
0.6872247523728093 -0.8947569180476063
5.630822197813989
-0.5593115547143401 0.16278414393669977
5.7634435691334085
0.26334510200675254 -0.2852307025937903
0.4570014756022669
0.7053660303470176 0.7838340920440332
3.6459033536537957
0.04604474832754896 0.11693041821828135
6.253610779355237
---
57000
80
-0.2515892468794906 0.25854174713802935
4.0345874261889945
-0.10715304487128287 -0.8591214432266494
1.7750073426820379
-0.8371482726556183 -0.3588023011450314
5.019893776559562
0.1415302765731158 -0.615800084978515
2.3972503066057094
0.7643394278319048 -0.3030497329118235
1.1225837613801746
0.8356158406718699 -0.13588691988878498
0.6443805886020675
-0.6426690871057827 0.05063893529199289
5.048258112279149
0.8279598675097439 -0.8272017182965072
5.24019949121264
0.009783066416025884 -0.8868912164979057
6.134790182215632
0.4855825926834463 -0.390672838461968
6.045145986972655
-0.7568528690859421 -0.8586032253834615
0.3850064485435807
---
58000
81
-0.045226609205500604 0.4383104709705652
5.317054494537715
0.11238987018164266 0.5851038902568753
5.730898114326227
0.9877004501007105 -0.4754096569825414
5.666721645549005
-0.0032124585697895607 0.5449982861298862
5.047382317126249
-0.984509159653216 0.33368875091999733
1.8677381250980574
0.6686203245305067 0.2198427972550052
4.408606103723856
0.7506268622063045 0.39186404676865927
2.4261605620574027
0.38126234956319127 -0.20571904979503802
0.9387094809654366
0.16062122955079214 -0.8802007379275599
3.963430531584202
-0.7018779158584116 0.9495701082045928
6.119650599221794
-0.07025928073100082 0.6868901879819248
5.048470491796787
---
59000
86
0.5578619936369529 -0.6701930464834776
5.853650757288885
0.7266332476073442 0.963876315422136
4.098046253671552
-0.8535248904499725 0.5464436248319562
2.2944566305311707
-0.25731963110461353 -0.04271563205624192
5.89199434372936
-0.741033791837366 -0.8441998052440638
1.3734990221476355
-0.7270215107440242 0.9829765627020061
2.2063238486154164
-0.8431093676960661 -0.5200653386580476
1.0383958791440868
0.22854042282278464 0.504948522967478
0.36155799729949045
0.5265151782652402 -0.896363037901164
4.644445434808629
-0.4162029352805007 0.8442697597911304
0.5190908861282519
0.7206973467260553 0.7121662733767625
2.666825681701959
---
60000
94
-0.43336851555440764 -0.9022802372136174
3.6519482344231267
-0.3370924799396087 -0.9880798797084529
2.96710575562048
-0.8681261271333786 -0.5957458128374251
4.677793290148333
0.1668920536766302 -0.5928757327593573
5.837073093429281
-0.6733747633547881 0.6814107952393336
1.4257520009326083
0.6670456454185605 -0.3576314395872565
2.974938166292625
-0.6718059177224761 -0.7783212941790585
4.202733929297889
-0.14488687545588935 0.0793783861915473
6.236610803772644
-0.15348287821613896 0.5258477401733482
2.5374027751462878
0.39874923017389485 -0.2452640094110283
4.940233407826879
-0.42097908908055526 0.7463477459910706
5.933118583747326
---
61000
79
-0.34115108894788077 -0.3059647683011908
2.2656962609247704
-0.09662096546252394 -0.0361556091312965
0.6457720392145978
0.007210963682148137 0.4037103774383924
2.5415583275998603
-0.5450954956502728 0.4971402835126036
3.452391874410063
-0.05716406350575973 -0.37217429102375915
4.6243540536986565
-0.9855890382279273 0.3274171191571858
3.5345005250680126
-0.708330720361569 0.09865545463118705
2.4256623644422985
-0.6215153345420117 0.569612642435828
3.4264121055944425
-0.542217869876213 0.5278387956231368
6.271277165014322
-0.057966382509686526 -0.2716967719145533
3.269945661651409
0.2545799449138106 0.1427699264598537
3.6016900824545584
---
62000
79
-0.8963659186686622 0.7480395988353103
4.8340049558271385
0.0041803027925872566 0.9527712462864891
2.8658443175680546
0.41223025000593116 -0.7183766445773004
5.058523937400891
-0.20355734399581554 0.33254493715143857
3.517628300876188
-0.226818940228258 0.8258329526007907
1.7695521139226935
0.2828760048946876 0.10863597079361005
2.679292604167485
-0.4868499263190298 0.24482002514032053
2.1836740367028558
0.4486530883503093 0.1882616951313059
1.24935604594853
0.709265006749759 -0.9613396093079531
4.0965390873721805
-0.7896207259434277 -0.2092457736317873
2.419280941011152
-0.6959452763111303 0.22068179684186195
2.1032034000736415
---
63000
90
-0.6076602261701229 0.6197889916424514
5.385211673756542
0.1326668560874805 0.7559478352119049
1.8622691476757387
-0.9421938488785905 -0.05463381106918889
3.489339226169758
0.45642685699206487 0.7592130692062815
4.467257280740129
-0.20017660776422427 -0.935947179609131
4.256571045601111
0.24653961450877407 0.8773050347987212
1.8122427122224583
-0.56628013486108 0.4352641480780309
1.855336048153621
-0.6584273788068268 -0.4407767800158829
4.659871963883023
0.683237074059895 -0.5049626415033892
1.2653396151822918
-0.24366815343859322 -0.32522507583959215
1.5635186103385372
0.9442121503617616 -0.46569418017900066
3.408417689040534
---
64000
81
0.12120827272660223 -0.4878350691278384
6.004396942110551
0.15689584819936192 -0.6138698834997715
2.386097585302462
0.6014014767359666 0.6584468817744755
3.180293034225552
0.7123159736533649 -0.9635189567476696
5.88998587841428
0.15020549208770798 0.8098289098528947
5.975964007056393
-0.08013297299322203 0.6171026576127188
5.29908250784528
0.42919987551388217 0.6144095013243567
3.7087341937277674
-0.8561585966665447 0.5951456904708124
2.256408549301965
0.00712439901714447 -0.8652253778430131
5.944971158140514
0.5493743979064909 -0.9931452149628226
3.2548434905748476
-0.7526533383978838 -0.3601975871409706
5.071229931282722
---
65000
90
-0.1414975070553762 0.09716366729458803
5.451416353112667
-0.04378493295483595 0.12967856518454582
1.4313007004534901
-0.49289647091935096 0.47211974638443144
2.873773021508213
0.18975635182780426 0.3190047455746396
0.07426948744500539
-0.13401476491320652 0.1755090799273965
3.122684892972741
-0.005055444017394366 0.8813246989989795
3.827636317114669
0.3561480403711601 0.46257496112183444
2.0308025222399095
0.1605647316298806 0.22918266861628095
3.6599122551812364
0.9130657368218534 0.25938509810142046
4.765001968511239
0.10214258164089605 0.44044889020490074
1.3615264795830777
0.03889250930314578 -0.6359419114730217
2.5032863871547644
---
66000
85
0.09945150464039516 -0.2856719609620444
2.831627801513799
-0.7489273830916011 -0.7823125822343853
3.1507208370009465
-0.5431626937289167 -0.3781671126214943
5.752277649897467
-0.8669470742333293 -0.9042429189606519
2.9659209307703147
0.12469562729194261 -0.49753878962426823
4.415824816858846
0.6113279610736995 -0.7855157927783227
5.560927213499406
0.7426057047590763 -0.2197887637795866
6.26534238537237
0.29141667819674427 0.6628383332819457
3.505550054205815
-0.346952311134609 -0.2030522816641663
2.6454168440198016
0.45710180802096023 -0.06139223992344528
1.0985625878749516
-0.7305025780515578 0.28489555762665153
3.2724603126454133
---
67000
79
0.9229856117388093 -0.7893476908379097
4.473318813382788
-0.9180427697022104 -0.9857910440122835
1.4782209376600068
-0.9521541011825551 -0.3797563284121597
1.7480859855110333
-0.1495450105316315 0.6197861092942611
3.454043489411598
0.09370254507780733 0.10661639694319448
3.269232023397154
-0.00549763475558333 0.5768047467604429
5.390146654702584
-0.4333434533774351 0.587195231225843
3.319200444257276
0.2781329434535238 -0.8385094531613779
1.650672583001084
-0.233236553517782 0.002071905951577656
5.05096117924968
0.7409259897107267 0.20497942705920116
4.718892066329661
-0.035829738619443274 0.40818983570185235
2.2017406256676173
---
68000
80
0.6444692309144727 -0.29935518433616803
1.7095148889837952
-0.7530734619210647 -0.5429147833496161
2.315015599163921
0.6397805206867964 0.7486643539623445
2.349018907010673
0.20586579487223688 0.8214156409379711
0.035642572185191845
-0.7739581889082602 -0.6991357148919501
2.423054371028667
-0.5761517582548146 0.8185403422373125
3.222642907298799
-0.798379700995604 -0.4698455154010481
5.362788872786183
-0.5160158262530233 -0.16772743227632958
5.865055566954932
-0.6146609998914443 -0.4268363252597864
0.02465912730550812
0.2486805929338869 -0.8908383023510058
3.472303580196975
0.1339384248006395 -0.0965670954088332
0.9910367943912695
---
69000
86
-0.05091838988550859 -0.6720394689760327
1.6781216778939712
-0.12530754669247576 -0.5769421833909849
0.37277037373131083
0.5564888688660227 -0.8789032544836592
4.897413696557961
0.5146848937996982 -0.7142430944203486
3.3141374352251747
-0.19614366357075874 -0.6457628665615794
2.7734162184183795
-0.0720406772239546 0.4938259763196765
0.897065359726839
0.7740574335599035 -0.31053323081903245
5.73777612737514
0.05574198871778785 0.8239326254110968
5.98864990531461
-0.06076827925738652 0.8046793082327964
0.6373706973941857
0.07734437116465222 -0.9502442581268556
2.035392543107628
0.11607231370753723 0.5269762455053819
4.436114042608698
---
70000
87
-0.0551141354893262 -0.8732734830557722
2.6214011533084607
-0.09126178673162505 0.7394360418047207
4.234002811805188
-0.770847409945061 -0.4052617510841192
1.6398910099459911
-0.6570395236304631 0.9705388310390065
0.8729908923458298
-0.2836531897964126 -0.07245447057209238
5.42232460251103
0.025973574207565308 0.7757175610914139
0.9637735789775057
0.11338544223672077 -0.9600399697763266
4.242498715830709
-0.00737447611738706 0.6449645722531974
3.7894530455505198
-0.1344646023225697 0.6938742806116692
1.0318456511327554
-0.20726877626983792 0.6669601913444984
4.526076679663971
0.26642574950405157 0.25091735969436013
2.2704173916873875
---
71000
88
0.45692738445233183 -0.7090914800712649
1.4270851387646606
-0.7700387772317498 -0.57319758114851
1.2672428428231166
-0.8731926147497526 0.30248185440914094
5.9996875286435385
0.5572040473050127 -0.20008016103537637
1.5855877812816734
0.9112457915980401 -0.704963336422072
2.9389582733602673
0.44432937164948566 -0.47387321808489596
3.470678134607896
0.8775634203739499 -0.21312131907979226
5.860450986532475
0.8290630647701147 0.13395471132799774
3.5014355308400003
0.671001183647722 -0.69496441186201
1.8976749514134195
0.7849790072023635 -0.6818317464553798
0.47428649447725935
-0.24656508319059242 -0.2614444278887485
0.38761659209554544
---
72000
72
-0.42365124916739766 -0.7920124801210355
0.10243267510581615
-0.6881155742511138 -0.8619340288483496
5.278276573364338
-0.4748910756295123 -0.8759819427679134
0.6272399482284028
-0.32203369873559057 -0.04580337518497523
4.812727819122462
-0.6262182251006033 0.7939690398478374
4.616317500561354
-0.10667091489665541 -0.4141017156471197
5.299877084356902
-0.8426182088789149 0.8415182190914636
1.2868895541985763
-0.3600185554106796 0.21296948842639743
1.7019244425920936
-0.3242635681428001 -0.8893751421329261
5.4691433111018215
-0.5872101398104068 -0.9787501749779041
6.11171379280733
-0.6238172382112203 0.9260260994125142
4.116912428586854
---
73000
82
-0.6658700229517055 0.054603821813230716
0.12979561163625775
-0.5268858052245038 0.10562904788084002
1.006191200263184
-0.8107908800418498 -0.48056073126672616
2.257636324787609
0.6819921631350204 0.4880235308389751
2.6766881667640625
0.8721634790685001 0.9563548375335345
3.5416398810840413
0.7245270032345833 0.19959594454987253
3.414647812369293
-0.879308243661988 -0.31083196192218215
1.772393557972971
0.43391186893075007 0.5678734504534904
5.264990441758779
0.86148466998374 0.047407524220057985
0.14322207356657835
-0.74645166102294 -0.7246390790042385
2.1563164907405756
-0.3662261458356772 0.024186551212511054
2.1508584548119476
---
74000
83
0.25376065529664776 -0.2236304492195864
2.282304057703427
0.20930449933261097 -0.6217355721010075
5.523528358490787
0.08094651212985991 0.6484978005794224
1.3515689124793404
0.9803354303855608 -0.6877329550825392
4.330383720306511
-0.4645391120387149 0.8148663762342416
1.3671520838784037
-0.18762498440703845 -0.9746961820405527
5.448216593697307
-0.5865362266485293 0.6532463781794418
-1.3452460991116841
0.6783364599986798 -0.3481083382966284
4.5675367861419245
0.4441916630936162 0.2861058802956597
0.5232272454308724
-0.582727069265774 -0.36442353995415
0.26467513991840264
0.7147678513198017 0.019310860270383288
1.2034984590499667
---
75000
69
-0.9642102639960766 -0.3142740966147581
6.035807778205031
-0.812881097304433 -0.26628799962961236
2.5356576140726164
-0.2546053371978754 -0.6069452629383258
1.2349720584509862
0.03253495045632471 0.8654120454860431
1.2069356574022478
-0.7585070698565183 0.7610178093328976
2.5770772098455232
-0.6720714638494022 -0.1944015193438894
1.9717417692423602
-0.8826922005002452 -0.1583213938187151
5.787451083075954
-0.04702679255158557 -0.6167786154031392
4.9170012371030785
-0.9231709239027979 -0.17129049443746983
4.250409203322348
0.06094207206059268 -0.79388938018484
4.374073219930191
-0.9768829933664414 -0.00717629087852846
2.0352919404753695
---
76000
78
-0.04106304788699648 -0.10929044463672258
3.0353867322794703
0.04319288823143462 -0.028437523752523203
5.206767513982984
0.35691242495836795 -0.6795809967260689
3.721198129553465
0.8914931508080981 0.5235304645479965
2.6341048317922624
0.012476546661150754 0.9738863107288154
4.369595666485031
0.746560124134101 -0.4320187462199727
3.2541107887585525
-0.8242556433748739 0.45802213827736055
0.8723998447846508
-0.3063868289838513 0.21641702976369462
-2.5153177222273038
-0.19016787641262448 -0.510152509906152
1.5351268740781778
0.8851236699479107 0.8737282532246472
1.321755373064482
0.3339952650548538 0.3273636317097923
5.215298195016919
---
77000
76
-0.08770382380569841 -0.45499362499558765
2.5553913080362776
-0.13175251387891673 -0.8449644168630527
0.47063722875164515
0.3141694437450573 0.4082243944674305
4.599040959134048
0.0035134767774369904 -0.7609229885401797
4.941297379372595
-0.5218200185380243 -0.2330436395612075
3.004695776634989
-0.7003761616172506 0.07482563582667276
1.783783995337405
0.6829319795816373 -0.8530626155699063
5.968919696701623
-0.12561399327682107 -0.5838652867177571
5.3073776695188855
-0.2785580605101934 -0.6824725108957839
1.1378330608205798
-0.029506312171635886 -0.901412122058422
0.9388522800916297
0.19361501646939916 -0.7470810092966746
5.09734159836629
---
78000
73
-0.3983343231904303 -0.08929671084490062
5.055756606889271
-0.6001284597964659 0.4829744980058843
4.847517396555075
-0.6428560175580572 -0.8792979247114527
3.4133488023755953
0.12766598779761182 0.23632781891031357
4.056506630669114
0.7194187454208449 0.8862800754961185
3.187097899701368
-0.9495308500289801 0.46866201271948543
1.2052158482248174
-0.2811347232733754 -0.8070875816066918
4.629392646451826
-0.3131874296086192 -0.9654250008929578
2.286161667997061
0.3125872952118654 0.6947710451545831
3.2237267643947245
-0.08135167256142745 0.33470908379573217
4.461256373158146
0.08981500840345197 0.5790423808077463
3.979577725780403
---
79000
89
-0.035275107636168306 -0.7285131461652411
2.387977310951652
0.007028313807675872 -0.7556660172156542
0.16428784963183674
0.41896120712470797 -0.6320501400922471
4.190055219428767
-0.2585518078145943 0.971336074658852
1.8846255792113693
-0.6195050460530208 -0.32132678087685607
5.740627686183915
-0.5094325509080466 0.6213453336892347
0.057333753235139895
0.17762819883444547 -0.37267543822949634
5.611661667239919
0.5885640018692883 -0.484419051174712
5.812519497395629
0.6525269504793123 0.9322141693165126
1.8543429975398378
-0.23265478779129975 -0.7013976530816869
5.290840972332601
0.033048011454476514 -0.8204401172648756
5.525372956401334
---
80000
79
0.8994345204739354 0.3978014434947412
2.7519749286479773
0.8911823346315315 0.4195582464739206
5.745708403777976
0.23858145865907004 -0.8853923452052287
4.39019064882679
0.3869607630393947 -0.7313879065487923
3.141200043403739
-0.7175072981503244 0.03619573810950453
3.511493439485382
0.6569894933123166 -0.3686512641489388
2.693891673425952
0.7921934612067227 -0.4169528865313369
4.919634668909387
0.26114040504289016 -0.9347766896652802
2.167130832573881
0.01678574868079873 -0.4422126976796956
0.15382827735441573
-0.675119415540174 0.7322113409665431
1.9942696539061995
-0.8500151207126966 0.46571622169329785
0.0383205085013385
---
81000
71
0.06270777078164068 0.4976541750165826
3.1063378069414815
0.2724451936583119 0.8953214534748444
1.7777187239138152
0.30348887401785685 -0.6538909216465421
1.1758656125974953
0.3170128420011495 0.6522197578973461
2.210518819789624
-0.17123806833367852 -0.8788788174098983
0.7688382704921004
0.08961557451337746 0.6297654920231296
3.202990726482202
0.27303728300139934 0.7988697805602072
5.136746174022401
-0.3270149540010912 -0.567301487299799
0.48892433167614957
-0.7836544882099635 0.25486611948630356
5.680883063472722
-0.847296821861716 -0.5985663414109966
5.8743565455985705
-0.1867265326154803 0.7361710672629649
2.9882879325357683
---
82000
82
-0.8712170125045715 -0.41328726989967657
5.22105903944906
0.9492022483254818 0.2650756392536012
2.6163173861378297
0.21315821080371763 -0.9388531440630207
2.485102001463006
-0.9131421565541895 -0.3824375325279024
0.5129727812245894
0.6011253538890309 -0.9792251251720732
0.568503283605815
-0.7462873736713109 -0.19879268821671037
5.833340984792017
-0.30885705655828505 0.4646646857574004
0.3864101378252647
-0.26597160153770194 0.005258399897093675
3.214019833118181
0.4803750219158805 0.9434936739553387
5.742827118661184
0.42593214383772493 0.2070868609554599
2.7370403745584886
0.39344023778888504 -0.921020433868434
1.5809275473181827
---
83000
86
0.2114640707170003 -0.13459354153949465
3.090313581866693
0.28123351808359476 0.07148050783826401
2.6310519476537806
-0.7806946786903247 -0.17689594240175205
4.655475137535265
0.83488168263686 -0.5919413021081701
3.8973818630266734
0.4200939772470189 0.8064166749775661
0.23013498445190717
0.04978281314922741 -0.5150983709948752
1.6767117650963979
0.27541272465906474 0.603616943062473
5.538898157754369
0.3911510844911072 0.2812621101991755
0.28179903206699386
-0.6607353482678102 0.665222550910202
0.07498119149392402
0.7912632543090489 -0.6396289807797686
1.4422977061852862
-0.7464787988422228 0.451559983935372
5.154646187956746
---
84000
80
0.8045041053505966 -0.5895505513890439
5.974291111788326
0.9374035041950229 0.090097137167859
1.2669898917967224
0.9881619355434558 0.0719800768231514
6.238563144467347
0.9878559038561587 -0.42555784213717873
2.4542703418003886
-0.5040773780533949 0.15356771673988812
5.069630514835277
0.6233588615410544 -0.6828703325819143
0.4718080363722379
0.8444681770334405 -0.08397608698584216
5.452011857432508
-0.7234247574025452 0.5485272355893468
4.651774746295932
0.9739254237254853 0.34120705339884133
4.497212326916024
0.5259456087753999 -0.6614883262067627
4.226859645413361
0.18635189703057642 0.3235511265440358
4.390716353392095
---
85000
82
0.14203626541904008 -0.9234464606803824
4.725715947233985
0.16313316994656243 -0.9583180967193113
5.044114657098917
0.4477271469886005 -0.6774947232990338
2.531442680990221
-0.896584693546974 -0.6535660741882302
4.053124813595938
-0.6638362083907496 -0.645313647290574
5.986497786790561
0.7101562503066368 -0.5942776058012864
3.609057232864635
-0.9170010850836144 -0.1717014308785698
5.086553031008156
-0.9189727110509576 -0.940609460754164
4.613415115620951
-0.9456830959720788 -0.19371518212537853
2.37937998575204
-0.6808341727084976 -0.020875011640843544
2.2426377034199634
-0.8089395351714349 0.3400041531739927
3.5886328587583556
---
86000
87
0.23184168794516788 -0.018689187895721972
6.274416784806729
0.3280215134882414 -0.1605655443718222
3.1449003788594467
0.7206999907305419 0.6896215370318703
1.0621606834183557
-0.63945908169586 -0.7423816249761276
0.32606718146892444
-0.6507586135576654 0.028662071701196327
1.8466530808583919
0.7384242064710422 0.8615954420619848
3.2187017208604543
-0.28247589350750973 -0.15900424796031537
2.298300337297415
-0.4929080817083665 0.492646979131163
4.165840036887093
0.7910242332897603 -0.5459652394616499
4.5572420749153935
-0.7762912142444066 -0.5506071641695787
2.838090314540545
-0.6485772886761183 -0.7500265354408343
5.118482583102334
---
87000
84
-0.7123853535116565 -0.9067153659907937
0.5270247075245208
-0.7115391856918428 -0.8743852972708118
3.172174821704587
-0.27504831222297005 0.04359792860508907
6.093668184905365
-0.5587876843615158 -0.07080507304712758
3.9992025544826735
-0.3894545828243823 -0.8383262162665738
5.953852384867062
-0.08383140583694113 0.3114270099445169
0.13026563493289256
-0.43571844411319605 -0.11480365046509657
0.4710342229394069
-0.9742513434913502 0.41320509251450427
4.837416368545148
0.12913694686751673 0.33622828210320294
1.5605241898806712
0.865659556065618 -0.5815788225374217
4.218150333833111
-0.8677226496908886 0.004071574634850774
2.0351172084559623
---
88000
78
0.6662218347048553 0.8802297574290043
2.4158774396783356
0.5261512906624378 0.8384495218213712
6.154100336862848
-0.7492663181049471 -0.7035270221854717
0.6358513266332837
0.440505005821066 -0.8968786629148806
2.3880388920804307
0.32846611596815095 -0.9418896300067178
0.30591988370121825
0.835455821153231 -0.9490589613361944
0.9495612354686358
0.2208820138244676 -0.48596970820498414
5.135204960919608
0.02743973475751749 0.3609321201235796
0.5041787385336192
0.7744505522097976 -0.7172457849481284
5.307973622501558
-0.8941278837267795 0.5709516984360372
3.2786973310682326
-0.3731833413052087 0.6967523634425268
4.247569224738827
---
89000
71
0.4545068038040511 -0.35471442070839954
6.251506495945759
0.5411936682571121 -0.3701451176502328
5.981202808488575
0.682565150024291 -0.11218577391655558
5.139907428580174
-0.09406158725983449 0.12031100940593231
2.474254855455575
-0.8889080284059339 -0.525844621109213
2.523714433153428
0.38815922624581445 0.10892456418558213
0.8771613852064393
-0.19749604542066412 -0.5338756503184584
2.7640317488850794
-0.5759867205730869 -0.6831531521976241
2.9847446788583225
0.9594700510994895 0.8273250707831958
4.394722097783508
0.4440367285219261 -0.06729868189910382
0.1657631109998352
-0.8668724471512925 -0.7753412683572033
1.242943937844485
---
90000
74
0.2704362589806919 0.5260701255858771
5.214354951589857
0.8701582066178324 0.6750239480115882
3.6630818444020656
0.3512744199566255 0.5306926448239665
6.005797121786043
0.4781650209647017 -0.47377049648247394
0.3378119406701199
0.2626921297202284 0.7673347636027488
0.6034925732467045
-0.05637423809064806 -0.7189442213026257
3.1699748908517558
0.9260711879399628 0.48496524832358245
5.177502258644804
0.5053939245279041 -0.7859029558582793
4.958242193141141
0.2986007272511917 0.5119881141064524
3.6442230668840185
0.34660383993782273 0.28009506158519165
5.936619903439001
0.9819902755836689 0.9084981841831035
1.4957837729725965
---
91000
81
0.8068113954305774 0.17113535265858248
3.983580232478624
0.5211674538480873 -0.11299289925739064
5.641623495121342
-0.35897032331366674 0.20143464856816065
2.606068174316735
-0.493347600121676 -0.9808959154744947
0.8624324891258341
0.3059164703021005 0.22222779178227642
3.425383087608612
-0.8880808486575538 -0.5592335164299
0.017516867254419814
-0.3282224250802152 -0.6780407447433907
5.734616596954721
-0.7627547279126121 -0.4562648635494231
4.427863144376745
-0.5856586740283181 -0.41653645370882353
1.366577588682203
-0.8257790063685586 0.1282146516482127
3.104408512305225
0.08652795743602076 0.5267429236994495
3.0968036210345686
---
92000
73
0.8721029171263225 -0.8291988076329506
3.237528022049993
-0.6548721727064519 -0.9655358588944786
2.927177496098814
0.12505007317654437 -0.282656013652289
4.659632939777786
0.9864475758382687 0.6030646019847679
1.846377012180124
0.2123474439004973 0.009567571414792326
0.6762360641972842
-0.9790904634240941 0.005165247230749813
4.5511591888368885
0.8422344291516055 0.5753620087233935
1.9759404973629673
0.23955785564874751 0.0379288032590637
6.240017281136329
0.636057722442097 0.021044956707372657
4.960122633196597
-0.8669206515446475 -0.6361721138107492
1.3354332271184495
0.1002507517446587 -0.7069957399142373
3.9191461625728925
---
93000
79
0.9723825782446283 0.45326280887106835
3.725443784456901
0.8048601564023062 0.3656170676470093
3.9017318618677628
0.2587025002012137 0.6875302221840902
5.0419832207110575
-0.22577948039993412 0.2274834610532308
5.194011534609326
0.2409277883239144 -0.6595053767127897
5.955490859930277
-0.7482965042980716 -0.2518320656932824
4.8361537310827
0.4663116994790354 -0.5034765714455629
4.631555913787544
-0.3633573462117728 -0.13835346388640293
0.7785474562454047
0.19180051570146162 0.5718790867917115
0.6129849208971132
0.7504693061376779 -0.31521062220347074
2.3618132472949003
0.9592041347005972 -0.8343551001877627
2.256562677186924
---
94000
83
-0.48355919613714005 -0.6078165882820602
2.8944299867910694
-0.18724646665442943 0.7047578770123222
2.8878016592411644
-0.8770292156733943 -0.8814885616634851
0.634588141898158
0.8571471603758991 0.901912642457239
5.182870319382071
0.04746196138873472 0.5316095646263503
3.285485487985067
-0.0453897496685151 0.8098905240022716
5.578424917796893
0.454713211490949 0.03135966712706498
4.177012565093182
-0.7218966985301929 0.6543497132654832
0.4891824943933072
-0.10032650602515558 0.4787891977644718
1.1648271540752457
-0.9348894410463883 0.5507677209018612
6.204538565613767
-0.7420532297504115 -0.3573359309065733
1.4178420995180323
---
95000
73
-0.09513303172069057 -0.9436094621425332
3.435661357117599
-0.0447047732052592 -0.8075150699601784
4.074528581075681
0.5989444160469657 0.7996755496776909
1.755308981207789
-0.3548397770249537 0.12745359612165677
5.922664192898663
0.7005094826730112 0.8627844458635209
5.26644593240103
-0.5471886464053893 -0.9893539876516575
5.290094540347272
-0.4892935227529935 -0.43414113109925356
4.665727203865057
0.720488243622373 -0.8552508350880447
2.131343989194301
0.5241784837696827 0.7612601649946812
5.769106868819292
0.813551622499368 0.036378784189079916
2.7406012721038797
0.5285102738799905 0.16386262370156146
4.857149732800069
---
96000
78
-0.5495816847840344 0.6155071920013333
4.7130541626464
-0.3976339880917007 0.42977406557932474
1.323417249671384
-0.6022829251995091 0.09405042067563646
1.7224291476062952
0.5991939484573839 -0.15128365201261756
2.1510926326147635
-0.461269581149013 0.6363054057593759
3.2209714335475823
-0.32020504351323414 0.3796189421830255
2.2709140591347587
-0.4653380600836999 -0.7388425018384601
0.48004175820014616
-0.1045306016981988 0.26775321227581333
2.720164806167827
0.24018529430523025 -0.08711297402764945
6.1570541307557605
0.9431122916915395 -0.6926017417093594
3.1928784011159657
0.9759153738178563 -0.42619460996345415
1.8955227550271188
---
97000
73
0.6889530194042331 0.34238009372837813
2.6303642504815383
0.4920455248506826 0.9892840235234436
2.6767281844192885
-0.24483092133536216 0.8355358064551053
2.66812138337478
0.5527961115629149 0.00931920400242483
0.14538753470913335
-0.5254257918192813 0.25889099690202033
3.6799126220030924
0.513184660549223 0.6452068586701203
2.6953074154193084
0.028846991119160822 -0.9454163337099849
3.2234138990092465
0.6971368868821064 -0.9919640237221033
3.5399718514164134
-0.5642026352423367 0.49567380722779897
4.497413532576438
-0.05091112835636616 -0.668703834984843
1.8892580676802977
0.971094528461422 -0.7074746507234765
4.698447219470502
---
98000
75
0.02165047452586371 -0.8486367141202893
1.4858075526800363
-0.45148003722840974 0.9931094180197753
0.3591394192611368
0.19020704856439452 0.19766298374284857
4.971250511537353
0.045517584265797016 0.6883531076079134
5.86040469571471
0.8738030199239033 -0.021791599357564584
0.6320084245280091
0.5482276807002318 0.19287655271211585
5.188848109188606
0.29157611676394535 0.515053378926406
3.9017744608665756
-0.9933034285431073 -0.022748025916061537
1.5819141253681934
-0.21927979786069238 0.9401191000144576
5.5173109070644175
0.3186375021734555 -0.1766045859310598
3.282932214521918
-0.7283350971328367 -0.7311834397076276
4.82573960790761
---
99000
75
-0.31876852310241116 0.9603380101446253
6.280969089432697
-0.2713529315072562 0.8862016942869944
1.5769825135736193
-0.43161352861718844 0.8089461122240672
2.2501289601710495
-0.5942179293443388 0.15082437134771592
6.218864723562476
-0.009940085567806737 0.4018189001613448
0.8537332762231484
-0.5417788556646278 0.950983154265992
3.9156611200084823
-0.14682425421552545 0.9462735778884285
1.5571155996054067
0.07914387962808399 0.8276541644867051
2.7265067256420608
-0.1084596965919131 0.9097156757187456
2.33288348409262
0.2304711506131896 0.9166207755983931
1.0130751987248798
-0.018950069084803865 -0.694259617310754
5.220494628680554
---
