100
{'run_name': '2D_rec_10_total_boids_slower_short_chase', 'annealing': True, 'annealing_start': 0.2, 'annealing_end': 0.002, 'nr_observed_agents': 1, 'nr_of_boids': 9, 'predator_present': True, 'grouped_spawn': False, 'predator_halting': False, 'record_keeping': True, 'record_frequency': 1000, 'exp_folder_name': 'big network 5 observed', 'boid_speed': 0.0283, 'boid_color': (0.8, 0.8, 0.8, 1), 'boid_turning_speed': 1.5707963267948966, 'predator_speed': 0.0333, 'predator_speed_slow': 0.0333, 'predator_speed_fast': 0.0533, 'predator_lunging': False, 'predator_lunge_speed': 0.013, 'predator_lunge_distance': 0.1, 'predator_turning_speed': 0.7853981633974483, 'predator_color': (0.8, 0.2, 0.2, 1), 'predator_confusion': True, 'predator_confusion_distance': 0.4, 'predator_confusion_threshold': 2, 'predator_chase_time': 10, 'predator_halt_time': 0, 'predator_eating_distance': 0.06666, 'height': 800, 'width': 800, 'graphics': True}
tick
boids eaten
predator position
predator rotation
agent positions (and)
agent rotations (interleaved)
----
0
81
-0.7664503325614554 0.4818608084499976
3.9470721756185325
-0.7642347476561012 0.39482647713283847
5.098683494357478
0.31286056163805787 0.5612273543090867
5.367063576167656
-0.8295712317166856 0.860794377954787
4.6867217907833965
0.872820658694764 0.5973547488040125
1.388271184171911
0.06054068563108474 -0.3495223219390285
2.847230604006446
0.22321911124616717 -0.9636551121810236
3.6474284281685208
0.17220794466199818 -0.48753461911844953
1.9946860589697617
-0.52661624893556 0.6618409839377762
3.907061688987147
0.25969179659722674 -0.9039234091832646
3.5048232092699303
0.7951772614961496 0.6746032664429976
4.931627643957652
---
1000
75
-0.0234209709959469 0.4415905853375957
1.4631352388906773
0.03982548083731525 0.05805026050164916
5.75063572002002
0.8172872884845827 0.39880236507676103
5.554425065293686
0.6104316128073661 -0.19429912125258494
2.424469527518407
0.21191321352366718 0.07763472718627304
4.573082123662417
0.6563213118612629 -0.0928796796779137
4.472242353889353
0.25908951596070995 0.09876293932132635
5.594105373919412
0.8001185732424383 0.26779186454460413
4.160672619187271
0.901665283683067 0.42619382544076034
0.26385128847400807
-0.5306121485447414 0.0580776827718644
5.087221408889505
-0.32251089404336025 0.3169847336968335
0.1285563378931176
---
2000
80
-0.44241001433528526 0.5451517096709284
4.793314914910601
-0.03308310463866003 -0.8960511405955031
2.8136528480526053
-0.8792596199424046 -0.38763830518290676
5.118158493953679
0.49010386449467597 -0.3979197729363721
0.09267098568834875
-0.18019314877602693 0.06330112703942921
4.436804526381479
-0.3117712489793604 0.4998566835256554
0.10382859625871976
0.601903105609721 -0.7840916172335914
3.9760415652671233
-0.3264981552669054 0.15691788452320107
4.742423260706348
-0.3998156653306173 -0.688310341516895
3.0642043652378046
-0.6577801465155851 0.4654505345868858
4.087750702990593
0.36285635266819977 -0.7847260607151586
2.092670618322881
---
3000
79
-0.4487086370194762 0.04724322431979316
3.7894182834103822
-0.3493177889616156 0.05910557089819891
0.596148053121043
-0.29886279184487224 0.5916979930647207
0.7105813947152555
0.8249839560153595 0.6419826215979216
3.0719570566056458
-0.17362773124707886 0.6130800354506811
0.707026035197373
0.9458311794245368 -0.4674859734394539
5.116256345148915
0.21598249551508455 -0.7497713946879009
5.324795812719522
0.05455096113398222 0.918427102901193
0.7997068271420327
0.6395727635516263 -0.15298419323976672
5.340040595728543
0.12235719681528961 0.03932432755727892
2.912859308298958
0.13043102156031106 -0.8886595808791719
4.853160668230744
---
4000
91
-0.31873160732260747 -0.48152303032504956
2.5239401945045996
-0.010526877485549813 -0.6576623091285086
5.035714647579177
0.31837854454329156 -0.949147148502552
2.973104440850414
-0.8357160728798476 -0.4989244419711774
3.2616042212469694
-0.25088634862510684 -0.5737088440868803
0.901222343709061
-0.6475613081959349 0.8657833858309079
2.013282273396812
0.7712571559530389 0.3037338460016518
0.8815469721989242
0.015386620682773411 -0.6971402282587438
4.238263230566873
0.8529599817231255 -0.5741945545347427
5.380737695978072
0.7257187465903685 0.1580820928896835
1.456776469836437
-0.8689988012918597 0.35537165683087013
5.769927793325447
---
5000
91
0.36956300559951655 -0.6009577120880144
0.4109770761644201
-0.22775133223401728 0.03752507605672136
0.2430764512414978
0.6001231145220252 0.22101787159148364
3.9283356454605265
0.6803300429988203 -0.5895997561152084
3.1587421570183665
0.43281339469944213 0.4867453970528593
2.2059007405135556
0.7033603057280208 0.022801176152525263
4.960235964190861
-0.5062079643252484 -0.10450159811599015
2.254649624634344
-0.14729231163295523 0.7942786116859368
3.564156307861939
0.6600597979838093 0.074415711936475
3.133139789260629
-0.7902009756391122 -0.7198198520987283
4.2581713216321075
-0.7924038744610331 0.2159046040008995
5.527400246329417
---
6000
80
0.9547793449911494 0.28839578405283595
3.075905027870999
0.864722215277814 0.4020371168362489
0.6117631728904636
0.8756546618876145 -0.16133917944767287
5.312242518261487
0.0025334955552284437 0.15858713374982206
1.4849349904207683
0.9892368726287554 0.4558255011699035
1.5955341451955967
0.1170379947031575 -0.28789245040376066
4.641299663750717
0.36899998666806433 -0.5421862471196862
0.7255971074726046
0.42372642642712727 -0.09912847896405333
4.422917469859786
0.7371213930506981 -0.5956593008707176
0.07570817608475533
0.06464531282179788 -0.9051081089877393
1.9316083799900126
0.14137149307453645 0.5980197084257446
5.278518711333824
---
7000
82
-0.1332113212264199 0.48919749766681103
1.2485715398134227
-0.2930663262477913 0.6034165430675129
1.216121074258595
0.43203299817829427 -0.37439834591760535
4.354795804936565
-0.6566894144144555 0.17054485849146733
3.2827986903359223
-0.3326310580446797 -0.43991084994946905
0.004772027453361294
0.9700838594930916 -0.7212826583765566
1.5445608381127407
0.5763634776882519 -0.8522053790901475
0.7378556496740973
-0.7431700770610651 -0.7542089037200923
2.3188468803876203
0.016656161208336382 0.35225409949288505
3.2980685192416095
0.26290797885604683 0.13387231249241735
1.8013215378686658
-0.7705993406641125 0.8332375378081952
3.4340379172901576
---
8000
79
0.4216808084214852 -0.7991004996749469
4.200996112438146
0.2785415240132084 -0.6377691001840446
2.6117897713311207
0.10761385604939636 0.703657205195547
6.14001826488488
0.981723692750147 0.4467558762988022
1.6310169274033575
0.5654284597311802 -0.8933889517202548
5.261610096269248
-0.3728388052552593 0.8501721680037241
5.716488082006925
0.6982484751362983 -0.9126770010658618
3.5141812907767105
-0.800630365104183 0.7598973130438231
2.5310398010621
-0.596497698318177 -0.5449165517480831
3.5557448391870388
0.12432994172552779 -0.8957940872024
2.1100839739905073
0.0771987764045195 0.02209984586075144
2.9919366859045224
---
9000
85
-0.7239110242651321 0.47779873976932064
0.18371145517772064
-0.7541541768870337 0.4783001258509079
0.5882689924775075
0.8635189516904763 0.7144437512412101
5.798912504880806
-0.02514088291647916 0.32015385168074045
3.8561421177474235
-0.5073811856517851 -0.05078740708712134
3.596500811877639
-0.8145735445770299 0.18518976759198205
1.355906475432425
0.36262987062717694 -0.4982997595592936
2.607706223565497
0.26423198830914923 0.3454026349773276
1.4568279280520589
0.5936605476674575 0.6592740644048137
4.7883559089067695
-0.6370249816308454 -0.24307164786037574
0.05940992388387212
0.631157706814993 0.1619306870931549
4.1517811204721475
---
10000
89
0.42341547041144767 0.7181407974077637
1.876272658684195
-0.020075650981765055 0.7169459562228593
5.660384772610085
0.5187620317351187 0.4695457928556503
3.428753036475138
-0.9485539735396159 -0.34936892332388114
5.896339996140959
-0.7072830613645592 0.8437325990598809
5.607955342792042
-0.7910948209339852 0.9288355239639512
4.415758852008566
-0.15251079810914742 0.2566738526008588
3.565264481713795
-0.2431516385198369 0.8599679198983339
0.39740248567072634
-0.22488760322598877 0.5613182222606045
5.795875954961225
-0.6022918934702054 -0.3027563815150858
2.3900824825607976
0.02453129857966187 -0.8087503665007068
5.643358644180217
---
11000
77
-0.2721211937257399 0.7548199669917008
4.453114404390842
-0.7512937480483427 0.5355860368852016
-1.3046685626866406
-0.10719276200856281 0.07961243458069323
3.5604655786610104
0.4752440662450179 0.5806375206505145
5.630224645770828
0.3657329622583973 -0.07719583806426804
1.0567511124812397
0.4447440288104256 -0.42964956232297347
1.128497645181767
0.876375057614182 0.7902098230300048
1.5339358186930365
-0.5582533084015154 0.6133859687841307
1.7923812212091308
-0.9136409532374724 -0.9746235890734518
1.3168730714606784
-0.3750798205044158 -0.9629105959375012
5.552863162383229
0.9928448141452868 0.6617593854535941
2.2616836201413264
---
12000
82
0.8083955453863406 0.6266582810838159
1.9092846483889343
-0.9505256602344118 0.399624744071552
2.5451106972480906
0.9307215932891209 -0.8735803681079655
2.298077873530204
0.6609944405462034 0.43584965959503047
1.5785492172639124
0.40103099302736633 0.18304012636422662
2.173821817258852
-0.10501390271958187 0.43259462105753016
2.573753269883218
-0.8175277675224483 -0.31244595198297115
5.971119079210252
-0.14738270407715579 -0.5385234731579307
5.334539966680285
0.08284620136772752 0.3787765586866428
2.2527125992758315
-0.49450005984485323 -0.3871838593148133
5.509269542741692
-0.17738003710544745 -0.9579599244824183
1.756924570492501
---
13000
89
0.13699954515891943 0.05306270707582331
5.882002875536683
0.14042095341409538 0.0030533295097202266
3.6535536217208504
0.8288128024841551 -0.4421774974770092
3.390231596036137
0.8236148627938129 -0.3610606523223656
3.4531197993155924
-0.39491783471637293 0.7608506521355128
3.422136728971262
0.5882667108054035 -0.238310037559217
3.5850106533108654
0.9471062912973092 -0.9919823828321119
2.3877339541894855
-0.16816797447664666 -0.449830965231777
3.212428399856656
0.9583720879549378 -0.571180549827266
2.424283641774962
0.12176719025836287 0.9741374738594111
6.075493806523793
-0.4042342558531924 0.3025807673227011
1.4199380534904955
---
14000
90
-0.4526503256468979 0.4692280858575417
0.6337135632151083
-0.10444200007257583 0.31884913378354524
1.9022893399075667
0.27891197326936995 -0.5289307219092105
3.0331235307418907
0.3928911376740485 0.8124092365767008
3.0854786489391914
-0.1848134653913638 -0.8910163198662405
0.17130760334091555
-0.8170344462258372 0.7105918277128301
1.9722700056674674
0.1330861094036952 0.09280765365010309
4.174527392311079
-0.30272143511472477 0.4368821846878846
5.7367811814469025
0.26645897942697483 -0.05284297521504752
3.2415405647911246
0.40717933327031436 0.1766443903433118
3.788225317213313
0.9508859304082067 0.2283234223052465
3.904878664582845
---
15000
82
0.15600405360851896 0.02398812473315922
4.825067446226799
-0.037937083671028105 0.031334253164280235
0.6152465853496052
0.9344701714993867 -0.9048125750856577
0.612191309741621
0.5773695818855644 0.35901203221297834
1.2376122178391569
0.7104254630647296 -0.1904900331132424
4.181813069062345
0.38454414744183935 0.9744946674990113
4.202220545746304
-0.01531737813501588 -0.18073144334443228
4.174732484210421
0.07978113730568451 -0.516482359071265
4.103901375028556
0.0034380772357163122 -0.5467394063913206
5.860161917744745
-0.5196388494505574 -0.7385983976547599
5.228897212394775
0.70220279407473 0.8719346286940044
4.296515456698628
---
16000
79
-0.680549216408035 0.1618468725556162
4.483587151430312
-0.6844121724776018 0.6751196762764944
6.2395778664732084
0.7728695746550431 0.960962832528851
3.110634275189919
0.8817200973935989 0.012273638911105913
5.034135343161613
-0.6154536515599479 0.0011908703878499745
1.6571889525912962
-0.1493085517815061 0.034110464121001646
2.4505786286632034
0.9387968026234101 0.8496469618116789
4.050630834454648
0.6950409281310107 -0.708339875227929
1.449569935087979
-0.4724996387258814 0.3817405609967418
3.948335664906077
0.29797633621407266 -0.12728963134044752
3.9865496790371493
0.98799026202041 -0.3877606044047851
1.2621027219435037
---
17000
75
-0.346351545633133 0.26379014521844935
1.148036194002514
-0.1963458747732335 0.23011659684936153
2.3105876704501505
-0.6901786639680872 0.285839688264841
5.629996114022261
0.42637884020028605 0.8971897065338044
2.507210891912276
0.19738694464486095 -0.0035904245989026758
3.9347278439306237
0.85561825582575 0.8318730750276722
1.3913971457977787
-0.03612193806022736 0.2077470896820926
0.2925405478834433
0.2624259397383908 0.31531643438963314
0.5989703571384082
-0.5192543105418465 -0.19495133246156826
5.35997971790736
0.05252759594601189 0.3869787342639319
5.833031760443142
0.10784306126232623 0.632752377661419
0.4250920072281925
---
18000
77
0.3228571651244154 0.8461400022606701
2.0948671028591264
-0.6532476964517188 -0.9223643358041025
0.2695259912450627
-0.7795825057142642 -0.7661852360570814
-0.5801230848079539
0.35822422383979535 0.676460549635512
5.762481465784737
0.9377239057395894 0.10193641456333047
4.267918535560227
-0.07952764139915408 0.2108835094565248
5.131935761436033
-0.41033117859388385 -0.5180668538061892
4.072719326612054
-0.03176258495330206 0.3382222505705738
5.823414422997711
-0.03777820561604012 -0.17004309701797823
3.062118915339517
-0.736950150964519 -0.4307433166695342
2.958478907557332
0.917650052201947 -0.583607357796964
2.0735496829938667
---
19000
74
-0.3035696147582512 0.266036543492594
4.325467107474127
-0.16371431368762324 0.3161400309152356
1.0397179813364903
-0.21689138389906196 0.5835240785284366
2.0910333688222185
-0.2872314672063632 0.08687482230325885
2.8703261371734725
0.9182848305260539 -0.7970394576549796
0.7326588886893705
0.34691401677257416 -0.19370897235951745
2.6796450048521243
0.09141997764164662 0.3044488760910763
2.4933894726348025
0.04642772362910608 -0.36409408941119115
4.342964120682192
0.7864064493537772 0.7551196626144957
0.15199781409700708
-0.5627840558749391 0.005894278084625957
6.20928071949758
-0.5826593471223115 0.4461614356802868
4.814491466706513
---
20000
75
0.22590595259039528 -0.18931498283842937
0.6471370093128602
0.3203698329412257 -0.3072841658824415
1.0023921755125933
0.8979055001024301 -0.530511026519251
3.201944467912722
0.13822008558377422 0.8299227132052169
4.338563238568479
0.3143673354351516 -0.46938165537412413
0.7365807037560801
0.4199290619291096 0.2946767689083233
1.6723287145651753
-0.13623003670352904 0.4055313998169295
4.238714451288088
0.7198018026146531 -0.06098921211727244
4.686839786022681
0.8838195665132386 -0.003842855867714795
5.541298820798137
0.5192595849123204 -0.1267382973198894
0.42398411382784396
-0.0367478753943104 -0.45548218685890846
1.497896666836989
---
21000
89
0.42048324240925933 0.58281738838705
0.8649675595462906
0.03625460503034598 -0.8325299079090172
1.6307294897172673
-0.057234745572947915 0.7863984373250006
2.5125235780169
0.6725275957449793 -0.38204231499632507
0.3185537343028786
0.47730321221010386 -0.8918466611542568
0.6078890661266501
-0.16462407270831986 0.7646980474520477
5.189007267055209
0.8719212316541082 0.19233624096994495
2.051701846561276
0.6318036769445571 0.3655797944681477
4.78190403972819
0.27631895164131404 0.8469018596282861
5.8748768247561864
0.7211167422971818 0.9919551813873875
3.161720887515454
-0.7009963861016727 -0.47897473915096944
3.097002695302577
---
22000
90
-0.7573036800961243 -0.38361462678653885
0.2940284552291008
-0.7035446818142667 -0.1902141760295072
0.35347763892997186
-0.6159818396137188 -0.8987787721856232
2.1142401567943816
0.8045307797714754 -0.5109739098598114
6.183889336128689
0.4522794840940225 0.31097032297344707
2.6419462320080376
-0.15922998735661748 -0.06919182741342494
3.3205105508028456
0.16255163511463888 0.11523968158841635
5.460721253622212
0.5366566666193074 0.4100160547278428
2.4154653965885142
0.5054102058475256 0.9654523983926366
2.7654646714164626
-0.8770494508628781 0.8218184275466822
1.6522984284195963
-0.7829452025038622 0.9934978761953979
5.708187004693598
---
23000
89
-0.014554823414703039 -0.3081401701489858
3.0754595544617667
-0.337929767984811 -0.18022019427253028
5.615510832490912
-0.6086143605841334 0.013662578987806259
4.579038292182308
0.2743797081287367 0.7147335194976905
4.065292376886468
0.17535628694210784 0.1085753241492767
4.263453729668755
-0.2705347068434335 0.19962999664757144
5.280834912880343
0.3518285031999872 -0.9399173906823811
2.4790804023289352
0.9826301345808107 0.9809788509525204
0.21196090016991231
0.3013933032058748 0.9716826026320401
1.3602726251029775
-0.6859098642080784 0.43836691802003525
3.4144838311279795
-0.1371442132023171 -0.8006725311303564
4.745484739496222
---
24000
76
0.896489619540781 0.8694219729601769
1.2755773686552563
0.9787200299574115 -0.7013859565189045
2.860391243815595
-0.20440740942028887 0.7890984832611075
5.21636089875779
0.5073629546175289 0.07674915126027054
4.914308679746955
0.0972905293488487 0.9762867748299991
5.405637552757498
-0.13759000706237445 0.8000245934898439
3.9956273413877472
-0.2403067762317966 0.6797240498801809
1.4132583850180334
-0.5403622091693342 0.06366689995545281
0.8208656010187498
0.928504568829099 0.6578612465205025
1.7023016284252845
0.8749331393676762 0.8048283840127587
4.961774849188048
0.8318166001794546 0.15753892947761705
5.268220010523336
---
25000
89
0.5564631663571665 0.14322638044681552
5.37133901227963
0.9706973261368154 -0.08862300646164388
5.682638180848232
-0.9992917378952392 -0.7331202575138536
2.6662926177433386
0.9830913404442213 0.2042191749698795
2.07166943286917
-0.386208547397843 0.11493705200029339
3.088882044427947
0.6701184432122672 -0.3643124486504944
1.5490836915893382
0.7285980076931149 -0.3118571698986546
3.3760335171805584
-0.22979034199558213 0.26707323883316586
1.1189411787393677
0.5869428921043078 0.22595141649952522
4.092498719395384
-0.8591968404677964 -0.6341103954701298
1.5341722553146795
-0.33450640923841835 -0.7073058503528263
1.6083850188364712
---
26000
84
-0.7070832636653718 -0.49879858241983005
2.3869936840926282
0.9828968136905512 -0.7419783049549538
4.896299960340852
-0.5890076221464062 -0.740540011449927
5.387923773539713
-0.6848380079212218 -0.327592755946096
0.588365353398296
-0.09025805956614656 0.8337414347772264
1.1115763619331531
0.281737097390923 0.19090858488163043
3.637344607328714
0.49789814263540305 -0.09590711968120882
3.8899177175674193
-0.44259064403529697 0.3666568645769279
0.989795811721228
0.34283445295417925 -0.9184219107741614
5.597553473940309
-0.5768239093392313 0.38912682958658007
3.008185665352721
0.3028593208847986 -0.2639710968458212
2.3054781552114134
---
27000
84
-0.6150405409950261 -0.8581581722596395
5.606126228016331
-0.7166464678592002 -0.9952799263425331
2.362338065115356
-0.06408711595458093 0.08100131816276701
2.0488667821934756
0.08126967423329354 -0.5598003739108707
4.6910592322544575
-0.10375727445636582 0.45171650947133246
3.3652620243376425
0.12350684631498617 0.14726384529635222
5.38689053074078
0.03838438051829146 0.6350066344294087
6.12628994701965
0.3610583174023172 0.10039046239077692
3.7141097756224974
0.3080029359275667 -0.8960111966783997
1.2804619765537897
-0.42137324031666457 -0.6795738510166092
4.969775457334681
0.6822957821841614 -0.8926002908708719
0.9104446609696577
---
28000
81
0.24600304611128734 0.44783482386049084
5.62290127725667
0.10017386643743481 0.4274077247948627
3.964169138508564
-0.2177924737400309 0.9879925158350897
4.796108397611332
0.43928488527472187 0.6207604133024891
5.725904557613884
-0.039286394892871015 -0.8607863077363033
2.079941821973791
-0.28570152438643986 0.15585882844648122
1.056230028068601
0.3463965647267859 -0.1263223517517312
3.6937508152847514
0.40782804849722415 0.8017305492609232
3.686513789316847
-0.13815336760327793 0.17773941465036963
2.1006822076673055
0.8411154597187475 0.8702589785040908
3.5631679044911184
0.403674563674399 0.5785883568896575
0.5388648472349038
---
29000
79
0.1166809393125274 0.4626218140065827
2.195260335989774
0.7458661900507413 -0.3273147702603507
1.7102395231514125
-0.7068010257432656 0.6336669957668062
1.7286409913712943
-0.4717571337457581 -0.6601226177323654
1.0122476512882983
0.8581666303737585 -0.9013987661057639
3.4989239036727273
-0.7423058332058814 -0.7333209974496582
0.45732285681702045
-0.895933425535606 -0.2879198940999904
1.867123248460424
0.9232255297587004 0.745841458292377
3.5650137140159126
0.928905130577443 0.4053110308424893
3.3194822166358904
0.8177464490742575 -0.4045777348588942
1.8151329316065725
0.2883511025946106 0.07905502432694038
2.9752784661956513
---
30000
85
-0.48940610987127303 -0.23350528667951065
0.6849340894982472
-0.6172969645479345 -0.13613784400704318
1.830827761219619
-0.268825697390196 -0.06275366428820145
0.4005800227209386
-0.8334726574687198 -0.0884467791929862
3.043564560891781
-0.2946616164138459 -0.5495897302390991
5.957998981400868
-0.8072111180201472 -0.19291071602321327
2.3388579613840283
-0.9082678529093614 0.9949898261315825
1.7919876682884324
-0.78867771682402 -0.38192113182093024
5.714784336089188
-0.733114133452075 -0.9998661353362307
4.529760719781967
-0.17149960727852112 -0.1311343185091601
1.348127702835538
0.9649007916892718 -0.3627973929607648
5.625900257498275
---
31000
75
-0.6645518994198207 0.42033569166750373
0.056228382432175
0.9581891541169538 0.16776147450599535
2.418228974191708
0.16694816693424053 -0.1547565864962853
5.650322587848046
0.8929256847603417 0.3065817726147583
5.853196793608278
0.5684473033086195 -0.39740452038292434
2.2874936269286756
0.29507544440694583 -0.9787237850433059
4.1710003572377365
-0.7219628716666197 -0.6316778101870533
0.8593320654884486
-0.9531687037815534 0.23439379357139567
2.242430607340758
-0.7768146104451754 -0.14174858230320314
3.2207889638878155
0.4592533882587715 0.6346372797339913
4.124482398706848
0.5247358966562147 0.37300980323735966
1.6548075541636207
---
32000
91
0.9554059217906221 0.48329979638687703
2.2657263558803646
0.8918437801050938 0.5282231889088449
0.1662997891139648
0.8002818615716755 -0.5281039022458677
6.108420108145718
0.6286636522485395 0.9454394096289905
0.7425545293919456
-0.9152325017978749 0.570468987845072
1.1005116368256989
-0.7406813542598626 -0.44199596330765695
2.376219593541806
-0.5395435018866723 0.37465981404779475
0.8798759207858105
-0.14554379757089853 0.9391257663465805
3.3603929333124416
0.7454340146362783 0.5313393282586134
5.998428809111271
-0.5832157188035901 0.5296606094625868
1.9616116790699296
0.9366664145198939 0.9090450756902683
5.411723431216134
---
33000
84
0.7696937587589248 0.019492639781474058
0.2886932232511734
0.5785087878941535 -0.20124963183540118
6.031903165506896
-0.012661209234354077 0.34277253732242574
3.2582236144158365
0.8207358732077255 -0.3830050955774022
6.245517248503109
-0.34951874628665675 -0.9993994280098293
4.843950993645525
0.35124115659445576 -0.3567482103384286
0.3761709497354486
-0.698941093416151 0.053584414082708316
6.082647559557162
0.003622981070684636 -0.23348998203361898
3.9218963939260894
0.9684950806699322 0.9169715473489664
0.9125285613938878
0.20971377048973378 0.20662389949994409
0.1768257062853884
-0.5067669470220894 -0.664461406293444
5.388105597972543
---
34000
82
-0.26178656986260107 -0.7347267640293953
5.880409612475428
0.07580190920532552 0.14494340936413047
2.5151124014672677
0.6053709849153125 0.8369925077242707
4.8330874998214295
-0.9917505861892628 0.533827262925319
2.6540518210634843
-0.29208414873584826 0.4574359725801702
2.058394529781393
0.9503808312263604 -0.6829535849896307
3.432018623332935
0.7540194465943588 -0.3479777915162113
2.7775760827439173
-0.6130738351827534 0.055579607141527584
2.643388309523063
-0.7769449518154516 0.5625545265600155
0.9998021440642728
-0.4513026596041941 0.7451281268082343
4.0950858316198575
-0.9132456492830996 0.3983903823342352
1.730756852162445
---
35000
78
0.953884313205231 -0.18527661069186357
3.0994588036181443
-0.49355221321076187 -0.21263810066841196
3.9150776388976096
-0.809237293583601 0.5678285697709462
5.460245790619911
-0.16579866138900023 0.026478104576292225
2.1284341997673883
0.943971889206799 -0.918962451625291
6.1244110031157595
0.051392175447360466 0.1178493173876339
2.76872141700371
0.8768329830751398 0.9021508818865598
1.5040725133550952
0.901112772452147 0.11896047580347749
1.8829305392220848
0.2534358216714306 0.3285771665135814
4.246686241550134
-0.8252232799777215 0.9620365744056347
2.414696401598493
-0.7932332004273552 -0.9443725242036013
3.419544300343566
---
36000
83
0.649092651051604 0.26417094228210614
0.6308106533535909
0.7742752945793033 0.12333240839952499
0.7888584506426337
0.5302704100205909 0.7747825107789155
6.033312379290954
0.9837790796724516 -0.42110728640139644
5.963388176177955
-0.29241626370639534 -0.6246397396857224
2.526710473781703
-0.4814206016126991 -0.19844519983040004
0.09392292403367186
0.5136456825631441 0.9264635377498796
4.1326067429925
0.23256633094347154 0.269956724280999
4.3951628366029
-0.069922370918265 0.5824958116977165
4.01795855629873
0.6279121504335794 -0.03444689642867213
3.3456812306984105
0.9488183485514959 -0.7441997725194931
2.3935592724485026
---
37000
77
-0.8957242923637967 -0.23320664456911142
0.7636261810402453
-0.8426841651435045 -0.673417477918858
5.253353294034494
0.3439123916385084 0.8698244665661049
3.8591523866270157
-0.5401333889866065 -0.6383186649797109
4.524001416980932
0.6436030773940475 0.9632091986644038
4.43734167312556
-0.9709308747753108 0.5497971285394205
2.2512121312136557
0.7941507403373039 0.8742449513349405
0.806168049620311
0.8284717371616309 -0.6314853618980593
1.6610487195619283
-0.20612287961879275 -0.49609852558190853
3.2982153955650126
0.6047892115064897 -0.4249848813561352
5.814267589026798
0.3705559607463671 -0.522681339591641
4.885876375551157
---
38000
86
0.43157622039196647 -0.26904421713228344
1.0648623696650417
0.4997140315220423 0.11744592395712684
2.3342856262364524
-0.8767890261660582 -0.22026438749757024
2.9867013552803723
0.5872561839068511 -0.5277071405134927
0.034111766652374254
-0.46077951863522076 0.10762327696801943
1.7922131917059971
0.016052264985771114 -0.4682389457903021
5.851478737445423
0.08741233067573731 0.1583488015662922
4.900840027432447
-0.8705345761112694 -0.11600523655635951
2.3534363793505415
0.3672833377926026 0.0748914277218172
2.8493158882465695
-0.09198425800656716 0.49225088066352607
0.9005483882370697
-0.8574601905798572 -0.1256770338555695
4.376657355650727
---
39000
80
0.8242838726930761 -0.22879924083852882
0.33876890610968946
0.29428064047400304 -0.5837042470228033
1.3048273527039607
0.7123899221058771 -0.6948767712803674
6.096975521795402
0.8181670302293477 -0.4825183956861144
5.685090073796795
0.7633137652700209 -0.965843897718106
4.025963309928809
-0.1734416229155697 0.2933013799107534
0.38689254490916714
-0.3354452552835564 -0.1776416662573177
4.991174932305715
-0.7375565859386047 -0.2548081767615315
1.8457269242921912
-0.17726261551161568 -0.8587931049684381
3.67719374816921
-0.3724550401353914 -0.9821321260255934
5.428333563312666
-0.8750177116470059 0.5785068842221135
3.5759343664083394
---
40000
83
0.17018019867339262 -0.9281969062538694
5.491539545574256
0.23893758182865 0.885097098077139
4.559457972761848
0.11967709849673899 0.49216760025407935
0.3363696028934955
-0.9630890724316205 -0.7249922115272948
3.243816174379403
0.15442006073866119 0.4444266950523121
5.396885284171096
-0.022291830618306044 0.8776294950762605
4.031197406228129
0.8306788923873634 -0.8531244337911419
0.2112686303720439
0.4366242064980762 0.8957548741573701
2.6977043110760137
-0.6675967030247814 0.23049929284360732
2.958427688041735
0.7440763779679347 -0.7975037134520709
0.27592390565110225
0.09609266311352438 0.48881041215442256
5.9359424684922795
---
41000
77
-0.07286169091546282 -0.7548538253738232
0.8118813258620391
-0.7163273912255155 0.978806335995662
2.98573036355422
0.11092741861227676 0.5784059776464135
3.6565573230579416
0.9496581190149246 0.07148076679508611
4.377052069031572
0.15143883979237538 -0.046616578547124136
4.608144416608255
0.22172865805726977 0.4177001748430602
3.711634694732184
0.8392576253685773 0.11226145016952589
3.6343514706192526
-0.5209134491505736 -0.038289444899448466
3.1064061083889376
0.2092032794840324 0.5788061265145013
1.499527446696224
0.6472221137703695 -0.9253889418047712
5.385968614875383
0.7156085498359264 0.942517034700461
2.0160741159563726
---
42000
79
0.18792828822152166 -0.7753907758743045
5.5318316960893625
0.1004437642564268 -0.590473938421468
2.447609716671918
-0.3824060348504802 0.3545355398757635
3.873324113530585
-0.36142794505876635 -0.34432944556724454
0.755588890089899
-0.65034131131703 -0.509558343022087
2.168745593089838
0.08801662346116416 0.5337789913730082
5.384903572826408
0.8276984216066676 -0.8000427638919636
2.910727394010755
0.5849076223756476 -0.8636394917616594
3.3318049238748113
-0.5463310133062282 -0.5593182850470634
2.6683845035796603
-0.5631299312700088 -0.13780682118029397
4.3874148198666045
0.38063604884244817 0.574199499302041
4.852871615547651
---
43000
82
-0.01808904799227226 0.8815152844025316
5.618734478702137
0.029357276724113136 0.7575720783003839
4.559955344618865
0.8454786073797883 0.9528497039805459
5.1139412169349345
-0.9924830380914411 -0.6685138579933505
5.742062110443021
-0.1437192117300512 -0.7915678392137618
1.6797886044135586
-0.2918179985908766 -0.02285453894683684
0.9622527971834458
0.8622697661268456 0.6334037834491107
3.0180482069096177
-0.6455167265460704 0.3452230656450649
1.2802157622413421
-0.7519821436205494 -0.13969134478085649
2.069767633598719
-0.28503912239381274 0.5660719927226876
6.155966242186048
0.39745088638791853 0.7886625310158554
4.197614991074112
---
44000
85
-0.417419352849314 0.5615795908117259
1.4143036023554518
0.2973810319505506 -0.036701162390870436
-1.3725248485711938
-0.8085856291467431 -0.7261609150819446
0.943077945330824
0.7157171426050875 0.26627474616472513
4.6399894849289876
-0.462832152875991 -0.6636344017872731
0.8426672426077086
-0.48913282779638184 0.9045612716236874
3.0502696852046745
0.4896996983209104 0.8605619859898324
0.5446328287455398
-0.48485111758779226 -0.32905685800131657
1.5736234034557883
-0.6901715674627609 -0.7906194191879187
3.5221904346081967
-0.8927869617335012 -0.8400442072927615
2.8920219252042996
-0.5346909602583413 0.6972812398990975
1.7607187459309905
---
45000
79
0.5188697568662073 0.6301881435603528
1.8286106286726924
0.4979530195707028 0.8036998789971926
2.641087789039938
0.6536867515293888 0.606667062245717
1.9210040789281746
0.5448599604587824 0.41083669080487617
3.018559175011127
0.9656735164275064 0.761631276667947
5.087211700684396
0.7852142847491211 -0.006997436483485768
4.3442768526462
-0.26486453917824443 0.7141401843905086
5.171372814999628
0.42049547239906526 -0.5297248856755836
0.9510468214481493
0.2427244948975807 -0.9496695234722894
2.7722587779788395
0.34034818770572073 0.7822498655986099
6.140516938614449
0.7232044652517894 -0.2452181748578313
3.5207445206238175
---
46000
83
0.047759576479143126 0.945056720011989
5.951224812648799
0.9837561659621851 0.835252913248379
1.3125674528277829
0.8899909919657691 0.6279539622728438
6.121222912636054
0.9672273416238876 -0.3603089756038864
4.475898978878277
0.5065272080126786 0.7136304076756042
4.776208864542827
0.3532021627102789 0.38735282903649304
2.7934982634699255
0.22499204623959757 -0.9610333777892798
5.429587599989945
-0.6992396465585369 -0.8550772089977472
0.5551296317884828
0.5900160865900891 0.9976429115968102
3.611175752224062
0.10444203407010763 -0.6331344176122723
4.072270887524348
0.5639525300727826 0.062256634144682424
0.2585952524668622
---
47000
77
0.691471926462844 -0.26915021773615916
3.8642087104561833
0.8958888806282316 -0.32098558161094637
4.729541744670354
0.5337507302340219 -0.3422339046432201
5.178588624078889
-0.7859131035489209 0.2690918856914235
5.946003348062153
-0.6222654360213314 0.06134944937570225
3.1790244007906816
0.9266533397694682 0.1640623492708034
5.254792439986462
-0.5466556320480015 0.029487191909567244
5.893019617529475
-0.014928697434189737 0.3178641196402658
0.11316771197954889
-0.688725483699025 -0.028572388618482762
5.760204125787924
0.4615348828259773 0.6496531910256917
3.8031802502348295
0.5128143716964939 -0.8105774977343407
2.8161634117859426
---
48000
74
0.3355288951603119 0.963278903552736
2.356198198242123
0.41099892553396583 0.5886804279457899
0.4852774741474404
0.3201882399196245 -0.5839987313580179
0.3031134484117741
0.06294487382974032 0.6631489853591356
3.793677799807027
0.7462533606468746 -0.9895942663158833
3.4976800090514644
-0.058766292294448984 -0.18425662162217685
5.863983427720966
0.6583860298166415 0.3184979518954518
3.250842817123771
-0.7787215214823922 -0.23166527108352025
4.446094093638141
-0.08744234782860129 -0.9193717774358033
0.8734736870398718
0.4457861633594263 -0.1025785559442553
3.8396169027721028
0.28353463395752726 0.43074403105551234
3.7947829354581692
---
49000
73
0.44159182022096644 0.20922262203578784
5.835926869331746
-0.9749737749641173 0.4768867349652783
1.4251223931611454
0.40943994509559717 0.2323227809884913
3.8835258685815335
0.10435673931379294 0.06702558003385552
2.4270892931616164
-0.39878005932300187 -0.31355510026076766
1.519937280136368
-0.22398246717624107 -0.6461880739074519
6.199633283113323
-0.5906349055884152 -0.9435001848475465
4.760928476841777
0.5466639657265863 0.6981014190765976
1.0980955092287914
0.3391546661004582 -0.014353537039272779
1.1751431241253334
-0.3668251607526185 0.5958603664655059
4.26778113999889
-0.13129191431381493 0.779728344801792
2.6478367688729953
---
50000
81
-0.9165899100943361 -0.8235517553738995
1.9265516400233316
-0.9203825277943836 0.8915139959541878
2.692644055283507
0.7035582331253544 -0.7906368736637016
4.054131513973895
-0.44381454501059864 -0.05830309561640567
0.17223522268288072
0.19706554904987644 -0.08425583678297452
2.6462915398208224
0.9529462496411161 -0.5371897950341693
4.911867558196709
-0.5603167334302374 0.044165977222302505
2.277939287720579
-0.14624830123183713 -0.2667320690906115
2.503758256980583
0.4711876314283756 -0.24707444304902426
6.1950807599367055
-0.5156274294067225 -0.9480097258787
0.3199700691919327
-0.19125338323720287 -0.8290476644115734
0.5080870164930902
---
51000
80
-0.13122179161174313 -0.5499321702514667
0.7607414391249514
-0.0891517758283421 -0.6226285108582588
1.489791965331431
0.3915354920563623 0.7288473990865307
6.106799718739132
-0.3184056094110584 -0.6727891323507699
1.881650335524986
-0.9793836216151552 0.8563837107172255
5.635385996568936
-0.3424848576313822 0.9521228247614133
3.518647134258522
-0.020748351863373118 0.9204071380418535
6.27045648855399
0.48947894894809785 -0.07870052187423042
0.011773070343967795
0.8559618069000559 -0.3156346357851163
4.536289759379941
-0.31336879965303627 -0.08143682612026215
1.4726429764916276
0.6278523165726813 -0.9771813128914258
6.0783043756707364
---
52000
76
-0.6063535350526233 -0.034126832141640924
2.3364204288877812
0.23938087942853933 0.04275286721359309
4.050983503577757
-0.5853658769211132 -0.5132918510011104
2.761898856448469
-0.9007009108031439 -0.09064027213505545
6.153190362236677
-0.17893505377389915 0.9178155056943362
4.196949010564525
-0.5893395128630947 0.7027378652979301
2.5351228342752945
0.05038035581378497 0.279307865267193
5.196836777967419
0.027578831689505656 -0.9981293329515537
0.23328910877852138
0.8583905643137207 0.20568318526330817
5.138715347459908
-0.7096234796383222 -0.9751685894058466
1.024312463983602
0.5713945413315217 -0.35561269673608165
5.661298272910049
---
53000
90
-0.5426660870779295 -0.5535736684808215
3.315551581864078
-0.13706169813973698 -0.5634309093178134
3.0725935368527937
-0.059605962240888696 -0.24461617166048377
0.6607742302236383
-0.40803561668052146 0.00010973205375598878
2.736149805591422
-0.8598659914288007 -0.5048282954080734
2.5968216203581314
-0.6489990744179102 -0.41199520202730666
4.373266307989749
-0.1500626110540586 0.10352267672161168
0.08505712204350413
-0.7309665531328237 0.883876143059367
1.706964736860611
-0.5855409885961453 -0.17229140082204064
3.516068835697989
-0.6617350884464815 0.7593764505243422
3.450210229901235
0.3741967729380375 -0.07096710088922871
5.705029500150407
---
54000
80
0.4929971491647455 0.5408202449420737
3.1208531789520033
0.31293739745921584 0.4796542630434613
3.70596093520452
-0.8747805811893207 -0.6353241722648801
1.7792149899930552
-0.0767789267958734 0.9063526427808244
6.267731311471089
0.8965551949238212 0.7316632530252422
6.173379039842279
0.4428738272073111 -0.645357491828782
2.605632305390845
-0.8169688283187913 -0.47629878906103185
2.3865782862718774
0.740368027406909 -0.6849229966343172
0.16053902433163536
-0.7496410898225309 0.5090018511739528
3.014971660946628
-0.4142484341844317 0.18201059352914808
0.899967842643834
-0.7720008317943523 -0.8370255868564362
3.155199088946408
---
55000
84
-0.6625223777025525 0.8878938256353496
3.9902391014233616
-0.6350834262659857 0.7678899412250979
2.890381077036019
0.9984845892198255 -0.851423197397248
2.060911689781725
-0.05508796909850046 0.820754129263779
3.090494843205237
0.2513390835903217 0.0876747263941878
4.84408602593948
0.9922914991074856 0.5550575737666996
3.7287935537017924
0.6861998498204867 -0.08384317187134821
5.529004374003361
0.43157526451580963 0.278202518339809
2.514283346469882
0.5716854585454969 0.5783152484439608
4.938954296928542
0.11567290346309217 0.4315393491050784
4.737588091133919
-0.18667009149347347 0.2578053826356981
5.41075564428126
---
56000
82
0.5104666968541669 0.5971983142064523
1.54127169682598
0.6384724677320929 0.011020183248471947
4.4602710188930175
-0.6342073479814491 -0.5317600456816227
1.8825442562305987
0.7103672576755627 0.49365754094519293
5.288358514511214
-0.6388023017275886 -0.16195217904891904
5.155279781937536
0.7200745212259356 -0.37824341478879603
3.7293887780621944
-0.7040414243247497 0.11605012514335167
0.8852105829378347
0.9762429846146856 -0.4061889608217759
5.792227532546603
0.15363006906649232 0.03709932384202238
1.3170667454588667
0.9295289005212101 -0.17786781756751305
2.429544223540785
-0.5005661214983769 0.20436228199935427
2.1846892200053136
---
57000
85
0.14764437776091283 0.5820569003222347
1.7115373070674111
0.04701461419516173 0.34512474674808147
0.07449593859731252
-0.8926909372187882 -0.5106510237827026
4.814660763003801
-0.8293935332720247 0.22552436429182826
2.629785722224214
-0.6153307529410855 0.39870063828030783
4.318437575213298
-0.5462316607335245 0.7125399267584185
2.5238359323525774
0.3628118624072257 0.8665158399447209
1.5097065834381356
0.8285580472790248 0.6386325203839753
5.393262542880757
-0.1991595019230628 -0.4187342336973628
1.2197736432188453
-0.4057385270940287 -0.5227634921059376
0.33686251268815504
0.6250414135949298 -0.9827508985812131
4.838744475765747
---
58000
88
-0.18802728278786482 -0.5292242248825169
0.44270010273578825
0.881487829894932 -0.17045484974420322
1.9623865609509945
-0.7496385892648753 0.03376387339607057
5.824966477421357
-0.8540915829234176 0.033403921848485126
3.206929623721699
-0.40285997911178456 0.8219437812588772
4.033951065819607
-0.638172948665484 0.7249252476542474
6.136237943357898
-0.296920343037053 0.06996738454467537
5.124152370443249
-0.11969034392672045 -0.31761920384197867
2.9375405290248393
0.7890513053779868 -0.9101360985612723
5.1616805835330215
-0.06565988597716862 0.2580295984524065
0.6737297579042281
0.5450509735158078 -0.17715786187567129
4.998771806439643
---
59000
88
-0.18954597549626134 -0.2202507037300307
4.268184304307337
-0.2527611330566051 -0.2580896982582156
5.154564871370573
-0.6071591957615879 -0.7453200044769673
4.311159631411067
-0.8931370138547817 0.3267949753747883
1.9675284468784149
-0.4340845955719612 0.5775195773480188
0.6437147300349917
0.12875610963081507 0.8171679317779738
3.184327183189949
-0.49846684305834515 0.3917712289782761
0.694074064082896
0.967049025209341 0.29354827595052996
0.8602974589508673
-0.15132521009523786 -0.24112683678840519
3.0619895468939964
-0.4227043712863945 -0.5062625986945744
1.6198306265288247
0.43313890970248525 0.8599600879411378
5.781518126806945
---
60000
79
-0.9701879013785573 0.9893609737416569
0.7041835998003152
-0.9279679659974034 -0.995732766655728
4.678691355045694
0.9302730926455047 -0.7052792075240057
1.9361103828721946
0.21105460905903112 -0.7568339278380058
1.512664715881047
0.9992082141956364 0.30108234094264114
2.9838514358225545
0.6340546044860034 -0.4656180753706083
6.053566628569767
0.5589069158751307 -0.5054617290962606
2.3600525622573008
-0.045518007025766125 0.1647444015003906
0.9173658427011038
-0.1398054586469638 -0.3954797882512561
3.3772073719083204
0.7054667715983003 0.9277828741602707
2.3017977799360088
0.16112740599954967 -0.7792213568017383
1.7143110511661481
---
61000
81
0.7983529632510722 -0.053438839483578277
5.194666465307591
0.116120098412858 -0.5801817310619503
0.006949006704388694
-0.8137278787773593 0.9913417748045341
4.993786256457799
0.19031502176016815 -0.9534947788182149
3.6785218894384464
-0.9594433877918747 0.5280687937071288
0.8473312970934623
0.14529544157439114 0.8113137357600443
4.8760783988255385
-0.9144838306057181 0.6399401086158117
5.254326589601021
-0.8842868333228827 -0.9049436227492821
3.2383513558707797
0.8713612608599984 0.9097190226049772
5.842269243569563
0.34133619246861163 0.6734942947508713
0.28335732523252766
0.032913726405556815 0.8329141682997165
2.8599599366230333
---
62000
82
-0.6932275918922778 0.06071167049628914
3.68623502298909
0.9940068857693349 0.03539589831491374
2.0447020041586415
0.1934223654524645 -0.831016631279865
2.77489336092291
-0.9088470698321943 0.4789931987655189
3.733159768541239
-0.47934766330338524 -0.17236050515507528
5.421903186815424
-0.7682171643891952 -0.3411993662011102
4.315423906648829
-0.10502118687001696 0.5313452198113124
0.6275379665225449
-0.9175113238647692 -0.6322076239355038
1.8274668188935994
0.36662723627969446 0.23718103444458413
5.9660941120699125
0.7295407743727127 -0.030050231378909956
2.475586531341345
0.8587935101782775 -0.5835008701662631
1.4429137865333619
---
63000
80
-0.9766988014176815 -0.8176796500160254
5.47141967780762
0.9325154802598824 -0.7701902014107599
5.562038675535946
-0.1837695898951328 0.4014152027001996
1.365193983192225
-0.7917787412659055 -0.8397708552556156
4.274111260349042
-0.41628660771409337 0.6872798398112193
1.0143600595953544
-0.0211069329461673 0.787183448219383
1.982971136759546
0.9852500112770974 -0.4828298595091859
3.723312183557506
-0.2617598110943394 -0.17593205375328375
5.8095585579032365
0.2903670733748873 -0.21714441017974176
3.6989629604618566
0.06473430156587094 -0.5033372120779864
3.993664563700639
-0.9241439710613114 0.35070479053814246
1.190455304032441
---
64000
73
0.5717034139425582 -0.2318105667867028
3.9777311255862053
-0.07768108645645584 -0.34224266466844344
6.040366222174712
0.8447704337586981 -0.7918227022755999
0.884632198955269
-0.7117546194967147 0.3236571550702303
5.383101752297494
-0.32548120742739806 -0.20620290551529347
0.2997232771170184
-0.2039797841789165 0.15725837252206565
1.2469431846904762
0.9963503310623056 -0.19674454805622
1.3202866403956133
-0.19444234733616644 0.18322099980145912
1.3184714957941814
0.9852923609123734 -0.25737995436799294
0.11947685508738193
-0.16816598623124254 -0.9900154711752687
0.033159132514892775
0.17920763634820833 0.05168466845017819
1.338978181259031
---
65000
76
0.9279615941934976 0.9461833713493578
1.1757924384458773
0.35272688293840343 0.759312299804488
0.8056896111572964
0.6491344851933888 0.06042991720522074
3.7412482450290296
0.9197332700033555 -0.4319752006947692
1.0608038049347044
0.2602786230183659 -0.44624121650577003
3.7885754635089706
0.34229891222350556 0.5501633866074345
2.3554954232030685
0.7279734314064977 -0.7987877733656547
3.299737991854937
-0.4314714863070639 0.5173935977942856
2.008859343119295
0.9272770851181968 -0.6510838269278888
1.1624810571087973
0.2558251887865672 -0.3444389419680744
0.8711513278685654
-0.2382936047128423 -0.2284316897202937
1.8549546123124525
---
66000
74
0.7622818251010565 -0.2215232683319837
2.1589451617192994
0.7410366325160456 -0.1991747134081801
4.9023431790728464
0.5025847148344723 0.1666076154877024
4.692267080741944
-0.04862397307382334 0.4620896473821394
0.8409720504744973
0.4909990266512948 -0.3501433167024172
6.22681097628978
-0.6111318347901563 -0.04157999627645648
1.0022693444434703
0.3687243255343673 -0.7524755738222682
6.238273369943264
0.3539308985335138 0.1447510757416425
0.5099209408377483
-0.6688880890751248 -0.829600535701494
4.324762072668683
-0.4500515360022427 -0.20681811557514232
5.542647356471045
-0.43369523638778984 0.9248863172585146
1.5858094857122085
---
67000
71
0.032979991499251626 -0.8430436664778901
5.7071648790767515
0.0393080214499239 -0.857040094639422
0.7533121205873377
-0.6076629389780193 0.8784378633610194
2.207582539005876
-0.3402394420467095 -0.24297019187075772
2.6011483127456203
0.28710192240330895 0.9976278113820019
5.59849590897451
-0.09304566157920881 0.1943366185144549
4.287882813748562
-0.13365035300183495 0.30643290625449704
1.2692774180956148
-0.6183078015689465 0.1831877649776039
2.64088218788083
0.4805368115696835 0.3459288362199391
4.609638001314319
-0.12398296853144197 -0.8560301628403683
0.5104033105389769
0.7958420504041637 -0.9004045790909818
5.76174587326617
---
68000
73
0.7464002019275265 0.8281968020122075
0.7308824241987721
0.6720395916327119 -0.8451839589515455
6.184527900597796
-0.6549456259595876 -0.08718843831749092
5.0221307119133085
-0.5688312157620027 -0.5044675609061116
0.08414376181221161
0.8632315689574008 0.23596909180007022
5.801706180429305
0.25110149106771473 -0.7238160410964494
0.6603818032559641
-0.3623767584427589 0.8199535479522929
2.832483328900451
0.9563818070093854 0.9734140586485168
3.385372211322518
0.7113381355705328 -0.4467776367072031
1.0801210679529598
0.9472267434049807 0.4677826295109858
0.5869003787090268
0.6375794940718128 0.6919564848691797
1.7596927734017838
---
69000
73
0.3455729179264516 0.020344472837262106
5.8095361468272175
0.27058394925536056 -0.03138949643221366
3.0090509133901957
0.9173512988479001 0.277112607505262
0.34550952068517127
-0.2800885277224005 0.054294047378641436
0.8724558605778094
0.9172474336458332 0.655323695363122
6.021743282025412
0.20546355995796195 0.8709821523196692
3.7357680090400476
-0.7193749404415896 0.456644064614279
4.075074751769988
0.043771373011264374 0.9735261902308421
1.8791284380359556
0.4106520278928781 -0.44122917219175517
5.571692747560882
-0.417740988253519 0.6783182706686837
0.9012039472664295
-0.20081555661723824 -0.5500066448445025
5.831868723315477
---
70000
76
0.626111188549449 -0.3004618054078009
0.9618327027163784
0.6245222048096685 -0.26880932365436494
1.618687962516983
0.6849934145598098 0.0020943952948332227
5.133115470253233
-0.49020425794358236 0.12747161746441416
0.8932788223453976
-0.27800189211341625 -0.6639106637942566
2.481624599950125
0.8892477858789034 0.2024746549085546
2.055908121930668
-0.4454990974862936 0.914301692686506
4.703820445950942
0.5337199168846257 -0.6397450733469268
5.952031913241074
-0.7319499955532806 -0.15090883683216916
4.302445642403554
0.8881505053290383 0.5335712182904063
2.1800554174892115
0.6631892864600235 -0.6265962476700737
3.8384749717180737
---
71000
78
0.9733012180097194 0.6631863031104843
0.5003527812975946
0.963438295436776 0.6475718239668459
3.384610875896805
-0.4771856164712736 -0.9484367760898166
0.10923609544577406
0.5609029662491496 0.39986896384142434
5.396941022684396
-0.14870298540237145 -0.610572016366308
1.6105244007232722
0.3241591662359985 -0.3801552881944053
5.974080056259028
0.48226201242650923 0.5415189306952858
5.857303168543225
0.8620187686499373 -0.8685375242233362
3.7963232927964663
0.023919925862965145 -0.8436008756192748
1.7754977245233672
-0.27370169575831915 0.07772241536636353
1.87092211326914
-0.050982386510278935 -0.2632247768155003
5.50566812227654
---
72000
78
-0.8859389742371274 0.2330038145416191
5.457500900284774
-0.8172147572026367 0.2627559220661789
5.478951476447131
-0.4654460347202918 -0.14749850655218896
6.1003240171632065
-0.27729531679085584 0.602860036479279
4.081627951957562
-0.06545386129850873 -0.5387168942583227
1.1853491135697265
-0.3674146814281086 -0.06895334314632037
0.8996972884845276
-0.38124455881091435 -0.794775827394373
2.771358591838598
0.2114059898215233 0.6064998121277166
5.783818938374958
-0.8724856462921751 -0.8905596094273268
4.519673405290359
0.4364533339700743 -0.5639106514149407
0.6383506987208092
-0.383188125286036 -0.7667724508758577
1.3006547856178274
---
73000
82
0.9060026036028064 0.6277575150003889
0.014765418284260257
0.6853548887222516 0.7006654370101685
0.8625326283561225
0.6993994837971433 -0.39580261635296954
1.4020596278655253
0.007896029776294937 0.5445104637232553
3.501015001402573
0.605702436645595 0.536409053846718
4.386397704136781
0.20146779492221875 0.1588899526391001
0.3796580021556295
0.4235163993999253 -0.15603023890894274
0.05104645715356604
0.9842680281183536 -0.18323177541816138
4.989135052220408
-0.10427967278477795 0.9656774748636807
5.744319744655487
0.8079798419465994 -0.3069404194527569
4.474737767583311
0.6726560257540973 0.23945002546452027
1.0147005289943216
---
74000
82
-0.5439070612920929 -0.18044553650032402
1.3358878772468743
-0.6669356765346397 -0.32449964515835567
2.124754778854327
0.8871920635500061 0.5542086239366494
2.478013482100021
0.8752791731792761 -0.10740236578112416
2.0597009080047988
0.6217856121647009 0.574497154526193
0.2705666094004471
0.510153518271212 0.14965412182577886
5.671047476629952
-0.8835947195645546 -0.36815514903041224
0.48769349291832587
-0.5962098208343021 0.44910508907569635
1.3619023914778126
0.9335968744446238 0.5864808898220121
6.0684517617859
0.8391024026090993 -0.6678501244810213
0.7858933637075465
-0.7297272283970495 0.4366833246696193
3.1950399934181375
---
75000
77
0.9928544685333422 -0.07571564188246596
5.2953902272166715
0.633990296664154 -0.3027183757015486
4.125240933120667
-0.7773107572621384 -0.4044120791786295
0.5842702249668661
-0.22972800729208587 -0.5589851452744312
5.135746033486008
-0.35985865732518735 -0.4335174379198429
0.7470893340931832
0.6357796524508712 0.2661367077094081
6.216932841369557
0.9683324438358424 -0.5949261592732097
0.37751347925721657
-0.9369301206944987 0.7767121535150411
0.6780557492649919
0.10993892097570325 0.012722761824435906
3.6183063435859033
0.06830210382761501 -0.6196721879724566
3.6308789057068904
-0.10930922290727424 -0.20561896360041107
2.5817087629044186
---
76000
74
-0.7849584525651465 0.4792671352969696
3.8479361318352563
-0.6817433104613908 0.4244657537390648
3.6954534069107794
0.5903942571271974 -0.9040430222843538
4.640747332102545
-0.5072612522364647 0.5467582745615616
2.000221732537753
-0.2243138765941089 -0.13309607159010722
0.7855075021277056
0.28699664669917585 -0.7958672430908668
5.009109259094359
-0.09369612968049591 -0.21998365404160747
1.6290797699245312
-0.6548700063636358 0.78976757846718
5.776482541723165
0.7668823312711811 0.2889400569285335
3.5658486356970895
-0.4136740135366587 -0.6421902784299501
3.7171667183287935
-0.8481259383463403 -0.8861298416001187
4.969922961403205
---
77000
91
0.765269108714784 -0.6116087954159075
3.7765920220827116
0.6200759382401042 -0.5979048390473735
3.6084375173656644
0.25070060232334984 -0.3142988585780023
0.615139203692757
-0.35715392442324906 0.2572834862185936
0.31287610699811275
0.8685685471855603 -0.33085716873914606
4.958262306351066
-0.8543954262510737 0.004917093240870432
5.413559197796659
-0.31730598851310965 0.21267673305937135
3.221110958161237
0.6734017234880143 0.1900196705081634
4.941115308246846
0.19064588917884653 -0.3801393222136192
3.7901209938364255
-0.7549937372171219 0.9151197160925473
2.3646752726555116
0.9343154796055404 -0.43637362488175796
0.7003049258198493
---
78000
76
0.4387617705941384 0.7700443745994981
1.8794456266761381
0.39393336091097947 0.8747420768831915
1.1953311204300396
-0.36685145921978085 -0.5569006265443754
3.0738957713825323
-0.870143911181542 0.02281303231075842
3.2709055710173938
-0.4532282588326846 -0.349488828762339
1.278507590724292
0.10945888024599398 -0.08270458588985131
3.2573954381721855
0.11911000505219103 0.3766068112645003
4.406754511869442
0.44432392532601034 -0.2697230087608892
2.127096359123983
0.8614409256038051 0.12277789306604213
5.6550198561228004
-0.5258915043937076 -0.9677609122528876
5.720066300271852
-0.45525922732015645 0.20808243429118872
0.6630248107235825
---
79000
75
0.8468175400486376 0.09672247706962958
2.828336562007126
-0.8584021265184604 -0.5091141500378936
0.629507425824718
0.36518446850688896 0.7884747312267127
0.16238166389133646
0.4232426946196121 0.9036168308590166
1.93824344742161
0.7459954886463447 0.2691370841554478
5.836898384004659
-0.14497648060705534 -0.6385130567595114
5.5868405405283825
-0.5623964495875818 0.5655000655196456
5.007531946248928
-0.8002842120533155 0.9635438618574232
2.6344233866494466
0.7510384388705001 0.6206496198218239
0.7472019846269511
0.6239833093231778 0.6875516541556534
2.957905422752524
-0.8946162778618435 0.8137454665926731
4.236434224883468
---
80000
72
0.7036345448259047 0.5936104666556159
1.3562359124853265
0.06534375267266351 0.4182931438644974
2.2745812613161123
-0.828329245487293 0.22030388713634771
6.004712073577499
0.41546689176289797 -0.5329653899187297
3.7199723901325017
-0.39357395012048707 -0.03857183760822105
2.9432456563700233
0.7221392820654817 0.47401218348063373
3.2176041636800266
-0.5112184376648985 0.7489577980706558
3.524044723702578
0.2465267165981162 0.021740395757145953
1.5271853507694448
-0.9099676770710655 -0.9851437216719893
3.9608203472352264
0.9606349885380375 0.6254362304956709
0.6101623474781208
-0.4420145099274579 0.2748557754720691
4.335440563003843
---
81000
77
0.5423505694302382 -0.6851228075087448
0.14694096695508407
0.17290751411018418 -0.7583229298634337
0.4148335713442668
0.47177101442738345 0.2598502744176445
5.636316630412503
-0.7067831177804699 0.275706632121105
1.20681043976671
-0.18602632655205248 -0.379126245320778
0.6283204294336953
0.7663011694208476 0.5623433805537418
5.507294450640996
0.4541631940013732 -0.7219050783830149
2.8040588832478006
0.05830942898118681 0.9621684950112491
5.557708035417601
0.0835110823167072 -0.6549998987288528
2.6473829976823486
-0.16120526693450707 0.2005478832500921
1.4298123881110172
0.16605004986847696 -0.4392212891434736
3.3810500807842168
---
82000
73
0.15753219554047063 -0.4940622501482026
3.438501255324474
0.1407330817620279 -0.36662477154540557
5.407623794432638
0.19977099083344044 -0.9851168977055926
0.5673009787625576
0.023460562283257217 -0.6202831865084387
2.4921372955976775
-0.2088384626236395 -0.601421675987561
1.2759509134850866
-0.7112273635885767 0.8989537293679836
0.15385421413733802
-0.3399334031024229 -0.9622338483405363
6.073874916492137
0.2663873715840459 0.9743250840741773
5.595714831977096
-0.06376949907394629 0.5284907194112828
0.6126821536502085
-0.09154509856925361 -0.2358614473929119
3.6195446664164557
0.3567043683657935 0.6760870437060111
2.551964830208311
---
83000
77
-0.7671029891136258 0.584058964621874
1.9752127178868069
-0.8561705154976743 0.9331413617648759
1.3218244622025557
-0.9654102611178831 0.6925195571083351
4.178062206864194
-0.4598329975896622 0.7470311214708508
0.814151360354006
-0.22214146926438968 0.08849855927615304
2.5065611153772895
-0.14743277593774487 0.9231868446729671
0.15020049339078145
0.8644923697390728 -0.840242347961659
3.3616380397674224
0.8973838353195813 -0.04986783397784002
5.473269574464253
-0.18793720826487906 -0.7524865793479226
0.7654940483511892
0.8567405245169174 -0.23260031071559836
0.2616739660389751
0.5017170276728758 0.34662425910882966
-2.6073592191202835
---
84000
82
-0.5782984255997567 -0.8140227993072076
0.23052339875583527
0.8770347693524257 0.6170952218904706
1.4318550165748372
-0.6615411877162374 0.2731677674730474
2.080018840499476
-0.8004600569385583 -0.13551075033691817
0.7523336033450656
-0.23444378404703534 -0.32201641569066636
5.694951632067427
0.32673748580364786 -0.945580036990836
2.51953012019485
0.016568005914497246 0.9288654250623146
4.371637896142502
-0.45451741121590067 0.112855542081031
6.224580228108865
-0.22049181838291532 0.018746548361538468
5.99092168321809
-0.8060181230650838 0.6822266026239849
2.1385677701820827
0.9548695215179178 -0.8487142843753043
5.13347534844938
---
85000
78
-0.25804849715399175 0.40726875377535987
0.8907110850145352
-0.3419749310858376 0.36193431922812863
4.186085959101713
-0.7779099281138957 -0.3429311006554586
1.8800985932391958
0.909223471737885 -0.6665174154394508
5.064869623897307
0.17393070443552994 -0.22429285944999436
1.2989399902570504
-0.914576517466011 0.813394759788135
0.7990089262645226
-0.6300088012057306 0.2465880377691529
2.002741533191922
-0.1643206844610336 -0.4270967007501206
5.870336016243767
-0.5485652738324559 -0.7670138949695343
4.861345335772373
-0.8933636143039068 0.220225200548001
3.3424695538486517
-0.8245343344875946 -0.21635819706545836
6.181593019386261
---
86000
94
-0.21812699082615955 -0.43992026065276535
5.230835271386342
-0.5363887215410623 -0.5108092982593788
3.5657142897219565
-0.4864524764660472 0.05628442737032878
2.771492316177455
-0.41762805308870965 0.37476445417293347
2.5336364841920993
-0.9788689661161334 -0.5042159425690189
4.040758520559586
-0.49068763284462236 0.9634809144340598
0.09705596299746588
0.44575393525734364 -0.9854191759326716
2.2810968326473287
0.3060409440669143 0.0022365022627775146
2.5973965001423593
-0.9441980765090429 0.08930262879644085
0.035600600440374386
-0.8566005942014924 0.40813095080307416
5.697592705736792
-0.28197980586115895 -0.6134047530468161
0.39353546734741407
---
87000
77
0.2933559891051907 0.9381490673415589
3.5927071822258636
0.4261415684623647 0.972482130013238
5.0217981794116735
-0.006243589795539314 -0.35840191114389985
4.674230677216905
-0.7682120363109332 -0.8116246139386473
6.143268720202483
-0.3859531410696923 0.9047715445754996
4.8221583022486305
0.7632793267136954 -0.3520103863915213
0.6521321066103871
0.19617003902077904 -0.7692521218526047
1.0511162858764393
0.7185233499676907 0.24499987226285708
0.23306205336115227
-0.6513955013692441 0.8418524614782563
2.231628890181022
0.2674030204720786 0.6044668013220286
4.277469055808466
0.35036293298684434 -0.2698719817407509
2.428792602395994
---
88000
80
0.5114198201586267 0.5224402330603705
2.440481733375989
0.38494820269836116 0.5691628597132677
2.9090181855772563
0.3190549576248683 0.5806912320510255
2.9283068771636156
0.5459256707379689 0.5215955113314887
6.209230044294193
0.5342642124997777 -0.9216765242409888
1.692912330070782
-0.1039268039054716 0.6147158479994304
1.7601487824212416
-0.0475703052983618 -0.3595690521660829
0.7171062877714158
-0.22023033402910117 0.8609646719079876
1.1944080673599853
0.6285592529619504 -0.926574230626318
2.4895707025894307
-0.14256674592045626 -0.0519920929762601
2.1253744134761012
-0.7695955776880831 -0.33184202139836994
0.32878312027927414
---
89000
77
-0.7656261672123229 -0.9222524765967784
0.31515028940490186
-0.3743162438692406 -0.7852686048527374
4.806260821797573
-0.24023501026206 0.5131446802451638
3.9057353132903305
0.44637801972931124 -0.7522513620729889
2.7049779265454097
0.28378003537913044 0.6630794210269904
4.763078854107369
0.4752827083282812 -0.7153722075278482
1.6756770360593154
0.4400680255256141 -0.26454050529355877
6.169416192541344
0.31705155547808284 0.9569891703764821
5.730837035588344
-0.4484354895396164 0.16142125906556265
4.376236670190668
0.509499415703606 -0.6701945550951234
3.1453218737768447
0.07928354342374477 -0.9232748341397838
5.017287160465568
---
90000
92
0.06853394661687356 -0.5669114940794251
4.370685991114785
0.10495792950959676 -0.7488318716662904
5.72744042951858
-0.6557277689430234 -0.007636260390536897
4.073664834790658
0.39952069258078743 0.2545154380130591
6.18996233431445
0.820650992390297 0.9099781608908997
4.9870445496858915
-0.411672675588312 0.9349312832598935
6.182798650886876
-0.8373511020287419 -0.3293379060040365
1.1325886332968178
-0.48246345490431236 -0.9253073227223816
3.6466815229882608
0.3676668654890556 -0.6784787791781776
3.8395588281374176
0.8151792342964574 0.24676715119127804
5.144991843559866
-0.05419239021009197 -0.2282226461112187
4.925962792759197
---
91000
78
-0.9399432279292249 0.5561434472205338
2.9686911292182225
-0.9906504494434685 0.6224322537757329
3.411158487503176
0.1327719349595558 -0.838753768052779
0.667305793477742
0.3805077486512606 0.18992615186315498
3.646746417465793
-0.6726549177549646 -0.20084207689164826
4.76377820810046
-0.45209083464158883 0.6886342636219864
3.70380196181046
-0.801307381988052 -0.2547209685499189
4.149766608484397
-0.6319487068759778 0.8460192691656048
6.274480423389627
-0.6501455292132778 0.19526502486811823
1.4233409177721645
-0.5990215659157432 0.06163788213425702
5.3825898636005665
0.19001082351518567 -0.6314073295702889
3.741251306297489
---
92000
81
0.3584563456411967 -0.23247329933478977
0.5772722977821426
-0.8853688187777458 0.5176844246098246
2.1815964746102416
0.390664888492348 -0.807199034690577
4.445948923347976
-0.7201879360192143 0.6271136481138415
4.508738383306088
-0.506934620502353 -0.38313839139334066
1.7182714883693722
-0.974363578018586 0.8117661404114068
1.3197850098170312
0.9041737548343076 0.8236601542012121
0.7703481925583242
-0.06430113978129437 0.4474864803170152
2.9142020367723545
0.2898727192789727 -0.4372141791152453
4.049258439815818
0.19163154017046677 -0.9406609364658065
4.995913597018535
-0.30439999366669773 -0.5115274762895989
0.9446841169268207
---
93000
88
0.4441255477121585 0.45875785040456
0.197800581979308
0.03000463175848492 0.4070085271615327
0.650177964137395
0.050420552400006396 -0.11369673691613832
2.823766359481639
-0.5493082458418171 0.4042475267779101
1.7670274283468217
0.9964722944127138 -0.9777092516792754
4.262222299476018
-0.9736489246817872 0.0790966092625264
5.921882488968778
0.7246617396384326 0.8874876803187501
3.9985875689404438
0.4501605391911148 0.4202554463468589
1.2084255954136527
-0.9362420808035201 -0.2960497443552668
0.22436556748433212
-0.30384482866744633 0.7776728984263281
1.9282969866972532
0.6959452665085399 0.832018608787699
0.10008894624769749
---
94000
79
-0.06895374786397715 0.12570544207842504
2.666597637931142
0.27451297134338165 0.5296539158998026
2.7616871882646414
-0.3033447339187942 -0.2605187431125434
0.7659456667082811
0.6716613574437106 0.37704202842254664
3.414774411511929
0.4097181018539963 -0.2752278922283559
5.387466874543576
0.9216170528379863 0.2392883110338548
4.296606990328059
-0.9418472373896115 0.7939957121051401
3.914364672197461
0.9052143656014057 -0.3900664702958884
6.194561323663122
-0.9786067526525197 0.6605742791221111
5.0616914891597675
0.42033095138893717 0.4721604549065443
1.3956689549844565
-0.6037206465269566 -0.45630190476151133
3.699445151921532
---
95000
89
-0.8085486425311929 -0.34114999354748987
4.101253565817137
-0.9690061719618138 -0.33333823123496087
3.0699249962446205
-0.7645728877843967 0.15555874205034137
3.0908885243174034
0.7741461753263549 -0.9077548234082278
1.6663299620975618
-0.7359217812174143 0.7281552131810204
5.977799856007135
-0.369414989174272 0.24901868665050986
5.795170652092085
-0.11231198579794717 0.6256357504940961
1.9895424085947706
0.782383291804422 0.5573862151548455
0.8452217156319461
0.5176249108698238 -0.4897571608485388
1.4004484192887823
-0.43059889666665574 0.6961089118046621
4.836058208832445
0.7978463697869486 -0.3789901946684531
4.870050712025586
---
96000
73
0.8965760723842431 0.7286283709310278
4.202412449051755
0.6611749627028828 0.734280916094662
5.818624248030668
-0.7719587331639006 0.3624782114383371
3.2944582976902854
0.7739930424676762 -0.8143593335775378
5.311462347487486
-0.8290041104828063 -0.892639166362225
3.028896008273704
-0.5251039784154741 0.43510102062936545
4.473307053994234
-0.5424176624349732 0.8014293451006786
2.090889416781975
0.7598640514525107 -0.28694146382122143
2.1629167821021937
0.31781451351238377 -0.29753034469002054
5.652812631452842
-0.9429397042982607 0.02493264482540014
3.2390701403401225
-0.4853637803942804 -0.8522939661719863
1.7945206096604718
---
97000
74
-0.6248708240144883 -0.9242147372005644
5.910937925182299
-0.7561351093826391 -0.4202896796204774
5.278365435251792
-0.5951216470468288 -0.543670601277298
0.011840454049963256
-0.4680278254976482 0.16497129128116214
4.689636117127075
0.09178783360851112 -0.5776525907202268
5.390437857027306
-0.15332004252079587 0.5065279784959229
5.63701314079999
-0.6610806939088856 0.6264897142444358
1.841925563008247
-0.4768771499082127 -0.5063890532811439
2.5133280397107196
0.3495787684122116 -0.16970342920055526
0.4824391337534273
-0.6667678489726109 -0.28837302894545686
5.613131747234383
0.760116143951852 -0.6713509083505153
0.13357476990383255
---
98000
85
-0.36403393432068165 -0.25329550320772826
6.213761578639945
-0.20139302883641585 -0.06579048044684926
0.20562714311675645
0.1151570315478802 -0.13756201379195243
2.4985093142894597
0.1472928228750038 0.4752249810047505
4.964172032882366
-0.62078679336121 0.7075955656356248
1.5689786753670845
0.08052255319732508 -0.2770014551045803
4.17289118433671
-0.558554350588638 0.25094707938745975
0.39606140320857897
0.13794842430881754 0.2967810625661487
3.373943172886346
-0.3006035559456174 0.545641911259983
2.373413774501395
0.31893769393392546 -0.6600068116795025
2.08573283644297
-0.37236224026632037 0.6814626514110949
0.6292225184168613
---
99000
85
0.7307386383551918 -0.5605401489952592
1.4907962290724197
0.7875067319548451 -0.4668396586428695
4.912882620751009
-0.2896713670310938 -0.36488270575978776
5.326861461747048
-0.2031776295058307 -0.8348781642098566
0.25961525994206003
-0.9285620918072125 0.8841348456412599
3.865072188032358
-0.9744737300746027 -0.816644008831597
2.046949108080107
0.7090437744401842 -0.6236187429843362
5.219961494263802
-0.915186690132013 -0.284086898247242
5.530221387250689
-0.8365059616367269 -0.21606859013688032
1.4529022800709184
0.7831058052693354 -0.906320307060798
0.6440499492724205
-0.2682968013563315 0.33292468940628145
4.544147822424406
---
