100
{'run_name': '2D_rec_10_total_boids_slower', 'annealing': True, 'annealing_start': 0.2, 'annealing_end': 0.002, 'nr_observed_agents': 2, 'nr_of_boids': 9, 'predator_present': True, 'grouped_spawn': False, 'predator_halting': False, 'record_keeping': True, 'record_frequency': 1000, 'boid_speed': 0.0333, 'boid_color': (0.8, 0.8, 0.8, 1), 'boid_turning_speed': 1.5707963267948966, 'predator_speed': 0.0333, 'predator_speed_slow': 0.0333, 'predator_speed_fast': 0.0533, 'predator_lunging': False, 'predator_lunge_speed': 0.013, 'predator_lunge_distance': 0.1, 'predator_turning_speed': 0.7853981633974483, 'predator_color': (0.8, 0.2, 0.2, 1), 'predator_confusion': True, 'predator_confusion_distance': 0.4, 'predator_confusion_threshold': 2, 'predator_chase_time': 20, 'predator_halt_time': 0, 'predator_eating_distance': 0.06666, 'height': 800, 'width': 800, 'graphics': True}
tick
boids eaten
predator position
predator rotation
agent positions (and)
agent rotations (interleaved)
----
0
78
0.3027574748837421 0.7831226110907631
5.095487707660633
-0.05195061969325935 0.8982669452354112
2.98092743142021
0.8813934309882334 0.8535278482684354
3.6793829560804725
-0.44995455886406777 0.8974132946540063
5.010494331628965
0.7517803445154142 -0.44397113312035263
1.1901773798126842
0.9399668377526889 -0.4814891554364347
0.939882624141001
0.5701389081476843 0.6492420166608908
3.142537479115905
-0.5854452210183961 -0.12105941687584598
1.6404265985645843
0.2822235982882232 -0.5445503899044689
3.7234794253306696
0.019870738768654334 -0.8732698537416513
1.3750830591917063
0.6082854018465439 -0.16109920339861752
0.10256950810019894
---
1000
86
0.6913234803548695 -0.9287265304888844
2.555514921138099
0.8430247528321883 0.8949488961468698
1.9998579263897662
0.3538119801003229 0.6423435251661199
1.0699985334797413
0.10731867435840975 -0.7064375606077431
4.36469228880637
-0.7283030657146439 -0.5871050001846578
1.0738773477295833
0.0732917981580766 0.5576809462646632
6.071612885701953
-0.5096387579872814 0.41605679381986715
0.1261874903339777
0.33388964042917013 -0.8777373462357165
2.58279323263236
0.5718413966917135 -0.7271688981722308
2.295610752476912
0.4356394674821752 0.9354024614882845
5.716487582913728
-0.49485006661674075 0.9211972056107737
0.753422909231062
---
2000
84
-0.8567571474029754 0.7775326267945026
6.02911267148566
0.7799305014704521 0.5685196285789486
2.0052765746567687
0.5190877536210852 -0.7633907422267615
4.151513044481158
0.2834018499916146 0.49577030742349837
6.080637631067358
0.7197712026773334 0.6270795662094456
2.737422931228929
0.4273220994018876 -0.13286841491062681
4.150142278785582
0.3001985438383061 -0.7974811431869089
0.9325011944620076
0.29879767459434237 0.7597665195915188
0.995874530856641
-0.7106090523678386 -0.9624911582310716
0.497949356153188
-0.019324470230425144 0.592097825323947
1.6711540973828773
-0.6988284706122347 -0.8827864334861951
5.573473347454498
---
3000
94
-0.0927429632068119 0.7946516578956253
4.5387564707421015
-0.16188002631299583 0.8046489844882626
1.3696253619884509
0.12054735392986249 0.6490658747984673
4.77271079477251
-0.4480227980624043 0.43126194190420286
5.411832661497294
-0.7301005072906048 -0.5318114815207038
2.2110491382865627
0.8105878827981047 0.559019757932311
3.885853610304827
0.4541645266289795 -0.5808868413262179
5.783082161698163
-0.21742923962645747 -0.7062196259277234
2.731682224069689
-0.7742242056060858 0.0792196826869414
4.439451459334112
-0.7192942677875754 0.7289603921838376
0.03028113191597459
0.7039296820139234 -0.10746035838304446
0.6605048301843572
---
4000
95
-0.22158881098963945 0.2075181643382641
4.075949351799691
0.8954078822699113 0.6446342543689255
1.8396499304878295
-0.8881332018008656 0.6770544628321336
2.162471800517343
-0.9006819538430638 0.9827133436278873
2.2403434833128477
-0.7356281140314671 -0.9742318139833783
2.2345206449530286
0.6029323220678589 -0.6108819229770028
0.746899171850373
-0.44279759931517515 -0.262858438273026
6.204086282838373
-0.5711963076765336 -0.2604191096476616
5.536798964429444
0.6919428771035147 -0.12817377760146537
2.0760968687027628
0.737870132788761 -0.9355904582741482
6.2747483987255235
-0.7338502585459511 -0.1429549580636293
4.780817974186981
---
5000
93
0.5800114128347912 -0.9217889866849149
3.418322000719994
0.694710518392947 -0.658183713561781
1.872996314355512
-0.4652122965992347 0.0059054278725516225
2.697798233138025
0.7575522736358885 0.005982047373743823
0.137842281042448
-0.1394170619270318 0.8235210911912163
4.407356081946192
0.40437372852886094 0.8082454291763899
1.0562653927358072
-0.6906050098918927 -0.3596494396334419
0.6574331713395125
0.06127998952210258 0.7555134330100388
4.770605910055579
0.94422868559316 0.5334562032985751
5.380605452982518
0.5788265522466343 -0.7684269145482003
4.846893331905684
-0.4334048433186548 0.9177510332388914
2.19707860945992
---
6000
92
-0.7708999313514882 0.9818196230355499
2.178776686572493
-0.9133971286740715 0.9679219186339236
2.683778950020553
-0.918377185746109 -0.7678179069107108
4.82816329248477
-0.40906677285973897 0.9004211705815075
0.11467375965060089
0.05395699459690162 -0.5045501995357022
0.8705349215396234
-0.6927821754103731 0.464583204750353
1.2025857084637694
0.9499398953571732 0.5891401859008605
6.264023042998988
-0.19674090033943617 -0.7036156190831604
2.718077550409845
-0.6523574513605417 -0.7124720914119754
5.189506069280599
0.1410477600679792 0.5662023258127198
0.4187426710313815
0.34178855794054935 -0.6080390865799516
4.927335311544994
---
7000
100
0.42471190390428926 0.48590282792065004
5.8121912116616
0.4454504494888306 0.5336448233411633
4.736421622208939
0.17257340057717657 -0.6846365272669261
5.234352690403525
-0.32787693958246145 0.4754359955064511
1.766506727344737
-0.49979608469555536 0.5187707671386058
0.2650919791916211
-0.24793224710364892 0.4047829108633145
1.204935055453829
0.44017884258098006 -0.8695903552860731
5.141242579462516
-0.13583632873275636 -0.44167739085762386
4.227461272373351
-0.3463258987557417 0.3280293196378179
4.870200565579837
-0.8445262272230858 -0.778743924049953
3.4047604867520773
0.9864638272299038 -0.5403618244397306
2.5514766220829586
---
8000
84
-0.7107559217089047 0.9170860565091364
1.5945231931276775
-0.8980652350503675 0.8822262598303142
3.478540598642055
0.9154839843805758 0.24409284024869937
2.98520096770554
0.7562082365417924 0.7685041531023136
2.668861370395083
0.5797217930969629 0.41471740591577727
1.505836679557354
0.9072003610377841 0.7563229010009337
2.7549516277668067
-0.5273394380254472 -0.2056729389401511
3.738270298462454
0.4442253360518606 -0.25709796513067673
4.863609182415876
-0.5744689864142761 0.46074995302927735
3.5961830923554663
-0.6272230198532317 0.8362806458272052
4.058012510077482
-0.6773875429800993 0.8728736343032961
2.645383158312045
---
9000
84
0.03415806838477373 0.4509673482181512
5.598661083189187
-0.15708496556760942 0.030501504509595403
6.254751318714471
-0.7144948738086869 -0.5437560091465423
3.117957983752773
-0.6045635838273987 0.6527068320341465
6.123077345579444
0.2931275934885598 0.48133290067573575
3.809227586037381
-0.9486934489342664 0.9037038199950463
2.171568349026634
0.16065927639592825 0.15752848265809022
2.098990806205026
0.23990900327381814 0.8806279975685192
2.1759666675477423
-0.5141214651552101 0.12244174568887232
5.85597333584104
0.4137324360623912 -0.02609678030521214
5.826818854368309
0.762890737544958 0.5768727662499615
2.854450967373097
---
10000
88
-0.04887189009019127 -0.930954722918222
3.853466191976151
-0.21142908470985716 -0.9492271328288521
0.9896153153391349
0.9319043850235597 0.3342396160747938
4.137679524156213
-0.6385568941078351 -0.8739131849125813
2.5716948466826155
0.7585780269206583 0.7844216279212015
0.2842517138658698
-0.9845596542878492 -0.5263603179248055
6.278095479274919
0.6933163141243596 0.7456311968943643
3.9861398410318367
0.08962057078107545 0.2783580183630351
0.11186794198337857
-0.08467105258902324 -0.9640647221789196
3.7321237575585284
-0.8859871312136949 -0.23679004677291238
3.087739409133164
0.3356358095730783 -0.8287167366760099
0.28245947822750317
---
11000
81
0.16167998673434206 0.22944688663533322
1.9568194001686654
0.07009389505750244 -0.6468772138788996
0.4282548592418429
-0.1590109155050656 0.02244577348859883
3.5442992754349305
-0.49353519923780115 0.7750489162719308
5.950923504239249
0.23125998126112776 -0.6206267599374056
1.6513299419084557
-0.9461604564485476 -0.3369154210971061
4.884725149458055
-0.9499932061430935 -0.40811791793475993
3.0624029118244804
-0.6513723871365528 0.7011088674969518
1.982317200855129
-0.306482716273422 -0.12505219674668805
2.3875959631522354
0.06766890298286846 -0.5597805558965875
4.795695983992312
0.3132699600824241 -0.571494243331791
4.254420360817273
---
12000
88
0.08019110156946878 0.8418517288726983
2.3315409886570984
-0.009000342365408798 0.7729710005775795
5.237931545213932
0.4204583699023666 -0.6895672761050603
0.1995484893122752
-0.7227093316375828 -0.24245920781068805
5.110790103943256
0.2656156138942656 0.23526441200795473
3.9171725942516034
-0.3650663188463264 0.2592302210400983
6.241168532741134
-0.0165415244259746 0.5238823024351323
1.1689517914462044
-0.010964743397849398 0.7400261438281065
6.264840563631187
-0.5731694260502319 0.8745019439245681
2.910445620883162
0.21509424607737596 0.2469693786283324
5.898399101094964
-0.0012041377419163453 0.4923042159066434
1.7344727842231
---
13000
93
-0.20292134255741326 -0.4988763066141493
4.024801124830979
-0.593703759848122 -0.35122725400058125
5.929850911677697
0.8619520974153512 -0.5874103957511677
3.0271199743096826
0.9191800085147984 -0.4273619900817602
2.120105339897963
-0.8419044321857998 -0.27497524049225924
3.3870258011326824
-0.011383322882673956 0.6862436172358026
5.910347763181516
-0.5120087147068131 -0.4251182389313369
5.618473701363848
-0.4541253251428699 -0.7975143300990002
3.0145986704343697
-0.24711634538162142 0.5035471744872382
3.304108144017362
-0.39804615681670497 0.4120431661539213
3.616593304588756
-0.5797873708463938 -0.45513158150293725
4.846717672705062
---
14000
88
-0.02238943795414743 -0.13962793341579682
2.2125047101263675
0.5316947022951496 -0.38860439441315725
2.011250393958635
0.3339385852690834 -0.735782780998657
4.8327945307490525
-0.6216098993432742 0.08402170359742389
2.8397221726473614
-0.9516393094991186 0.09941899824397593
4.987885869305625
-0.33522157019410376 0.6949392526186995
1.5232459056840817
-0.8934033202783767 -0.24135694197020557
2.5144625429083862
0.08750575504831427 -0.6532605427782604
2.0872002416549273
0.08345360216959352 0.47762475488466355
3.066100193515211
0.5100892485583383 0.574680448352253
0.24698160936753588
-0.07662317977095486 0.5149085074264541
1.4879185180211927
---
15000
84
-0.48132511001285627 -0.6013959996922575
3.740278472059873
-0.6437815050667002 -0.037247967181414134
3.246336209497353
0.46776842599329427 0.7223955637047718
2.9375899519397093
-0.5851675655373653 0.7790928949179277
5.187828445597753
0.4093527541497403 -0.5394797958304116
6.232032962676131
0.2147267554589359 0.7236013797144485
1.3773009193048926
-0.7957128732558781 -0.8540967427732005
5.3424259997551315
-0.7762715021160868 -0.8365161846742788
2.6849109066418215
-0.6068808444228132 0.12458942090039392
3.2343224846253484
-0.977555760863177 -0.9746292106580905
5.285247504122895
0.8593240285336591 0.7202212939067628
3.3336793641206066
---
16000
93
-0.46517166382379443 -0.886001471745793
0.3028462877633341
0.8689004211722067 -0.689190603963273
3.6534110416032632
0.49540487420946794 0.7018359034161646
1.693180140861024
0.3525134818460295 -0.9490841922972162
1.4871924056684298
0.2498131302506786 -0.14246299168490525
0.7264117753576302
-0.6454342987996969 0.8997816823979232
4.465277355571706
0.04727551404746581 0.04538764098300897
1.8662241336448915
0.1124543372308961 -0.7585409033696983
3.171064966697319
0.9721490868801044 0.8923965059049496
2.666080594132861
-0.37160186648589955 -0.8223520411659087
1.508286207981663
0.2569945271036198 0.9559361697066152
3.4008641947730123
---
17000
98
0.4285907201778929 0.8097823696554369
3.8040037176033175
0.39381668283235427 0.9196551199665877
4.577481602794174
0.006427815686196138 0.8432923744687493
5.314088315892829
0.21644150691423386 0.8158024290826397
1.4011386520262548
0.2884451898303259 0.6309668903312837
4.026383939865344
-0.1206054388078418 -0.584795358059811
1.6299815917140732
0.13716270035437975 -0.181172676973834
6.022564794408403
0.10169618222263253 0.49690332224561595
5.112677097443995
0.4032003084727337 0.7786918301878446
4.222444199975277
-0.4213966488052612 0.0897476125176955
0.6350700155364395
-0.49034814277581806 -0.34605268378403764
3.2038269190726503
---
18000
98
-0.44520876022420836 0.46515039796342134
3.1581269055667534
-0.6542907504069125 0.45400564724790016
2.6247965832226026
0.7791743322224907 0.17307053548841694
5.231857802481517
0.07396260079910039 0.6493683989997123
0.9970022999083277
0.7645354663017294 -0.2593034765086893
0.33916104789297474
0.18453286408537306 0.9066708080084106
0.03753429280796894
0.7586971671518484 -0.6394730169012511
6.112201879762019
0.7946731960625096 0.10343388228637213
4.367361539653051
0.9700014805904955 0.33061251403950154
2.7547683768221845
0.6115150089966414 -0.630647634978298
1.9213771782862574
-0.3049650829297182 0.6896849933104666
5.588630486948164
---
19000
77
-0.19365775694604273 0.832234919623085
0.9946627492965896
-0.2409414014365053 0.9385992755436365
4.260020621754114
-0.6222883133111701 0.5403681746337333
2.9981658511418656
0.4314432964297348 0.7487827223435645
5.785748060915924
-0.8385454917117527 0.3033935329562422
0.11020922495527596
-0.3037500561652501 -0.051050709820099766
6.095618670634806
0.46400028497876133 -0.4293392700255395
1.4986749433093491
0.9045205820538925 0.9558156610310306
2.2827458810615058
-0.01690337815536784 0.12540871548084484
5.857936218118495
0.9199542587154198 -0.7644850653995539
3.418317227132836
-0.35488376443202996 0.42230803105796416
4.761530754308872
---
20000
92
0.23548862857434022 -0.13278094779677202
0.8478514236592355
0.29294407751338025 0.6251397842133037
5.524045637024766
0.3243335725696801 -0.6394577215637682
0.8313960944044467
0.9225838021871069 0.5965551730552152
0.0921734672702752
-0.36479748671799234 0.8797511414669812
0.5986778974519815
-0.13928827260578602 0.4301847449923972
5.447794917771873
0.711833756602888 -0.7785204767426296
2.5011965006456487
0.17400872257046085 -0.7339820912413356
5.611487496594429
-0.6738166895381127 -0.983683845764204
5.013497156852433
-0.02073393221346188 -0.8750847064159512
5.837212880860081
-0.6593790444889124 0.12954890754047146
5.567708000097431
---
21000
86
0.48167075064026244 -0.9384124039056068
2.8122382783054896
0.44818793686432074 -0.9478696910055673
2.665925271522883
0.3781213605705223 -0.7145595521384318
2.5974169604760684
-0.28593027221171025 -0.29089826491445564
4.511637992514255
0.7049451031617097 0.9759133472780379
3.3447744685918437
0.8404781465565145 0.91303695499516
3.9585404392192007
-0.30215605071705465 0.20077388858721396
3.090333150268995
0.045006856836930884 -0.5937730454752893
4.8567228574049155
-0.18597872465787438 -0.5635545921118363
2.611632493724576
-0.8848321019222152 0.7402081462739755
6.056875473063847
0.8850318772646915 0.6365424100184789
5.870682886077439
---
22000
84
-0.6674166215040055 0.6126394859094104
3.6521118034013194
-0.823757374200776 0.49465265093226585
5.438032026718341
0.5364847789404276 -0.38089964770901275
5.3284467582012836
0.578987859643029 0.10568336101624205
3.0597767196195536
0.22180950175801767 0.8514253544823469
5.910670704543378
-0.20250297056342614 -0.7535656809476722
3.792691682640469
-0.42738978824397633 0.4223066976799724
3.8190136802925787
0.5627450230558775 0.918833209737376
3.3495846499799624
-0.23499832402902868 -0.14217193690229163
4.2647712395105986
0.05796462038601849 0.4373839111515682
5.409889158141066
0.30196591870281514 0.12473048729871478
5.321989280878181
---
23000
90
-0.9951390631312366 0.9669509272363406
4.977882534923952
0.9311689790327533 0.8331335324841799
1.8853416518399122
-0.8959926851130996 0.987910123947144
5.628519128024556
-0.388652585191337 0.7653154961668841
0.9448963260699594
0.029446347489136545 -0.23423064877516817
5.982674691407695
-0.8540418442640055 0.9252672406725292
1.2033923387634626
-0.8054384224305218 -0.952136534638023
2.5917417689876183
0.40763180899208507 0.5737209753121221
1.3870521084418588
0.8000173095134181 0.09831410425297932
4.049889364732315
-0.5180586977837168 0.052025202125494455
5.164238698807422
-0.39529111933450867 0.9350862117070337
1.5578623890947565
---
24000
89
-0.4356726884276824 0.6614581369398651
5.061779060653906
-0.1635290487072295 0.9590075363510364
3.494564953978296
-0.444965142626905 -0.8524809804884568
3.0364547672642352
0.2796641362669042 -0.8989202765011461
3.990013972142881
-0.4826088015139757 0.341679789714939
0.37000052829013974
-0.39151916072711274 -0.9264504078730481
4.072213278663719
-0.020491009027773375 -0.2779869812184
2.3179614825161896
0.14769953445538037 -0.13431408052907998
0.1670600314845272
0.7031771383033968 0.02260334676578174
6.240171870635043
0.19174546680181634 -0.8585332748575812
4.694228347494961
0.5076565416773737 0.18110394156653153
3.271179805767482
---
25000
88
-0.693684288138838 0.1707199873707182
3.0662363783234556
0.9995092640449532 0.29676880244699816
0.5671885603326201
0.4158545481207966 0.6315381249346068
0.6334247373307891
0.9486333508736253 0.7816930327638714
1.0704913660811552
-0.32981781441774477 0.32344728177396276
3.2480999859556414
-0.31014206990664556 -0.45349756815392145
3.6707005024155253
0.30564520133258033 -0.7161973375056062
3.597799376946422
-0.2641637968800936 -0.026366575898797425
2.8458204914755205
-0.8922597416645405 0.5867849737540116
6.180146841790217
-0.23339264186158407 0.40332954263776727
4.719063408301161
0.3981520810352811 0.6557400555351107
2.4656713073136958
---
26000
95
-0.4218311519589434 -0.48288563213762337
1.2694775116175763
-0.4131927076328795 -0.47315072381288104
0.4334230741183527
-0.152469742886227 -0.1914501842733439
0.5194525870567013
0.032790698008532654 -0.3395303423617569
0.30215521231347786
0.4516952851142788 0.5891150411146835
4.083380612952408
0.5462609778656506 0.7420872188963092
3.8217774746280746
0.07216448301071321 0.1494790325216434
4.913207620132593
0.8495373270297992 0.9033567334132865
1.9539719361874512
-0.47905356101447827 0.19033377269864776
0.8357176324561673
-0.4522285920337045 -0.694019270892076
5.95236103810107
0.3258105248597196 0.15102001911137747
0.16131652934694252
---
27000
89
-0.7806587550188172 -0.36493601187901165
6.166752865314024
-0.811499114036779 -0.07630039321300135
2.4315827327712123
0.6199703406063469 0.9465372532925233
3.044430075388579
-0.32219337497590894 0.16695623381657482
2.6746964080549422
0.8724986205803623 -0.5779203111650312
4.156009302664797
-0.8329877815846735 -0.5131068497091887
3.3622885810181344
0.8010651697991149 -0.2083155917690535
5.613367072916401
-0.22940160147967886 -0.5850296874687252
3.422038999686337
0.5429063329144057 -0.29644929767631123
3.046417349998741
0.7699836527800624 -0.23999087042145392
4.313648224590026
-0.48793170200007446 -0.9035397862179313
0.20386586863962197
---
28000
86
-0.42755081959213276 0.9902419207927509
3.99610584833339
-0.9750998353261078 0.7618543457523752
5.987424136410562
-0.0936377968674644 -0.09442543821952455
2.802006682249636
0.14599790570319987 -0.2194739582564154
4.062221387303546
0.9406113585196677 -0.2623927370713684
5.972061876463549
-0.5745302085553644 0.2839117841734106
0.8806582071096543
-0.567767198603304 0.6391791147211621
1.5332215561920561
0.6902383034422059 -0.7537580867013626
5.418146164618508
-0.47336132751498977 -0.949319591484984
5.897917630311358
-0.22662569924832782 0.7222391725423234
5.063944987372337
-0.7320599283447449 0.2689568200089279
0.48390461278247265
---
29000
88
0.9157677114519516 -0.9090207787686815
3.8839046135634634
0.7545973685683708 -0.8429680599196355
2.0944834977938624
0.4110782049166985 0.07530180445111812
0.7463900833635426
0.4135162281710638 0.437580380725688
4.633529322141609
0.8248906973360783 0.9804315149497631
1.8250430872082548
0.7413775249545719 0.16424058082256243
5.853593179488986
-0.5174504954500869 0.3475763648823591
1.8981436227528565
0.5147619111395365 -0.4476955976007748
1.2748289736732428
-0.18179468767233187 0.31127496170134805
0.5232019838028048
0.6901727643194898 0.08973631390132607
3.9637589154653403
0.9009647594925368 0.9629452172661698
2.9154378606537588
---
30000
84
0.402024436735434 0.5306371602028054
1.3960543740816707
-0.19531093808409275 0.7617111042371474
3.6884666496247256
0.9807800475767556 0.7201593963999919
1.5923272489476883
0.3793137742693678 0.050273786068544074
1.9818556571253252
-0.8863526531845967 0.22807924397630383
5.7889901764144955
-0.7212674908457101 0.1891994482538254
2.5539014939068156
-0.013473773794057618 -0.9004816522092008
4.546903261540274
0.7170493708433361 -0.2776863975921967
1.1614902473880182
0.5902054852080383 -0.8503311825679449
0.29131641235030425
0.6190410429763946 -0.9136888100617468
2.9772845286083562
0.35380721472207816 -0.38829974593585653
5.77013563508503
---
31000
87
-0.8450619712927685 -0.8979828236555015
5.161986492252449
-0.8508728788860677 -0.7013014738089651
2.54954442421643
-0.5791514374060094 0.39529215039156107
1.5417757220232327
0.13635548946061485 0.9230671657323208
5.765691786331479
-0.36638682226365815 0.2545821320622343
1.3502285146234767
-0.32754157976175025 -0.9334479165136863
4.810178570729046
0.3922844489476395 0.7450454504716034
3.3424312305274197
0.7113493583283892 -0.08917235810209677
5.25021613626349
-0.20411814760499347 -0.4036884331670946
2.7512454601307805
-0.926187073026704 -0.4756503621437738
1.9910499063207405
-0.9453584934956858 -0.11210075626960062
5.8686282369765355
---
32000
80
-0.45513741846143085 -0.5651333667379856
5.969601001820024
0.6255712860424428 0.11731890265945752
3.702227286136826
0.5104468345576763 -0.24965550003642334
4.175835792408324
0.9376162066973477 0.643862038270065
5.3431887152601085
0.8479855427386553 0.08761546999806069
1.3327397645665986
0.5813346388321228 0.3761298709905379
6.122020722720785
-0.058710623138193606 0.7372337872623047
4.989491980736662
-0.6828831322944573 0.6946649875326851
0.006908371032491978
0.6735093470396315 0.06600815339585189
1.7694394384327499
-0.3788651614170088 -0.3975141618137484
3.310129784347051
-0.18105798424111558 0.5701086439583624
3.270269180584833
---
33000
79
0.65053987766554 0.35768418298620497
5.553829876116778
0.8760917999491646 -0.9390843214017938
5.662889271772702
0.8906903627836118 0.3667905602948852
5.026253018875389
0.944105261200361 -0.5410881577901329
6.183910648852618
0.7360774251667268 -0.11809394305140195
5.68629409722977
0.7869166006177774 -0.45380933268661583
5.9090368697311515
0.23911165077021462 -0.9367127152973911
4.188756110273156
0.9903265510741518 -0.7153417864366458
6.01135950074659
-0.4109557560414098 0.5845259643663183
5.803087960081801
-0.7385102880920981 -0.6381006089503705
0.5677505310214483
0.1666051817736083 0.34791716233761244
5.088316218518896
---
34000
90
0.2541876154585552 -0.4151280855196279
5.48494579690192
0.04298008844110504 -0.4083230064757076
2.5630051544897627
-0.6284144928791918 -0.6793141376832076
2.783899779904173
-0.9477947555614019 -0.467545976195592
6.056951383072757
-0.7263016569644022 -0.40410911694880575
0.8045632487233272
-0.5733443703654609 0.13674364233979097
2.5474945164304525
-0.7126987550855578 0.06837477529535199
3.53655814918005
-0.09358545261847337 -0.18853613591810775
5.537327478514555
0.23829806784840818 0.1469528428936236
4.386087583987712
0.8335762174009841 -0.47906950288675476
5.706968061794463
-0.7731964500479331 0.42776711473547935
3.778529834302624
---
35000
88
0.39013915942638655 -0.7839383085835995
3.8181466079721225
0.22319234955316514 -0.7181800414778285
3.9607078090318613
-0.17520791339886732 -0.005958841799287969
3.7832144319197045
0.7129215951304227 -0.747684587442744
0.6501221618024466
0.7797624009882221 -0.785405193046565
4.727822630085341
0.8504482025415624 0.3546542761767567
6.265659657800965
-0.10027493071835979 -0.941392499599242
4.6859630350164965
0.058667599520127005 0.021791776177256306
2.2625959058520646
-0.15388883644765286 -0.6355809403226171
2.726688593666088
-0.34662224406770825 0.9436644372769195
2.6152092109404617
-0.944997524477305 0.1467123369422088
2.23754309698477
---
36000
72
0.22865410734673713 -0.4427444889875379
1.186571383126394
0.24342882904895877 -0.36141909922552834
5.990897018369877
-0.5334571427119192 0.673682399786606
2.9976350542863903
0.11354893367692319 0.3606480586706459
4.40742133732657
0.24909026797700545 0.7055515127722588
2.8612472234444697
-0.6954661236872849 0.1391616321172705
1.4652244379404271
0.11297606379187049 -0.9711642918856455
4.880788724201076
-0.006404057418658009 0.47118770787650555
0.15042969263878625
0.11704203772779793 -0.1423747634032733
1.7716882467553834
0.422160208991162 0.6574781662763772
0.5096316231439051
0.18777172003575632 -0.30974149873059137
2.2379667991306116
---
37000
79
0.8878000841788392 0.3269654893063145
0.5768699680008471
0.6874431063064882 -0.962768325771799
4.241396259504947
-0.9735141751454508 0.5076826684268563
3.7483798237232486
0.49148278872045986 -0.5885677310141987
3.650925682950154
-0.4673877465729308 0.9324632311480072
3.8296327987951875
-0.8439835538399717 -0.06554055665256026
4.9056426820363175
-0.745577779695581 -0.6755265697142285
3.407756836779927
-0.8667577094152827 0.617879303431454
4.519779964140168
0.5444635241114938 0.17043248416389895
1.4917099935920604
0.8081181954687005 -0.841859070103996
1.0175712037977895
0.46433789877689263 0.9679497378718305
4.455052600937547
---
38000
80
-0.5078525610013213 -0.8731047173587538
4.678447374401687
0.9943978813013938 -0.4505781467827415
5.553366774786188
-0.655579231033786 -0.31868416377305475
0.03240308498941058
0.8776894078151743 0.5220950507475182
5.178382330521057
0.32057200578395184 0.7952927604662043
4.8535791386974765
-0.9385580572695944 -0.5064472696760648
4.34415894777767
0.7958873874188253 -0.7183619347707205
5.820103526495836
0.7435673920471543 0.011504701044627462
3.0464482526255456
-0.696376545518092 0.6307168733468486
0.43342956263555354
0.28948943895668733 0.4999873731930379
1.6416920605100174
0.832222303564637 0.7547492806607358
0.5299161412223423
---
39000
84
-0.6843600989599439 -0.2099606486787776
5.490049815312506
0.6849492921855386 0.3299382024264132
5.152711961510622
-0.4050145551219698 0.5307833903031305
5.30896262946151
-0.583932252036258 0.04101762990304529
2.992748005941368
-0.28659526646076466 -0.7683167845881035
4.778994902891376
0.8713237370862198 -0.7297121135933283
3.8319879528550764
0.3087692272148571 -0.18291241578730577
2.7615973933410407
0.06410226392758354 0.9554588104669435
5.55869285418059
-0.8720942612600204 0.7760029041813888
2.2535228004424956
-0.1627254174898618 0.8541628009244919
4.171180363251776
-0.34184770757816524 -0.31826620176294124
-0.056660192114905986
---
40000
83
-0.9230932167217193 0.7414072215773498
0.47746183650665414
-0.942491795373098 0.7897794111692771
1.1062629888395588
-0.501028860280437 -0.9071326172815594
4.436794069084181
-0.143264575507292 0.8706369911355184
0.6117564730755074
0.5168125015324797 0.37800217074727505
2.6969936971694928
-0.8819891000503823 -0.7966841957955124
2.7921321062175677
-0.8983885927398318 0.9682746024190144
1.3917708283806336
0.4393624239361599 0.5577765167971969
3.0501782483779483
0.3265462215133381 -0.6570674467393571
0.3953490841978775
0.18098372105834315 0.7997631313410515
2.6507510600097897
-0.5884428522356869 -0.7589533503311905
0.8406992027289455
---
41000
90
0.16620255799595357 -0.3917556324554485
5.137039619317844
0.34624608846357824 -0.21150526114754142
4.254097293126685
-0.9341661737844966 0.34221979746681186
4.287824289063101
-0.35989049657874617 0.33976659718177527
4.327838907805606
-0.7194010225291916 -0.23252021869800094
3.0505987398894865
0.8244774362446452 0.39694018263139724
2.5635605801602743
-0.10784248950208399 -0.299071971127643
1.6492397077874568
-0.33930298564388095 0.3212250558251149
3.3216682095435717
0.9212520230247938 -0.31276105773366625
5.240210152499404
-0.45789145997136516 -0.30423842411518937
2.3183155615132325
-0.9187594045129858 0.8467781093667375
0.24262610370520576
---
42000
82
-0.8172387790389462 -0.08273850979556552
3.8231133381495064
-0.8740211782925411 0.0027842831087702066
2.550573001166483
0.663804019676078 0.5351051691583869
6.266144079687956
-0.4351821813179143 -0.8240068748643656
4.642719560178587
0.5598715473133891 -0.6243082309459707
5.775812998315341
0.13532238219019602 0.31553177097935453
5.620932271148168
-0.6725851733344524 0.03367424691345276
1.1303038701732637
-0.23119539969204733 -0.676983378273025
0.12710373933141028
0.5444038859346677 -0.8954094845671737
3.9905397876489985
0.2835475363035573 0.9957226744813856
3.6866640101509454
-0.8913391562408781 -0.621783502261138
4.473007262547426
---
43000
89
0.13957695246169266 -0.608115583331035
3.1820450970549508
0.47283498719606026 -0.22856361775215397
2.587641543158817
0.6583550319123641 -0.43563136319151474
4.86673700875185
0.5669476849101925 -0.7832482074516032
4.773556149655569
-0.17024276403567395 -0.6056780974421198
3.2777290313538634
0.7753552769407656 -0.11123748961818927
5.604531369337475
0.43043567208075745 -0.9636797891770255
0.8341055291598503
-0.5532866361556877 -0.5331925012010913
4.204128358452814
0.9002316968276189 -0.23027900913611163
0.062167162291155265
0.764603057446073 -0.5220998643420981
2.5095772302241537
0.8835591948424555 -0.342968957610101
2.1049091711384764
---
44000
88
0.16530613496915456 0.15682986319201853
5.564174199461764
-0.37251518163635733 0.6647981606645157
2.9172831432138295
-0.7630853701159406 0.5531063023665128
4.870895055005717
0.8097050993645831 0.6437275487336745
4.354197883542808
0.11401754371380843 0.11087960631971962
2.8594838655662356
-0.8843752854551579 -0.8705445521543149
0.6538102208294045
-0.9244464111261161 0.0450828519578908
3.496703517278629
-0.8353868853458817 0.5766682577424357
3.0024993301988063
-0.8572031398678495 0.4846013268520888
5.779686011391012
0.9600241354892818 0.15668307109087984
5.964717419262779
-0.3585103988097241 0.9780264972976114
5.487544570599862
---
45000
85
-0.1313216510100274 -0.10817350312131611
2.726603312082224
0.003303484433923816 -0.25521825189799763
5.945347492290392
0.6260152132518078 -0.882757514439719
1.0499603613588437
0.3669537525243823 -0.6426222717044034
4.192029455454437
-0.9287964344753157 0.3955571746691804
0.9201269842794133
0.22266604698360204 -0.7111233758297181
3.4383351866050473
-0.9671036122039153 -0.8750421912179829
5.057711537558673
0.25270745962318125 0.04621492307873336
2.716341153841205
0.40279855943226184 0.9911491043720784
2.383955447591868
-0.35116581059018326 0.37918611854749684
2.366063896470192
-0.8320206825506941 0.9402550294604641
1.55462987882333
---
46000
88
0.07065777792721513 0.13674356689814318
2.7184694511434397
0.048908542342661725 0.14701329297517965
0.6613960705931685
-0.007931951461757611 -0.5090116961539808
2.623636352403376
-0.13589898155861707 0.430349340804334
2.933216685048528
-0.39449445103298775 -0.8221357749023268
2.8823829163200694
0.40512214394571466 0.9677756448767036
0.13626921239793255
0.35227225407811846 0.5685109785403966
1.2569762489444771
-0.12482081312035656 0.981412697277169
2.169168035628979
0.34916201323315466 -0.27021924177080875
0.3637046966584512
-0.030396003740904728 0.25317974192341347
5.554733548704227
-0.1856934670108664 0.43122801877444067
5.8737592544854484
---
47000
75
0.026280124120824925 0.6913678523618143
2.65766660486221
-0.20252759658311192 0.7869452684652042
4.112626308639017
0.6741853387189726 0.6268151535841698
1.5938229673894853
-0.41703548553063036 0.21383225139501283
1.9241281793170328
0.15963614189533915 -0.034240289517061054
0.4053347522429567
0.7655755665234485 -0.45547148393014325
3.902524287675634
-0.9330491986453995 -0.09503703091225885
5.797152691490839
0.3386742502398391 -0.7403363925874114
0.08389727455101159
-0.9987697349252553 0.053657174847969336
0.38354438310220296
0.11170695107169439 0.1211175148693006
0.30653375211191847
0.41961289602361196 -0.6801742269110002
4.025750263735474
---
48000
82
0.778950430408224 -0.6548940178427077
4.267855695127804
0.37177523149094605 0.3550169710986725
2.417239830737862
-0.27206683787359176 0.3053847117160696
1.0373045392768665
0.044741977704056704 -0.4116584464401321
2.675141046849416
-0.5085782171463467 0.638807405638634
1.5317450605711551
-0.4587920407723793 -0.7301747231787152
5.184509432408136
-0.7037554430213244 0.5620201038854685
3.1626450211185837
-0.4342874280003369 -0.2236971396250411
2.976843637346759
-0.5854497571738752 0.09343237570938469
3.6261361568068304
0.710325684039775 0.6999150950923965
3.76155656869265
0.31097212193979634 -0.1868363544066276
3.971002943390448
---
49000
83
-0.853356413179293 -0.6610118377071688
1.7189803987277787
-0.8557234003205122 -0.664529273989974
0.25804459155661874
0.28787542182322956 0.18927622128641386
1.5793818171730187
0.7766817399603769 0.5597355311919292
2.9820970963646953
0.3604032428461705 0.2420866301952578
3.9585001912889384
0.8547467836108769 0.1905438846543645
2.6581713182091438
0.8724960648825066 0.38987717864494187
2.3543920628871584
0.10160727725353598 -0.9152585187102694
0.3150881567071959
-0.20247437952220823 -0.3087146743978665
5.375209310013987
0.28173163711055116 0.18411061528181843
1.0028254606254405
0.37021491163848314 -0.280480130377051
5.71868548110109
---
50000
86
-0.6973000781716493 0.23554776445134876
6.2483702387127
0.6617235626374904 0.9906514978644656
3.635895972260994
0.06843676954618126 -0.47213148023625273
0.5709706871499938
0.4251725619618433 0.8340369077785633
5.2239160707941075
-0.8383279570413941 0.8654504402256155
5.710346632424659
-0.7671875906527967 -0.17887999612870698
3.2846044877883394
0.03726674002077496 -0.34091766279486546
0.4938784863754071
0.38383207173850165 0.6920824284822024
1.9091292780670255
-0.5788316181125547 0.02655046481404433
6.242442698908833
-0.18441266203027495 0.6839873134314935
4.863187679529176
0.11337572296605838 0.3515739521312861
6.208743953810088
---
51000
87
-0.4650776311209341 0.28439661890772316
4.600160969531064
-0.308269313216317 0.3603557309162187
6.05164628457413
-0.7261335867780433 -0.39580786858515643
0.8955688954707295
0.7094174748793424 -0.8578420646864174
4.21467941047316
0.8766487834682113 0.43042463461632663
1.7235624386993322
0.36372895045047404 0.5525154479983669
1.2900459335758683
0.16217822623444703 -0.5125073781269529
6.1805283425922255
-0.2878486023324057 0.38931064304015744
4.72433316462394
-0.8414704473766863 0.4081295333340384
0.21330043599035342
-0.5111306454049344 0.18268155053080812
1.423534848785951
-0.7221053744795827 0.27344641305368045
5.097921639018153
---
52000
80
-0.4420950950911953 0.4100408216513621
2.6797294230618443
0.5368656067773725 0.4297699057213576
3.1025531643796214
-0.9822958012670913 0.9127942592452541
5.002011812735005
0.09064201080758261 -0.2201107246563967
-2.848549297778859
0.18321647822343817 0.966065011210496
1.04393354169438
-0.7855164537288504 -0.9387776035272254
3.4299592246327126
0.036987433561969485 -0.5961513505572249
6.089002512989214
0.484630967683434 -0.853607456031135
0.46128687403042434
-0.45789236303065983 0.8293153746322726
6.100533373819913
0.4258298693372055 0.9459185654979342
6.073500848281041
0.2915977765441703 -0.5615125383704312
1.7996471474483258
---
53000
89
0.46224832666538496 -0.2672174666218117
0.2971820841132826
0.46176558630852005 -0.26794454240095933
2.77261386212773
0.5186813939875192 -0.05043663580894196
4.906623131678169
-0.39279830169257746 -0.7386173357200532
0.019120100568683185
-0.24669581076936226 0.6867018355822279
2.7916978451882803
0.13723776208450758 0.32769461476884776
2.7365718779667123
0.8585242573993133 0.9162599854855026
5.067018572219422
0.3813055103747993 0.878483609400725
0.78063943581936
-0.2744340372326398 0.9535952622550214
4.043775411780122
0.3092252118756084 -0.8450053991695862
0.29979321786605073
0.13539206209690097 -0.3236759171558298
6.168663198143485
---
54000
87
-0.6457018859366813 -0.5355929283388007
0.24490662986668688
0.9852995286792121 -0.09745512527157679
3.0058712021081684
0.31412589061487406 -0.16007830368080025
2.9881060340072727
-0.04901882410299364 0.7571080260799243
0.9319724681886425
0.19411426046550997 0.353496088398469
1.5936627580449354
0.018216249285584477 -0.6333009705910284
3.4823657528579837
0.21905523855601564 -0.5876252813218844
3.069157696042115
0.5714414274903461 -0.01783447962896052
2.4422718523040983
0.9549616387356902 0.024676266497236924
4.265460711944924
-0.5493513408078633 -0.5089475466581125
3.6145838285175236
-0.5139484786967025 -0.47324617099679095
4.269271185598568
---
55000
90
0.25074132070244803 -0.16807281743681465
5.200927224188221
0.17852631665099544 -0.18093257898538556
0.6009907454991978
-0.9810438950009787 -0.48327561699429505
1.2810565401521945
0.43585692425052547 -0.47095875665977704
0.8999460954468175
0.3942907020176936 0.005674718508919329
5.528479637622497
-0.06486813651600398 -0.39791652231007996
2.1492582472007795
0.27462099611221624 -0.23622688012630522
5.676228698548766
-0.0237988735184356 0.12175825083566683
1.2997653807447722
-0.06074027065726058 -0.17902327214349165
1.5276913292978618
0.48193764919180476 -0.04127579630136277
4.3066897972937905
0.23719379312357944 0.380868111447542
3.421095578032932
---
56000
96
0.07525969649845365 0.2061217934387795
4.086145344965471
-0.1551819883325674 0.3894949976681275
5.063015571654564
0.06193401118913419 0.06887736963588965
4.294344385790392
-0.30341151348761225 0.8242228146846369
4.805788553898956
0.684398998482114 0.5942076653600783
0.16930278967721168
-0.34701687738532394 -0.41085697334905763
5.8370164076615465
0.5799345079580506 0.5880449586630633
1.8855383862611772
0.39479549001244363 0.6909451280665031
3.703560038271741
-0.7995606130526931 -0.43605533975504085
4.252022434232442
0.24346802942936654 -0.10544472838629917
2.963525469406134
-0.47900856386127577 -0.5000804213020021
4.770519448482785
---
57000
87
0.4973938330774753 0.717247639766642
4.853209033707456
0.4473561346261859 0.6901004119855709
3.53569006322102
0.6720410333794764 -0.40498996343664323
3.2933587376395614
0.9877491860746126 0.6154124812479559
5.2200091776554975
-0.13653034031128256 -0.4009949425467796
4.846408293638118
0.7228059324521334 0.059358465354363794
1.4821422534540138
-0.16303923994398845 -0.14807304475365946
2.7796837139937134
-0.29138637074368445 0.07337162885168103
4.864901345649478
-0.3162217567869324 -0.2030802205333261
3.7175231815453396
0.9060519072346582 -0.24308233563613257
4.5684031163522185
-0.34062892194566896 -0.5995053690274441
0.461829944713811
---
58000
89
-0.4205680638739169 -0.7332047010741464
5.463395252422212
-0.5023314608382635 -0.7616432895030424
5.40345799096512
0.5592050568330583 0.3840387835888831
2.62506289852871
-0.20126541854608784 0.4326912861234604
4.3310426206687405
-0.7123261898614762 -0.6884449742658861
6.106056188041754
-0.29885653525054934 0.7502537343746841
5.6802007446335585
0.8069226188968947 0.7478137972744924
1.2035097830646357
-0.8248970942057356 -0.8791466986277621
2.1111892361272346
-0.9223962028137439 -0.8770623139116147
2.4560113006667272
-0.8303650832210594 0.37331549364930805
1.4730681212451957
0.6301319175488385 -0.905413109435728
3.4964081664886857
---
59000
84
-0.8888484901707718 -0.9565266760749798
0.16760844113785206
-0.481577888829147 -0.6290427529712003
6.128065715702111
0.4055861051738465 -0.3183994173275618
3.4692126633148144
0.9982135097976031 0.6261838436085254
4.759277807253295
0.36580908986377075 -0.24388619993550223
2.9568545937029356
-0.6919286146986342 -0.838905586598076
3.7231552164179567
0.3727901822146149 0.4981207682970299
2.957246360830874
-0.8661759173623717 0.027197984447279902
0.6322769049771546
0.5352668153312058 0.50840984080357
2.6345811753509256
0.6305509863154442 0.7054269687429452
2.8662304092989723
-0.5268334540069401 -0.4531287760285339
3.4393507166246433
---
60000
84
0.921202314859696 0.9311862051949794
1.20856654016476
0.911185077852444 0.9154545463009278
4.781540071308849
-0.9579142439486791 -0.8191309669421502
4.743210228476007
-0.44732457185581087 -0.9910306828614904
4.747157772118326
-0.5014202734715641 0.8353957803254249
6.084696472891229
0.0011866199403065408 0.9798686000117954
6.0056752047189175
-0.18080512129236512 0.19499641801790804
0.12291750773946308
0.9470452249298001 -0.9130504956246309
2.0556335943113995
-0.006867204335492448 -0.8319914621030142
0.21065331031273704
0.5047126964008691 -0.2565008795753575
4.995405130542121
-0.5450572548711478 0.8335415705872924
2.3496703835594666
---
61000
94
0.450224515916597 0.9544242544831397
1.0536320918833737
0.6076412075347786 -0.941390662472344
0.3673890999832672
-0.6565023657970659 0.29904407969246843
0.8264078474040257
0.9478850172977593 -0.6406217419910335
1.9257484415879524
0.010406816688588526 0.6303959470417623
-3.120068157415981
-0.40346822687046774 0.07850361957262465
4.110296450334237
-0.18562600811214844 0.3403656847278716
2.7063710431501287
-0.10638663263476307 0.6737434649762493
4.046739171268236
-0.8687762457347139 -0.12409505173140023
0.06473004542215044
-0.5189890061339606 -0.9745839512742109
1.3880645451957614
-0.5507751673608094 -0.17290997103837857
1.8592488386369297
---
62000
90
-0.728401231874604 0.28596599619011603
1.1091189512276638
-0.5474550734473228 0.10382511245388842
3.538888334785212
-0.13592616898785373 0.794863574972999
0.424349371926553
0.6156072735698839 0.3170653569911346
5.947566379008651
-0.3961213487078472 -0.3345320847040958
0.38035178911433043
-0.8930537470696713 0.7932760840502028
0.6822648074876101
-0.7808245137474241 -0.7718966697636422
1.3158608966383007
-0.3281689768512877 0.268683648113376
2.3083412507829637
0.42158669557315037 -0.39888464684713854
0.3456952221814591
0.5267390009687118 -0.7965357894170099
0.14747124200192996
-0.6738390374827096 -0.9573156947813806
2.0054821867450476
---
63000
88
0.9808739840419027 -0.2762659313017632
2.270548399820512
-0.9692323718320599 -0.17433544210036755
3.7795800415336362
-0.6500107266215657 0.7586156514170557
3.1988824816676367
0.26790437887947616 -0.7946296536505469
5.11238610721314
0.8892573455147132 -0.2683986142511963
1.9541762175357675
0.02876595533681236 -0.8605929426923414
3.4065579185892965
-0.14849200507782806 0.7531533542129367
5.920331147316018
-0.3752417235153156 -0.8098363416600591
2.871821895103116
-0.3948074171441045 0.5827528073064512
1.9203916140830026
-0.9781085708292753 0.20729017554179954
3.81422072404889
0.24538120015036397 0.47847997523966146
3.0751431439357235
---
64000
86
-0.13573124565531888 0.7384721694978704
4.5579235874338275
-0.31633232102645703 0.8122396578214619
0.4346489077483664
0.038895277530726566 -0.15502330738162645
2.043233617138821
-0.4394158493606012 -0.17800602272979463
1.7295701272449904
-0.2708005384959935 0.8023242593995038
2.7784959141098646
-0.2957878422728273 0.1538653512949813
1.9014525302446197
0.7686984934146995 0.5976167748368868
0.6539663262626165
-0.8783085092842775 -0.8023682186264027
4.379218775093368
0.6307643419075797 0.7766609148823488
4.892889672759672
0.7657799044331939 -0.626566547117873
2.9451998569493796
-0.09000267685111174 0.739895731570561
1.6029749848777035
---
65000
92
-0.42528580439602426 0.2488268700702857
0.6973466543436189
0.9235513305395197 0.21103785112723367
0.2878980122205794
0.5437546017298656 0.9335644243347564
4.332262316742413
0.6388985950707781 0.2661299139486352
4.446515824499204
0.3907406788710113 0.7843558886938798
6.226856711247138
-0.8400075556099766 -0.6085844796516557
4.961827371495372
0.16748741975671844 -0.10514572854590687
6.238824073740518
0.34497035412542326 0.40801980211694056
1.3455246615187741
0.10702155047296831 0.4885447951064063
5.133489253933761
-0.475507708818535 -0.7226956295146981
6.129462144405295
0.981024789838616 0.7615525683503965
4.276207349473711
---
66000
84
-0.0745974782877627 0.9757041596950513
1.0478064444471629
-0.1910561041625191 0.9449274306065163
0.5562366321365193
-0.7889859616123531 0.5228969588616262
0.8958556008426823
-0.9354700889176584 -0.08954888846860795
1.233944152754244
0.20203986611778652 0.7417721918466562
2.671578313830146
-0.26284142315531095 0.775098709022346
0.4728072774745673
0.8293646348651401 0.6993294548298071
3.181135531151493
-0.939763311139018 0.08268564346276884
3.9160880376224316
0.8601023142971371 0.1135216770280155
1.1214749086653608
0.5552476789508608 0.6209947162380071
2.8417289352600843
0.27490046734480256 -0.052114438135297765
4.981145646121381
---
67000
87
-0.012723650873861533 -0.7301857206776833
0.8922873802928414
-0.22350774547200972 -0.6506502269805691
2.7288171882468024
-0.8584945857004423 -0.6469111991742722
2.223180761626492
0.8450182843437848 0.8096165065598446
1.5125818650968341
-0.6243103026037915 0.5238579370799581
0.05136687384563121
-0.8828728914821432 0.7596768637000271
2.646757353253446
0.6434544548871247 -0.7799733716541307
2.134566924923682
0.5107343192945395 -0.4271051773690477
4.358168946948167
0.0946315053443609 -0.23885238367310804
2.548552722931537
0.6700529862524461 0.43890078343952754
1.7853958182694152
0.27906325385021247 -0.48392866884588526
5.866191722034516
---
68000
89
0.11580857502231577 -0.7575307209091828
0.26581794114519885
0.4821554918458504 0.23367596369972357
0.07315807327539936
0.055635821833980074 -0.9247554113902802
3.3679783137845183
0.4404227443052337 0.9321940170005877
5.675633005983539
-0.5653990340164406 0.18544521000475453
0.7229788110223812
-0.9485062230718974 -0.06765376592971672
0.12416749781894865
-0.8841897359710285 0.2565123418137877
1.110506670068495
0.677049459408625 0.7013352443291649
3.758686162512764
0.21928372046761693 -0.17664358267858601
2.525613575032218
-0.9745833998779221 0.0599731654271034
4.909739118898845
-0.15676369314790173 0.19644822760284816
1.983677798236605
---
69000
86
0.2729836096563712 -0.13724461055736048
2.5941075199105885
0.2831389742793237 -0.28320263750281255
2.1831837313752978
-0.8483221531072935 0.8171460076819481
6.1343850085929725
0.5497704261607095 -0.610423857287679
4.046651693885532
0.9700192605129914 -0.6517226150711734
3.099933713877797
-0.5188814461989296 -0.9636536095951764
3.1502078720665265
-0.6576985460063194 -0.3490977118889612
4.506323908770084
-0.9318780924210429 0.016620467712837598
0.032546190510479356
-0.4991013338075677 -0.3347546778424871
4.714434454690975
0.27138576344009846 0.06676276353942845
5.561454058936674
-0.8053684709613539 0.7566939010031689
1.2055953807391946
---
70000
94
-0.29501157021371 0.8648976693174893
5.6004567177257645
-0.2685570709565214 0.8486142403761101
3.845019969976808
-0.7988688257048179 0.2051103553664101
2.475418114676537
-0.9480318034752485 0.27813694697291313
2.1848337987945046
0.3099363983721129 -0.2835231443937472
3.4718168788171297
-0.9710173089754942 0.503063173547158
5.241563607799919
0.019045938972892414 -0.8300089175176403
0.06473244333825257
0.012296482806149242 -0.9800649500625751
2.104371653161767
-0.3598494899968426 0.09465494471198224
4.844828079986947
-0.110891944903616 0.04291497802755214
5.199275351730919
-0.640648602905891 -0.8483798393413455
0.26118047141755163
---
71000
87
-0.3207048821035786 0.6318659826186609
3.6292444881126587
-0.4724138751480978 0.6116010412438888
3.8784170666151967
0.34840919415578814 0.9150903447801059
3.1616552616567297
0.18314808527557336 0.7561497693570539
1.3885143486220795
0.30149151348637304 0.8506788047351249
0.5582357177569
0.5290677068060735 0.7356353061481988
1.3942287884188138
0.4692059484936827 0.850028425368481
6.200401864070951
-0.020724734715146922 0.9131543582151319
4.622822351076751
0.8495015837558013 0.48200787978032517
4.9924629595160175
-0.34630160972742646 0.35396309824629163
1.8641364735195127
-0.6008274139634104 0.5891421589226635
5.157199280397458
---
72000
82
-0.48745466244909846 -0.300616528959579
1.604989885016729
-0.6310792097454083 -0.10906433817855701
4.88948011147281
-0.5589140596251085 -0.3394997321921738
5.51575555235116
-0.9172867292080761 0.2337675942908738
5.746373766416468
0.7354273201632001 -0.8513043925625451
2.9830844828107814
0.3045567090338353 -0.5340907427206691
3.696537333543348
-0.7886325948145342 -0.7857907094525963
5.6502305420042775
0.8176217175001238 0.5053891060643105
1.8303847289658686
-0.5979742216947758 -0.9606141443595104
2.873619933087099
-0.27382764217400785 0.9145244621076877
4.924559289953282
0.08981904397617796 -0.81674208752612
5.306168930582113
---
73000
82
-0.7889192301525842 0.9730887244591364
5.146593998775932
-0.9164362450846689 0.9367221679066546
2.311032076342559
-0.5119711236145338 0.3204479792557501
5.67738944404537
-0.021849107927196854 0.5376027063311624
1.469860017467309
-0.01901864504979275 0.7610049565806692
4.159297469732571
-0.4682606995608355 -0.8064413493506191
5.8430795769908075
0.5882610498584688 0.903956177926301
5.618441192558175
-0.24304255466606453 0.6264975965586274
1.2663178590899644
-0.2561888513711892 0.6591815087741639
1.5612373955132197
-0.7974136087267273 -0.7067377262855881
0.2251852960988323
-0.8625823098552737 -0.8619659989589449
4.9043249278240895
---
74000
87
0.797624715880915 0.1441954942173609
5.19315128883559
-0.9921673209668428 0.3099904936282036
3.0636073488609155
-0.6042434858716903 0.17609643931741428
1.9017637426872112
0.9987064449293279 0.9229010924082841
4.791935378787546
0.467900794193422 0.49008277217221513
2.8536710005878962
-0.8053963917972435 0.439303190851425
0.0766645902061267
-0.9433834204023509 0.35040765648421157
4.788673306645346
0.04805856025268215 -0.6597215668180806
5.420779930801496
0.4566677195205666 0.4310361260244667
5.764880719009042
0.30810657003617536 0.7390408546785501
3.7148760376736645
0.9170197502549864 0.39309932274991705
1.2964645867051
---
75000
83
0.7555781669567342 0.5351084574056111
2.953152694663638
0.763176446891619 0.6227730146758413
2.929207042741308
-0.17676170822842388 -0.2385587106398072
0.5194498688513933
0.32097256491383247 0.8948427306350083
4.276138498631349
-0.2458612414354991 -0.41400841290714596
-0.013156733344440208
-0.31383294865661504 -0.43287563281620645
1.2018891978309805
-0.3046354134200531 -0.14762685722572041
3.5203264144672515
0.4766502312939056 -0.8715269810305144
4.20298954141519
-0.4579599360198356 0.18180418911887328
5.069688602624822
0.7310039203543302 0.5655673122711621
1.743521541214184
0.48424544280267146 0.2366225102273989
4.050395008557488
---
76000
83
0.8371657102610947 -0.9715924242112456
1.1989855451450948
0.8271339600041709 -0.8840771945347363
4.511312665852258
0.5879644971181117 0.22473371903611172
5.69335284908878
0.8481531577617143 0.821013633682473
3.0640439844741163
-0.15418411433974208 0.07520838147147611
5.5585941818427616
-0.5946120806648256 0.17591506979486263
0.11595889924437142
0.1134750296199854 -0.6912872644695268
0.859148841913159
-0.7194642505121153 0.7175128824921925
0.14631954790645896
0.42682375019340213 0.796171700030204
0.16123880258134804
0.10565211141698429 0.21686008627234749
5.196013047700408
0.21283424927017017 -0.5787004640281969
2.279104569476196
---
77000
92
0.43624221092480275 0.7422970516970195
0.6702052314259113
0.3267038207633957 0.8468886949228824
2.7043781375387326
0.6933036126531875 -0.8255968031390687
5.210545832944022
0.21376908932103295 0.8162698898980182
2.7623311673079822
0.4183492858515682 -0.7921782594928103
1.4030573120715495
0.5110871250144373 0.7299517373380648
3.6356066577763357
0.43905565801604757 0.6759424667523313
1.282968329534266
-0.044203706891270615 -0.7877880438383033
1.1726299006457168
0.6386846040322932 -0.90249033787159
3.768266988211927
0.39202552405646085 0.8506468758010561
2.445050450666381
0.14913406128479087 -0.6626206233921145
4.473543536074252
---
78000
86
0.8244513719783794 -0.11351606783881091
1.3511857213031035
0.5767244778396229 -0.0649281342545215
2.5476755042181356
0.7834525939832023 -0.20592672874325002
0.7258698738170954
-0.17375068614969671 0.3456363535784104
2.395104503351437
0.8156777620566471 -0.2435387908389555
0.16886933537964843
-0.06671965491160421 -0.8274857741420353
1.8209605865725296
0.9993543270618689 0.01490915497773105
0.8611970676508687
0.3469546359606144 -0.1281843019233702
2.9966991411753074
0.2925837936151099 -0.2774202128360507
4.657780508570156
0.2452482453855257 0.11638993704679901
1.7358987808481467
0.15194151982953769 0.8628000033909407
2.874425988457385
---
79000
88
-0.5431768869387009 0.3158306378356734
1.8696138721660673
-0.6805309777393002 0.028466424035353686
2.1144524255929413
-0.5696185512012373 0.04154819244550487
0.20713222472563952
0.3818414310969316 -0.2124546701016029
2.251673570903484
-0.4426476567247701 -0.33870426648582497
5.154262242414603
0.4892111138973898 -0.9497891177887997
2.6589264810089466
0.6285013770275509 0.8020898428470407
5.622949335191345
-0.692861061377656 -0.33452861658910654
4.263516143826806
0.7747698471459581 -0.8965693933414762
4.156186081449822
0.20690686353528326 -0.15280046111146883
5.970738371182711
-0.49989275561783825 -0.5794531401263766
1.5131775376189847
---
80000
81
0.08375382270939413 0.5296219997210687
0.07250758619314546
0.09818250172439781 0.791486650609085
2.800058157252831
-0.5440586874757543 -0.698853521065969
5.9965702092209625
0.2992645372156464 -0.7556321000287525
2.6729324289703174
-0.33758501588804435 0.05904272908026032
3.5598410268705676
0.9731249189298441 0.09144170353900337
4.317073266526391
-0.6714982324986202 -0.11721590433899283
0.04751803197066895
-0.5211197404393673 -0.26479869195744277
4.857949963315946
-0.4013690162912615 -0.28421888200169815
5.569956725178937
0.5197501280378087 -0.702343282150995
4.460312347883419
-0.5532141803645657 0.07382691796970291
4.458436763767919
---
81000
84
-0.6361877567720211 0.8181234197692964
3.334301658020597
-0.7004884098796017 0.9783329929103028
4.103642693580403
-0.7474717222675316 -0.7683772754528632
1.5083384788235419
-0.5692578541532216 -0.21706092602891586
5.334544547315741
0.053759942103152915 -0.8340367040728363
0.5055355621001629
-0.5021633662471607 -0.8806861556424243
4.423846775666663
-0.8849231711377459 -0.05127118676552958
0.7790512800790221
-0.38407011577801253 -0.9601007559427941
2.546697909525199
-0.5886065098029039 0.4785589504243947
4.279130686074547
-0.8689931860245654 0.05623797912025244
4.483725487016411
-0.40833217938107613 0.8522411717684153
2.0484073860912124
---
82000
78
-0.4891566253580179 -0.11444593930842802
4.8030608116640545
0.08331592968717577 0.4984603845566578
5.346838995019624
-0.46269331619381704 -0.6732873967764572
0.19986108227915445
-0.1562557111811305 -0.5558662255285555
1.988571263077744
-0.37128090405089115 0.9143858636170504
3.865006607389102
-0.5530523117818951 -0.5971676634340998
1.4558926064931121
0.4655801035452313 0.6432219266706727
1.7888378206878288
0.15828761959168686 0.3148592734930235
5.483358365165825
-0.39475486536401816 0.8196383591937542
4.7658175750171825
-0.8113324266942422 -0.8124986924301537
5.068013692135956
-0.20504258847136556 -0.6210497727979186
3.722551508315739
---
83000
69
0.24776484513161867 -0.5188894971675361
6.145595489451015
-0.7670925674698242 -0.22709546220295057
0.7091060367609758
-0.9407978005914359 -0.19577681183672513
0.76689992052364
-0.5921464840866177 -0.6839798391983943
2.105056131362841
-0.6349024855519397 -0.28589882500916663
3.5285163526405032
0.662452271896683 0.5048210582060444
2.649621306185635
-0.8478872845735811 -0.6905295593718598
5.001063645682353
-0.8215129122802372 0.473738865617592
4.219524494448264
-0.9647125481549232 -0.4457901635366877
4.697333068171628
0.8556810047897379 0.0026009596740847393
3.8890075371685473
0.7829684492038299 -0.10252804775596214
3.2884806314638384
---
84000
78
0.39090640650414027 -0.2117052327812785
1.9425972679305712
0.485193035686214 -0.18112278228230969
5.471661842859321
0.9731103592247228 -0.2876813320679998
3.1681940930549786
-0.30063090862623665 -0.4388122427068012
4.389244358186045
-0.6050149822591891 0.4364232124127248
0.21400545701346552
-0.1496476147256968 -0.7464837009269126
0.40868330742481973
-0.22596946659570702 -0.800511768540715
3.808534037132908
-0.06492055891105937 0.8077791300732686
2.9229032557614385
-0.3414585785489762 -0.3302168312253926
4.534466133252138
0.39816996450883624 -0.29660088967078924
1.8380818961203618
0.3948955195541806 -0.8309532078326611
4.566180326437027
---
85000
80
-0.6389190805106482 -0.756036140479887
4.075440787113269
-0.296312933594591 -0.026091623191955474
0.3180200882680513
0.2680803513758582 0.09073901957286523
2.810627346346825
-0.5023142481686342 0.3171459576009911
4.552249694337863
-0.7080263440296317 0.18857563442006736
1.2098303136060542
0.019705474121161293 0.4192648768530418
5.405916132168452
0.9074399227336345 -0.08133820257861035
0.9419577532454921
0.9661942079863792 0.35190891818965214
5.878899297309728
0.4152847587616064 0.904029417288593
2.2766103472919257
0.5412101061315634 0.5756736587873842
4.753156418626336
-0.37297453438796646 0.3940774529296842
5.4755300569477265
---
86000
94
-0.49228226373359746 -0.31313274609493225
0.3881314880498412
-0.40437085034549863 -0.4476668060628862
4.942658534947126
0.9384479658507654 -0.6272965745799812
4.173457232373834
-0.49933624949095057 0.517361823067708
5.439769744162167
0.660774663311659 -0.579468591790975
5.994730503926114
0.5947406043055113 0.14330480732773598
4.706005904254145
0.4619578686138126 -0.3996251553156962
3.040053576724824
0.6300373180590776 0.6596033934739121
2.413390717283905
-0.6053266294348457 0.42309343926557197
2.5841045581199875
-0.7108314713791946 0.06747924082275626
0.7627183879129626
-0.12175939425367384 -0.46538729088048714
3.546809905619247
---
87000
88
0.7000092872113892 -0.20614434219821046
5.199939662722374
0.6832596997571448 -0.2263922510847204
1.5048746216427968
-0.9726549002832213 -0.1320786122968951
3.917149979600043
-0.0938628672998003 -0.6498719251623649
4.36837516069958
0.1110965461865304 0.5556847640049722
1.7940431133301418
0.20359943528213004 0.14570616587777674
1.1952154219397304
-0.9194327617936092 -0.6030601871612947
1.6256335724848023
0.1181179224117408 0.7240277388298193
4.285692820817512
-0.33356098370382803 0.7767250847594479
4.674916916182026
-0.23335260842897282 0.9065265201751815
2.6299300719739778
-0.09801175603754333 -0.2454103648347112
4.123260726058643
---
88000
79
-0.22677623447914486 -0.8824009377839687
4.208873745952592
0.27499653409624764 -0.2952577371211874
2.98080889729125
-0.3563017086105333 0.6425672023755948
5.878826423862319
0.05811391647954407 0.8858254330789497
4.614763567089877
-0.43522671515991573 0.7906597715906737
1.0592837947318934
-0.031889296149737456 -0.9358522345983058
2.565554223321957
-0.9354066598284615 -0.4704507120674871
3.1415053235585884
-0.5393221687950458 -0.6690444144230275
3.7991392938288993
-0.4060274677842149 -0.8869469515279537
5.3982434817749345
-0.7824425637224546 -0.08925634138153539
2.1401807937910924
-0.8846238570326926 -0.5390324638269249
0.9847119084397162
---
89000
77
0.8907744121634019 0.3650680764726073
5.253490465749209
0.7128793111975857 0.483971459245298
6.054605048030935
-0.46488770437713567 -0.4730250601738992
4.645892123616713
-0.452889475772361 0.6346584237154471
3.134156800391354
-0.7310828935095224 -0.11796338356231652
5.909071148887303
-0.6274375091077219 -0.963684207224201
0.6209990705102486
0.321473578356149 -0.5589981096199462
2.86063164817981
-0.8667132872311075 -0.3859413791003073
5.05921983215308
0.9133004140162035 0.8957061676120068
5.253489765251975
0.2707898955417753 0.6090300687881233
2.876783047435251
0.9313263323275973 0.13568789524570324
2.1158007237432397
---
90000
85
0.1917941333856946 -0.21016895153956153
2.080735284363973
-0.23317313707628054 0.021982656234185285
4.069343034422797
-0.7675396513193018 -0.5498325792863569
3.8519926528717034
0.6637321402491775 -0.3898389414237402
0.4791149275610982
0.8317342394864055 0.19189576407019063
2.2420021173773783
0.8762401097145667 0.055097037927101813
3.535818723461044
-0.008219429266009583 0.2456587345581032
2.8533943165659714
-0.7298840721029608 -0.4297145474292422
4.78913005976381
0.9654996788816894 -0.753681334324484
3.2563443885628818
-0.8582082459632598 -0.07154622774457381
3.893682242687391
0.7151679125798331 -0.5483657975088212
2.6842622679694816
---
91000
71
-0.9980079577002497 -0.5184243511710174
5.430004091824481
-0.8924734205228666 -0.5110384818215575
3.9477317394656586
0.4081913194802641 -0.15251644042314733
0.12518957952765764
-0.14350244574531926 -0.2777209873295292
0.641889869890635
0.3876288981064971 0.35566162009930774
1.3283676392693957
-0.005221807461223846 0.37015693647654285
6.043745818659032
-0.18529569492135234 -0.1832859492385741
0.09073447802471435
-0.7507757711036186 0.15035783983113957
5.325959217730787
0.8216528269450482 0.8678551651742712
5.272205119930224
0.5081135400529975 -0.5405874850630964
3.5863359304079854
-0.14780402511696206 0.19340312933145812
3.274021072240224
---
92000
86
-0.599725752225147 -0.9682729543715677
4.751613729277867
-0.8472229414321154 -0.9303088397075625
4.058570372693103
-0.48032008995656755 0.056431523129467066
1.6907397152073165
-0.26339396115940295 -0.35984137762833696
1.3384366563934968
0.3663323743692636 0.09699627139832323
1.6426033774381867
-0.13094194744878968 -0.7910389300971168
4.296359095478414
0.5997692137240223 -0.47124024772615675
5.684289446126668
0.5700590788049311 0.3148431821861356
1.3997549857120455
-0.1650396137677657 0.047742461931388716
1.3915442322051699
0.6443164301870835 -0.9683451375832555
0.19633580627553004
0.7828957924196681 -0.8581609763860417
1.068263511185913
---
93000
84
0.37047172250545835 -0.002016553433618822
5.188750582942407
0.40355779496163324 -0.006772242970268114
1.5006859855137789
-0.3293165357755664 0.16989350887925525
2.6695833980533132
-0.5919378396807162 -0.6146750862864248
2.546533023880273
-0.22799503535497417 0.5479144112979899
3.8863282799794288
-0.9264365658850928 -0.7559554824654562
5.691841476896351
-0.4270823944675191 -0.2174195288333681
1.224819513673804
0.26121109038091656 -0.3778023003629993
3.335459466165556
0.8150716245062872 -0.15440241284677797
2.19230341571377
-0.7377801522595574 -0.6416478954815755
4.451025413180346
0.7595357088092836 -0.07373421983589074
1.4975832557202917
---
94000
79
-0.6106569406838243 0.7607257633732978
2.891766309286461
-0.5583810658004518 0.6946805968648979
0.1948168244374786
-0.3811799565789286 0.699182661692939
5.873401818395074
-0.575213716986529 0.7144202709025411
0.9603430936599482
-0.9319590626209463 -0.6692839205393386
4.595889626078051
-0.19279737343971437 0.44806346772941474
5.7346199060528615
0.9075745138750948 0.846118117938955
4.3648083092661105
-0.599034084332672 -0.3973900557158454
-0.4654667414632227
-0.4138651496618753 0.8542925202827663
0.6082772179739377
-0.9423786671660525 0.7527661422398074
1.6452890210931326
0.28063887396658055 0.3798197544501464
2.266337385016781
---
95000
78
0.9465321452885463 -0.35189215789142375
5.170912265100786
0.9724932819420995 -0.4063859484571335
2.7961139100298498
-0.8550403265028824 -0.818361498572685
-0.07614091959661033
0.7062696273003881 -0.37021238747430346
0.34677543131569344
0.058451039993688406 0.6692793564372841
0.46261737099581346
0.8039954252364997 -0.3640288536414053
2.9614352933772654
-0.9175601476584219 -0.8581891580076021
0.026901398839830115
-0.5472007565599144 -0.13058916518112426
6.166077632107034
0.07702544499852994 -0.5011392034352706
3.83847505931593
0.3330050383841896 -0.28032500408321787
4.261803639925889
0.7986043691513407 -0.8851340564108074
1.351963361072495
---
96000
82
0.3324492949227923 0.17052106633363331
3.2598739038061986
0.35378606795301687 0.17005094719964828
5.132587894122731
0.054470051207829655 -0.3779726402473687
1.4546902325887965
-0.7798897671036226 -0.4329457941440695
2.603429147706036
-0.5604823715091255 -0.5528538950756324
1.1511858094896485
-0.043791681054100785 0.24583843089849605
4.367564703022924
0.09472453826542204 0.21213759314942468
4.94686780678327
-0.6789011764327391 0.785392150543801
5.012948451928262
-0.9974450929591518 -0.8632176127383764
2.7865026913581934
0.7016589940061652 0.7729834763627691
0.5107088548268699
-0.6623458888550366 0.8399256702084421
4.753424142935126
---
97000
89
-0.999640023093663 0.7423579703883879
0.6414613059533449
0.9224574705165128 0.7271822769012339
2.2062449705564697
-0.8657536549832154 -0.09079914459133309
4.651727235863154
-0.9789001454277924 -0.42072603751893023
3.453930065122373
-0.6733145293468444 0.0725892410064603
4.928027388103948
-0.06790800110849843 -0.4644462411753548
0.3428294503879825
0.3956394758360289 0.6215192900417866
2.839835029244947
0.8508246386155074 0.7112432148753511
2.8350077228050443
-0.396268078881343 0.8117170469185551
0.9386000199733431
0.9184326321617448 0.9207270438287588
1.9916358550037323
-0.6468119327143009 0.05123603509486901
3.065475292655254
---
98000
91
0.9309192990166711 0.1972772708977064
4.8544800484205455
0.8521881090313352 0.5566428002126398
5.713955926308195
-0.3114846005823059 0.7412671341122758
5.832752111152219
-0.04396673691461627 0.4381242832121961
6.137036818040851
0.31675834426606264 0.6406726417590229
0.8270325598430004
-0.7631269956759661 -0.8379808359487086
4.360748629346899
0.1849995567628584 -0.45134638581972564
1.169777107284907
-0.08466757618868424 0.797910816505717
1.0698996517987727
0.451143535326054 0.5084220567946554
6.104427895357446
-0.6390123027672353 -0.6516783141377548
5.0229520606458005
0.7041010363085097 0.423705240514072
2.8945924258667315
---
99000
89
-0.9539310545470383 0.1017522477902347
2.110920862611943
0.9845339457292057 0.258159817036804
4.961281907242075
0.8674970942376659 0.671200375098556
1.6993802066661932
0.8444403125076028 -0.44688302101070243
1.9996883699913903
0.8704240924542502 0.07509641944408602
4.5276256399976065
0.4671051551624874 0.7317649071057652
5.121930514904647
0.7564142165181269 0.9020507031910578
1.2421134769810305
-0.7442952827439764 0.13432418690900116
5.129220556736477
0.6643790600362243 0.49535120819747613
1.0097030777252742
0.8070100243210542 0.399975481273922
5.408112479766144
0.6248160993504531 0.7367053894045791
0.8455633057679934
---
