100
{'run_name': '2D_rec_10_total_boids_slower_short_chase', 'annealing': True, 'annealing_start': 0.2, 'annealing_end': 0.002, 'nr_observed_agents': 5, 'nr_of_boids': 9, 'predator_present': True, 'grouped_spawn': False, 'predator_halting': False, 'record_keeping': True, 'record_frequency': 1000, 'exp_folder_name': 'big network 5 observed', 'boid_speed': 0.0283, 'boid_color': (0.8, 0.8, 0.8, 1), 'boid_turning_speed': 1.5707963267948966, 'predator_speed': 0.0333, 'predator_speed_slow': 0.0333, 'predator_speed_fast': 0.0533, 'predator_lunging': False, 'predator_lunge_speed': 0.013, 'predator_lunge_distance': 0.1, 'predator_turning_speed': 0.7853981633974483, 'predator_color': (0.8, 0.2, 0.2, 1), 'predator_confusion': True, 'predator_confusion_distance': 0.4, 'predator_confusion_threshold': 2, 'predator_chase_time': 10, 'predator_halt_time': 0, 'predator_eating_distance': 0.06666, 'height': 800, 'width': 800, 'graphics': True}
tick
boids eaten
predator position
predator rotation
agent positions (and)
agent rotations (interleaved)
----
0
90
0.747895086019067 0.7305478497812695
2.0879564851658303
0.6748933614258208 0.7850604374386632
0.6043304665442308
-0.31842689746906316 -0.5208042733853983
2.3603689579573905
-0.6706957109564381 0.6480173401002759
3.4862891283864323
0.2049312414282441 -0.02720571176649989
2.54850563726648
0.22777729222313817 -0.9519808250853993
5.714752091239052
-0.6192261636331003 -0.5493320878570211
5.231089980028388
0.10067273784821901 0.7095166629630586
4.1056573059645025
0.09227107788534038 -0.5692795055969462
1.397981002957859
0.41740817290787957 -0.7188849990063343
5.578336677450217
0.8516102068095376 -0.40541065867133996
1.2425363113958618
---
1000
86
0.8643245099001186 -0.41413161700341516
3.822762469161776
0.8983612649293091 -0.42274728678057966
2.6490062167168587
-0.4403972292216438 0.5927548472798851
2.7540933095919913
-0.8210973201112585 -0.6803804253138968
5.828014287991582
-0.4722438580841532 0.4111800013403721
0.02976309146945244
-0.21441352799638905 0.09534887707008513
4.229020392375813
-0.843936958785425 0.9552808525527304
0.002925739508857994
-0.06612215516950742 0.7170879856262847
5.878928308534097
-0.7628934907271576 0.41678086361089733
2.6604214606639065
0.9290354806285729 0.9291511541777158
3.230284248399541
0.5171675123948024 -0.9483297825553239
0.7504408120342676
---
2000
88
-0.08348761002702049 -0.049906545662473524
3.046820676803172
-0.15649117395186676 -0.04077568060007763
6.123433011027425
0.25599244570778906 0.08397698208635204
5.857108163940204
0.03561602578156037 0.8545072424519831
6.0584914240573955
0.6102126603970907 0.8356082559425614
0.44977084857551475
-0.7724534370483304 0.9209567671696988
2.551340876287071
-0.26239485458387923 0.5955325527600503
1.8918952679300025
0.24856997120607405 0.17270612161018126
1.792426269975632
0.43870482551645973 0.7968529979775532
0.6469672182527111
-0.5805867442809501 0.0036244584877411223
4.083695850325112
-0.7713008499536347 0.37357421674052343
4.658095862101725
---
3000
83
0.2661662741023381 0.8766816641459817
1.0204565064515396
0.2894196455106438 0.8278755166557855
3.522761187965603
0.4216813894059999 0.9987592795278568
4.684030095566925
-0.2670356358708484 -0.6881319055056939
6.249149349361189
-0.4600690680737063 -0.9493577354668291
4.262078451845071
0.3599319016295339 0.41113163788546286
2.9889369514812145
-0.3777772099996609 -0.9735482585329728
3.8686186391536044
-0.22920241359354263 -0.28388444159985204
0.25347025530282696
-0.14238746660927254 -0.743783439823179
0.4713973496839383
-0.4505720174512177 -0.45794205042356256
4.65325498649348
0.6728229972372997 0.07791538381030326
3.368403608092266
---
4000
89
0.21168022057598948 -0.4623802208014913
4.0752791596753095
0.3014688782927337 -0.3577610729093956
3.969361064328724
-0.3155672604024671 0.5767514727208773
5.036412599456817
-0.10695495097116103 -0.1764964614103614
3.042238581830551
-0.9352390622090816 0.8942223843730853
0.6953201657310952
0.8471526744190594 0.6416954359855456
0.1477891055446856
0.8128662933738958 -0.8737764927847468
5.977145572313469
0.01721314428919623 0.8990436170231046
0.6414087714501582
-0.14094809596450483 -0.7044818789236258
4.564707163845607
0.6703384440056431 0.5716381572329183
2.78739669868225
-0.18668046093568472 -0.06619061192113072
2.8569701045068205
---
5000
78
-0.18892501267998055 -0.5401896417865625
1.025767791928502
-0.2606154436685125 -0.8738030088799726
5.443026292993934
-0.34472553198375194 -0.6076821298578561
5.382260897079676
0.3831734780294658 0.512773155950921
2.2391049162687793
-0.028365820538838765 0.06166689530796199
1.4393830178977645
0.5783867408486668 0.44820995508387623
2.626358167505368
-0.5317883623555392 -0.3743160659902418
4.011958775323082
-0.018380495019148527 0.6140349105001973
4.626462521028168
0.9718898824293486 0.10771945976486848
6.091055350683632
0.9036543425103731 -0.4503784440661369
1.6857062702643733
-0.6332180549171016 -0.2835458915648044
3.2972060039068714
---
6000
80
0.5667398127818871 0.807298504318993
1.991007436187474
0.16823585345595302 0.24792616138166726
2.928615326248357
0.3691427966535338 -0.3801433668938477
2.200744065951639
0.7763437469523609 0.2493144530760985
1.2157583810651227
0.5657478464390499 -0.3088004105493453
0.5042042611721076
-0.11611145357231123 -0.4948358130727532
0.3255727799040189
0.5431437828884683 -0.5784027154486466
5.085814469730703
0.08646239024906012 -0.05628099276181797
4.496636869938227
0.13307675465330543 0.8051397154265822
4.594144938477447
-0.10388008615868914 0.33071251918866257
3.3491832271445086
0.19301364046318875 0.107525359341769
2.2855163790945783
---
7000
89
-0.28708723453065993 -0.06311937074297679
2.196677427276432
-0.20985652073046338 0.443893708633925
1.7924737805232533
0.6624711744626993 0.30559172692130765
1.7778033656775003
-0.8857243646098246 0.054866749601776454
1.8514982616445232
-0.9122028501874893 -0.2022900135741498
4.234556848519233
-0.647323973610879 -0.1722019904436333
0.3389153855109468
0.8980543188748985 0.9882979032103367
5.072635381483261
0.3053234955291611 0.030463971625584278
3.513138630724434
0.6746245144517636 -0.1756207555986391
5.147703916219455
-0.5032938341437664 0.8229514911818138
0.6087299938175006
0.5595288097974829 -0.2679584026775028
2.663793977050041
---
8000
91
0.62337277956366 0.27936174480657583
4.698254003594189
0.6365100361280049 0.35135375793590395
3.998744842532094
-0.25509595130351453 0.36039196207526336
2.1908907513672844
0.052399937266190036 0.0849842021828533
2.643122975224186
-0.35186770952745683 -0.5864966265175797
0.7772579568300992
-0.6939323788051359 -0.45704781507356534
4.232370925953529
0.9401083796482193 -0.8723314946039156
3.879291974021525
0.3466207600978095 0.4239826152677147
3.286592745563226
0.7480675244658885 -0.3195028384066694
4.629669516522029
0.8635285259137395 -0.5938147571749623
4.5036282098820255
-0.7662242553874719 -0.03691845282889024
0.05732629448294624
---
9000
82
0.8357413024301881 -0.8026376233359818
5.739532106261613
-0.7855698036881669 -0.7192966855244877
3.5585754356435784
0.3267616095194323 -0.48297306938326545
0.7714561863060068
-0.938667679842233 -0.4085940137794016
0.06813375483245654
-0.4726463464164343 -0.608600484553936
3.8169312709047825
0.7033435727101316 0.5492096349676278
1.1923128906807285
0.813980787091752 -0.9488195020515763
1.8158041628016193
-0.37483929360240664 -0.8027786694103944
3.0783449030279373
-0.9999053984481479 -0.16458101855514784
3.655871631612589
0.542211923375859 -0.6279666316720669
0.844983170084121
-0.36009306217021064 -0.5072349289078403
1.7833799154297818
---
10000
83
0.3826860457002507 -0.8621178835951763
1.4481484879220357
0.44162602190831707 -0.8456201846504069
2.3719203914400326
-0.8748758884376926 -0.287781116092585
5.534695077567343
0.6477052244804844 -0.8318385440514015
1.4533072689709812
0.637387209930305 0.8481565994770912
1.8563905273028203
-0.8885645082781705 -0.7671907339425709
4.899296675181556
0.9747015086285467 0.26526146222120184
1.7210086543873926
0.04729838315538675 0.9594018666385672
2.094857729187929
0.010381808289729705 0.4877978065320091
0.6818938858533583
-0.948496796967027 0.6036799818762552
2.904695152144824
0.014127525892442434 0.30890180291298924
2.169965216999139
---
11000
80
0.9718679030052446 0.705718748479103
2.7708311089981272
0.5763295147467783 0.573171936834854
1.205848230266767
0.5761020538352332 0.6509713482886882
0.3080811339461951
0.6302502861428505 0.010382272561134293
5.327954123725131
-0.9036537124172984 -0.8986762163932741
1.0789953079649957
-0.14627721325233942 -0.655815696747397
4.1733034369412465
-0.24077470132218137 0.596147524067088
4.113132036926079
-0.8429265613917188 0.018064656917458358
0.5697072947220745
0.013294363826979724 0.7272837605811199
0.6526398755498635
-0.08158806731008576 0.7654202742417209
5.005105352975644
0.3690507588897976 -0.278177408863594
3.707680096779237
---
12000
79
-0.40380657683224774 0.9627242928028584
3.7995505935896365
-0.4018280452729528 -0.9672562248776795
3.492132219581931
0.6646802143411125 -0.9612780507270704
5.628126763980696
0.11645518831304928 -0.9836477575661805
4.645885581171357
0.48022124914368514 0.49875196282115486
5.9670642248592465
0.7207919698188332 -0.9956610184938997
4.501499523039776
0.9623727983341478 -0.12591147466487584
5.06064777224055
-0.8622338359757729 0.35868568985600563
4.2389317920054514
-0.45940442876450566 -0.8461408932034333
1.6614484597316332
0.07489915681408857 -0.46662265968427497
0.6046317729244342
0.3555292567959065 -0.9242209588420629
6.265425179265203
---
13000
87
0.9597267897775313 -0.9287336802427454
1.5794652929371407
-0.9482895520048318 -0.8433712317699286
5.689719374556165
-0.8815786308995475 0.07110111121375046
2.4139462262959404
-0.29806994868282677 -0.491062771038927
3.2674424484887252
0.019432246325429593 -0.9823497340259225
5.9545378583010145
0.842261291821953 0.7080364509108906
2.8270115980281005
0.979329276959757 0.5456256220669208
1.899172451126252
0.5640952481979566 -0.7727167568702623
1.2145798980822429
-0.9558282718908163 -0.9170420447734711
3.043846661463321
-0.4694544025439201 0.31715963805071234
0.33059402191435794
-0.4878554612416172 0.8655351247892192
5.900085963352534
---
14000
85
-0.17661600636719832 0.7761115830363188
0.02067916718450813
-0.14696837391625153 0.7768235573375486
0.028088829051579722
0.7483094627504903 -0.8487183136956189
0.687337799638664
0.9864246849266921 -0.6254344900871303
1.75326625764224
-0.9099030193649097 -0.9827312320852715
2.249013484156718
0.9260243588329617 -0.9716672185380617
6.109970265691652
0.4671992317583207 -0.8119006733895997
3.534332671210173
0.5891788705292236 0.6152039087884492
6.212066308229007
0.20942678247806276 -0.194009108018479
6.213516992840206
0.4865939051348296 -0.9069008776548834
6.12565633068164
0.6595557375981708 -0.9689699398686971
2.869316232138341
---
15000
79
-0.7390650320142093 0.762547981856115
4.953134392722069
-0.7089092140750839 0.7534942697331377
2.1078009800285313
-0.6985085257991019 0.35579860566453925
-2.694328395711371
-0.8645413517777496 -0.5109774213038697
0.011570467070288082
-0.5181518498994921 0.9711870288296515
1.9310347713547955
0.17058607674811974 -0.5916688789962121
0.11857984027079826
-0.5243314129791307 0.39998942062276643
5.497533114175897
-0.9248310063070425 -0.1992117113148662
5.000140139915651
0.9328424513877295 0.7036892346198957
2.8223811425014116
0.45586088698177835 -0.7987266805610136
2.1463249862939744
-0.9645691387705818 -0.6803865273312979
2.918579599031828
---
16000
84
-0.331007295243817 -0.5369125079396937
0.9171737930770301
-0.3937082579432116 -0.8034348363416546
1.0973834484577312
-0.4344969248964433 -0.24878252087984928
2.474774497783322
-0.6484903235882756 0.8525632974056335
5.0537800568721725
0.9839609897309624 -0.9794832321137901
1.6645525773303351
-0.8204741554488628 -0.11129385008054296
2.683991707648466
0.8854308498573922 -0.43239723088118925
1.5438778230299386
-0.6503484278709772 -0.0392692210806704
3.2443819637753535
0.5870525105896599 -0.872072982422048
1.2318210859927081
-0.4493220399078412 -0.9883769906680793
4.395501101637541
-0.5858476072677298 -0.03292721949454233
0.5741367409626541
---
17000
79
-0.19951664345187514 -0.3576437820081822
2.9877844900860207
0.061897632222664346 0.5761166297141208
4.557470078896902
0.3550723957108466 -0.24596795299494906
5.53593543793269
-0.10192073906146092 -0.10811323291221714
0.3098386501955761
-0.4559811363082517 0.39972439015880856
2.8556745272865163
0.10083417908466195 -0.6591306122378727
4.27909763213437
-0.9155207942249707 -0.5347436080439163
4.700623600259687
0.9005968978814504 0.18260816737732272
0.3019082360903962
-0.9859463527515666 0.49912344813391707
2.045026148555986
0.8513999965802957 -0.7633015027774175
6.178264270797707
-0.911501890268458 0.8431880705953967
3.3089418871492553
---
18000
83
0.23000510724697495 0.507737976050405
3.1590801466739515
0.30692076391602363 0.7848814881706491
1.5092196609271475
-0.02705017178172528 0.7800726727552114
3.748894530146943
-0.3346329446790766 0.9083729097974775
1.1975792274017096
0.12100473845016989 0.6509934423121858
2.3429360899343292
-0.9545269072884333 0.8000986213003759
5.145791994835961
-0.702857679959519 0.7336640300383767
2.3178901236913685
-0.1943426786596366 -0.08583778285445541
3.028418410625882
-0.503008430738496 0.0866367858348501
4.9264086806758
-0.8099387604332227 0.8399022629851147
4.606165812950135
0.5573596159066855 -0.9145439096459522
1.3328692793291177
---
19000
81
-0.9507215897155692 0.5363039936102999
6.149910789919829
-0.9440808041248516 0.5674504212524811
5.123499665394022
-0.9109249424736264 0.15003861529657075
1.9866204781888692
0.8846130909559755 0.31167331544843907
4.453792537160037
0.06555968169544614 -0.5301407473821671
0.23105533294762992
0.9408853808554206 -0.1566003598481313
3.490438171940901
0.509176281406472 -0.3564377184106754
0.1278764360549136
0.47355293561549144 0.8306523714783416
1.7454866512822154
0.8318755795460607 0.925421768485131
0.6501364702124937
-0.3986116658270066 -0.9668035015823714
1.8971297377672247
0.5073861513694352 0.5104453259939589
1.5792665507351114
---
20000
83
0.520037403195062 -0.1205437780748867
3.430890554576608
0.7405753831419198 -0.4658049745246448
0.45734789183974645
-0.8927366038188891 -0.7010585216267343
4.044633219690929
-0.916900105222322 0.9844329834479346
5.191904454648381
-0.7114357868098287 0.8092911902509282
5.941709792056919
-0.47752377358557174 0.8748109605274066
4.448852535264388
0.14108769371139687 -0.2847896910798968
4.77499828278726
0.1954828889614445 0.5610855060240525
5.709659748990419
0.08050785583876838 -0.729019153111173
4.589738327822098
0.8160077200075735 -0.15971642203273892
2.525171411960782
-0.025313163938992495 0.8412113739306163
1.9793569142750425
---
21000
85
-0.6038070997157078 -0.005013614378647224
0.8022335743968386
-0.5330388762378723 -0.08612929115897933
0.7905571636571009
0.8698843732152546 0.33771561802212036
3.9355492917748647
-0.9020356188599679 0.9419957754528601
5.401290288598314
0.17128657434877778 0.28577883519012753
0.31462167260742024
-0.6631948064326785 0.5571570485254088
1.5025861374760963
0.1727013601272371 -0.8824688488889364
1.5630571388441226
0.2628129655923777 0.7185106863821706
0.1574715736506329
-0.5396498133005674 -0.14691996972645627
4.777518068409432
0.5945648422848102 0.7412152261185005
4.055253681417262
-0.9139940143196084 -0.5807894819303221
6.206545733931673
---
22000
82
0.054212068752311826 -0.8006863823308489
0.21164431075152418
0.02287173813271629 -0.8366222343093027
3.435248028029596
0.13408377132734314 -0.4621589399618218
0.5121080669230258
-0.7770526516060277 0.2663633810385671
5.452106543192337
-0.2117722370252897 0.0887040840443407
3.3723383489399756
0.3148899253861703 0.9746195253762148
3.9347992554741547
0.2322199927085175 0.1572343946888262
2.682873463940541
0.970776749565077 0.39503965786462775
1.7656538647904263
0.5739141280243277 0.02816295184653663
2.4428875441914757
-0.03190292410354271 0.023412307150908883
5.13724124740356
0.07934081166369743 -0.31300048783041373
1.354782529605428
---
23000
90
-0.5736965163443781 0.4874507766224472
4.9787815572749805
-0.5947305340613075 0.4110705175686624
5.648312571926388
0.09369000579846537 -0.941243697672254
3.4236838059123462
0.3949803054292776 0.15806203735361152
3.998585255887967
0.8982432045208527 -0.3086341407934767
0.08613795899749022
0.14965761333552988 0.3781868030416544
4.572705131134498
0.5210979878216919 -0.2392586651132155
4.289646087391235
0.11369216661796772 -0.5118582818015566
2.5268917842245076
0.31220075535115693 0.11173284865312492
2.3255851509807517
-0.010925009790114053 -0.825096051097257
1.3714992476632029
-0.19615292170817367 -0.3733400914251146
2.041574108616822
---
24000
82
0.44403473437398233 -0.8496602037680593
0.41101675868819687
0.5909725588223841 -0.3982077844553242
2.9434504152513696
0.004461073466917393 0.7412182286298737
1.9749213266723364
0.5415367201736022 0.8742295863638017
5.951424127681422
0.7569119543871025 -0.353800358690967
6.21386109947295
0.6813380603485742 0.3936857111264879
2.9614514667401615
0.9037246567950764 -0.8901875929772577
2.463152667011074
0.8995387158248701 -0.4160470241973014
3.1473996680727483
0.13228197077117448 -0.09343431531114907
2.275882158483186
0.3408822936367827 0.07573648788873627
0.8401831792147378
0.2982786257815279 -0.525969295170832
5.707941454606607
---
25000
80
-0.05123631631931477 -0.6283005894022119
5.769444213660275
0.009822877271720272 -0.6127851761748049
0.34853187029748245
-0.5895198012769098 -0.11785734662920769
3.8476817145348896
0.5506255928993089 -0.3900523890384959
3.9036485949769544
0.07085062555904999 0.8153273704171179
0.15919330694959832
0.5663560921221711 -0.8170767008478561
4.313167586996978
0.46915818822804095 -0.5976459997375193
4.285559394548189
-0.3133743972021761 -0.764321460678811
4.645514234852297
0.9646050203218273 -0.9086625735557913
5.4526568494621825
0.860574002078803 -0.8227195004633362
3.596322018314133
0.11460981298223549 0.234934125803075
0.36537810020174355
---
26000
83
0.48402860721977575 0.4216100897754588
4.259928206770162
0.37054716909755375 0.04530439543443903
4.56057776269745
0.822656914925127 0.8034449795454466
0.9519438706600978
-0.9219213522729268 0.7381659308027793
4.45289230017052
0.9379346535885996 0.9020388191295506
0.6819511253870614
-0.3892158382307853 -0.1166059390203602
3.1308959932803706
0.9256869399452491 0.9118420691661817
1.7219257736484987
0.5605707014721864 -0.19659926685651005
5.458981440540736
0.6452914657785163 -0.14718861064400754
2.951355987418152
0.059847468567003924 -0.13353444177259113
5.698325855317315
-0.7256869837320122 -0.19112846002780928
5.209952207373642
---
27000
83
0.6702341963640589 -0.5096735178443347
2.318431007584249
0.6596856526034591 -0.6356508613818432
4.021397070115724
0.7976420102187297 0.5614163880354629
2.6847900078592826
0.9128407206832252 0.4550275745556687
3.165430346617465
0.07748325011706435 0.5937722427941361
0.8236593157480714
0.943834015967187 0.47962178821654006
1.643446706553731
0.7266390566052672 0.5102279579268806
0.017679755839332678
0.9284039758726242 0.5542226402637923
3.7514700211414382
0.9058450170530827 0.5036520743178192
5.734521110637555
0.72220666358204 -0.2055736690618079
1.3321898461165205
-0.9795388519045207 0.2591832983190748
4.430400796719175
---
28000
82
0.007046824712034015 -0.23927929302631587
1.9431089489612512
-0.026491010556776697 -0.09908184809165584
6.028893208088508
0.28539828170121473 0.0007606048741861798
5.781603935962545
-0.3467609941348998 -0.5257218284508612
1.4018284162324566
0.8444878559316374 -0.8688253211434371
0.5176973791216524
-0.07749907353086752 -0.8641544378498619
2.3456826707544547
0.4406365728216275 -0.7259420831021346
1.6013920482107409
0.47605713353305884 -0.2959761025713958
2.7683053661381196
-0.24204386627804145 0.13872626865773913
1.4473007815309318
0.5788035560740508 0.8672122640468806
0.6155928089165563
-0.6328318991875557 -0.42573313424995324
3.9698410744667934
---
29000
83
0.7902861131099899 0.047157017785880107
4.037859882358298
0.7560351624729083 0.23015071347672234
5.950690867580023
0.659430077974778 0.7487729509707945
0.06382792348275768
0.10538700152380963 -0.7874390271242494
4.666232788138489
0.6389226129082195 0.9420481304428608
2.4939258415951038
0.9989768581895715 0.3262466462561342
2.7207357952081805
0.9796255879159311 0.41695940214397453
5.507342520337388
0.9087689032006336 0.6995110404346454
0.8487342224453416
-0.26577947058681267 0.012642082423425016
2.549755627719369
-0.27398247095529005 -0.529572751839196
1.8797501879215694
0.2412073601227061 0.18120232027904845
2.0501383793205323
---
30000
85
-0.3057638019169701 0.8700994859316968
5.218675656765014
-0.24222430620373125 0.436901068935701
2.7911473907732747
-0.6402041970555064 0.4686812893115092
3.9943212305064213
-0.9591818780769307 0.0822317923440935
5.115970207455847
-0.6296924013668943 0.8105784029546922
3.7532732122624335
0.4261781632758459 0.7007469381342415
3.0749951038730137
0.7388548754066625 0.8085982693902092
0.2531654097261571
-0.4603848202992343 0.3904953564745018
6.24115598992791
0.7854589273939078 0.4861089473532084
3.530692720909766
0.8000998084012492 0.8004440322146801
0.9728327155660939
0.9025362037996336 0.8252139136838672
2.608745118431851
---
31000
84
0.5306644055755336 0.664893913922547
0.8352092689920867
0.3386551001734879 0.7678284051936297
3.880577615816266
-0.29355328314468737 0.5345176943137854
2.7144773085880365
-0.9802447539490544 -0.8937160943152065
3.2742195712066247
0.9534534622567757 -0.3710558204688409
0.5982391764520205
0.7589301862122466 -0.1002820385008795
2.224400678228484
-0.9700529908655069 -0.9151664079301112
2.2970162264542093
-0.6071607788297151 0.9055049852295063
6.013987153792248
-0.405542499640464 -0.10058825692248657
1.3821337687626034
0.5887896211874984 -0.3434284418205633
3.0582232398740796
-0.23341818735872558 0.5524726487878585
2.41865235140924
---
32000
83
-0.42307903341866865 -0.7056105882596436
2.123832742821666
-0.3431845347420959 -0.5637216241308974
1.7107576975363274
0.9194389677415303 -0.6604593032730584
5.900938756200491
-0.5519496797962811 0.8297716534316352
4.155898851165988
-0.7396510000092632 0.6305122960519719
0.6998068998840514
-0.8827544008941083 -0.21661735791600586
3.8557508736922204
-0.09416402950050096 0.3056273340184345
5.542061116932724
-0.06449918715185805 -0.9350183042342525
3.482960681463723
-0.5193415572678476 0.3903948415168485
2.2170687075330724
0.7360704030075524 -0.6748522536850353
4.873466915049872
-0.6602005108231734 0.10757382361665185
5.531048634873117
---
33000
72
-0.3058497117248775 0.3852862734158089
1.1618363552260373
0.028995921539074005 0.7589791058064841
2.936886778185505
-0.1371931034556429 -0.36077613582824397
5.863549125978028
-0.5648966846842591 -0.6802455970056676
3.3117207665253776
-0.824173488085202 -0.26363693197693683
2.375635758514495
0.4059278602808055 0.0978723265271966
4.949169906339957
-0.9403483327628565 -0.8983778169641499
5.476602880796797
0.2193594537450138 -0.8876311371690254
0.8613242278451789
-0.23326094779577233 -0.1558562134735792
2.7390349620058165
-0.7636524141791589 0.7860244556164573
1.1063271744607843
-0.016576048825449555 0.23821440705532074
1.2868797074613023
---
34000
76
-0.8963559932441817 -0.2636182721619904
4.756553043897528
-0.9523335402917921 -0.1843641494095576
1.7629274193434927
0.9287907582317493 -0.8501118733293104
4.636926627338944
-0.5879073110141801 0.034134043116226934
5.99898038147192
0.44038350257209236 -0.6942971134982804
3.1430826614802285
0.199806616830987 -0.5640091839503842
1.1719339069239716
-0.6095663061920947 0.40908504192881323
6.021000989422096
0.6000995411860433 -0.458011541291001
1.6776245870396487
-0.23807829742522163 -0.4804559242069247
6.1321191241203685
0.9294677342362864 0.7751883890616423
1.9489928388985405
-0.9478290954629606 0.19099094764035315
1.5114668439739152
---
35000
86
-0.5057472765515965 0.9779753416927259
1.409931505999544
-0.6902055472291568 -0.8600176519327515
5.789643882435241
0.9892070797578207 0.8844748612086522
1.82465984011125
0.5133615619207805 -0.8581203246724077
0.597431766669497
-0.721931761331262 -0.8966323457521175
5.1637877275233794
0.4548530041362968 0.8327581783225714
1.4510336580935723
-0.22685498340579074 0.6456013650244143
0.7720582098352633
0.6530913468345666 -0.831648229031976
3.420496785622891
0.2822614955565019 -0.9222666822049048
2.7937824621252476
-0.8525661047016944 -0.9165657858341889
0.7669431600916541
0.8039795451039626 -0.6085466410626127
3.716853142673937
---
36000
79
0.530449646748971 -0.8588973027130202
2.2789278444847674
-0.8017540410291386 -0.28348459014986715
5.634406176509241
0.5773015482789831 -0.49763025499791463
3.7572251575068636
-0.05008474825704244 -0.9626322250095793
4.433630508453573
-0.7283558977222442 -0.27661036834489966
4.8218046797235266
0.886094333352028 -0.8472712035499276
4.703725737677766
-0.5239546248572152 -0.5619722917328449
3.5000009381411505
0.8521423321254477 0.626024468158455
0.3857793099580311
0.6037932041753817 -0.1908387262807334
4.190990737287581
-0.4205482090975296 0.3764903239832496
4.603908601464927
-0.3466150939780559 -0.7466797589472987
1.484256746614923
---
37000
85
-0.5375074879217979 0.8877436489277177
3.4136937543628565
-0.3960565346127255 0.8816568998271588
4.742142723565812
-0.28516604584089605 0.2480817639268314
1.1040652349080986
0.45768360453920076 0.06031609440904176
4.181248114022882
0.36298132695745683 -0.7445175176113319
0.8568527238808654
-0.5613366442665207 0.41012474649923564
3.8232365626339204
0.5005945943177442 0.6738413323592205
5.778184368847485
-0.012682474365883326 0.8071724696904299
2.0775936162355055
0.17150109018986617 0.2709905391200073
2.9021361373584815
0.1772859248042968 0.14258587072833875
5.6412967264847556
-0.747610836184348 -0.42563618694143335
4.0018357365923105
---
38000
75
-0.2819284421709283 -0.991111363063029
0.1538626014457719
-0.29975727765857785 0.9656709554968312
1.029799110656361
0.6499675712992247 0.4534765739979206
1.3082515004611377
-0.25424717800527585 -0.825424291372626
4.7282822646741325
0.132759668468553 0.7566450275346622
3.049679068728075
-0.24223652851561223 0.3750905163271
0.6470168482480414
-0.3559998660824757 -0.038978342838111996
6.047551485195444
0.4805768226098413 -0.4790534319256868
4.209692759835531
-0.30565875652947433 -0.9302761029837011
1.2806983692884488
-0.5346536238868488 0.6535712498752106
1.6028678068802567
0.7830695872249119 0.43412477362197976
5.041323292214492
---
39000
86
-0.8612038520975313 0.2821502578542202
1.6007831930238947
-0.8015852793028929 0.20734609778351812
6.248032753519256
-0.6970474124882906 0.4494159352239203
4.86771021094648
0.722255692831866 -0.09061791344783719
6.239538206022523
-0.8169409199324513 -0.5963513207975681
6.220386007369974
0.4685252177799356 0.15987468429466428
5.90207768827965
0.9399730228607105 -0.10158290012247918
0.7024550687898081
-0.6808340791716295 0.5444583392208923
0.541118869877776
0.8304410132153026 -0.5196608047530946
5.03168203581984
-0.9966250895619964 -0.15843940932275033
1.5586202373833062
0.994857095379126 0.07473184151869869
0.7593773958660437
---
40000
89
0.07238113189777294 0.7791985376819396
4.497090628139079
0.08533087882057476 0.8079318489796272
4.2731064807910055
0.7621953240896334 -0.5452274340750631
0.7130828803236886
-0.1404393612801499 -0.5241322537968287
6.268084203804645
-0.9059412166971109 -0.2745033904683333
2.3621185903464186
-0.4565125505590604 -0.25449488846119395
1.4692381995743178
0.49376541063585416 0.44212471125356123
0.055094213484312426
0.029053895034955438 -0.35197885843035787
5.930954398709151
-0.17943115649706412 0.7355948233457684
5.713480058372539
0.054158697388041036 0.1288572394970458
1.0212920512012635
-0.5611933382344566 0.3181291568990473
1.1672155855500774
---
41000
81
-0.07360176676551593 0.4508098880575881
4.117606424950292
-0.10769090345490213 0.4512391643254496
5.578761704284947
0.7566584055934773 0.340317901206333
0.3471920907870807
0.7615841735812989 -0.2946433755082249
5.285532172271052
-0.2950291656285763 0.7835750896917321
1.9913291909987176
-0.5533253250428516 -0.6930331019553684
2.8893924654194114
-0.5471892633256438 0.6641840915038222
4.327360401957988
-0.2851888468166569 -0.4319792141947024
4.996712674752169
0.3872646650006586 0.5689124686446808
5.572695651970702
0.15786864435607798 -0.20190717759616564
4.620399847768892
-0.8576171729492956 0.7567647086370739
4.073066984578111
---
42000
79
-0.7155019199224965 -0.7714430404648912
3.9634057241094833
-0.81233015580159 -0.8862815271468183
4.77660022697778
0.5493011169007133 0.9205666181675428
2.162112454212237
0.4887284376960811 -0.4728417763767666
4.194730970370532
-0.12317739765263509 0.8753128012349175
1.431519261590502
0.35322748383796704 0.6634316873092813
0.5666452590227076
0.6475357868819123 -0.5216157250034525
3.067251266967336
0.295500888302858 -0.4488467185053757
3.783395030532379
0.005954002594083397 -0.8394362462389889
6.207222970939479
-0.38086313562287755 0.9925780420589576
1.4241245215896496
-0.5130900473385871 -0.9479369592791063
3.6364210913059187
---
43000
74
-0.9638049691693422 -0.3975317937696174
2.3452346743918913
-0.9803907802927938 -0.3125060895133269
1.53135514404494
-0.5000087911369228 0.29897178070505037
4.054039979488456
0.8298199767942942 0.15027654530148082
3.10906510056226
-0.7232098117282328 0.4986008741243015
2.4037736994461696
-0.3229522086459163 0.41547455455906146
4.383452307693566
-0.3438363709837267 -0.22015533976865387
4.3863963364010115
0.5749919408981734 0.1982935069781685
5.225595968207551
0.2164712778005183 -0.20165326842475353
6.136243055674366
0.3612709928957343 0.45553656667668724
3.1938279150028466
0.9492546438688761 -0.5740112068113633
4.792007240952333
---
44000
82
-0.03301405187789681 0.8660066982557046
2.340707031784357
0.02151289563581048 0.8134805071253566
2.901945125822883
-0.9118462898464537 -0.3373053285444064
5.9846482964156165
0.8596012309420313 0.9715859168389621
5.953560220723898
0.11856544971247424 0.6542862747888032
0.21359000637458525
0.048132080893386955 -0.6164262111959568
2.80656731073325
0.7475268323571427 -0.8710955096257674
2.6458333816409425
0.5279364483718412 0.17853266567031056
0.18274768984794054
0.4299824158506785 0.5552508809592405
4.952613986925454
-0.28381045908247415 0.6503282240268118
2.0763130629351423
0.4575247062987924 -0.810087050149807
5.65950682621583
---
45000
80
0.2482434858321334 -0.24925140978630558
1.2273628718776588
-0.572731892108695 0.030337993365633715
1.5375879921374
-0.41342455493967095 -0.061699517271584764
4.450549585534853
-0.9488050904093197 -0.26864829091613995
3.184153828188432
-0.47945590067307586 -0.9615019518039207
4.52747927071805
-0.6178628743840643 -0.39111199576868133
2.827141922942203
0.43797564296611025 0.5901098100288684
1.3394511203049797
-0.49687428886976476 -0.6745974395085742
6.002109787403349
0.047537780001336793 0.37989894416341335
2.0994418877355807
0.7209080425024659 -0.03972680124209199
0.10247793376924097
0.932531149165749 0.6368170627444809
2.0462237738292552
---
46000
92
0.5839802570059268 0.9351870866300864
2.813392650732781
0.24917200223343805 -0.7847422672866522
4.230507247793234
-0.26882923782439344 0.08228850955393871
5.5653737695547
-0.000554750279330992 0.2896225267318148
3.8097824397403075
-0.08080443793261116 0.5834922607448129
5.190309940825861
0.20426348452181464 -0.1541318357654126
5.844682266926613
-0.25590525679188475 0.17194789575491748
5.914207638637244
-0.3541913057861686 -0.13883892910841095
2.649358753997851
0.14515794333905352 0.0011973835383151561
5.634393322435701
-0.5026875452390558 0.3462558615099999
2.214320686065234
-0.43150520284306354 -0.1604811947551184
2.3146914039672524
---
47000
87
0.8935679834945924 -0.9538161491873259
1.2787235439461273
0.9355699778009169 -0.9667571949727919
5.697598961529913
-0.970448683621268 -0.8689525069871231
0.9235605996732179
-0.003619763333679492 0.19831842649620207
3.4455056844506418
0.1679757685883445 0.27207733077819446
0.695926453408573
0.5367367732529565 0.9569858241817717
4.880893074845434
-0.5668898921502256 0.9334781447627176
0.5333457338060166
0.894308340674404 -0.5058848946258352
2.1184248505260097
-0.3766072498704732 -0.02347525790731517
1.8679379296121281
0.7878652125461699 0.7567209794416833
6.067888522247082
0.5502095814342484 -0.8865021098621948
3.1692949584675656
---
48000
89
-0.5580608879241827 0.31857658775430164
1.3187476571382568
-0.6134916275466485 0.22360371784099994
1.9288470443813983
0.12885439499194423 0.06324216062204881
6.1394050185873486
0.711931075677565 0.9575627410528783
1.2593083585553826
0.3361998098664192 -0.3516062351238534
5.754286200594988
-0.5035396692589813 -0.46500224547990343
1.1781259036737577
-0.4856614210652946 -0.1597861779240704
5.211304011810138
0.06703260928098602 -0.14216456483680445
0.6471365820885042
-0.5896575073964319 0.3609534020294535
2.437240808491663
0.9543288011730063 0.1379647569384141
3.757269248094465
-0.6863065373663053 -0.8913877968118434
6.114454788250638
---
49000
84
0.1533083610686268 -0.06537898893248659
2.353790803359024
0.060932464500632263 -0.031274608207228716
0.5978512068738855
0.8734375413090208 0.9450861903918689
2.5189052804938887
0.6252243775956332 -0.4571700901369255
1.9580953141472923
-0.061453628230361455 -0.02529421823808121
3.8761714562933323
0.33531173728772296 0.4487845258512853
0.8625977379231298
-0.7705583418237197 -0.4544653765649245
5.190606897993115
-0.4663813172640021 0.7280796276555516
4.407322147044313
0.1944236090412602 -0.37168011897869024
2.153100266903386
-0.47090186546426255 0.8459937127717246
3.7881518058018617
-0.03662075584438798 0.3084156459344895
0.7440395422088253
---
50000
82
0.1334222882717341 -0.8851005066392841
0.27805177464585995
-0.5302431347313508 -0.8155547523111226
0.8462161360583664
0.6138394523940712 -0.10196113452321684
2.0727464513600484
0.5389852993565136 -0.7968172859395963
1.0912542172498685
0.5609214923897401 -0.31229102425246147
2.3932155517044027
0.5149397351127409 0.11201310538822076
5.2493890658571924
-0.9581083685611534 0.4026919769309421
0.088692430470382
-0.7829232624442111 -0.19761317596494082
4.964244428473576
-0.3482216636748374 -0.49270908628841564
1.0589423771733628
-0.2734729894330187 0.24120400954588067
1.907717438484723
-0.08667177537277698 0.4452708441766513
4.177899212737495
---
51000
87
0.9794454905723187 -0.3892653210097521
2.696138249822215
0.9990739779718905 -0.4510224089765424
3.2150715151620233
-0.7813794489759878 -0.9296075436161493
3.0922507203174616
0.7858866981773983 -0.8051559210290574
3.3094305270060227
0.03613001411447696 0.9890725001796166
5.948277014373474
-0.8980707014283958 -0.9080089319617599
2.974853833779539
0.3501439322212035 -0.5161723504053648
1.9185944676063036
-0.48395996234990446 0.7295417869624258
5.328575361683142
-0.43890342985875724 -0.28463783015887284
2.7489500434815133
0.5461297357505989 0.9598063196457606
0.7192201821881969
0.8517009052652595 -0.4382451109570076
5.774438864269202
---
52000
82
-0.040892713757191786 -0.6266129104149365
2.26292310870842
-0.045909748768606165 -0.5272324911014267
4.461651101529757
0.6849728049682403 -0.6704624352967019
3.2364006046086873
0.9318380028964595 0.9538159058081147
5.05606645371519
0.9513097245764822 -0.8229368678978151
3.9321464192298823
0.204335678116718 -0.037183625201901646
3.9489287000709723
0.26977240983375145 0.8741316058410787
3.814600432424773
0.06678043935129778 -0.702471216668809
1.433391973497601
0.12105235544300401 0.32773057839985525
4.314269732451623
0.21074709032465663 0.5654222523341328
2.958790997164078
0.07601376180877917 0.40300588282446514
1.1526124460568647
---
53000
85
0.06868903117813364 -0.8112992427947899
0.20036521204111662
0.2911894708220663 0.9667185565421978
2.208488485699803
-0.6170623476237403 -0.33004594635795087
3.429145509488399
-0.10153624237844089 0.7086323152015788
4.7957644903328704
0.19173287839715458 -0.44874195673096706
3.0777810044948826
0.4769768489769647 -0.1447129535625052
1.7920929295642152
0.6098072953770062 0.7727944315443105
4.495046137229581
0.018249888778760416 -0.85027874657603
0.31949135437832954
0.4433725710868533 -0.43234233685506473
2.5159938356270866
0.7788562345929647 0.2666137405821194
2.143799032402632
0.9858874710956692 0.8772638347003555
4.758731422937397
---
54000
82
0.1277780304373831 0.6084495363149046
6.114861497668054
-0.0023094720117462393 -0.7085901818992699
0.7154784613029648
-0.974574582767506 0.4702004334254257
1.7384933310119157
-0.4079623168525559 -0.7490178761622069
4.35099468187049
-0.8885776063691551 0.14302675206217197
1.2539487606956676
0.9220558803341071 0.409333469563233
3.213335819608159
-0.5591644012437601 -0.27317372106858173
0.8384281247025163
-0.44787328733143456 -0.2252958005387243
0.7827404741298407
-0.8059625145246415 -0.5653568097005615
1.2469050275535585
-0.44948863581792736 0.17594054068120726
4.620608633896623
-0.40022712002841876 0.315869744585366
4.275652317824893
---
55000
89
0.9549328044729757 0.48258567807082325
0.5866749643608564
0.8773482739539108 0.4596151900627953
4.929848689717478
0.713121899994008 -0.3966747153954206
1.8770283250723647
-0.7831852781349421 -0.14246323820964893
0.31298182013174536
-0.5306233789089319 -0.27466652615497783
2.349753725399757
-0.30262684719277444 -0.5644529414544284
2.7916879514022996
-0.6674179903603039 -0.7609964195009286
4.919124443644065
-0.2665646923047629 0.21034373304033516
3.4922851137578688
0.7471851818466523 0.16872978356453536
2.213654113135214
-0.8494500550888467 0.9995526352983686
3.1900212552047105
0.9231972821397754 -0.12978220912474608
2.0280914551299483
---
56000
88
-0.6222981894312376 -0.962020353716997
2.028121974138132
-0.7690759492496918 -0.5812979364104306
5.370418473433625
-0.11609969395177566 -0.21567468130467263
3.2460156637434165
-0.7969665215929612 0.5885295861749308
6.198451484912337
-0.8067409420768521 -0.9684451886230849
1.8544597496898554
0.4779546687692965 -0.3555551205115315
2.174846719443307
0.001003822439246252 0.5882885972099396
6.059395668119554
0.0997927428136189 -0.5554359686338541
1.6715777317475764
-0.6189869352647545 0.9598562498923857
3.569027167347393
0.9597066026347164 -0.7251767181553507
1.6537783276054299
-0.9092633777117443 -0.7099587654317487
3.768369230505245
---
57000
89
0.3506801114192367 -0.43045481694181714
2.619403927552678
0.20965542393611902 -0.8905224769650624
3.3366166592632878
0.6833231351378629 0.762751625819339
6.022176086305662
0.5103197169116311 0.5711279801174045
4.430041309014218
0.8543442381426893 0.12635809597518277
4.725844698134712
-0.8779876627109324 0.09850059387889853
4.026786087469668
0.4238739666617169 0.5842867681517435
4.622515558435954
0.051960579106839336 0.2678002562045838
2.951385576050227
0.24359976496676602 -0.06541594327379069
2.737260049003936
0.2968727834546905 0.21509294666193163
1.8477796065835692
0.6760993351649748 -0.31365441549844697
0.3452052943412456
---
58000
71
-0.8124343067474746 0.1450307777082365
5.8579075299890535
-0.4752731325358724 -0.043587340016763926
2.4382217481262103
0.9609723126860785 0.3379081907309664
1.5290459438011572
-0.39452800398084614 0.7742506104785454
2.329308161053479
-0.38315703737790113 0.6719870577619126
6.219696372001413
0.8198125118077071 0.11028076273379855
1.1666145474669616
-0.9969912487805465 -0.9356393295714358
2.8960967826735704
0.5753706437930339 -0.2057586798702491
3.1479125001849164
-0.82782970477202 -0.5373559786795252
1.623084193287995
0.36852746807404724 -0.5472840885689025
0.8269325685899571
-0.33534759795514646 -0.11480257955541719
3.091896484041043
---
59000
93
0.2744215491227032 0.3641528107797868
2.58217747963349
0.2624458194337277 0.2340813062728772
5.848196691008084
0.78372796929986 -0.8544894982482008
0.9819047787385626
-0.5882939050712921 -0.2970126251304369
1.665668641274122
0.4449410540102307 0.507958781535193
2.114454252297163
-0.7876186963714531 0.048763943766715195
2.215549805087477
-0.42463453412053587 0.4459959228905168
1.5975787102532495
0.7379998124009477 0.5189624692736411
1.5911078584055627
-0.43810239363047765 -0.9366190458032396
4.072583893879779
-0.5555888339964087 -0.3520626236019793
0.016937285970566762
0.04794713132939668 0.3026114889598599
4.910717410252044
---
60000
76
0.272988857229569 0.33658445766134093
0.9922696817273033
0.34477387256327713 0.13023847094040986
3.2112318972013165
-0.9581147355550145 -0.42407947527034806
4.382059740144266
-0.10730601241345694 -0.957828989874937
2.5084319858601063
-0.7596238115536378 0.546752331456942
4.62535886026132
-0.6599804449961377 -0.942294921684993
6.139934604872753
-0.9250749802706082 0.2907547722819963
1.9471210810730284
0.5027072966706506 -0.09604812739829019
3.9371528179973145
0.8199976177483045 0.1766666173641874
5.671097207489101
0.4331373282370775 -0.28116147393568663
0.7982816880842831
-0.39950860110912373 0.2521454981047749
5.497490586041438
---
61000
88
0.2784190757576567 -0.4232053331654878
4.714720642201722
0.7197424799051402 -0.22673245459751626
0.04348363512061404
0.18780146205138848 -0.7988047658062304
0.5163348871068427
0.9462796213442547 -0.05100503954324817
0.5984532494107047
0.626265539613645 -0.9807127820414826
5.756446216111125
0.47605538066150055 -0.07121965421747926
3.2286225964477318
0.6648200711735041 -0.28229390249802033
2.1330436338737337
-0.331455017829877 0.15830391807190575
1.407024864358676
-0.5367432940184069 -0.34151798848508824
1.7688826965123434
-0.662041660773868 0.08370195788922152
4.863170777645975
0.9038023185973767 -0.5386205721218658
1.785055141374527
---
62000
82
-0.1840413704293003 0.5379301037227733
4.692840801517694
-0.16972080883537463 0.5226976486004491
2.14062101198219
-0.3814974358223275 0.5054074040066855
5.246831929393819
-0.42132621133106607 0.24381120343061308
4.081599137373018
-0.16896097563886492 0.7834803359800768
5.75144439720286
0.2083586794036349 -0.09534491703770394
3.2462574306391785
-0.44929066501071935 0.19458903930398627
2.640201574145763
0.13265397888707736 0.0134997590747634
1.3885318213815916
-0.8853766068779051 -0.26458148341965265
1.8753682272274919
-0.2595720583102438 -0.45883330838872477
6.128203778883753
-0.912080425678099 -0.03890548949448679
5.8181747252777
---
63000
91
-0.6332769571543491 -0.4694742026558574
2.82981319938211
-0.6019654434316003 -0.4426428675231004
2.997982792961402
0.3701726291228893 0.3446050198049254
1.4562169912024405
-0.9335244182757985 -0.7483571353835687
0.7708076382125002
-0.5320222209019594 -0.15735519583406157
1.1853731331291888
-0.9656433256873266 0.4686976566693663
5.540682690101988
-0.5768884060129549 0.8012797436568826
5.37640711596364
-0.04456707392775043 0.4385996930043992
6.249160759553268
-0.9415260428319012 0.8496998280590797
4.463451286453951
-0.18820449635268288 -0.6669052671887541
1.3675325588964515
-0.7608598590638181 0.675617623904846
5.804597472406845
---
64000
75
0.08207825823892317 0.5021833649850393
5.150679833941699
0.17627241713283956 0.4477550827857807
1.7362805880777996
0.3707238522856633 0.49498103425940776
0.9031179510463705
-0.07295700615774743 0.5567550959201059
1.9397595932332221
0.4733912094683352 -0.8182682691945479
1.1567373579107603
-0.6296661669514234 0.16168244155315536
0.4672878174624291
-0.2968819395697037 0.3651627944631925
5.724401744322046
-0.7230866121798429 -0.08420508144379912
4.3686726435615215
0.9322213894169195 0.8861007583579781
1.6214309964178248
0.5418825715562088 0.0839313422678825
6.021951618453877
-0.6853021164499626 -0.4817025838132189
4.949623848017434
---
65000
83
0.5951203015279704 -0.636369767706242
5.45161970410755
0.5618141908778697 -0.7870149059655556
4.12845378026696
-0.3298129591747875 -0.39777708439508047
5.947020801975471
0.8325601097665898 0.30997176674686466
1.129641754810332
-0.9935772879141198 -0.2653292095919259
0.29238188957542277
0.6394001248600598 0.9568756532882516
1.9257988740797716
0.8505892259676677 0.4106881846320769
2.907692139928841
-0.8321126695144 0.25099360778317426
1.8198366537906714
-0.345198046148203 -0.15904638164693072
3.995709144532136
0.8542179030516898 0.13650875613558244
3.5893067965566368
0.989512332072262 0.0396055021269161
6.206388644489806
---
66000
91
0.40809438133186654 -0.37293063988054254
6.019558111259699
0.7241460246185674 -0.23234677988954375
5.7425093991165665
-0.288423904495435 -0.7042497037719978
1.0767833496652583
-0.620118323824674 -0.8790050615131264
5.179145458726488
-0.7958782500769138 0.8665665344185897
3.5700228365992004
-0.30933467024928973 -0.3780419533435374
3.4155517373371422
-0.5450010237353691 -0.31670294592847725
3.021461808369854
-0.35109989004927666 -0.7110829965645504
0.34226332147448524
-0.11203607300706508 -0.517156721722768
3.906257830591418
0.24211358973523675 0.9539489260958912
3.5259935223502836
-0.2768353975123334 0.5339182885874331
1.3691094756509177
---
67000
84
0.4898335284621534 -0.3678155921062022
3.601681064120081
0.42786831643862716 -0.4239800131565719
4.103109781089445
0.23132146872616302 0.694158220358057
5.260262416150201
-0.5175290892731181 0.5206726975741484
6.254049698863889
0.7846468951382763 -0.6130044762590261
0.23774649458303188
0.049879134997783084 -0.3178496968234742
5.720228899342296
0.6079347824281137 0.19105271597929332
3.1137130512336793
-0.09245503356818627 0.0655239228109686
5.868674130170666
-0.8968613212671335 0.13909913264123427
2.273706919602853
0.001429584292127254 -0.5662461526164448
3.182739710260792
0.706806954873869 -0.9175179809124065
1.9711059926399592
---
68000
80
0.8254670296491627 -0.944172966776499
2.7426284143113246
0.8208824234121668 -0.933478777809696
5.8217634686991735
0.4573346514748611 -0.9903689274225571
4.282658190823536
0.3838978154878004 -0.9028312594630725
0.8657083487880781
0.2971225713854978 -0.4280184552088803
2.580245100103766
0.27365329668547606 -0.9193847506870545
0.6070739433035914
0.19834809235403414 0.1703799737889564
3.956013406458049
-0.0003995180912396163 0.4845665391134087
4.277551961201965
0.33895735979587244 0.9197432781121064
2.3781539109179866
0.011676394785535381 -0.8267961034534176
1.3003789153298104
0.25855629693840426 -0.2677766683822394
4.341257377467745
---
69000
89
-0.6688128879612198 -0.7768950183470051
2.963932260120389
-0.7030882775516294 -0.7662193788664847
1.364345277095497
0.014707570527731962 0.4798116676949951
3.5219993148711293
-0.82071805005881 0.8603351625259167
2.354564595241583
0.7341266660057064 -0.6884039471754955
4.8439759255260535
-0.6452434075591664 0.4757674501890903
4.118718822033859
-0.4838667565483101 -0.9280194629363901
3.796086684441965
0.5043802650262896 0.47086650648204914
2.787088117109648
-0.7222741621719092 -0.21113225511067638
3.9661341305045745
0.019693934573624294 0.17885913803760478
2.7386620882103916
-0.789147441219521 0.3877801587021763
5.295790961403135
---
70000
82
-0.1472375371137358 -0.42862797180027523
2.4656175729334913
-0.13115308874603665 -0.47966557736409665
4.151704566182466
-0.043116681345598255 -0.9002303915149505
2.3716269710299978
0.4097219442887658 0.45909543957336124
1.5412953944656262
-0.2401195718533064 0.08553983733624955
5.208973391868289
0.10111408651260387 -0.5178518475529865
6.102198999518023
0.7363216138769837 -0.0010674922962356235
6.040403147418225
-0.2494140203138532 -0.42370946199263754
0.7245889272888117
-0.5751221411972213 -0.11508786491172779
4.369675084010468
0.051800546302204854 -0.32761987446494967
1.5934229476754753
0.4131806091396177 0.2266419198707142
0.5982111416609506
---
71000
79
-0.27643944804814136 0.13159683590851162
2.119009186896471
-0.36469689025209945 0.10624772740043054
3.970567339669688
-0.43433517829866547 -0.666388114626886
1.4521264945437933
-0.9147362170627 -0.6641542353753288
5.2512574088262305
0.15912461022170388 0.7947764170921515
2.9242908020663445
0.9731327718470192 0.05602302289557884
2.3434360257775193
-0.7773575796040565 -0.8354651594667029
4.80083698762885
-0.6902988110228033 0.4754926316172929
2.1699946805372328
0.8788728753707779 0.05351202375341088
2.9458090620854858
-0.40340789967083535 -0.5494898132214024
5.3674910299527765
-0.15310212317867514 -0.33164986925525514
1.0087692864954292
---
72000
83
0.8597221491335286 -0.3711326366400722
1.9482825765474023
0.9022251243265075 -0.3046433374827545
2.439817917612804
0.2771605616483648 -0.010280736924242879
2.2342413797300456
0.6446389433943804 0.5588192533061952
3.4297869314318286
0.432110182361916 0.6891950425453813
5.366041415016284
-0.1489931756647276 0.2865472900509128
0.2557273428443354
-0.38830769152537337 0.03107703398140609
2.8748457062227892
0.846614479276483 -0.11680115053353621
3.1350951252530423
-0.37665698678351317 -0.02315511276877353
5.999540149948884
-0.37408719423910297 0.4024140693657906
6.209373771001302
-0.5202181077249304 0.33849363359701595
2.9382573358227475
---
73000
88
0.057557215692063776 -0.8425577408802859
5.634621063660418
-0.19653631595293936 0.8327214615296198
3.146116422085778
-0.4899877807938395 0.8697875592465266
0.977067484012266
-0.1321932235664846 -0.2581372059791359
3.780239768503468
0.005189833110071819 -0.9131961407649571
4.767371283922271
0.0036441790950921087 0.10786289708434112
3.8648145448309545
0.5789579436236099 0.3065888900696388
4.402255638677971
0.8503726046917701 -0.8703174213820994
4.326152036758426
-0.11874449496143392 -0.16086811734530843
1.1161471806394758
0.9256194296834009 -0.8588245278099594
4.659689521723209
-0.5954923784215452 -0.40634403029922606
4.603234022212604
---
74000
84
0.827020472917376 0.09231333014835504
2.1567101914668347
0.8681183720849843 0.0933501650545298
0.8958781194622327
0.9891141480269602 -0.8718294149391601
1.310167294912949
-0.3015492041899433 -0.45357774917831384
2.1271854355170694
-0.996776571143723 0.5112910082409009
4.816218208939925
-0.6743372400258528 0.9702778961339394
4.304069166109549
0.9501348898322552 -0.8024771934336881
0.6213498139506219
-0.7880372475432837 -0.024469633240837164
2.623072879101638
-0.6006483535270868 -0.9396289740315134
6.228024294534351
0.8954858046813542 0.6190665623761219
0.36432788527702975
-0.6273587219594559 0.33195930723186456
1.9518554924393445
---
75000
85
0.6033651220438141 0.3846386386787277
4.029043183489067
0.6315981149530183 0.4702569765169766
1.3415385137840259
0.9069290329528079 -0.0987412896247564
2.513342417230014
0.5987295206037505 -0.6207395412021912
5.06448301390849
0.9336439642197194 0.8295001627816274
6.268898347756387
-0.8825116215021124 -0.22912622255008258
2.2799243831818554
0.7426920596195935 0.23661472050383697
2.367697971176117
0.6796002878892524 0.6729841201034087
5.120302102433654
-0.32401209398127206 0.21282667275000716
0.4494561195494775
0.6610537912497882 -0.758679095990987
3.132711316259458
0.9955239711807373 0.5930045642259816
1.1091084369342115
---
76000
93
-0.9639596489129433 0.32687470073036373
1.1958784991802336
-0.9306990019400001 0.37706272720876904
5.643109128568887
0.9137409778366253 -0.267726047656942
6.276579549340225
0.44336534434400277 -0.5741773681163906
4.960826296207087
-0.5621260748632466 -0.24006265042708044
-0.48453393718563553
-0.5312554885469609 -0.10373051666762978
0.022199789652334267
0.582365367915327 0.6826841574617911
2.5627134334367314
0.5442772696103563 0.7175157280971659
6.112940973645957
-0.6691207779011041 -0.8747167007715281
3.241660422328712
0.9952754462857307 -0.20336990743122008
1.8011068652159885
0.9526688210961799 -0.5374510706984087
3.519948637652095
---
77000
75
-0.32340417596612825 0.8751943244982665
2.4812651586508894
-0.18990004707152983 -0.1328289982736534
2.8117935644340033
0.33440832540861304 -0.566543152179005
2.5471542877266398
-0.4432585451207296 -0.9822705294627478
2.1229857282904376
-0.33938484757158294 -0.6755411778170263
5.870296404854003
-0.9373525937484348 0.3951275796567246
2.9757065988806426
-0.9646073511762745 -0.5107941587308961
5.582265388185867
0.10672545770954799 -0.3232838982224126
5.690730843125863
0.13808029164018942 -0.48736386389725334
3.5266082350760524
0.886953368049075 0.8287520619539067
5.991545349231593
0.1112204423698188 -0.7172436055121582
5.494519362840666
---
78000
72
-0.5142101523499154 -0.8370075885125622
3.7381303377017026
-0.8380295389165974 0.9639087014427854
4.842081238024263
0.6243329282292233 -0.5916864141450184
0.8039001534135348
0.9202159885976947 -0.3362834667027226
3.5596365233310294
0.4438887576238069 -0.5983060717187872
6.18267470589523
0.9954511815773779 0.049759151903879285
3.4307794486601644
-0.49562747017661707 -0.3855708788021824
4.349227807014151
0.5842550282832021 -0.6042158543619952
1.93876786988098
0.542220566539756 -0.06884677487113351
1.9645245606951613
-0.4255996347868961 -0.6657415968979716
5.110009942184017
0.48716416244579164 0.7626729213570935
5.395906595122252
---
79000
88
0.6152461259582214 -0.009711644555040328
0.6154075642949408
0.7076687637733261 0.323561217590811
4.426239462234035
0.17220443002970717 0.36812059517102236
3.410965643155632
0.5019036959553139 0.9512678474705295
5.043181132158634
0.5560108665287803 0.8939070080609844
6.051099251636179
0.39217492404476084 0.0003836795086886377
5.075623439189767
-0.3281077666071278 0.5328295431056619
1.2891859104065455
-0.8808534484640171 0.32458222627010136
2.5861008913428916
-0.19402216580982462 0.5376687714855025
4.532653105456857
0.704661682630316 0.1478180609075016
3.3142354519303394
0.10434293326051515 -0.10761010052921711
6.113598641709754
---
80000
87
0.10356461676011573 0.13232499958591246
1.492618783644756
-0.10037111856123271 0.4649139663837561
5.558578141279309
0.8049659703033657 0.7096050599056921
4.321002364917918
0.25667152707007285 -0.9219567430561102
4.749670715354168
0.8046539075775189 -0.9290223677529174
4.942913973019497
0.9058753788922196 -0.6030976826505987
2.7092878358154353
-0.3063851701083119 0.46301408761141916
6.08066722637517
0.6806315115913016 0.4118559755510538
2.027158299243651
-0.9909172391697217 0.3120489396416575
1.6383127819553884
0.7766807120688659 -0.30563616195548615
0.32270662951368667
0.5794955136386718 -0.5876908314207102
0.9416424634858478
---
81000
82
0.05423828912044421 -0.9971430570503954
2.36109850361227
0.5459069092729107 0.7711550718619894
2.0158558606767025
-0.9736476932662479 -0.9977954455963016
5.755527128218483
-0.38486002757942217 -0.6832847189700639
1.0980540674074666
-0.48845784593922975 -0.3295193905436441
5.230115356931539
-0.6869962589519704 0.3817004422162354
5.719461633516328
0.3720728344693949 0.05413133198437595
4.063035287349413
0.6817755835955686 -0.6567563301699921
2.6780055381294248
0.5205079475329832 -0.3078804466331007
0.9882161491117527
0.16415421535507102 -0.010513133638372356
2.805574673949991
0.8472339517708826 0.8368932686481264
1.4188992102048834
---
82000
72
0.38967642790808266 -0.00025529956499014544
0.9934784184278822
0.6018898352333347 -0.053152409909263676
3.3957585220388404
-0.787619579820584 0.5541729285190774
0.4709552458692823
-0.5478814580301892 -0.17329556446562935
4.887642659790869
-0.4769856033800845 -0.40170902548535276
2.3370042342873525
-0.6150327773789988 0.2539922044814444
1.4202667875350938
-0.11202505847785091 0.31697825736148105
5.587338214650211
-0.5662474604982916 0.8281539670762237
2.928705566825273
-0.6325378915155739 0.2503326074170812
3.787771075951415
0.9555533947840953 -0.1086839778250849
1.7110313950257252
-0.6449758052835298 -0.08952548434497068
4.283111252398978
---
83000
86
-0.7053690382318097 -0.29000550663584657
3.3338361467750004
0.36680485547339825 0.14417449936111043
4.131679016683362
-0.8832838197327757 -0.49070295028602806
5.141253134201787
-0.859364918363399 -0.8430791271912176
5.99686148456365
0.4001884317179582 0.19445058930579098
2.1871689152994067
0.18967191459892363 -0.5938880229003851
0.4972166993089866
0.7654848641575034 0.6023203533483479
5.000850157626966
-0.5571162879566821 0.08944053649325795
2.171191700694437
-0.1919641100233002 0.39386302509418236
3.541548155382679
-0.09554043058255003 -0.902684980517567
6.1921992961698225
-0.1941099637652363 -0.7353026978198901
0.5804703321933404
---
84000
86
0.9940264757880664 -0.8957567416363036
5.504579760731856
-0.9718929335886206 -0.8792506458350936
2.4975015620435626
0.5099274266131737 0.38466656457922055
0.9297810638947821
-0.6961957433882144 0.9205441738074536
1.2237905938913842
0.45193271265193513 0.3721533836544113
0.125892585813407
0.5126860967483037 -0.0504321512612244
1.3814245196292294
0.871866875438571 -0.19179699656494253
5.880535317798641
-0.49927580250243037 0.7595853977232325
3.046920612848111
-0.001005274426373652 0.7787611398275418
4.085724782058076
0.8005885669627233 0.2831340816258498
3.000373755829558
0.08399147278988697 -0.7355959305004109
5.598210514391109
---
85000
77
0.32573734918908576 -0.7017997265689648
2.19666702335763
0.38144924507185096 -0.29027484080941335
0.5017068977668586
0.822478725772906 0.4455048833665314
5.48105712779763
0.7240606435372298 0.8464116765578958
1.5910415547225263
0.7892213581693056 0.5734123800650093
0.026123619583503732
-0.5004475213120534 -0.0773259858806686
3.1438768543660434
-0.4047340758652621 0.11127093341937533
5.686357327133651
0.5973669654769608 0.027974221336253956
1.1496592747786876
-0.2141121639505742 0.0306873316189366
3.810174609310539
-0.4118537047153678 0.9115919331821952
1.4937403411064007
-0.6393362055082513 0.4979829037686091
3.771172289023906
---
86000
82
0.24681387160401763 0.5309478515789247
3.033222317722837
0.33196568831159357 0.21891192187373265
3.8469053045605897
-0.7236658625249217 -0.40719715442260185
2.084269590495224
-0.037045457826457046 -0.5849417126238647
1.2842049929113823
0.10212510397198123 -0.2105368107963512
4.348530481947783
0.5681345439739282 -0.6001604567112899
0.34891908674668226
-0.9726847337518705 0.8529630518906768
2.047738235831397
-0.12806437728548178 -0.4458627563666633
5.61865260643104
0.1421346790093002 0.15440980404739266
3.019175498306355
0.5431548153108767 -0.43242391296576205
4.844241785278021
-0.09118841588996682 0.03822634252389753
2.7793128319526383
---
87000
88
-0.020072585276875873 -0.9358956082174076
2.7159808873865727
-0.5303842502606354 -0.6870048564213294
3.056355513863977
0.6930125053045118 -0.11472794467144903
4.34759404367041
0.7364348378049388 0.7864644659732865
1.430683652031357
0.6646468523350207 -0.2868414598074003
1.929767070459917
-0.05252074015748 0.7804643673949709
2.2345463258122935
0.5575032331513542 0.4956499436554103
1.5050954297331698
-0.8348556783385895 -0.4255232010467938
3.545435758315633
-0.5595667746931813 -0.25643628802289237
4.3318614298961196
-0.8414785663370704 0.314774037476128
2.8262671304438776
0.7296628472246115 0.5455305097627872
6.257736619843403
---
88000
85
-0.7428465854459608 0.34399616501294555
1.5770917451297897
-0.9329228938026184 -0.1781848480499123
2.243251377178228
0.8076014562448337 0.0009533485588277026
1.3213030619015207
0.711850544054097 -0.4543501748015651
5.76592780836621
-0.32155834350565365 -0.4230843848568837
2.310367187337233
-0.34496007959476177 0.16379793331761752
1.023387742861888
0.49038018925901106 0.5542783126910329
4.3661406755795795
-0.20384873717016394 -0.07647802090296575
0.4854553086923836
0.5604362396140276 0.01919183854154915
0.469680574795472
0.7769251176277587 -0.34838354470160837
1.3957347583469986
-0.2767790850901728 -0.41347107419511653
2.15951559198043
---
89000
60
-0.6997544910583773 -0.9510174006647176
0.729307128268075
-0.7312956867916344 0.9923170936586313
2.183568950104699
-0.11034055332532998 0.49556069796123786
1.9046324201947646
0.8912299997808464 0.5423299410675662
2.01010255739574
-0.6366108255513495 0.9839875270384525
0.9655073903934515
0.5400688427249093 0.30146388968842025
1.8395677314964616
0.8944280623431107 0.6458975319829396
4.014782335494272
-0.34801128156714944 0.7401239271516402
2.034272626787404
0.74069026540316 -0.6111281640765658
4.668954530526721
-0.4768702585501132 0.20243831634737092
3.6525363103594053
-0.25620358986827924 -0.5493793508581597
1.6932150924827116
---
90000
88
-0.3828208295646799 -0.05641841194417642
3.3306626965776114
-0.9275709697264626 0.37060458865870705
5.948961327288615
-0.21890572947187625 -0.658830860550718
5.714686691682099
0.35714969215896714 -0.12050852121278532
5.0604987723091055
0.7701888438136077 0.5661987228262269
4.673594308179425
-0.9512566929964158 0.15195420160946577
2.8549823559910745
0.7523424023209415 -0.2646632578874731
5.824636293794031
-0.25626524657647315 -0.341648363649473
3.645484280564138
-0.6938242032565461 -0.14093699343586125
2.6136004657501415
-0.26325065418740057 -0.2939784588147404
2.224255693608007
-0.5114263352498976 -0.27138187418346144
0.17535115880055407
---
91000
83
0.5981714763718936 0.5118426366971632
1.7414651795254135
0.4027879253322073 0.20443295799675015
0.3233781042692607
0.10994585001596976 0.6338313019084268
1.6486534920606046
-0.8933595126043619 -0.6566810419851273
3.714803518270709
-0.188071830320702 -0.3930872000986937
0.531941849283994
0.5770010248047283 0.6417467224609605
5.848722849781801
-0.32942362518612284 0.8218247341069213
2.0073135186670754
0.31309808010490764 0.3323386465580553
0.9648790816247361
-0.14543480310054974 -0.1712961768005729
2.2537874057543794
-0.8365904347723421 -0.396100383358277
2.3971123868907585
0.3677135893370803 0.17365773186616923
5.9137885420798755
---
92000
80
0.10902861159289678 0.9693313080429494
5.9152076283523805
-0.09438114114106141 0.8649249922152876
1.331137640484533
0.9078533690205265 -0.5487944099596691
2.8272145670524367
-0.4668774266678152 -0.6326002186265967
2.751884529075813
-0.2915850456821894 -0.9404991772512253
1.8302010056478322
-0.13736992324083028 0.4196323290064528
1.5277401424868247
-0.7877891837549721 -0.8926826031408494
1.116862097288231
-0.5087901745339898 0.20799934823808697
1.5805046142867418
0.7496560064252583 -0.7023112280744989
4.647512180153846
0.9843732608843184 -0.40480289946801185
4.519513820804243
0.7695848400013865 0.8901999816345542
1.0068190555934322
---
93000
82
-0.33045140554036184 -0.4766869815537322
4.60309949361725
-0.09070664347854922 -0.27964541986334535
5.018232050503182
-0.5234079117287531 0.8126799635168149
5.955514370976927
-0.6114733888085769 0.3077451303291721
3.8030029869470656
-0.12330160252955959 0.26770808669269214
1.549491417021465
-0.15771718599255913 0.17019768033646426
4.54333456179949
0.38828883016652566 -0.03824960730029141
1.0275117836550702
0.11400660021977733 0.09009263722365402
5.2023445591354545
-0.29660735123023113 -0.6619542752636359
2.7761735985818587
0.2539639868874196 0.3029169734370468
4.119545101055747
-0.9948001009901922 -0.8351405326464693
4.545381666930615
---
94000
78
-0.4815586979317592 0.18241810735481773
4.332024122379317
-0.4663861471626505 0.1704101236349573
3.519348476762664
-0.9914771248739038 0.687477954294793
0.997118896712978
0.403177297409804 -0.37298018816491973
1.1209008656719046
0.7409022361409977 0.8161841860306226
2.8899089140663703
0.9855396631282478 -0.7408574367041542
5.442903049496332
0.574336465103184 0.7031174598781201
1.8093234927746753
0.552188268940402 0.8887570901587419
1.0217504290528652
-0.3003336216536181 0.598109385951063
5.914217880540445
0.9821567341842984 0.8072277027073499
5.0929260686353786
0.10703483222944692 -0.7040622183316878
5.109652260976493
---
95000
85
-0.30112906502739556 0.8072310463347422
1.6917091810333413
-0.31593807878078817 0.6987126572453628
1.0525302827909808
0.6819379505594125 0.6994397549311856
5.360630274507548
0.27032158293196024 0.06775087875437502
4.091037498948822
-0.5383040127618821 -0.24288883073100845
0.7629547442978926
0.6355031487284674 0.37093136612240085
4.594679644254062
-0.30973056076215055 0.35769008983497075
2.1504581134340177
-0.8329518146144061 0.27318527740059073
5.62227463152014
-0.2779361919930651 0.43950259398844604
2.563766823823972
-0.5270894924718091 -0.5166259098538836
4.546303709982261
-0.6190484839645061 0.4244383823894138
6.095821447337487
---
96000
85
-0.39105242084413167 0.9888507690222645
0.2556228609572211
-0.4390665014401409 -0.9776407092228099
2.3108507290317144
0.18239330706256912 0.8255517444679371
6.12440056480792
-0.41660304151823646 -0.5669471757189408
6.206144446032528
0.24721760888678285 0.28295832685981
0.9278807393243609
-0.19807884495728476 -0.40821362232421654
1.250912721113262
-0.11135705960466116 -0.6248689077641119
3.3617311925992883
-0.25925193237061755 0.3505212384197697
4.3207544276639
-0.15957288907388412 0.32470085669163506
0.0325403461556002
-0.4596897210696366 0.9189542373478965
2.1379372370910605
0.005331877894631201 0.033565479820557846
0.6249962444292265
---
97000
74
-0.28937281928385894 -0.25740484877903536
5.797571993853023
-0.21059497647392633 -0.4469443452344977
2.125984617081161
-0.5204909079973937 0.5142500464474143
4.752234070022242
-0.12343320706432326 -0.994969253621951
5.443213456666316
0.12350157674340587 0.6763013226139948
2.7810120978579107
-0.6407253072768878 0.016156142776308946
4.555757402331537
-0.6212803871196454 -0.7651475882819568
3.024513314029708
0.7038677919260916 -0.9622014150426085
6.205619779994827
0.6869103795507703 0.5562688220954805
0.5091244709495877
0.11098931374039774 0.15475455895229906
5.075502307873011
0.32566526344931657 -0.4676014865215931
5.881026073043212
---
98000
85
0.3332324376533883 -0.47339357636251206
4.677916333700958
0.3321314600469895 -0.4787191648662961
5.224168777971999
0.8040725578917629 0.4610844980831709
2.8259536386529414
-0.9862494936681715 -0.8619325642828817
1.6524990433363902
-0.47934437608927377 0.12333525285234428
6.169542299335811
-0.649998595526797 0.2671722079135322
0.405313998215723
-0.28068741862638213 -0.5371695164299739
3.436165020820069
0.9739024491151297 -0.21304212989622137
5.014097642526561
-0.2725149950627875 -0.696189897564017
0.5550547093335245
0.16119846057757772 0.7672344087346822
6.053295077906397
-0.6232661549915732 0.2594440610038229
4.08309038695585
---
99000
76
0.25363848715571 -0.5680221841976034
1.2435634245815157
-0.2161227087096704 -0.6417844600768688
1.4587499841266602
0.5216888956216366 0.3795831261859353
4.111094271570849
0.4562561833723088 -0.06239077179512641
3.894282695297405
0.9155282683795523 0.48884312433600086
6.271328735106347
-0.768799095381183 -0.20837134063858853
4.994939430166403
0.4155557464546485 -0.489538401772399
0.17392350438595638
0.3444704383688679 -0.8743269536961329
3.1851156209718443
-0.2863317627452953 -0.9820471999656477
2.025981443487818
-0.5783203329324583 -0.32420963299807654
3.792418574784075
-0.09407384199139113 -0.053014182785027245
3.743091973986698
---
