100
{'run_name': '2D_rec_10_total_boids_slower', 'annealing': True, 'annealing_start': 0.2, 'annealing_end': 0.002, 'nr_observed_agents': 1, 'nr_of_boids': 9, 'predator_present': True, 'grouped_spawn': False, 'predator_halting': False, 'record_keeping': True, 'record_frequency': 1000, 'exp_folder_name': 'big network 5 observed', 'boid_speed': 0.0333, 'boid_color': (0.8, 0.8, 0.8, 1), 'boid_turning_speed': 1.5707963267948966, 'predator_speed': 0.0333, 'predator_speed_slow': 0.0333, 'predator_speed_fast': 0.0533, 'predator_lunging': False, 'predator_lunge_speed': 0.013, 'predator_lunge_distance': 0.1, 'predator_turning_speed': 0.7853981633974483, 'predator_color': (0.8, 0.2, 0.2, 1), 'predator_confusion': True, 'predator_confusion_distance': 0.4, 'predator_confusion_threshold': 2, 'predator_chase_time': 20, 'predator_halt_time': 0, 'predator_eating_distance': 0.06666, 'height': 800, 'width': 800, 'graphics': True}
tick
boids eaten
predator position
predator rotation
agent positions (and)
agent rotations (interleaved)
----
0
77
-0.8208341778349895 0.7914711556244649
1.9105911485709677
-0.7376584788262106 0.7152834024687097
4.896931914615708
-0.43523540139135775 -0.5134940660475298
1.2545293214308195
0.0636350636494846 -0.2064349871278649
1.4172421286015071
0.4212535017134046 -0.3991621029764397
0.11153634498645748
-0.22574773889743036 -0.11687240574525967
4.883032273014701
0.7491004546560969 0.7231024763155135
4.170312854293192
0.3841304453340276 -0.48283400917718816
2.8160185767749204
-0.9367725377764563 -0.12652675796441537
3.240997547263781
0.31213246223773344 -0.17219501078357713
0.42809596066691014
0.1176861893952494 -0.4025418952523814
5.961697058327108
---
1000
92
-0.9341792360022668 -0.05967917200400009
3.6878291997405652
-0.8859528308884421 -0.031940763281105775
1.9539392212751432
-0.5722916419328603 -0.44404978141189516
0.9591181557209021
0.46389915015929606 0.5542951705130186
5.2477555486683025
0.17363578499330384 -0.9453054268232987
5.610865824575727
0.7210436831650973 -0.7679307773437312
5.615215235891716
0.04845701538238837 0.6641002634417632
3.4581062649631233
0.16645840695949354 0.5085387153257569
3.344229744394397
0.9033010072691324 -0.3849731831680585
5.483818056680566
-0.47154696531428186 -0.4072872126366575
5.2009091683634745
0.9024440988253858 -0.2903340482257184
3.1166950226045484
---
2000
79
-0.5616847143770771 0.571127641203418
5.935138313276891
-0.7293252299467893 0.5928606769092991
5.270697274065106
-0.6119882857871707 0.7735125192806109
0.7282089717337943
-0.27014118637396894 0.6460854283284385
5.149831657641399
-0.9345782505319116 -0.17837046959391561
3.220917253757136
0.6169134022382438 0.4132673152250571
0.27054572490599327
-0.5054323931621041 -0.910485537153737
4.375774695391789
0.9508219277251753 -0.14268512821347282
1.0957289699186026
-0.24121718865932454 0.09007256224122165
5.676477219699157
-0.40342612353798973 -0.7686071612721936
5.964388997533193
0.5494221455601402 -0.6568832542888615
2.0038801221568363
---
3000
86
-0.27892754782710444 -0.5221823413749982
1.4789357256627926
0.28737022885219043 0.6251989020117712
1.206191244892076
0.8395932871622315 -0.2035003485945122
3.256191989666074
0.10656876753696426 0.0413356141509208
-1.4305066336387553
-0.9199602033224952 -0.4812247069751223
2.514749663195736
0.7435482992405115 -0.3018647591525052
4.830881189284384
0.21206632123623045 -0.5973204044000873
4.3655848107431146
0.08281267487450142 -0.3206156669698215
5.732859819330637
0.6073677527169656 -0.13113864271224446
3.118146003694993
-0.2919523937053001 -0.16079011917743397
2.3296675407148655
-0.880212935402327 -0.7692825304058623
0.8583538762125276
---
4000
71
-0.23590135707757431 -0.05322046967761188
0.18191036798988336
-0.13967166505178902 -0.3607826332363381
1.4905754909386602
-0.11057093054499567 0.5242761615432547
4.88324779047977
-0.07854194941178294 0.678863136393077
2.01323948578504
-0.12094190208932676 -0.3147076216177851
1.0739906592165953
-0.2749375459785824 -0.013427278588941684
0.0916163032440549
-0.856229134811142 0.7017564939750423
0.7880059216986863
0.8756299799749854 0.8036774626652587
6.05819108063666
-0.6249297053283949 0.1445907184532986
0.9125822673547601
-0.007377305211832302 0.814260896939478
1.3906809425326943
0.18204685602875467 0.2601758194330518
1.8625462171163376
---
5000
80
-0.6985378927862506 0.08916810426075658
5.068051548862013
0.9230342441311209 -0.025626474209624318
5.622778849286678
0.30004466716173217 0.4415697134724247
2.221386551348006
-0.15286212646650923 -0.5100371720281356
0.80645546275671
-0.2875395693270902 -0.4508971443132788
0.08650494900148686
-0.4529919110997137 -0.5916995118504068
6.01819864204815
-0.33058857654907153 0.3209099533328795
4.4113104469603135
0.8264385235817601 -0.8197227016796494
4.427381945721962
0.8951295078835593 -0.017425906984408934
3.0239697376421306
-0.6790441709181638 0.030426385865303943
0.1898237992290186
0.49101998806913844 0.1467667030068975
5.424538700671309
---
6000
80
0.9181389693620673 0.5635654697948389
0.7548116736832565
0.7543647938306342 0.4573266148835883
5.755728896396862
-0.4981441593010953 0.7842855931113637
2.480975440289785
0.32443841629952475 -0.1499703831497385
4.687263509178031
0.7114039132345268 0.6357745572945545
4.923269553973357
0.07929026755128382 -0.9051346406656453
2.866857528021452
0.48371975123938116 0.6277098412070622
0.32008352942910356
0.6116648411331417 0.42438112955284235
1.0422455810883697
-0.4584537379825432 -0.9797763764137734
3.839753524084771
0.880947362819676 -0.19623675332387158
0.3025081033998509
-0.08610398330358011 0.6287439645602602
1.2338216053556916
---
7000
72
-0.23835880807272333 0.7447445594830626
5.105535027557538
0.027861523184742405 -0.47915711887729684
0.7488601332461693
-0.6357788470583752 0.7951780265198991
3.2676223033455924
0.8218656355872088 0.7714843475575044
2.344514115452987
0.10175143524897959 -0.4936507472176088
4.507061741542478
-0.3815117493527226 -0.4878119128327314
3.3349713963532945
-0.7410420333457874 -0.43957019865944924
3.059907815474385
-0.47373979411574174 -0.46876915574047245
2.092930239015166
0.0920154708783825 0.8453550737307718
0.4281452042783096
-0.0833652668260646 -0.610474781659498
2.538192885800817
-0.714309962547276 -0.8481508414472096
1.7723611337848817
---
8000
87
0.9148331764528984 -0.2325553529735654
0.7899457980779871
-0.7365982030738526 0.020808409932561757
5.4100089509964535
0.24742229552168568 -0.17290678785688765
1.9381032051721299
0.9197369362334648 0.2529196770828812
3.1777538547018844
-0.8217050008164593 0.7943630169385602
2.300535278087936
0.40129669630483433 -0.621662866184951
1.8765871985976592
-0.35597541514888126 0.7224990709034699
5.95358867614017
0.3579321757456497 -0.9725706330336814
3.8117356903648494
-0.9280765459176621 0.051199049942885926
0.7152299000923543
0.4671745008790716 -0.17064446672734052
3.6265689252559214
-0.781688090248201 0.6899216910568691
0.8410837843582977
---
9000
77
0.26675504878249934 -0.3786280597587242
5.288592500916803
0.0695096219495245 -0.43065207476557793
3.8489556895441437
-0.4696458404310525 0.9274067507961689
3.557709193150872
-0.1394668379621039 0.9834723474632099
5.559596407001382
-0.5230786340511538 0.7543082026077291
4.578648302816681
0.9834814093845358 -0.3881808657350472
0.695047324266663
-0.364561960237847 -0.8722424578177743
3.8280451527037522
-0.18759231782013375 0.38872329405777356
2.136506375885734
-0.29537132683848694 0.035195318922087035
2.212155623684994
-0.5185857611882612 0.34453708429149466
2.438100680872397
-0.7786044822513026 0.013207247849922908
2.5898434270582227
---
10000
89
-0.39222221977473637 0.8767096506075583
4.788916039700473
-0.2492208273412788 0.7477181693461173
4.4982790226828175
0.21190848428221254 -0.6468913871319518
5.736609940492043
-0.31354039901121944 0.014535046952516516
0.2564816969133634
-0.49123684142526325 -0.13588728424828572
0.8204688595204006
0.4182130727216049 -0.6053831203063228
5.642064470756785
0.03453748161258374 0.4580183528998415
0.8991119102300598
-0.3422427865367561 0.9991015398324465
3.525637521376985
-0.8794726822365644 0.7848874985170646
4.344621860484251
-0.08812804684075423 0.3878270890059253
3.4051916380530836
0.133060129697472 0.7804964040535665
5.116384190650814
---
11000
99
0.6272338543133518 0.7325694098969715
4.293497025024446
0.6596476321576625 0.8891609223431916
5.700246217951645
-0.026016901750768075 -0.2494886515601699
4.328950594458205
-0.19235862367731144 -0.3221745858936489
2.3139251003863306
0.8200596172487018 0.09864004892810375
5.951110844170355
-0.725074879134217 0.8833714153932003
3.3412460041439243
-0.38420493310159654 0.6288734475926745
2.5863950145713286
0.9499973923342726 0.1904594240725131
5.669703272398113
-0.784130010109184 0.8717755268954431
0.41986675001126716
0.6820751793014806 -0.4582290530955344
4.562055750138971
0.6407345296737305 0.830673018698862
1.2839027832331649
---
12000
89
-0.9845011024361427 -0.10949590072288107
4.683789504555888
-0.9985265739242866 -0.4839188068286571
2.733204801871188
-0.8592368988404478 0.7056429613593111
4.095456259817671
-0.44052058404985506 0.86947113256099
3.9706326020913822
0.43465754275544244 0.2583033774342965
3.684104810376189
0.2606668800027395 -0.8621366818645506
4.364346792960138
-0.6782412491917442 0.6628390002330439
0.6386562599811447
-0.8730367921703149 -0.023186816219928276
1.0106431174967758
-0.027798589764295435 0.21970824863808677
1.6803212125600129
-0.05920527817349419 -0.9436437388890586
2.884639069686674
-0.5801837145470536 0.8168164471101692
3.3812388832962545
---
13000
86
-0.16732012367061722 -0.1251107926868813
3.6621307150753295
0.3462752758926239 -0.527769222324056
3.1234285479020016
0.39926539787353943 0.8582745218096299
2.2153131763290164
0.23349224210627156 -0.8777854202899249
0.6158492997975866
0.09740520123896435 -0.8924236575134542
3.9189337293276942
0.2536358974381744 -0.4078733427563123
3.401639417387278
-0.015400835784657299 -0.94436495106119
6.014504594714469
-0.37664802869242653 0.3713931089325391
0.29547399785095596
-0.024942634710792607 0.7932756075551971
3.54571194709231
-0.3194818172304873 -0.2346792910869328
3.439455947737243
-0.21414182499819862 -0.5496805741125687
2.080637226237819
---
14000
79
-0.3678845498901858 0.4003340529046456
0.8476971636285564
-0.4061540616166906 0.3816229000726075
0.8787097455080399
0.40388111640472035 0.10627994709816042
1.6247616137390475
-0.7347161080818948 0.9520477966548805
5.064270695648236
-0.9791297521329647 0.014393378223152668
1.7686651989738391
-0.5968345522600016 0.7950157757932867
5.871184118493098
0.9401109739238682 0.982122521143793
3.529376876756559
-0.23875813075411906 0.7871240775705903
4.427403233105005
-0.8905326288890334 -0.4226362576345563
2.18656302689221
-0.5140819258198414 -0.4273691958147505
3.759619641152031
0.7064225739134454 -0.6104602582224408
3.681677954922412
---
15000
84
0.21554174217214012 0.634541947008619
1.0134231120222172
0.10412443876484402 0.39290745283346096
5.006966229044341
0.926819825614005 -0.05697142283753663
0.4005944541730049
0.6558735824744755 0.2907561161512533
3.295314018022423
-0.6794942619993111 0.28941100802616676
2.4107596028785387
0.23519865025255823 0.584672852782646
3.8427206191986967
0.011611170465917663 0.051087011673151085
1.8058907475741064
-0.1480254580141911 -0.20652490979091404
1.3945206479699834
0.5395311673461503 0.12782022717856584
5.6106660617399235
0.6847000499763921 0.7501113378349966
5.4214801887339075
-0.709386729158734 0.4196215567262586
5.357335619866185
---
16000
77
0.6218297075692825 -0.2509815538144852
4.617261065522247
0.8007404116239129 -0.1651829072627663
5.012566256387309
0.7351595939657596 -0.48497100547001115
0.5340441276256529
-0.045616264088046865 0.48415683427344514
3.606429877665338
0.56868582548758 -0.17643275657620128
5.367324570502799
0.5366761504169875 -0.504769527513328
6.220052140830192
-0.469215129405318 -0.29957687315589315
-2.0383016394097377
0.1928516509177484 -0.4604611480957908
5.249448360990493
-0.8230243775667587 -0.3182805181147188
3.792862441210074
-0.17551884661364908 -0.009571803358161341
5.5033939475578455
0.43683408895254333 -0.23266656476290654
0.5466961642598731
---
17000
78
-0.2429423985620506 0.13534993878970095
4.258784293768187
-0.3072916832912901 -0.9145684189327503
3.770675440119093
0.2767053170688087 -0.32699921009705474
4.6558822684050325
0.44429565914093283 -0.49043966101360953
5.462087348373457
0.45738842281369213 -0.1519247395071943
2.2349010165352015
0.7918595115968268 0.9061711053424173
2.023503069625141
0.9758128387976783 -0.9168185205481618
5.625050114247446
-0.2357079461150992 -0.08643339256006327
0.369693649856794
0.37707183153495705 -0.4791643650758598
2.5121329710262597
0.8739418388836367 -0.741786980906873
0.8071302967668483
0.4719946431116384 -0.08819481049576672
4.430192829389145
---
18000
80
-0.7191097012604585 0.1510521659129442
0.17582286391475135
-0.9331275949254838 -0.0612493728170417
4.506614876148191
-0.06987111275841376 0.6464080005486289
5.540599619414276
-0.12651310864460097 -0.6487523704736697
0.8262367346219008
0.4051589828061969 0.794352367209747
3.3927988496291803
0.5062856153757027 0.4343602089885553
4.541333002709613
-0.35375876773249154 -0.987425271236125
4.2981711314749855
0.11453933173726816 0.6151505189043999
6.080825089923797
-0.9098824423939816 0.012447876618258857
5.393379300540666
0.6103065733745696 -0.0018336250989514392
5.35125314918574
-0.4189161456835837 0.12371739781843862
2.1228160793297466
---
19000
77
0.31817663912639477 0.5363349139150979
4.344479604284749
0.03205861515330713 0.0969978167890918
2.9092762073651715
-0.36101885839523995 0.764598073323312
2.35036522449344
-0.34636434260439697 0.7350763642549708
1.1400865326945935
0.8679244428532685 0.5389504143951849
0.26929846495844156
-0.8254445947115647 0.7949471453348976
4.522091824173921
0.6122812075934614 0.4395376031717122
0.631941033992649
0.5448555795911783 0.6335106595230269
5.927218305653458
0.9801261355424894 0.24642511303471973
4.2197370882088165
0.5174903106862854 -0.8608149986161957
0.37740669349791567
-0.42658105267301555 0.759552835681913
1.4606165072460149
---
20000
88
0.7310548128750513 -0.8240558177357686
1.2063258031205248
0.8375433739739527 0.7632874801860726
4.262284832772127
-0.002624446878736794 -0.8412711239461202
0.15506947375879676
-0.9371760331735903 0.7389498744384091
1.271063134517689
0.9526912896445114 -0.9008193101831197
3.8070130996155536
0.08304510249170988 -0.6907293185068365
3.164006087739496
0.7119980392183101 -0.6524042066868195
4.476991333497274
0.14562639898274138 -0.5756588906586754
2.2192254182818
-0.49848593916498607 0.02380638218034823
4.091832779710472
-0.7027918466007724 0.5120980032789463
3.607176721650055
0.6506292731611629 -0.5023442746625124
3.650899310910443
---
21000
67
0.10332584176680956 -0.6954590625174851
2.476921030042237
0.3219268259437644 0.8555045120163356
5.433568526278836
0.3773007141207947 -0.7738846669304474
0.6642558451907004
-0.814625901088523 -0.24443189873399507
4.6395707487051885
-0.7091329943672666 0.8978060539591592
5.921119848868185
0.4233243793040518 0.9008693408172086
1.476566919255685
0.5609274840628151 0.508628529434734
4.767571478069454
0.9682287993405676 0.29738428876733003
1.7325258675737556
0.17184931028715086 -0.7122688966853516
1.578798378482631
-0.06776283480246316 0.2537859893211877
4.156322299377132
-0.31498777243995885 0.4224175100617294
1.3768114630322223
---
22000
69
-0.6406214955674223 -0.9893804591377889
5.574629681384457
-0.2993561694102488 -0.9579170727088745
5.331556522522986
-0.22212433131711842 0.29103882079646953
4.4215374063840756
-0.3224575144452486 -0.12553492204984454
1.415752784540727
-0.8530832166680886 -0.11681101000672431
2.9104129423400185
-0.4968394060070768 -0.955344604525414
0.07871956004396363
0.7235163212027762 -0.21693069625108827
2.8380368645814684
0.49062274722583354 -0.2522153921490843
3.95353473506168
0.21565690561560136 0.01503972838864407
2.650884685367333
-0.568336946544448 0.6172946417757295
4.243440501197886
-0.472876636828282 0.8604951481907647
3.7313314347251634
---
23000
78
-0.2764576979585764 -0.24177546692240348
3.5752478783441144
-0.44403010375536756 -0.35608534581053786
1.8900910739471541
0.3859495255036533 0.5933617322610293
4.967973300636888
-0.5536005061650304 -0.13168467414795265
5.14942104818029
-0.606637618208555 -0.34093192221686036
2.4405980103976113
-0.8192774880460358 -0.27359464122504773
3.2749017934120017
0.32577132483673477 -0.01990800571396011
2.440602324592101
0.6184216778727427 0.6477703910028888
0.7235732801239072
-0.37124107142388096 0.32553636411023584
6.183610941290807
-0.9282996173612613 0.28827468273259277
4.6747776326695245
-0.6265576426303965 0.3004076495450551
2.3210782787455075
---
24000
91
-0.576257923553019 -0.6703972382055011
2.9920689642988725
-0.47328180428189753 -0.4899220223796378
5.6144294732412146
-0.12346369267669077 -0.007357860253378614
4.343234602033526
0.4386294964920662 -0.15965478431255364
2.7300504309291487
0.760162035392968 -0.4293345467206194
5.351840690565481
-0.5482828637503726 -0.9324887911277587
1.4533618689328582
-0.4506882762303507 0.501015235623993
5.424996246801208
-0.7104786953078122 0.6097480354688142
0.8235076276327034
-0.7378397360933371 0.6001479894529872
1.281896629486262
-0.8848915052761239 -0.6242235430615235
5.648887757156677
0.9286348760988355 -0.6574007812171124
2.6794440592664106
---
25000
89
0.5788535953018403 0.5506352868968437
2.3397206809739517
-0.16161891341026496 0.47205797911608394
6.110928927414293
-0.6244377434656323 -0.49137625556342707
6.092975479637859
-0.974987843620494 -0.13764581977863977
1.8717546948924015
0.7088222420405016 -0.015557788074088467
2.346803538706167
-0.9072732040769672 0.45747464518959624
1.2630873584567022
0.5050906745619393 0.9004669164774638
3.9896999212063697
-0.06429942520172753 -0.9586183290141423
5.405549862476848
-0.6008927409402132 -0.7423790588085692
1.5648123149483055
-0.5966301666397644 -0.9827163310474861
5.620038648431027
-0.8962629467241658 -0.21564094966479888
0.2425112181914333
---
26000
89
-0.6699847694758817 0.6139285226131349
1.6020212979707376
-0.6969936508492356 -0.9397266811123015
4.096011790005113
0.5649806338911587 0.5958466284098415
4.425238791342814
0.6123009469431754 0.2307167227907594
2.6441029064013684
-0.5256020342195908 0.5579911704897316
0.32494531874216026
-0.038362887555606864 0.8761702000666076
1.9120368626879447
-0.4638339383591292 0.5396261978228097
4.511995833488195
0.2744931940792682 -0.1556833817118875
1.2108829922873472
0.7673441153408724 0.5707945221645968
4.603901895756152
0.5172213730693419 -0.5390079232077248
5.4668251076249925
0.46837535862539437 -0.8635727384100219
0.8959606888693878
---
27000
81
0.055069818365708574 0.0060664967125747885
2.3369035455942093
0.1167877570603166 -0.09522314421500333
5.559122751276625
0.9915750239390699 -0.039224276944211656
3.820632234372483
-0.6253311008863842 -0.6685471490273891
0.11099554317433746
0.3829981234608707 0.8254780567144382
5.116352769387679
-0.37772185245369977 0.8516911387389913
2.5872571049666204
-0.9576413650469348 0.43611680027606964
1.431371338906719
-0.7524160922727116 -0.20736098164326403
6.141461739194487
-0.6990449717232269 0.6373524867462539
5.859917782749196
0.6130128636545932 -0.2490326564570511
4.911743094367235
-0.3857651805434125 0.9172015454754736
3.315421312266838
---
28000
77
0.5536503784459105 0.6066083350996254
5.147306229136384
0.7535920482872841 0.5774890706158627
3.3087400390759116
-0.6243958015063553 0.9431293424466812
4.287824497701383
0.5801271098200762 0.45706220662611763
5.709524745118998
0.5067888599833524 0.6333258723016999
1.6455108467145685
-0.46021306145876745 0.32007674810648207
5.339133079452554
0.38584012428310094 -0.19373429005845483
0.09622358036195067
-0.6339792164309078 -0.0172202892196801
0.3016834933006133
-0.2297375795059339 -0.9869895928702647
4.777661114827885
-0.3707701575870206 0.24286286630486956
2.6446957793970034
0.3156742240948168 0.22138539848326994
5.27039139229315
---
29000
82
0.8251110079614574 0.7403405331371895
4.244799477400933
0.6522831345589521 0.8684946920120606
1.7734537618442614
0.576912178894488 0.153954783826695
0.5490462946875221
0.6015299716347804 0.23434348544896924
1.2468133116042424
-0.013362355720846625 0.7413027165764611
2.205898587418922
0.5920555820647102 0.54901534164058
0.4679260199502444
0.8762711759509634 -0.9621843224165494
3.205452592302879
0.9584769049336695 -0.22816223339017588
0.41258407138074293
0.7363655420651258 -0.09610057750556106
1.4254690505771297
-0.9184041845606006 -0.619942383411707
1.3067592405969135
0.41273685758960443 0.9426629540709957
0.6925903455662388
---
30000
72
-0.8880877451227568 -0.19267867040242198
5.7641257929507255
-0.45291987430177894 -0.36697733858274756
0.3165134250835129
0.3746429378834417 -0.02643908474553177
5.990513023686175
-0.49095036930239266 0.3308791974181885
4.545298383052191
-0.4501959921749219 0.6142859453848784
5.509929026412729
-0.5152882668875749 0.18415401733682302
6.132222538237044
-0.6368444244834317 0.14027814692019627
2.381431240070537
-0.7185913696163415 0.07322222698306617
5.590409802881457
0.5484031700586396 -0.12014681460641723
0.36446890251825437
0.1498328842305749 -0.18988258301031025
4.5515658718455265
-0.6803181325728465 0.516562194374127
4.104584361924481
---
31000
75
0.559726159442417 -0.4403528181164869
1.1978271404705427
0.44356517303128057 -0.6119503792562216
6.074294552686831
0.8450429757075819 -0.7360155855901156
5.115002398500817
0.5168253464861207 0.7815139774328049
2.4494659122914815
0.6775746117604486 0.27621971903206516
3.4395544798229114
0.7810640902295355 -0.5328010690749584
4.523658199617918
-0.1158666002644107 0.3821840965266886
0.030111178626454738
0.7796113415748418 -0.3596949612158232
1.0963609468830837
-0.993471805211817 0.4467017965266908
3.7123239076205916
-0.14539627358566765 0.3167989206734023
6.002027286401345
-0.6829371674376922 0.7353395523846055
6.02505651515576
---
32000
86
-0.20112944172650107 -0.3465046012027042
1.5931846156442446
0.13938274317079077 -0.5942371096394387
1.7823548152209634
-0.2432976382914565 -0.41675869011951955
4.643026556775887
0.11323887454740011 -0.3936496211682314
1.721170336500836
0.6017507900519284 -0.5014071670838008
1.7387772668306702
0.43843195239601807 0.8002706815388101
1.3565022559359923
0.08038822489443995 -0.28704497700779835
2.356495401875427
-0.3719086557985289 0.8671916329897046
0.8862434368253904
-0.10854542803549674 -0.31087503938570915
4.004724360841317
0.047622682362635255 -0.29225294388633516
4.987961546461619
-0.03621257933549128 0.6189590080033726
4.53866952402498
---
33000
85
-0.23989146923174642 -0.873827446116327
1.2428089445854265
-0.20636001723709896 -0.89269484969132
2.6673725816645466
-0.6391988866734386 -0.34053205674792103
1.1204317028063278
0.9339695953824185 -0.6684323436034624
0.3672294486640142
-0.9601783442747013 -0.16553605526795628
4.440195077703159
0.47013037924098583 -0.3553194173133574
2.922841365685847
0.5039781701951135 0.34856023318642565
4.63716436665804
-0.45225081138091866 -0.10210226695224475
2.2213023952670032
0.9401414659851592 -0.37979986127517223
3.9106370909353485
0.5439968901272788 0.8092087378707596
1.8213910490941925
-0.4020659342591781 -0.177838193122472
4.5211535982003275
---
34000
91
0.6461655422806881 -0.7202220204448669
2.4674573257729824
0.46859213819615597 0.903190136085828
3.164565396701848
-0.807634071165902 -0.21941302904556387
4.076384407231602
0.07455659759911232 0.9509021524081273
3.096484107289349
0.9214088463027725 0.941729029217659
1.125049802622991
0.7476389004115612 -0.8448848556511654
1.626027823063711
0.9309714057670642 -0.46857283320630005
0.20385500991797034
0.8822577710694617 -0.8727797633428798
1.6864381755392097
0.9178604564194112 -0.6155326101449358
1.2398274325841339
-0.18657564946679145 -0.6770956865679197
4.0624157457940475
0.35183847412962055 0.14967928308459028
3.6856706967071675
---
35000
75
-0.7772615587538105 0.16004520625062935
2.3088573046638414
0.8397631334618261 0.6806067263843052
4.1062291276567
-0.19624952548708835 -0.26310949053243243
2.3453151393715768
-0.5173827741105124 -0.6848884802046435
1.554471174060347
-0.9335715348543928 0.8702617773889244
3.9243435153247743
-0.8050694482439181 -0.9184773425894063
2.6626494599790833
-0.32953433068313265 0.046593386462440926
4.120651357081735
-0.755015109086363 -0.4135714978186562
0.8099106937276828
-0.45232835452592834 -0.39037524943888835
5.7787078155846014
-0.16063871749203312 0.2074963156612214
4.316507609500752
-0.8089789408849724 -0.7992747834405703
1.903594514735497
---
36000
75
0.17259679824846813 -0.19983832889867117
2.7037699047362245
0.1885564169264155 -0.43617480542233067
2.836507416370921
-0.34391893055008127 0.8185840671938375
3.1565065358043407
0.07570317288476919 -0.3691291451914809
0.04328654421426048
0.43950395551717253 0.29006729964023253
0.8342191699780219
-0.5588769659106384 -0.31602160703958193
5.798380603160066
-0.1708549892738856 -0.9506854922434539
4.017276455266537
0.5820487742170126 0.9319741060437224
5.784929865752061
0.003418101532531491 0.382616865611119
1.16917446992675
-0.655533067361396 0.8592587684527411
2.2827072126791874
0.44381907577972707 -0.2318816486696712
1.9754816902064665
---
37000
82
-0.5036527621278273 -0.15018536570415625
1.3477153872652663
-0.37977708734194315 -0.5540929646655413
2.326666463604001
-0.6074937015446481 -0.07016349943023152
4.152282543848512
-0.5463776059131761 -0.5221997126068064
5.567373377533923
-0.626936428677807 -0.9056435485467357
0.4205564013850882
0.08973645571480378 -0.9756490070582078
2.8450943106145354
0.6073787800950846 -0.9496204421778379
3.8395879301331215
0.414371931829329 0.05917797958545821
0.26601097273236984
-0.7718897610224652 -0.13602056154411155
1.6082731433157935
0.08112331126023689 -0.19771578412281107
1.162783947588042
-0.5003208880569909 0.9788410232446882
1.7233455174162815
---
38000
72
0.849936740278596 0.24459857329392673
5.00255707382114
0.9033087069960989 0.3189838590455712
5.79225406256372
-0.6810461522593978 -0.16650404768483795
1.2418777015511424
-0.07612798674917405 -0.013162914713695273
3.542850047744113
0.38350068003290066 0.15416671468415954
3.470684753698685
-0.035432268070608446 0.14410921593855097
4.610553904562085
-0.36282377184220815 -0.8666765097573508
4.480271399500437
0.3907837453797434 0.43207838288577016
0.6252357144939742
0.14190089624102165 0.2612944955650585
3.8118868446713234
0.04773519979527427 0.4856441966141336
1.8559847387117943
-0.8183694542881582 0.401692317892633
0.5222193838608957
---
39000
78
0.03586438089356586 0.5896956986376296
4.531956645928671
-0.027847875093532523 0.07194003013892823
6.190561052086917
-0.6259348097892772 -0.34129450663241817
0.5276408168371018
-0.49326553122447925 -0.46787823448520016
5.53853876127964
-0.47512350793156855 -0.12652571929868797
3.3665571768322815
0.9566596997389993 -0.5607137679764723
0.16087807751850214
0.18580301069521526 -0.04255512476719574
4.6135989593781535
-0.4491942617061049 -0.4867841716196364
2.8054560211580046
0.1792939555553545 -0.5618700106361288
2.355137118471106
0.5995583861196533 -0.6872795078881426
1.4339175993574829
-0.044166255414938314 -0.3103526176117629
0.6369497091383653
---
40000
65
0.7889858861237766 0.4628939584479479
2.869454278769317
0.7733698358314397 0.24765778648697875
5.447612704237339
-0.9242297302259596 0.5390891808817365
3.8235969319072476
0.2443288459974854 -0.7811257494768425
3.912032504641564
0.2420345795787354 0.8972775414668117
2.952218076534285
0.22386972778526826 -0.9168568323995299
4.226412088641898
-0.5647742003908586 0.5941068918896525
3.0535722659579427
-0.8102769900305584 -0.7405114697198899
0.3146901799941766
-0.9218566373114303 0.7516107880898875
1.592025518882524
0.6165824019939482 0.7603145885786168
1.0361426853632247
0.9007538781923873 -0.7944749755833299
2.4226422735653497
---
41000
74
-0.0603948194473002 -0.6598306039461063
0.4690699490704667
-0.016084913225751105 -0.8946948409776747
1.5065175581757426
0.30158328257770683 -0.13217084524432043
6.274393760459652
-0.6155134915084742 -0.10216953349386956
2.933481877069285
-0.16196587429998194 0.9774374882324983
4.2795770154197745
0.8109184967280549 -0.39240320931913997
3.953459427387684
0.2796312899842866 -0.12933659422606714
1.7011085372836643
-0.5674158752644651 -0.7284307141589026
5.7056244614372105
0.022986785378006577 0.00875438584620146
1.7867046958526593
-0.3515112094057083 0.9660726867583183
1.6550554883603104
-0.6169815179067693 0.663105738201585
5.070296776657125
---
42000
85
0.7006543575778426 -0.15551700006300617
3.7160923330224684
0.739363477877831 -0.9664478156392527
4.627211273986716
-0.1774833291915003 -0.8287458720276745
1.445792837086545
-0.6846888972829753 -0.7021064980673052
4.741200719884184
-0.27130175383122784 0.19457670402562144
0.1170478758131317
-0.09921499542818302 -0.9374090939808226
4.0005383707777105
-0.11559049748622338 0.03819205991725457
3.2223782959378804
-0.5971872290618345 0.9831560018997555
2.9936357611970585
-0.487919129923637 0.718639796638841
0.14106881686108164
-0.8522848032445789 -0.6879646267755436
4.84511703746119
0.7491465827349896 -0.028625088066069733
3.5002434492884857
---
43000
65
-0.59085634426209 -0.37783348108826387
3.2667208700303645
-0.31668102274036264 -0.24954183669625563
5.487332152981832
-0.3261711220010489 -0.31001197203887787
4.706110824171864
-0.7097542445247038 -0.6052824251855747
6.092426538043457
0.2023141987125715 0.034844253260970195
3.5002139980822626
-0.7821137320852202 -0.2605490461535151
5.387578696355434
0.9293729482807924 -0.7698897838748067
3.117257358476202
0.5752296563329172 -0.011662788701445798
3.1725682795269092
-0.5102207841580514 0.37490602070249207
3.5487685734586067
0.3530416066000463 0.1583674597584808
3.8621958828927045
-0.1223657300875773 -0.4074495339958389
3.95509954643481
---
44000
81
0.23468412354165366 -0.5414696228753182
5.825323200418291
-0.28628863846097913 0.7272876832586567
6.100186888302283
-0.7060632483494803 -0.16179206099090185
0.4907067847399311
0.4296118035639189 0.29554216142793527
5.721291830610871
0.696622659503129 0.009704026050545728
0.5249057643474302
0.9760569739070809 -0.12534684754551154
5.894552248181977
0.24987367232795282 -0.05049376983005235
5.68729595801322
0.521718376207233 0.01456923949980133
5.778397620118946
-0.8698164659248999 -0.7963395428319349
0.9846233030722429
-0.4055810731207541 -0.03455414196297296
2.9561887122294888
-0.6296481862108324 0.30243809806245536
5.984594572623163
---
45000
71
0.22371395739471875 -0.2985043222346845
0.2276239628138341
-0.49996879563542046 -0.8225906145191255
3.5731499653260324
0.06571269604929161 -0.6484160620053236
3.555473099893474
0.43382142154299586 -0.3245235151342749
5.983851949417309
-0.45169798806778466 0.3777666631898737
4.593645918308707
-0.9553166104831734 0.6327035025538972
6.044381329582118
-0.7553448619254873 -0.8992814563385085
5.364554812263241
0.3700709773632021 -0.314694319348717
4.161523057222232
-0.6793555795145668 -0.23281639175333474
0.768621873102064
0.2559919215427505 -0.15598234957306364
3.5410408119708867
-0.5239179865469782 0.5083077855009217
4.59557071976737
---
46000
72
0.6824676524705963 0.9931583777408491
4.567907691371499
0.536823053785762 -0.9501203963410645
0.7956134537853901
0.9734968885962786 0.528818109800031
0.5647773723222658
-0.18668018180113213 -0.6785932317420128
5.114754211158593
-0.8923546715647483 0.9709051424719918
0.6917288810136135
-0.9453996615331653 -0.8681532909580484
0.5051951576129872
0.43490067981155794 0.9418131292050804
4.218325991652219
0.9611445122427349 0.999516830087674
2.256505704070208
0.2856506069709206 0.7858961703239915
6.217658711259628
0.7410167220507755 -0.8542160730910906
0.5725888277258742
0.5798333622471362 -0.9217353662899087
5.726275638562119
---
47000
83
0.23054722467765168 0.8239114453717168
5.199169336014662
0.91086580826298 -0.6444337351636902
2.350593131223012
-0.35187016992010484 0.028576354297118273
0.48031066479624407
0.14087504628864334 0.300286088401006
4.273550308754692
-0.5341526740604385 -0.09769752005250278
1.2679551952647765
0.6373165110307011 0.5269859657428884
2.7756814491287694
0.8180198244363173 0.6207224474227369
6.027130083956251
0.7755729179681511 -0.7772076803565516
3.391877642998131
0.3550227431920874 0.972205997456799
3.246583278992386
-0.6621737887736067 -0.37856948422291337
3.424487583338146
-0.32865911271982484 -0.6931035568503314
2.6588982449172374
---
48000
72
0.30424806777695557 -0.5787971663982933
2.6892804602569926
-0.8806917601349114 0.3892350246209235
0.2213277955693833
-0.8784418043838411 0.18834693617788512
4.670147792114619
0.505262085650611 0.9277675417936896
3.2493400825564045
-0.9259385080572293 0.36086007225212136
5.958237497939361
-0.3597053712697042 0.32964814621463967
2.602433066105382
0.9202087119051507 0.11530210117184131
2.945693083086195
-0.09138650917571893 -0.32838516125112216
2.706845658091469
-0.5311894941928197 0.4725967584371609
0.6886128747995395
-0.6957490338149641 0.5199053875320201
3.6224444156988014
0.8156424579313806 0.2107464182909291
2.042262248498381
---
49000
91
-0.7503061482206536 -0.2340335211423732
3.7614153602578417
-0.48684818997742974 -0.1721294811240885
0.21899976452994085
-0.9188651098539906 -0.2346993767448785
0.9972838899287906
-0.10962330467538184 0.06441292860249184
2.0532302264541435
0.3283407185217779 -0.5321063050224265
2.668902384251597
0.8651962061344308 0.16639284067684573
5.866717711736062
0.3572433318780841 -0.3525012761508821
2.61540964011375
0.6929884283562705 -0.05069958811113819
0.8576120054703029
-0.5280777725906691 0.9204548834481487
3.7265958200999396
0.5614012776130627 -0.22188719567946338
6.066533998210074
-0.9147639706270526 0.13465899971675196
2.2976447103870923
---
50000
83
-0.31541374041193954 0.17032897748767237
5.8282653809765765
-0.2418462944178677 0.1566417259492292
3.553985643321277
-0.33229589573879204 0.48482700341561763
2.519669399785494
-0.445760378103013 0.46501202436325767
3.453900588233182
-0.6465299399854023 -0.9273422099485302
2.062806799706351
0.844258793971352 -0.8662391681754839
0.040272276147621966
0.8159202324110354 -0.5973223986799828
5.420436482447553
0.2717935056111806 0.8182734072849694
0.9745131901170723
0.6746602937188098 0.9426132562479036
3.323906737767543
-0.8875366914521038 0.9246746097449884
0.2670023115811979
0.2336459735300875 0.601416682496006
4.008685421244696
---
51000
80
0.8027905545118069 -0.9520882486856406
5.9233263480879135
0.8312921598960433 -0.8724761626640531
1.1072735229156416
0.11462144321717865 -0.8677268537453809
6.025251567400069
0.7388344650789507 0.288977785786978
0.6493071466833467
0.18328200142456463 -0.2586955128976713
2.277229925768866
-0.262435287520083 -0.9143669224107095
4.121888568166953
-0.7617620272114032 -0.8111486716361718
0.13324198704517798
0.25040739255336136 0.4134890636128541
2.5670919060429567
-0.5987507837844295 0.7581578769796833
0.6260993308265954
0.6062034378998857 0.904616853017767
0.16900705560274965
0.3173389499735567 -0.8008108192689742
1.5943827208450898
---
52000
77
0.9148577041876408 0.44164649529195077
4.2652135175798875
-0.7730686616241574 -0.9914549965674038
2.7249498572729838
-0.19166896458185498 -0.3624501599334762
2.715838893603588
0.5597681564483901 -0.26980325708555664
0.7716348474849157
-0.29356715076346973 0.316723939756442
1.1737243949436005
-0.02786560661306051 0.6953146111042542
2.219179695346136
0.10772920771015887 -0.8658004849247056
2.2110962074187075
-0.2239457726589697 0.31963515750379934
6.108133628702967
0.673111782234392 -0.259054032115161
4.094034398709993
-0.12339126287677993 -0.45660482870233776
5.540928684706237
-0.3671341396619975 0.5660684520313778
3.4986060128939664
---
53000
70
-0.17443045510661923 -0.8051999982586747
3.604724568826432
0.49130186093165984 0.9499686556216206
0.5062637884617684
0.3261386091897034 0.3167644215349977
4.1333931075703125
0.32017460945730486 -0.06311009191665574
3.3167079516600158
0.20959406698999483 -0.49786082845580076
6.280679851856426
-0.07378286272394302 0.9760422096458296
2.5555594032600464
-0.21408532033705 -0.5510848144355697
5.046181046745286
-0.29728805691806115 -0.645569813736995
0.55228270794092
-0.6802639523264116 -0.515646313466256
2.3276065356072064
0.4412278010973429 0.53355163306785
5.790892245858575
0.019203905270120433 0.9527461673041344
6.234239388675228
---
54000
67
0.8895668060126543 0.5427518417439398
1.28083762210933
-0.7398872982720569 -0.47410191041908734
5.817312097056739
-0.830456086650634 0.07058360443790797
1.5900487035499502
0.2731396382670334 0.5459543386893487
0.1511737119808041
0.6208551312356376 0.8921217976269515
3.103362857336853
0.45730992126431513 0.41637600233110383
2.0687542606397713
-0.16070728100621257 0.7276139403304346
1.1353520949726095
-0.40492318470803207 -0.5344904891259356
6.249651285335802
-0.5570771684772216 -0.6109826503987318
0.4985563464185958
-0.15789243820945056 -0.22932097537083163
4.176517404258011
-0.24121778229550914 0.9955444751870679
6.1247871014087645
---
55000
70
-0.9321191507597233 -0.6166482285216377
1.1356976094373257
-0.6512597987735449 -0.42530450973092365
1.3996936379372888
-0.22726194498207533 -0.14134788512496038
2.9554646614553013
-0.5447973703298338 0.9447840939093393
4.456618825778455
0.7927295507960131 -0.3830283633474364
2.036957685993128
-0.011080597479660732 0.9170746908770807
3.9567088524735183
-0.6030133732987032 0.8246452654585575
2.5863685395752594
-0.09575757713860203 -0.8016547148622017
1.8983351859919457
0.6675083551850299 -0.018577380717439276
0.9481806254979324
-0.5813570753594972 -0.3649695611446143
3.104615064494771
0.00013515131693343785 0.7649958495001384
6.105537300134227
---
56000
70
-0.34645469038603127 0.440967035768994
0.06855661600998386
-0.21906730090396617 0.238471247341953
3.3579303279596076
-0.9842118509445024 -0.5123916437421789
3.366576280169971
0.1562193290309379 0.17947067345896342
1.3845449404522086
-0.5901194940439538 0.2611560280083247
0.8292735892925611
0.6820595665987438 -0.2313464090339708
1.800244566695981
0.7275478693521134 0.7635035842058063
2.2942314179475374
0.28094176350833716 -0.29115432591202844
2.4034679936772725
0.781044154392198 0.1697168774123608
3.418177164595063
0.035442149723759614 -0.9767442725190709
4.787613997160912
0.837675672405859 -0.12147625516648276
3.828620577237971
---
57000
79
0.9500375359830718 -0.5108107405093578
1.9443825337267413
0.8168953985455889 -0.7309249943122332
2.1929318778974185
0.8816758626045738 -0.8194242045993251
3.9755292482180202
-0.6768273735921817 0.16471483727513864
0.29906602654046566
-0.9122953386435179 -0.9976316749857319
1.2170579318996317
0.2517069350111817 -0.766811745176488
0.2692738098164833
-0.5802325531214001 -0.632830574507918
3.193353386284895
-0.26569267888105064 0.4035804375808054
1.041108860293762
-0.06811060588384954 -0.31673779929447715
0.4364482015799762
0.916339043365216 -0.3402830112174112
5.645003133251674
-0.12693295625663326 0.14926626397422035
2.973756374377455
---
58000
77
0.4534854529205663 0.5297958624892735
1.3079078629029555
0.4769946892536728 -0.05988722962161515
0.8389063052626291
-0.980857112538237 0.6862190740780809
0.7177473929228517
0.11000276227319153 0.1528929947195083
4.966628340923124
0.5751996089367397 0.08583610644851936
0.4943250597876405
0.9599042015354133 -0.1656691336493525
1.4375767506208925
0.5114067405111303 0.1977126327142983
6.0837780850626855
-0.7866131490297874 -0.3079495682174956
0.7858948968514765
0.7362806295589538 0.8477687974763484
0.9707849201290948
-0.3015243497175531 0.45962842775445606
1.0727386089939897
0.5469400690542648 -0.9881848401432622
1.8968783386456023
---
59000
75
0.6693440317130838 -0.030783749721889096
0.2415185382386104
-0.746348947828502 -0.8775595719609328
6.16503702034217
0.9780327371322577 -0.30297289919428316
2.31085940325862
-0.13699074945200398 0.44080331887752605
5.3207908800528125
-0.16417354546322316 0.33657165656467924
0.6980474909515655
-0.01596629134331726 -0.6359079797564974
5.451797190013979
0.4690839861450972 -0.8403908551312047
1.5780867674724748
0.16453253743290097 0.6236883823186475
0.6488104535834998
0.1800996175244704 -0.4636976036628244
0.6159254054974639
0.21189874111072296 0.6637434343880383
0.8874120173243059
0.932558284252852 -0.9659406170463485
1.6840185613180543
---
60000
74
-0.5362780289192112 0.40727385022689566
2.5288258418137786
-0.5208765613085264 0.39500250740593207
5.080527121035601
-0.9321817819084484 0.30205833051001996
4.9433519102937025
-0.26302579905658363 -0.6781655488646292
0.001339853330668106
-0.8869220167473472 0.5058009797410378
0.4304852824119516
-0.3483319921594144 -0.2463563216833602
6.132925802343706
0.920999036461226 0.4916783931209708
2.9761685627993293
-0.4922240778702009 -0.36459049763728685
5.70381948398225
-0.623048283408316 0.2203196883333447
2.4992428552978665
0.6640921060116268 -0.5750923107659182
4.92008647663849
-0.061746652373881085 -0.7338998638662262
6.185290222762636
---
61000
79
-0.6251088440553454 -0.6570797413848988
3.219539526844494
-0.4874594190840301 -0.46637464614279706
1.3618868143925678
-0.9214706981516602 -0.5708919745490699
0.1503496777168607
0.40687886659204237 -0.3648626176889004
1.1861148872431517
-0.7083686015367489 0.7707092647468117
2.832439177219733
-0.4416888899755899 0.7177249229873578
4.537619352448936
0.45779798831835 -0.31514641408009586
3.7248949327477527
0.9584874448381346 -0.6629154957014982
0.5037380439044918
-0.6446765361333032 0.7781237174302238
6.166580543855435
0.44954888177286684 -0.34232930326930744
0.08272917130078028
0.2583012253019714 -0.24786076217414896
0.9965312460857856
---
62000
69
-0.4091404234425591 0.6164994172444697
5.135979749854863
-0.11199674204484125 0.4993369033878859
2.596595353355621
0.9060395504452756 -0.6401198288159257
2.3536753512297626
-0.9955488146100266 0.532042382273299
5.208272884530215
-0.2988971358306533 0.669817256986965
1.4347447321405689
-0.1567893374335371 -0.4906302587201682
1.9140573907725011
-0.5449812050154225 -0.8159308165340063
1.1515322413722267
-0.5863609384027977 0.4434283319497138
4.693932599958073
0.6932782425874975 0.1869537149981809
0.12001816877758475
-0.6698348303833856 -0.156048529262218
5.5289933132202735
0.39412312039558434 -0.2628610522886704
1.4190020025084227
---
63000
72
0.16820959944645372 -0.2887980324777257
3.9350954593848573
-0.3014630599674386 0.8641879435883238
3.8555840978600067
0.27423850234400127 0.17121103865785264
1.494934256180418
0.31098831974016805 0.3850209862698619
2.8978740872434203
-0.9740157347104599 -0.7902337503993008
4.251155578896636
0.35261107504378253 0.8231301795074233
5.072066320519445
0.4023669185157744 -0.8436660247362502
4.855696303499633
0.1290726478217306 0.3950161099338582
0.22054518228378583
0.8894650483215409 0.6697125713027546
5.727980586111628
-0.10996173955327715 0.7429937623466099
0.005822385739495672
0.792096999631424 -0.7975900292745163
0.05156730378798091
---
64000
84
0.5984053370242665 0.8946675773904517
0.5403949632453918
0.8205521194216705 0.13907085099610456
2.2107640239726702
-0.829105775308698 0.17064726665044372
5.218355663070746
-0.4959493285776222 0.8949174602002838
6.088404967234283
-0.47993905305873075 0.22454883358994798
5.2310210918053786
0.7264472511934539 0.700901267287744
0.33145386174373126
-0.24854662343971695 -0.17280096988109694
5.253206852472023
0.996453871219138 0.5898722340983159
2.624554520821537
0.5141245584195029 0.08735342176670538
1.869574956707412
-0.25973562641662223 0.9130304820407925
2.0201349845697605
0.5385053675240368 0.06189196822374922
0.31962900828087726
---
65000
78
0.4097824011498173 -0.8337495643996535
2.51507085797504
0.3227365867745088 -0.23559994207556983
2.2376585397950493
0.7825297294248253 -0.847237510648862
3.107955945268376
0.8511217437496588 0.07016680692500211
0.3262212312453725
0.19042612140253923 0.6559614042709192
4.685563812645706
0.9870226336296906 -0.9914554262036068
2.603513428814029
0.13923827890026363 0.9375339475373077
3.703851197751539
-0.7818895315782766 -0.30632747998914744
0.3877202545137264
-0.9937319529613204 0.9087891155366552
5.412371536524102
-0.11310003880965133 -0.4132231170484556
2.998059948025136
-0.9316246140233755 0.4918180371370904
1.2934937792673802
---
66000
85
-0.2686897163411749 -0.4810252139152027
3.2231974450771412
-0.22425104327870862 -0.2387391032296004
0.08215997065575298
0.9585021310371313 0.7752998848787515
1.8018877738827106
0.6367386312048003 0.47625201915150955
6.006941394149132
-0.0009287250460697438 0.16837410494674712
4.742155866435086
-0.11977138875068437 -0.5781531721261577
0.677165921295483
-0.05658952572526421 0.9401813831730145
4.745323663628946
0.4453299648028565 -0.4113056194729439
4.369229617774079
-0.6065389270754323 -0.5928429039023696
3.1349100301666324
0.8175770984095637 0.3294728608836248
6.164348963001484
-0.6993833999626844 -0.7309032159179294
5.71720365043747
---
67000
82
0.7041409230283306 -0.8416745694901322
2.567673629348217
0.5697194953350617 -0.39666428208099735
0.8625636293902872
-0.534938788534286 0.07966185300721351
0.3699718911050667
0.19327265515905315 0.12440356580780706
4.598737952774348
-0.959868441767709 0.8717680998066932
4.023169850245268
-0.19090067196171553 -0.6428743747295799
6.130015073517087
-0.5789589535282943 -0.5497597463461511
1.5188546811060588
-0.7639196230033588 0.9169498733118433
3.927481624953387
-0.18320581100732258 -0.6707596105411776
5.858560065150452
0.214275507752758 0.7371719641727191
4.0823597841449235
-0.025123591332401135 0.009072506615576084
5.791890560751435
---
68000
76
-0.18042554039854097 -0.5110365939436963
2.7169043005857128
0.08322531333993916 -0.5043053448006086
3.0326149517968295
0.17785878444708825 0.7557072678961617
4.582888808155431
-0.7691924410441768 0.4930795044853457
2.6731658838717722
-0.04260973784604935 -0.09018911152460074
3.1720904986606993
-0.3474265180867961 -0.19141663855442348
2.5976460408617283
-0.9168947575830182 -0.27332038960468485
2.618436057984267
0.8520693774020411 -0.1276914023397173
5.091785060246911
0.7854138504373422 -0.09158226997398672
1.4210776926662998
0.1654870703528244 0.30261200386103515
0.7390409156399058
-0.5138429079629399 -0.9165299813187798
2.233696628347197
---
69000
79
0.6557524299419761 -0.6982811252913544
3.590130799157273
0.7347811662894496 0.8489496758291926
3.728316408257222
0.8828629539545256 0.221923015741573
0.43875263260908515
-0.16033590698525765 0.23227936920936626
5.902126676788508
-0.6335227614270644 -0.6703461004202489
1.6552143979687912
0.7148222441506983 -0.15721694043983098
3.4911919496591945
0.47204915335341796 -0.9575313328144922
0.704594642204956
0.11581239844024344 0.6855122085935067
5.558487613964817
-0.40242666965019214 0.1765670273719706
3.6670287674739512
-0.4898829647539567 -0.941925012345273
1.4219366624686085
-0.24050920031378753 0.6924640408476429
1.1222041173476525
---
70000
78
0.08481273973996033 0.6294789638561364
5.032630713409202
0.8176938883734702 -0.2737145467447897
3.0958290539896556
0.33592652448081667 0.6678376504040215
1.7210167621763448
-0.27804314702919064 0.5959303695923408
4.151291337002079
0.21149657772967803 0.7191879779545067
4.725099119088077
-0.6737680497435468 0.669166708656755
2.3829358154431155
0.968185720999664 0.2888639194758909
3.9767013590999403
0.451929943497994 -0.6461965822516688
2.894532002403338
0.6510559224834128 0.3902583111915011
2.8622354490210338
-0.4328155764637442 0.48234757650002724
0.9329555510213456
0.6297714402728453 0.41486851303333766
1.9516390291500052
---
71000
75
-0.10775927934338903 -0.7638197898292933
4.63532480408662
-0.13800232004482993 0.532747002972403
4.888833629475349
-0.21016792858522357 0.7431137863367484
2.0946387674238744
0.7482773450195986 0.4623304078355518
0.459506287044281
0.9691309599010508 -0.486564456345985
4.078861445511425
0.270942222760734 0.025743873003501123
5.567922036166265
0.6368460562364189 -0.15872330255871497
4.65374821680302
-0.3562977124679805 -0.038549048801020724
1.1186836728197775
-0.33315108986797426 -0.22412314497933106
4.272643429450461
-0.9609878818506452 0.5654333580933514
4.65673694779595
-0.9608376407885444 0.5007145987559517
6.009085323941042
---
72000
78
-0.06353036393368483 -0.6440120043375219
2.392106868246143
-0.25405606371653155 -0.4989078916415735
5.908440160562758
0.9258527652875059 0.6807240982794789
6.04187589630045
0.7320583833254221 -0.7496373058255582
4.690157871036944
-0.29427969035656126 0.7701708618959496
0.5106421449032199
-0.4175328053539079 -0.6428461670413456
2.7313456462384966
-0.37659925203194566 -0.5232295648308302
3.6096982475650927
-0.9004583454743637 0.7960581665974285
0.8084583883688126
0.517532478712536 -0.9553203458073877
4.853018654410137
0.023104007536926912 -0.6948200995913724
5.574347898067737
-0.23912007736488422 0.4994223893260567
4.428816153614832
---
73000
86
-0.1925973439657416 -0.46725488844967666
3.9044082604490655
-0.221161334737981 -0.4757462390605995
2.2396479641343072
0.653543714355211 -0.9225229910818136
1.8070443732168853
0.8729373019717406 0.7177242880061293
2.4140409812164547
-0.3826781835515789 0.9385962610892806
2.1413126851005666
-0.18133152480890746 -0.768059287063346
3.384739161821278
-0.5691804004587291 -0.7810459318753477
3.2226545360923637
-0.6865504639306672 -0.9027453936871109
5.265455074912305
-0.5587391445172019 -0.9850721103522887
0.11581269337797817
-0.2861814399837148 -0.7549457571496461
3.3959781256162813
0.8940182380036741 -0.3364659141593125
5.246195102255379
---
74000
86
0.8250115564235161 0.4910192845383986
0.934437407941473
0.42009235863631395 0.22069479652203972
0.9872504426419342
0.5592555366069256 0.6874346801092357
6.135554539331298
0.2841966736950094 0.4422077690208873
2.412680415581396
0.011509406463923857 -0.19997174782807037
0.22124438955405967
-0.7475437688570924 0.8389044209671332
2.6038050270951505
0.46369696379922143 0.10035031201683046
0.15827786477379746
-0.4565178284243355 -0.14633204476444822
5.876728359116264
-0.711218345557701 0.8693663275670619
1.8125237996438655
-0.6996148770667197 0.8760770812470708
0.8792459720605406
0.3723859588388413 0.04233094368328415
3.2169860086962707
---
75000
78
0.6680556832422141 0.14243105840037956
5.147924942193493
0.5907470342682265 0.09654564698455784
4.5725024720261915
0.16684462472591216 -0.7724617725271236
2.526933797739873
0.7817978700392617 0.43035437975565716
5.527771982225614
0.7865356522505189 0.5113296852785383
5.22911011766291
0.8578182690138558 0.15678081284101597
5.85886119904439
0.8199597589838935 -0.07290277757587134
3.437014769660177
-0.12160354862643127 0.3166104684578636
1.6357957797392562
0.32730933101722687 -0.4381135800805693
2.7862884460887587
-0.43231709769820975 -0.825486449357412
5.709748179659531
0.17098658816268694 0.3231323230247512
2.731160281769254
---
76000
80
0.22800475025323605 0.26976261748940333
2.8571032079011576
-0.7566442066478074 -0.22125990453506947
0.5528068166029766
0.3540836141710506 0.08959546760988568
6.092663858131268
0.7175288782109003 0.6358698051856737
0.3758533287905241
0.9788301967547689 0.14714943348064208
5.505209417443617
-0.6107990631857911 0.8724592964970868
3.1568261969612545
0.6052183917200292 -0.9560982156058974
2.380367361908261
0.3410127548587816 -0.5239466092918242
0.3842987532252131
0.9851448793596839 -0.13013808992661482
4.32831163777311
0.5090552213254534 0.8208442490099133
5.230321806109447
-0.1534826739748732 0.9059296271725296
0.36510489374229393
---
77000
79
-0.033920001323766824 -0.26693695295752984
5.16671541827134
-0.010649213846977968 -0.3032983108436591
2.9486849561499575
0.802220652539237 0.3935079660465246
0.794814675727932
0.5888387450287843 0.6917584700562612
4.990267005316405
-0.7941851348885616 -0.24730367405974252
6.0615752476085705
-0.6736423156891742 0.7679201820740525
2.6306887232725966
-0.4239468475301484 -0.6208923498338307
0.3454149346458495
-0.7932253717482605 0.07643135818040724
0.39373271891567896
-0.889362925658119 0.7531054272519584
4.18968207469494
0.8097530153199329 0.18921380770069962
4.366664927178573
0.5660974731618829 0.4586335917521499
4.017412996536878
---
78000
71
-0.44604061036671977 -0.012711839060909334
5.213456213242125
-0.5809551316144361 -0.9679501485737347
0.04972469618517916
0.24970158965558736 0.06699436479264329
1.8987365998647556
-0.8207322107252795 0.2611670545862398
1.6004061074611178
-0.0601100422827366 -0.5202797415323027
3.645028966033456
0.09421198014237085 0.012377897104500723
1.6822611131078267
-0.23510164012940002 0.9575338017085289
5.310331044355324
0.242739024951461 -0.8465991415111738
3.3450840973771205
-0.32706339690432107 0.22414395884132124
5.987846621456336
0.3159206635423719 -0.4887694268332998
0.3168470517940598
0.6704082986777202 0.14628590580328185
0.13384826824074458
---
79000
75
0.38046406065992283 -0.6673033905165086
6.205263146803976
-0.5222931628165091 0.29831011750293146
3.820378748073076
-0.7127678570817513 -0.08582029642254965
4.0574444937413965
0.7182636540844912 -0.9236024936899406
1.7358993951408106
0.9684392984475191 0.829035714337963
0.2562453720293689
-0.6832957833030405 -0.15189951148072062
0.5831005215087739
-0.3097282567486163 -0.23482628245764442
1.5710347410417889
-0.43077795008851516 -0.38551660881498373
5.184371788389132
-0.2567592624510216 -0.008714571946484631
0.6109459679955238
0.8126401935225891 0.27775274222352836
3.9277532140062226
-0.4985001692414306 -0.08415600098165876
4.004454884186523
---
80000
79
0.3353756065192308 0.32623594072971374
3.6598524228287657
0.3196234260521737 0.0786995216901125
2.3897702442576785
-0.6308426296831524 0.055846570658506386
2.7469257969063836
-0.4249564138601609 -0.9114319357215163
3.1116197640972656
-0.6519342430810606 -0.8961602025267581
0.8489015364950285
0.39420898546049155 0.737438761777503
0.912563105279153
-0.1575652077365594 0.07601794267434181
3.75956327364368
-0.9801164956155226 -0.8258233982274663
2.258100373695779
-0.31241629803759574 -0.730053405795572
3.084254782566755
0.06079023179965365 0.5991752763268133
0.8941837223054705
0.5463911908916405 0.1592531053829968
5.988827092536834
---
81000
73
-0.27844074096888255 0.8445948390930784
3.5588408626931036
0.9624822105462683 0.7514902234025802
0.2051860707623936
0.023788295867386365 -0.015202390114401651
0.13445281702464928
-0.11933298942998889 0.04183178186946401
3.8007349975622597
-0.14406309337394416 0.33817850963219137
2.4339189379183317
0.1675110736554966 0.326532343694285
2.643293575318859
-0.040284702298703984 0.16127558197401343
5.737896681969838
0.21374141347163295 -0.9445785673135544
5.662245082293543
0.2609704052099752 -0.26005184460990177
0.5820335986931351
0.6423682633337001 0.24421606891938966
0.2467931149757936
-0.7149251391295346 0.12589055982723424
4.4653579317334895
---
82000
76
0.30053174337429817 0.3938624955903551
3.006379030311393
0.3137877560986009 0.36708125301574634
2.8778187724762265
0.3942366990565398 0.8766114292174587
3.6520519918219962
-0.6855977143304175 -0.5242690895629423
1.909118820469696
0.4440707428931169 0.4246227092323769
2.924690701085046
0.597619605119764 -0.5122565984273191
1.1875400249127273
0.5079207244682098 0.6030577214833878
1.6529979266697623
0.7294985000504562 -0.005224196247025345
3.8292299113431625
-0.5076412359648126 0.5354352000201578
0.7075455006907374
-0.5349408406846454 0.0527874927370376
3.464681829745781
-0.4814149671797526 0.3165672087517104
4.420576058159149
---
83000
74
0.2655953360302076 -0.3657575271776999
4.644194798222114
0.24745488687908732 -0.3587090588908839
5.868449626317926
0.9182832736522089 0.6039669257136777
3.917160511545248
0.5255329285351812 -0.09882062749176858
5.325173361740725
0.8676556005296876 0.5740405257190682
4.476908572023718
0.7987359972190382 -0.25959227922544015
4.0442020781947825
-0.9046247106158469 -0.42500124299049624
4.40492077716666
0.31573471065548087 -0.9156795477902733
0.6677859704247551
-0.2981395849005663 0.3634951377788864
4.633862488931538
-0.26172011153829167 -0.20866683941181927
5.771182460960876
-0.2836864497118349 0.7229417798916016
1.9130641403157247
---
84000
74
-0.5265887539943725 0.188512488654041
5.577046800523773
-0.29197704540877145 -0.17460324140688865
3.4566128977476076
-0.25242379420250843 0.3390064244402741
3.0877620616325894
-0.18339944640536196 -0.8749527394942402
3.695755994255708
-0.08281535061506363 0.863537544837801
1.5487409329082942
-0.6690314209228104 0.5290465850597394
3.353084877369761
-0.7762143991249922 0.7604024104926256
2.7078265652652744
-0.33865859822622385 -0.6812633508799352
4.0772934265810195
-0.012695120192999735 -0.6304183804229229
0.6591871048062998
0.6761897073786561 -0.20144606430172812
6.22168249897938
0.6288592653319071 0.0971497751860518
1.2412929925335483
---
85000
77
0.8220323965299203 -0.6564111119173706
5.372168127490358
0.8253739410711214 -0.5534263636697554
2.4672569197795475
-0.2663067141203265 -0.16744417568990858
1.7878610444203717
0.6760222692892218 -0.886543190012807
4.594235745648673
0.8186292128143444 -0.24781563721628797
3.7860788212541108
-0.4168717404888917 -0.5572312718345329
5.004716416573496
0.8907425535038498 -0.4068324081143055
6.1380652066040975
-0.23551241001861453 -0.057712070824339726
-0.819697041461621
0.7380855558713321 0.993823699008773
6.075063433759307
-0.7712553126168343 0.935779596078457
0.7781070241202861
0.9258247356072181 -0.1965647830372643
4.40039770856329
---
86000
64
-0.6902099611412523 0.19045366255054216
4.670506405692921
-0.6806141473483175 0.1458456374648435
1.499206588801088
-0.8118861871964089 -0.5058501401578746
1.1891982237254046
0.16741727157276456 -0.4225357323745955
3.4796818781197567
-0.7350805370954713 -0.4332309673922027
0.5193385969871063
-0.41171109662583666 0.40955999325600134
5.812869897944451
0.8540687155409861 0.9312179188871844
1.3588220197299847
0.19129711033764407 -0.43047774353768364
1.7065762901063897
0.5618799322296039 0.17412876388099763
1.9683182775436778
0.9583715292293025 -0.08579963527473712
0.9397186879980328
-0.555625165818217 -0.8084279215474229
3.987064606373714
---
87000
71
0.7982180369160005 0.6721456438247497
3.7500777118452087
0.820327754155313 0.6744595007087193
1.5514029086123262
0.2596553180087667 -0.33976314078241515
5.933008230604974
0.37856159558903435 -0.3736992457958114
3.4231506142778203
0.3197459832329794 0.184633573412214
3.304552845567814
0.10685261625570847 0.4904155968026374
2.674702302600772
0.08736589072440003 0.74629623856305
3.128526497636587
0.35529545506310284 0.07573264216424938
5.345223807187609
0.1401879831153061 -0.7162589203789674
5.193130362251223
0.08362752083652858 -0.9231493113390392
6.108808968509093
0.25336129186063866 -0.47832760830060544
1.3343593595518035
---
88000
71
0.9698749738376808 -0.32244973248445197
2.740757321859903
-0.742287535834956 -0.48309836122165645
3.5189253851172104
-0.16822270650524862 0.12203661930051923
4.778363138126597
0.07023188718867024 -0.7246654717687769
3.20472318544976
0.927029879536676 0.23123749781267433
3.0445038379305007
0.4870649283122732 0.41217352944222
4.084430502916007
0.1099972932703295 0.41276108400176237
4.896243658427155
0.5010783030550361 -0.10875795067790116
6.020170758820306
-0.6901700687782786 -0.07527402887290195
4.531735831307904
-0.016044449745420096 0.718157154338829
0.8297164632602976
-0.43877434208829996 -0.46759855776733983
3.439497367057476
---
89000
75
-0.9821243730627933 0.6548373173099061
5.661884890015678
-0.8431248672290893 -0.7407146164769717
0.2550855591303751
0.9477369905399199 -0.5447504046786179
1.3932673942401248
0.47910150851876154 0.3205035570188036
0.3656697058667211
0.7855023040211125 0.5378703023237597
5.6490046125579845
0.41468166500803233 0.6565065857236853
1.369354643238462
0.9726160850386982 0.019564438029352614
0.8699062503116783
0.3904045976855054 -0.7893580691136809
3.190634989660518
-0.5798276454607081 -0.02234256201088254
4.611523754465246
0.35602046795968767 0.6921327482360641
3.683764480873961
0.3639817840963517 -0.14819277894253155
3.2880582879611238
---
90000
82
0.02451825008348027 -0.645609357022173
1.8843798979554571
0.11587643636299243 -0.35367160518828344
4.014360079421712
0.5092276487921772 -0.1315982227218968
3.79319789762439
-0.433369092478916 -0.8672165248663651
0.3631353757047444
0.9538946408499245 0.23309249957030997
2.03020031021798
-0.31843385677298797 -0.844105771367778
2.9869851076771727
-0.9730594563436622 0.008822219055417593
4.8040500642372175
-0.27696464698774836 -0.4637225386978527
3.078781552924692
-0.08980966207196356 0.0956383909620225
0.3916760236236758
0.8578812720059648 0.9736830934497958
3.0595714213124543
-0.9314521770696704 -0.10038992834445173
4.828167573481719
---
91000
77
0.878541852787033 0.8789637927899019
2.4780446566155865
0.8118603678883053 0.850716749872111
1.2058528768667127
-0.43022105473645567 0.5114880870347283
2.49638387564445
-0.7589466325517784 -0.8607531155254149
0.3959319707761235
0.7702724510045926 -0.5571794365798225
3.1584757398116503
0.8184285014982472 0.5596500528494323
2.9364674336004315
0.9074462278365649 0.3371894639624052
4.933552081305606
0.6518759200126321 -0.6184929335575529
4.987588746290056
-0.4124509485239286 0.004652672193077415
2.2203880911676928
-0.5281072522458866 0.010120737017083895
1.5993881351815062
-0.7033253095893615 0.6518243624976463
0.7137678173051105
---
92000
76
-0.5478669218124835 -0.5031733869608169
1.7397610834348018
-0.4368281592459892 0.11869601829076283
1.1946881621337742
-0.8773833162984147 -0.34248956180296714
4.451690234243639
-0.41168814680438376 -0.6082930012263298
1.5854118559305412
-0.5496248909661934 -0.5584349524111997
4.815507190096096
-0.9997286553298164 0.8487512117920338
3.4298817057820763
-0.08385158021973743 -0.30209525402491544
3.7992778239542027
-0.6433626764739331 -0.7947625485452431
1.0563515764018057
-0.7167469996683753 0.863997404836084
1.784194135507514
-0.40243085092217856 -0.7182880024281983
0.14976643247649424
-0.3585115599362596 0.08283030562256935
0.976925449135452
---
93000
76
0.07975075084651156 -0.45178395882143585
4.534647643909907
-0.5592833712488133 -0.19558488578025296
3.835062365700569
0.9803969151777775 0.858175942481117
5.3367740406651745
-0.6669509992562316 -0.984661191278599
0.9227843275589622
-0.4114241766961137 0.9848079222143493
2.5671211695491136
-0.6229353984486559 0.7991023619844825
3.8252072655335976
-0.4285394326707202 -0.25006754860414054
5.436779575127921
0.7594274750334928 0.003781374984828625
3.204826833709337
-0.6149485424860265 -0.39061844199355833
1.3349321848088795
-0.47424032816112344 -0.8520926815474733
0.1981742905606252
-0.3711446190961979 0.8662852865065215
2.154056561853425
---
94000
72
0.6901219961785662 -0.8539940408848748
2.769777225620155
-0.9624503165920647 0.9186005857916845
6.237313629753978
-0.25700145784602346 0.8105435475523969
4.240030176290841
-0.7519796701814991 -0.07612212558374717
1.657705634696609
-0.9133828405171733 0.9447530336710122
-2.5952115142104604
-0.32259516788683107 -0.7104170503091378
3.2379711727281206
0.9343309650547139 0.23922662946861956
1.20710269439354
0.4639987017537169 0.8633036032077825
2.9733861152858747
-0.7179047584677456 -0.7289831064752564
0.4740912216212614
-0.7836275484236223 0.19019026309308268
4.242483342399734
0.38143007920628297 -0.7120558304524682
5.805239804489133
---
95000
84
0.9728579788182037 0.9828898634283163
0.18113305807831412
0.9396778154110825 0.695668626417703
0.4953393196644873
0.5715719447075317 0.43963936027372974
2.0063972795277545
0.03552862848734665 0.5041088923635805
0.7832556099159023
0.7513256828991347 0.9467633812689857
0.14832907321784905
-0.6649082770014878 0.3334457104174516
5.202158603592891
0.13012480357370243 -0.730490352978434
4.979875119019066
0.16566020465326256 0.5565903326349113
4.572207902268162
0.9848349136232466 -0.26759689474397774
4.843010765840623
0.06055454120328059 0.5861460900401997
1.3717928323141768
-0.45154368126472255 -0.8489604372792574
3.7526406849795526
---
96000
74
0.9497425255918173 -0.08201233238853324
6.084281718323571
-0.41146435562196104 -0.1698254509840813
3.890295245877235
-0.7855606505112945 -0.957169046026338
0.11137147075536191
-0.7008980391256597 -0.9964841062374408
0.49407412840349885
0.8272809746176166 -0.6987669288766458
2.099509022555824
-0.6558137318071705 -0.9212258424364529
1.8066204079578072
-0.8046180402929056 -0.9600825616249437
5.050408894657955
-0.014725218590974358 -0.14430282796465002
3.062942982744203
0.7695058101597361 0.8829805712183515
0.5207798128706509
-0.7967956375199177 -0.8508253648844877
4.256573388854694
0.280887513704843 -0.5889236291000306
4.073596067120726
---
97000
66
-0.30570023330090446 -0.6747756029329515
5.345476783180867
-0.5973633639984657 -0.499551570654316
5.308535151858783
-0.5711187333478159 0.14651305301199202
3.4897007852261286
-0.4923371463490213 0.5285795533763689
3.6327754863821555
0.15541938161157712 -0.3535722403441086
5.043115203604564
-0.7393443928016009 0.8225444406350353
2.617761272526689
-0.9612755629630323 -0.38691458971578674
5.033816161479162
-0.17685330183304054 -0.08982313287416918
2.9549532879912226
-0.6879638424117797 -0.2015403961194757
2.6808666022766534
-0.23769878277112558 -0.8994474294295144
0.48635646294165236
-0.42434263076446543 -0.5474950660071894
3.7459618499549716
---
98000
77
0.24677390509049418 0.9214453758152656
2.5302378741717564
-0.25168431818133213 0.5906427526141047
1.114976566777048
-0.8268512699092517 -0.7557794538655638
0.024547391143851627
0.8093679504867721 0.8108875935739294
3.5373769520911766
-0.06282266353096289 -0.9088932027298884
3.338086381787366
-0.5845280010149458 -0.7048982774095556
1.4338105786838078
-0.8388118712192459 -0.39479671835141805
1.6748618399186954
0.3179205122398605 -0.4220914611423964
1.5974310042660065
0.9410338603040087 -0.6368694482436194
1.9960040178510257
0.5176838568376059 0.34776155043863355
4.166247752520009
-0.284396871013197 0.8430493248391407
2.1010457666039946
---
99000
72
0.6633032498878778 -0.3593206138072338
0.051234935927491954
-0.8918765916357297 -0.3181559743158313
2.6320851928763203
-0.8032760486784059 -0.005184547686803698
2.8351178314595016
-0.9305426106649283 0.850293718113585
5.602025815683537
0.50538974876692 -0.48223386478807134
4.9239920828696535
-0.5015053711544522 -0.9943273041849467
1.4028942291287185
-0.9066887678101749 0.29274988165816895
3.6731230305525626
0.24232505082399242 -0.1375986295907399
1.4667846052735385
0.07131725481255648 -0.4439129301110411
1.7950699597065238
0.5276418091382454 -0.805920540789163
2.0080222624537125
-0.208257600053788 -0.11778280282392294
1.4503353694921426
---
