100
{'run_name': '2_other_boids', 'nr_observed_agents': 2, 'nr_of_boids': 2, 'predator_present': True, 'grouped_spawn': False, 'predator_halting': False, 'record_keeping': True, 'record_frequency': 1000, 'boid_speed': 0.0333, 'boid_color': (0.8, 0.8, 0.8, 1), 'boid_turning_speed': 1.5707963267948966, 'predator_speed': 0.0333, 'predator_speed_slow': 0.0333, 'predator_speed_fast': 0.0533, 'predator_lunging': False, 'predator_lunge_speed': 0.013, 'predator_lunge_distance': 0.1, 'predator_turning_speed': 0.7853981633974483, 'predator_color': (0.8, 0.2, 0.2, 1), 'predator_confusion': True, 'predator_confusion_distance': 0.4, 'predator_confusion_threshold': 2, 'predator_chase_time': 20, 'predator_halt_time': 0, 'predator_eating_distance': 0.06666, 'height': 800, 'width': 800, 'graphics': True}
tick
boids eaten
predator position
predator rotation
agent positions (and)
agent rotations (interleaved)
----
0
47
0.7807107500257835 -0.9959213130543392
5.1955180204844815
0.8075786579369525 0.98485134651686
5.179019380077997
-0.2591090387473068 0.4946860518390011
-1.7228784288665604
-0.8153060749143918 -0.4045412305975018
-0.8661652005281445
---
1000
52
-0.8959390018153043 0.6718290447185644
1.3831138886409582
-0.9011253929393684 0.6874557429271303
5.63749501818268
0.6114662012078068 -0.10058580090029405
1.1975728776656656
0.04594659520300091 0.9063540328054047
2.4804581234136496
---
2000
50
-0.7067186514768943 -0.4993565381425161
2.386519891500386
-0.7066615653396856 -0.49787932574523264
1.2207748183498746
-0.7050029420353403 -0.37642090851470533
5.980059641436582
0.1707851234306118 -0.33733104328307145
4.951151418568546
---
3000
42
-0.14080086041143053 -0.7201817053582695
3.699231262021529
-0.13135183953464036 -0.7237641507472482
0.9477963936896199
-0.16693555046453057 0.039077442531627066
2.7042372380725084
-0.608307697219787 -0.249315990836633
2.9244177739813404
---
4000
41
-0.21468817545466892 0.8612171404280633
1.8549994152443499
-0.2411686619039509 0.8092409037316136
4.9492637574244025
-0.525158177535418 -0.396716182402453
4.009954080096161
-0.10543710344033966 0.9264444989893473
5.850896542581025
---
5000
43
-0.4872039500990892 0.1598059175505825
1.8295799677795574
-0.488243623499806 0.16140184411615704
5.954783033395298
0.7121380713801253 -0.033804653162711806
2.6985834056636726
-0.9935363901339461 0.7593940081276351
5.499880176354829
---
6000
51
-0.7249634090633552 0.5690642905408987
5.551397887915734
-0.714774228008319 0.5449937604287811
3.027134521631159
0.8902376716149133 0.6656882209476779
2.688274488928986
0.006586451473300833 0.8500680049461921
4.600408839187901
---
7000
47
0.23661101292834724 -0.18534844480240067
2.445946896728627
0.24174174180148425 -0.2008743525571438
0.7026801680255232
-0.9846770181779138 -0.9935978375550937
4.952205971454246
-0.4904624448273231 0.3000119999464374
1.5866596096545107
---
8000
43
0.3963905880209093 -0.5578584656201386
5.5795161585229645
0.3835587692377741 -0.5298718042096208
0.757695811989838
0.08838440219404228 -0.0355186568087634
1.712356161949681
-0.6825206142492127 -0.0690817983617805
5.533470591758108
---
9000
52
0.8947986784686742 -0.5263961237498989
3.8523190062229613
0.8984944632125305 -0.5384123727353346
5.418276762817473
-0.8743940944477042 -0.9431406852550162
3.8683845844232527
-0.17279586185488868 -0.5133508726154415
4.39478431783874
---
10000
43
0.9495223181097242 -0.1274072546847349
2.581724954345018
0.9476732309645775 -0.12191080148630244
2.9753285199552097
0.42711128446917124 0.9109269127547954
0.6546249326898392
0.6747552011186105 -0.39883576321732983
5.347925812909616
---
11000
49
0.44647455005967474 -0.302892774822264
0.35741373453908554
0.46749110398537796 -0.30245521591480995
2.4525175356076314
-0.5678981819056022 -0.5414996410133004
4.331867241142353
-0.922421765782726 0.3383380489372817
4.869079884290471
---
12000
50
0.7708326645868596 -0.018456845621168158
4.697675844092559
0.7935186036881694 -0.04814558053399931
3.143063490545348
0.8553418145090752 0.31109875924899616
2.543510356845557
0.026730489918481263 0.33863306555884515
0.5169046211692159
---
13000
46
0.7625004969026006 0.1503685838180508
5.964658506746872
0.7572837814272366 0.10752786301332926
5.816958297732252
-0.8223051944681156 -0.48055354468411915
2.9972300639067506
-0.14316089172563104 0.11598356332151147
1.8589833788700476
---
14000
48
-0.8721767450282143 -0.0031211320446401167
5.53955037907096
-0.875711896157707 -0.00010036908975967485
2.2348159417461675
0.5174986743930831 0.7991962660800641
3.6256927643746604
0.33667041939000736 -0.5922518858782366
1.1505942761598416
---
15000
51
0.042094089033345904 0.4500519778395836
0.2880094674317366
0.03787849847810942 0.4461397849726266
2.4184278054546002
0.46607908603362935 0.26425906515885006
5.027555419504929
-0.7635469950941234 0.696258228330452
4.444526977302425
---
16000
45
-0.4231151967601882 0.6567655415199453
3.726891800976801
-0.3993879984165787 0.6801868791057541
1.891766473091102
0.10113546255466727 -0.13980689247580483
4.046692840159271
-0.5880583386261462 -0.5908870073479013
2.9681834313738387
---
17000
51
-0.09057331430636081 0.299387588027959
4.18313997552032
-0.08717290901832747 0.2958248324355267
6.002608400732274
0.13432286790474507 0.1769834891637556
2.1904809687149713
0.9622745468891646 -0.9673392315729652
4.823995898750422
---
18000
50
-0.357836990043661 0.41296420812935136
2.9117606762144237
-0.34574585481261233 0.4163422629878864
3.4789434562871318
-0.9614941410702722 -0.5792426230857505
1.6981986674935738
0.21811398880572755 0.24259231385976968
4.214577806064224
---
19000
44
-0.4580666965981022 0.7803101718631883
0.35555494037092267
0.8883045032579324 0.8108331242135408
-1.32751710573847
0.5479085684996431 -0.8656378914497382
2.8171331539448943
-0.43078773003664184 0.2231990635156576
0.5272974766717518
---
20000
49
-0.9950001165858893 -0.2454982426403008
4.851804150261375
-0.9825767397872526 -0.2647485983851849
4.626621678304481
0.988671930704061 -0.04473821206047743
6.031509325016849
-0.6385734947891827 0.7913536149107581
5.060714272848268
---
21000
51
0.9342594566099003 0.7254740071369858
5.687954564364748
0.911755265981433 0.7355992470264973
4.281746920342854
0.7511324070151024 0.29960412509241424
5.255673259759575
0.48740325502136483 0.9002388755487336
2.1154042779354283
---
22000
48
-0.46921979918683415 -0.9853988395449282
5.433227452635472
-0.491274404378746 0.973817190492899
3.1453758434561765
0.5030765602942333 -0.1391313369864601
5.410802520742953
0.7007441834949582 0.2442891489727862
5.869540075123783
---
23000
50
0.9441918937639623 -0.4644247697182744
3.6617642109055226
0.9747724141795805 -0.46617515283876704
2.888512597364831
0.6017742312657806 0.39451057997379907
1.5454644945091456
0.8327163339685605 0.38117973337136707
0.6100901268615049
---
24000
49
-0.26165076659459247 0.7419939641672111
6.279709549589296
-0.24240283060581963 0.7272833833462411
4.169894642740519
0.119246381635459 0.7932759607111357
4.3974608405689715
-0.9822441124962416 0.3239800001442128
4.560688596995001
---
25000
43
0.3055981424515273 -0.5998551537405461
0.9084467475796194
0.31115782046445284 -0.591197756097379
2.053995866407244
-0.6000333162656802 0.8668063593495348
4.453298716276609
0.9113009042015281 -0.6848481393358888
1.2509795937248454
---
26000
48
-0.10528878320745956 0.4960250391682723
1.4034148069740473
-0.09893147776762484 0.49557650162002986
1.7447197135752326
0.9270791659949408 -0.2637424791618428
2.993487839306117
0.10740593992514917 0.35432434650823713
0.3323085852667358
---
27000
53
0.27012901050244054 -0.35519599589447987
0.42409115121475804
0.2818228772632012 -0.36218297991582077
2.9155902532117217
-0.6524059900553849 0.04901821221550786
2.748351040568523
0.07674338446233124 -0.17244308611545733
4.015232588100268
---
28000
52
0.7516142737633583 -0.15931897582627036
3.0086717031962866
0.7665820563110564 -0.1685728852178497
5.199624715172041
-0.814438956812729 -0.8273778384145125
2.774571831992742
-0.4272551229601324 -0.8452634870003028
2.4512607871295122
---
29000
49
-0.22795094465585358 -0.7118424340355669
3.251499441668485
-0.24717545324138726 -0.7368784883374273
6.157597033882833
0.5937380963071126 -0.7990645622331458
5.469244490380228
-0.5022300263339889 0.27606809705652197
1.8990741116656573
---
30000
49
-0.3796688547152048 0.9053034321247162
4.796501092094954
-0.36350081732199274 0.8976265154106545
1.8611577608226684
0.8328213760202072 -0.6292835572858748
3.6491079864257037
-0.8211478923938625 -0.26438714275657266
6.173516811376259
---
31000
49
0.7290989251633524 -0.4694183056120089
5.769762654000223
0.711220261800722 -0.44732028041712535
4.388576808851111
0.6125370360290457 0.6407804712318226
5.651069803767854
-0.8831393163764374 0.5188075183768515
1.7016638102063402
---
32000
51
-0.6633982325990458 -0.613058990813862
6.147680775091213
-0.6666324426110528 -0.6374862525901948
1.3665406669263716
-0.6299729970626039 -0.9822986319743836
4.598036577908226
0.8537508974505579 0.782119533603438
4.471638025076058
---
33000
49
0.944061198937159 0.49922548587875604
3.4781882603665193
0.9531341413448724 0.4889244019918439
2.446044737311202
0.5856289489526489 -0.5060725140490546
3.256423882053771
0.061363064403744234 -0.7030260800373617
6.173175809349634
---
34000
46
0.6845093963710273 0.05181535102340333
0.2785849372738206
0.684730877516032 0.049971687937816166
1.2092152082174517
-0.8519330411212568 -0.11030134649514961
5.242531363172949
-0.4112302930915465 0.00526017000729217
3.1139020926751666
---
35000
47
-0.36305939277391963 -0.7884645014865711
0.8274304715848695
-0.33233532672210897 -0.7937136733708309
1.7306967230401034
-0.0844008990611472 -0.9871385656027909
2.1454668980920015
-0.08599397251767255 -0.8053825312937746
0.8991220175818357
---
36000
54
-0.052317669453668836 0.931552883862301
0.2553941387177723
-0.01579625676477831 0.9253220071211902
3.375902223340926
-0.23799353623999506 -0.5753386372576086
4.104592944712226
-0.3454493215349304 0.21444368371232564
5.169619071536995
---
37000
42
-0.682265490222538 0.3770961539629414
2.2065184371754025
-0.6732039337655313 0.36878149908912794
1.4719327813988636
-0.2509035515330641 -0.7522386783003614
6.121606513807982
-0.894383986031435 -0.5133654382552462
5.245884599909245
---
38000
52
0.7995757118134871 0.19767778318678894
0.7569309914419983
0.791284840832147 0.2253653743961955
0.1636071018305545
-0.8153289590208698 -0.4525469325867355
3.235873164401002
0.1372289901694398 0.0019959074397942755
0.2600333413314564
---
39000
46
0.15840124665916366 -0.38308996929940514
1.1855788385939339
0.159080266279342 -0.36912911103773904
4.278958913803789
0.11918425241265415 0.12425875640502038
5.757081593610922
-0.204207912095353 0.29546570465255045
4.014476857282528
---
40000
48
-0.5382537456448274 0.8200722502724082
1.9973489185482427
-0.5469137694953541 0.8486108275180092
3.8290456803481936
-0.11335021875204851 -0.7360093681315161
3.6145615925927066
0.6647428351106636 -0.26948315889083124
1.0282678443747368
---
41000
45
0.04786374440167382 0.5786982484869045
1.1564093313139163
0.04871618915553445 0.6079636333288155
0.18626050913454684
0.5971228859140836 -0.8955076221157521
0.6928194420465772
0.8826651498297107 0.5715789545523325
3.7104961163046344
---
42000
52
0.18959214520423606 -0.2970438205728278
5.738169776470379
0.19180922509240733 -0.29562094753641477
5.860835713134122
0.4100066442273341 -0.17379705649650143
6.1292276019305945
-0.13727909819473905 -0.975843688548899
1.067708815388153
---
43000
50
0.29425471080739773 -0.16201886848808503
5.462451979768901
0.29165394442573395 -0.152957535051662
5.198745017505516
-0.7533931446325731 0.9980415515767647
5.751353795118272
0.3343202099756401 0.550440488008671
2.3834792316505973
---
44000
46
-0.12505724717214858 -0.04746712544829171
1.894483133744698
-0.1255117289414722 -0.04384598673083233
1.3177353846700344
0.4922167305983308 0.43932097543958093
0.7956365573284545
-0.0033282078499337997 0.8682189747829572
0.8258126948582714
---
45000
49
-0.8877144103681814 0.6299872177799387
3.002913781997914
-0.8879455418610263 0.6382405124390257
4.236695489143944
0.6704419716813514 -0.647662889352607
1.5279157459857249
0.05365158319261107 0.355092313633691
-1.6240122840114082
---
46000
49
-0.19881162481905196 -0.09970023128642351
5.511239467049722
-0.20587854847396314 -0.10469669932383854
1.144961575494298
0.6041663770878054 0.8040430693868587
2.7182611584395975
0.22161695503382706 0.9433564109451041
3.4970415161541357
---
47000
54
-0.8097505296304711 0.21064424751187846
2.44644775713911
-0.8194410253105257 0.19807236088794117
3.420809631361932
-0.3863814842074063 0.698878000888356
6.014899961274224
-0.736576729592963 0.6708303316112529
4.8155382483766696
---
48000
54
0.4040413670035777 0.2736329941136211
4.891567240348614
0.39179367859930936 0.2618977729821042
5.386135523849744
-0.5394093852333878 -0.7802937355985406
6.144240114129629
0.28883054153930116 0.8587454683645164
2.718918300626979
---
49000
50
-0.5217571379522363 -0.15275901603619058
1.9590659841314952
-0.5219381442638702 -0.1536497028330337
1.115137488813617
0.10170358527248394 -0.9656118980507743
4.08817877448502
-0.4821347411433617 -0.8394222819544179
3.410903119968536
---
50000
47
0.4226832496011302 0.32374543207446177
5.557561746477508
0.43302357314810747 0.32353073411446603
3.0927965835585773
-0.026602817110274676 -0.34721653165375804
3.9996115910323917
-0.03976121208627262 -0.4187164386993742
4.527737215519665
---
51000
52
-0.5294034798450463 0.02674905217892988
0.7992836119956297
-0.5477323973834363 0.02061911170994765
1.9784233019722732
0.7044417021758145 -0.5432468640325766
4.49693082887193
-0.5892906233168338 -0.02647794824470936
2.3892803789069696
---
52000
51
-0.7166054647273719 -0.39128220366850075
5.795480889854033
-0.7118972127311549 -0.3937911346113787
0.5700419187258712
0.40637359599632467 0.7186262419793157
0.2673004206797982
-0.11431182150411026 -0.44354413126025716
2.646429604456169
---
53000
44
-0.46659460168932826 0.03642655782789543
0.992463822488753
-0.46438684752738757 0.004086583585033367
6.003793240670325
0.6521781361569559 -0.8719320989910521
1.1158316820714482
0.35816119875738234 0.9502221564297547
5.355103745117509
---
54000
48
-0.8872571414844144 0.2030727592373432
0.5478398006285103
-0.8872524809659081 0.20294766910661144
5.46796451521026
-0.2268900813914709 0.6736623293092481
6.2360993340771955
0.49972744201299424 0.39716322631709233
5.96542213829898
---
55000
53
-0.24324637798535328 -0.33812235882494907
1.402822167442043
-0.21314761165447849 -0.3399858637690498
5.775048165533354
-0.5126683869636157 -0.7463427400829485
0.8412901066245804
0.17639678759428817 -0.8563681672787593
1.7689643634225698
---
56000
51
-0.12095337921859925 -0.40819510153544086
4.958195480934959
-0.12310539351130627 -0.4145109198683992
2.1335025872331057
0.50232582198771 0.17162056837270345
1.111279376496329
0.7527512277858766 0.11932255952584754
0.41666289969792913
---
57000
52
-0.687087654802593 0.7614816522946002
1.5545445041161665
-0.7002836114758151 0.7779108739408243
5.549682129568531
0.8243934295794325 0.9294370288222216
1.584481438936816
-0.41713014177238983 0.706781393831243
3.4578417364480565
---
58000
50
0.6099774784651248 -0.12048905551929813
4.646768675820045
0.607849734883251 -0.11675802964477543
2.0987817867757848
-0.8590983231024232 -0.016785369824540344
4.142403533388139
0.47803681638670725 -0.37045088731755993
4.849957841220013
---
59000
47
-0.7056853314069038 0.6534554684909805
4.685657012883772
-0.7257077757730721 0.6480748013777212
3.0713714819839186
-0.030255077711228904 0.14918676494381425
3.490915879536777
0.3243649876376216 0.883183798458648
6.094162784947317
---
60000
45
-0.9986584843086959 0.46279119368457033
0.5674544267238076
-0.9980100469549795 0.48615699391316425
0.17820619830149553
-0.7424999348720196 0.6760973202753697
6.108543580957369
-0.7898865601000057 -0.5804337357511088
2.9073767231648837
---
61000
47
0.6313475480406525 -0.014757769221533455
4.15135239400518
0.6489225401016077 0.005307978859666752
6.253661350469106
0.24069381607197252 0.39196738094813804
4.2224830239043385
-0.9140585454972839 -0.32350773805477834
2.8075581421534332
---
62000
50
0.054736023737160806 -0.1142892414810827
5.517701881200325
0.08650894458517037 -0.10929204504256103
3.1220167845853943
-0.2696078003548283 -0.4498739460042659
0.40640865585583885
-0.21711266334229867 0.9060635075936826
2.4310161284971272
---
63000
48
0.7153286966748915 0.6152348672490975
0.017998259127962157
0.7168112215453653 0.6115924301458466
0.49968219124904323
-0.8498346356383453 -0.8733838602205845
1.1240041415109134
0.05287929348567706 0.03826410078926795
2.7561450341174956
---
64000
55
0.002426338726991155 0.37554436547057135
2.4335684057537774
0.005624163794507777 0.39898673234427506
0.3900570805492558
-0.22951789317419305 0.6597037099280436
0.7276216414429397
0.13806125317765677 -0.20089982861386493
1.717472178090687
---
65000
50
-0.813857725122081 -0.35492987350487426
1.8362000752913965
-0.8386104906195504 -0.33758921198870184
1.183392137775705
-0.8387935313576849 -0.11715592224792229
5.691714981707733
0.8244160884389947 -0.47361216821030905
4.238877425756106
---
66000
47
0.5768249596644287 0.043646863987630125
2.9313668397542423
0.96984641901279 0.8342732256165072
-2.2041388374693223
0.5710069873019832 -0.05981905773405101
2.35497229755961
0.12397140437997516 -0.8425226215352376
4.5581549251162095
---
67000
47
-0.22284115145496422 0.6150333287796458
2.0027617241990074
-0.20353201278011768 0.6277033061800232
1.1017865665143134
0.2125364800949974 0.9627216107853918
3.030089653482417
0.7410413779707156 0.9618169346775343
1.7701268512466228
---
68000
48
0.7725500854267395 0.32586592677552245
0.009606626911589977
0.7699677016186669 0.3238359950418221
0.1375966540828193
-0.23533482300999065 -0.34581806558400074
5.084293097612556
0.9810393886059005 0.3062525396092372
5.628314418955261
---
69000
50
0.2918789543182212 -0.6637456991927803
5.009446696585829
0.27587830613411424 -0.6741783123218178
2.809440576405943
0.024649864358689128 0.2757128092521776
4.471646624913715
-0.8263348142649263 0.7832893252091819
0.760884990744997
---
70000
53
-0.9653675848978553 0.8930426224810644
6.236246726027974
-0.9491617647093625 0.8768534216832509
0.7035312027909253
-0.17111846202924433 0.31944333591865
6.188944363247468
-0.24156964194226738 -0.14676288670611987
3.476559825341921
---
71000
50
-0.4915241757444671 -0.564796773775911
5.234215023888436
-0.47349402866707274 -0.5614976432307245
5.474468302137707
-0.03516201431712393 -0.5919035168132358
3.231300382524414
-0.27849919597508543 0.540756606789152
2.074620837703929
---
72000
54
0.9279725081950742 -0.6682041314405305
2.8029864194740752
0.9320165990522858 -0.67109274539732
1.2192320191235426
0.455956171324804 0.508820852806602
4.76900525812936
0.770416509053051 0.4076583413276232
4.495733972258463
---
73000
47
-0.7374385546757298 -0.7884933536043964
1.7664357608885048
-0.7454469529136453 -0.7769587622878469
5.16490629632294
0.059423315459061286 -0.45379515871872417
0.4854660399816142
-0.2578162976880304 -0.40497004989009483
5.827540695473413
---
74000
53
-0.9219418729929866 -0.22918121215569487
2.1744708807544235
-0.9218627319147609 -0.2285948372099272
0.015085742099194555
-0.8040163260148951 -0.9061966321376814
0.9096646103861872
-0.6110748696485727 -0.9824546815523552
1.652074043600554
---
75000
46
0.03411040422871717 -0.30283262737092687
0.7320444946978295
0.03414512024138162 -0.30329932308122276
0.931324696369872
-0.2229893535863516 -0.19932795347650853
0.028955652512918206
-0.6313838909369192 -0.8480110459867964
2.479273397633255
---
76000
49
-0.5886566118234042 0.8849141727363004
2.788240602057125
-0.5942833406363774 0.8792231536714322
2.2476976318907855
0.848077473595432 -0.5486680711177163
6.0286220140190805
-0.30354479288669606 -0.14953935965462162
2.075064589947808
---
77000
52
0.9604789649381131 0.69045974979058
5.907366735456991
0.9555036691338215 0.6869041225389478
1.4742799249519303
0.02134980113702457 -0.8412510680076016
5.198859615778023
0.7721923936616509 -0.699248318839296
0.8110581218912145
---
78000
50
-0.6489425880246715 -0.8695072635162985
3.8292253821905895
-0.6355369394349326 -0.8541366388544174
5.497615634316521
0.4053973077438838 0.8339957860431767
4.189578356234813
-0.07649205072627037 -0.8446946185532145
2.8625388741568765
---
79000
51
0.5070516318001062 0.060180790229562
0.4587602916056393
0.5608608769427251 0.04455171440739217
2.7932738588725305
0.4705838562241792 0.13206125205810348
4.526971503454078
0.3418893756316142 0.37250139227970414
4.750955393398939
---
80000
52
-0.6152352029316228 -0.9830077345417155
5.071109164412141
-0.586318715519057 -0.9700579759411365
1.7384808769458635
0.3277831552828525 0.16980680215842148
4.834785835543829
0.7993935118503959 0.6282697557565636
3.807322806670027
---
81000
52
0.6169205104695819 0.7019790526906005
4.228026471758659
0.597605298807295 0.6764948000022556
3.3445604636437025
0.2961224898572313 -0.03308981462294729
2.3000469767794067
0.7089999513889775 -0.9452012567175511
1.4425241318590238
---
82000
49
0.5568582401756821 -0.8275285811982903
4.621385277848866
0.5607911800414 -0.8115547284439801
3.3161703493613413
0.37401341477862515 -0.35618696711943204
3.4653456109549063
-0.19408187899652182 -0.7743792101103179
1.330224075577238
---
83000
46
-0.6941113211514381 -0.581795563819592
3.178273215838726
-0.6952830462862196 -0.5653666083397579
4.863781658051111
0.6414726880095188 0.607272657618266
1.1362807085922313
0.49303424157440473 0.2769665580408698
0.7732788810172417
---
84000
49
0.28995597905443493 0.8231576880403726
3.1105603089638416
0.30539183545457416 0.8377764282862664
0.8702399732268775
0.8232997899189969 0.4758869467922346
4.430755353570408
0.6642341805028681 0.121422313256171
3.2320923092983618
---
85000
51
-0.4075602606547023 0.2285153237991463
3.1345793473315404
-0.3901581408636093 0.2461709985114992
6.16478825616412
-0.5395853611142177 0.057770411682865515
4.67513081174982
-0.25675310580351 0.6450139625982817
1.4252497542708351
---
86000
51
-0.47114545717999984 0.42182451999414977
6.10446492368116
-0.4604803653163655 0.3986250597565525
1.4053880005811408
-0.08177487357758613 -0.14943911718730837
4.493596325090538
-0.24549225405469288 -0.44724591327339724
4.494634012367222
---
87000
50
-0.007281549684595297 -0.4595535487431729
0.5804640286317989
-0.014045073091419818 -0.4366618024856297
1.6419683903498612
0.5837850682197676 0.33256578372218654
0.7918798608211106
-0.31615069804133566 -0.22387236196958457
4.792885534104009
---
88000
53
-0.38777575594491615 -0.8342999048527086
2.144491654086963
-0.3813262127731453 -0.8393788848641882
2.238537963441007
0.18601028169492878 -0.7663656609264303
0.9909635259710736
-0.5033810038738253 0.7994469770566466
1.4184310521070067
---
89000
51
-0.0810785348736798 -0.18990738798212975
3.5893693887036755
-0.10024857065256164 -0.1968192641030481
4.0797271154817105
-0.5668933813599946 0.7376622075588236
3.4919202354134447
-0.24268277895988877 -0.025857433862933443
3.1998426337366324
---
90000
50
0.9683145643870992 -0.7066509306320283
5.961581714084621
0.9664472544726495 -0.6982330658269018
3.7375564251328726
-0.36276135376786667 0.1657821770002173
3.804187433325027
0.11095526268192364 0.3413127921092308
0.43048732808026946
---
91000
50
-0.24546584593418616 0.3655021947073945
4.449111373922997
-0.24757976374283525 0.3761637325452796
3.6623272576012242
0.10620180493031883 -0.934755425163476
3.0083702489604214
0.5272512571226042 0.0904342610374351
0.11843177366405122
---
92000
50
-0.05124091924775179 -0.40333840737056936
5.629314382182066
-0.03808393113558634 -0.42090914634294446
1.8571851461309592
-0.5280038961884436 -0.4900190772924648
2.606874539603867
-0.7524112947096088 -0.6218630487615711
4.298961364825283
---
93000
52
0.4698866898909008 -0.4021095192332413
1.3749236973892989
0.4963355381995536 -0.3730138254194686
3.637193848957187
-0.09397010838480715 0.09341099145382359
3.039319499029686
-0.6694215922666003 -0.07852883391992935
5.631810628173787
---
94000
48
0.9747937670954274 0.621036284022204
5.789503510056027
0.9803590250490687 0.6220542175262056
1.7590081446204398
0.7214644077058023 0.23960023992615895
2.9077127064173522
0.9285561827175581 -0.5112216602124178
1.391202407425606
---
95000
41
0.8633562038153068 -0.31258480878348477
2.6272422772573925
0.8420630894529659 -0.311614801354928
0.08859897814143824
-0.12994794795263923 -0.10099367177690818
4.449926552558331
-0.9089391236436585 -0.9972684376628372
0.20374689281869784
---
96000
49
0.9972337923704638 -0.09405412176540223
1.970774632206659
-0.9876628933406144 -0.10212372593347005
5.907777402097974
0.31136257089267866 0.504225464359926
5.995970763594695
0.45420899398471287 -0.5349734817041321
0.3131341886282293
---
97000
51
0.2297298577264142 -0.10584134106507365
0.9457447881023229
0.22933680513574048 -0.09311722555359837
5.418229290401888
0.9499368579128252 -0.49357282369435324
5.164273057980249
0.7329009942090865 -0.6858654828440638
5.357040422240662
---
98000
44
-0.38487952642593093 -0.6978087319685683
3.9643185634533498
-0.3873931057058652 -0.6984350286569091
1.355978986682258
0.4929302668096357 0.3322587851110675
4.022063387093852
-0.5573610610280693 0.26437874933477623
1.7384982022617574
---
99000
50
0.6545242128838977 0.5613495608042062
2.6962086058031822
0.659131512505197 0.5788118232011388
4.444234510729139
-0.9922383578372354 -0.6466060419350415
2.050460278056596
-0.39915401950608004 0.37698700238000854
5.101177398813723
---
