400
{'run_name': '2_other_boids', 'nr_observed_agents': 2, 'nr_of_boids': 2, 'predator_present': True, 'grouped_spawn': False, 'predator_halting': False, 'record_keeping': True, 'record_frequency': 1000, 'boid_speed': 0.0333, 'boid_color': (0.8, 0.8, 0.8, 1), 'boid_turning_speed': 1.5707963267948966, 'predator_speed': 0.0333, 'predator_speed_slow': 0.0333, 'predator_speed_fast': 0.0533, 'predator_lunging': False, 'predator_lunge_speed': 0.013, 'predator_lunge_distance': 0.1, 'predator_turning_speed': 0.7853981633974483, 'predator_color': (0.8, 0.2, 0.2, 1), 'predator_confusion': True, 'predator_confusion_distance': 0.4, 'predator_confusion_threshold': 2, 'predator_chase_time': 20, 'predator_halt_time': 0, 'predator_eating_distance': 0.06666, 'height': 800, 'width': 800, 'graphics': True}
tick
boids eaten
predator position
predator rotation
agent positions (and)
agent rotations (interleaved)
----
0
47
0.7807107500257835 -0.9959213130543392
5.1955180204844815
0.8075786579369525 0.98485134651686
5.179019380077997
-0.2591090387473068 0.4946860518390011
-1.7228784288665604
-0.8153060749143918 -0.4045412305975018
-0.8661652005281445
---
1000
52
-0.8959390018153043 0.6718290447185644
1.3831138886409582
-0.9011253929393684 0.6874557429271303
5.63749501818268
0.6114662012078068 -0.10058580090029405
1.1975728776656656
0.04594659520300091 0.9063540328054047
2.4804581234136496
---
2000
50
-0.7067186514768943 -0.4993565381425161
2.386519891500386
-0.7066615653396856 -0.49787932574523264
1.2207748183498746
-0.7050029420353403 -0.37642090851470533
5.980059641436582
0.1707851234306118 -0.33733104328307145
4.951151418568546
---
3000
42
-0.14080086041143053 -0.7201817053582695
3.699231262021529
-0.13135183953464036 -0.7237641507472482
0.9477963936896199
-0.16693555046453057 0.039077442531627066
2.7042372380725084
-0.608307697219787 -0.249315990836633
2.9244177739813404
---
4000
41
-0.21468817545466892 0.8612171404280633
1.8549994152443499
-0.2411686619039509 0.8092409037316136
4.9492637574244025
-0.525158177535418 -0.396716182402453
4.009954080096161
-0.10543710344033966 0.9264444989893473
5.850896542581025
---
5000
43
-0.4872039500990892 0.1598059175505825
1.8295799677795574
-0.488243623499806 0.16140184411615704
5.954783033395298
0.7121380713801253 -0.033804653162711806
2.6985834056636726
-0.9935363901339461 0.7593940081276351
5.499880176354829
---
6000
51
-0.7249634090633552 0.5690642905408987
5.551397887915734
-0.714774228008319 0.5449937604287811
3.027134521631159
0.8902376716149133 0.6656882209476779
2.688274488928986
0.006586451473300833 0.8500680049461921
4.600408839187901
---
7000
47
0.23661101292834724 -0.18534844480240067
2.445946896728627
0.24174174180148425 -0.2008743525571438
0.7026801680255232
-0.9846770181779138 -0.9935978375550937
4.952205971454246
-0.4904624448273231 0.3000119999464374
1.5866596096545107
---
8000
43
0.3963905880209093 -0.5578584656201386
5.5795161585229645
0.3835587692377741 -0.5298718042096208
0.757695811989838
0.08838440219404228 -0.0355186568087634
1.712356161949681
-0.6825206142492127 -0.0690817983617805
5.533470591758108
---
9000
52
0.8947986784686742 -0.5263961237498989
3.8523190062229613
0.8984944632125305 -0.5384123727353346
5.418276762817473
-0.8743940944477042 -0.9431406852550162
3.8683845844232527
-0.17279586185488868 -0.5133508726154415
4.39478431783874
---
10000
43
0.9495223181097242 -0.1274072546847349
2.581724954345018
0.9476732309645775 -0.12191080148630244
2.9753285199552097
0.42711128446917124 0.9109269127547954
0.6546249326898392
0.6747552011186105 -0.39883576321732983
5.347925812909616
---
11000
49
0.44647455005967474 -0.302892774822264
0.35741373453908554
0.46749110398537796 -0.30245521591480995
2.4525175356076314
-0.5678981819056022 -0.5414996410133004
4.331867241142353
-0.922421765782726 0.3383380489372817
4.869079884290471
---
12000
50
0.7708326645868596 -0.018456845621168158
4.697675844092559
0.7935186036881694 -0.04814558053399931
3.143063490545348
0.8553418145090752 0.31109875924899616
2.543510356845557
0.026730489918481263 0.33863306555884515
0.5169046211692159
---
13000
46
0.7625004969026006 0.1503685838180508
5.964658506746872
0.7572837814272366 0.10752786301332926
5.816958297732252
-0.8223051944681156 -0.48055354468411915
2.9972300639067506
-0.14316089172563104 0.11598356332151147
1.8589833788700476
---
14000
48
-0.8721767450282143 -0.0031211320446401167
5.53955037907096
-0.875711896157707 -0.00010036908975967485
2.2348159417461675
0.5174986743930831 0.7991962660800641
3.6256927643746604
0.33667041939000736 -0.5922518858782366
1.1505942761598416
---
15000
51
0.042094089033345904 0.4500519778395836
0.2880094674317366
0.03787849847810942 0.4461397849726266
2.4184278054546002
0.46607908603362935 0.26425906515885006
5.027555419504929
-0.7635469950941234 0.696258228330452
4.444526977302425
---
16000
45
-0.4231151967601882 0.6567655415199453
3.726891800976801
-0.3993879984165787 0.6801868791057541
1.891766473091102
0.10113546255466727 -0.13980689247580483
4.046692840159271
-0.5880583386261462 -0.5908870073479013
2.9681834313738387
---
17000
51
-0.09057331430636081 0.299387588027959
4.18313997552032
-0.08717290901832747 0.2958248324355267
6.002608400732274
0.13432286790474507 0.1769834891637556
2.1904809687149713
0.9622745468891646 -0.9673392315729652
4.823995898750422
---
18000
50
-0.357836990043661 0.41296420812935136
2.9117606762144237
-0.34574585481261233 0.4163422629878864
3.4789434562871318
-0.9614941410702722 -0.5792426230857505
1.6981986674935738
0.21811398880572755 0.24259231385976968
4.214577806064224
---
19000
44
-0.4580666965981022 0.7803101718631883
0.35555494037092267
0.8883045032579324 0.8108331242135408
-1.32751710573847
0.5479085684996431 -0.8656378914497382
2.8171331539448943
-0.43078773003664184 0.2231990635156576
0.5272974766717518
---
20000
49
-0.9950001165858893 -0.2454982426403008
4.851804150261375
-0.9825767397872526 -0.2647485983851849
4.626621678304481
0.988671930704061 -0.04473821206047743
6.031509325016849
-0.6385734947891827 0.7913536149107581
5.060714272848268
---
21000
51
0.9342594566099003 0.7254740071369858
5.687954564364748
0.911755265981433 0.7355992470264973
4.281746920342854
0.7511324070151024 0.29960412509241424
5.255673259759575
0.48740325502136483 0.9002388755487336
2.1154042779354283
---
22000
48
-0.46921979918683415 -0.9853988395449282
5.433227452635472
-0.491274404378746 0.973817190492899
3.1453758434561765
0.5030765602942333 -0.1391313369864601
5.410802520742953
0.7007441834949582 0.2442891489727862
5.869540075123783
---
23000
50
0.9441918937639623 -0.4644247697182744
3.6617642109055226
0.9747724141795805 -0.46617515283876704
2.888512597364831
0.6017742312657806 0.39451057997379907
1.5454644945091456
0.8327163339685605 0.38117973337136707
0.6100901268615049
---
24000
49
-0.26165076659459247 0.7419939641672111
6.279709549589296
-0.24240283060581963 0.7272833833462411
4.169894642740519
0.119246381635459 0.7932759607111357
4.3974608405689715
-0.9822441124962416 0.3239800001442128
4.560688596995001
---
25000
43
0.3055981424515273 -0.5998551537405461
0.9084467475796194
0.31115782046445284 -0.591197756097379
2.053995866407244
-0.6000333162656802 0.8668063593495348
4.453298716276609
0.9113009042015281 -0.6848481393358888
1.2509795937248454
---
26000
48
-0.10528878320745956 0.4960250391682723
1.4034148069740473
-0.09893147776762484 0.49557650162002986
1.7447197135752326
0.9270791659949408 -0.2637424791618428
2.993487839306117
0.10740593992514917 0.35432434650823713
0.3323085852667358
---
27000
53
0.27012901050244054 -0.35519599589447987
0.42409115121475804
0.2818228772632012 -0.36218297991582077
2.9155902532117217
-0.6524059900553849 0.04901821221550786
2.748351040568523
0.07674338446233124 -0.17244308611545733
4.015232588100268
---
28000
52
0.7516142737633583 -0.15931897582627036
3.0086717031962866
0.7665820563110564 -0.1685728852178497
5.199624715172041
-0.814438956812729 -0.8273778384145125
2.774571831992742
-0.4272551229601324 -0.8452634870003028
2.4512607871295122
---
29000
49
-0.22795094465585358 -0.7118424340355669
3.251499441668485
-0.24717545324138726 -0.7368784883374273
6.157597033882833
0.5937380963071126 -0.7990645622331458
5.469244490380228
-0.5022300263339889 0.27606809705652197
1.8990741116656573
---
30000
49
-0.3796688547152048 0.9053034321247162
4.796501092094954
-0.36350081732199274 0.8976265154106545
1.8611577608226684
0.8328213760202072 -0.6292835572858748
3.6491079864257037
-0.8211478923938625 -0.26438714275657266
6.173516811376259
---
31000
49
0.7290989251633524 -0.4694183056120089
5.769762654000223
0.711220261800722 -0.44732028041712535
4.388576808851111
0.6125370360290457 0.6407804712318226
5.651069803767854
-0.8831393163764374 0.5188075183768515
1.7016638102063402
---
32000
51
-0.6633982325990458 -0.613058990813862
6.147680775091213
-0.6666324426110528 -0.6374862525901948
1.3665406669263716
-0.6299729970626039 -0.9822986319743836
4.598036577908226
0.8537508974505579 0.782119533603438
4.471638025076058
---
33000
49
0.944061198937159 0.49922548587875604
3.4781882603665193
0.9531341413448724 0.4889244019918439
2.446044737311202
0.5856289489526489 -0.5060725140490546
3.256423882053771
0.061363064403744234 -0.7030260800373617
6.173175809349634
---
34000
46
0.6845093963710273 0.05181535102340333
0.2785849372738206
0.684730877516032 0.049971687937816166
1.2092152082174517
-0.8519330411212568 -0.11030134649514961
5.242531363172949
-0.4112302930915465 0.00526017000729217
3.1139020926751666
---
35000
47
-0.36305939277391963 -0.7884645014865711
0.8274304715848695
-0.33233532672210897 -0.7937136733708309
1.7306967230401034
-0.0844008990611472 -0.9871385656027909
2.1454668980920015
-0.08599397251767255 -0.8053825312937746
0.8991220175818357
---
36000
54
-0.052317669453668836 0.931552883862301
0.2553941387177723
-0.01579625676477831 0.9253220071211902
3.375902223340926
-0.23799353623999506 -0.5753386372576086
4.104592944712226
-0.3454493215349304 0.21444368371232564
5.169619071536995
---
37000
42
-0.682265490222538 0.3770961539629414
2.2065184371754025
-0.6732039337655313 0.36878149908912794
1.4719327813988636
-0.2509035515330641 -0.7522386783003614
6.121606513807982
-0.894383986031435 -0.5133654382552462
5.245884599909245
---
38000
52
0.7995757118134871 0.19767778318678894
0.7569309914419983
0.791284840832147 0.2253653743961955
0.1636071018305545
-0.8153289590208698 -0.4525469325867355
3.235873164401002
0.1372289901694398 0.0019959074397942755
0.2600333413314564
---
39000
46
0.15840124665916366 -0.38308996929940514
1.1855788385939339
0.159080266279342 -0.36912911103773904
4.278958913803789
0.11918425241265415 0.12425875640502038
5.757081593610922
-0.204207912095353 0.29546570465255045
4.014476857282528
---
40000
48
-0.5382537456448274 0.8200722502724082
1.9973489185482427
-0.5469137694953541 0.8486108275180092
3.8290456803481936
-0.11335021875204851 -0.7360093681315161
3.6145615925927066
0.6647428351106636 -0.26948315889083124
1.0282678443747368
---
41000
45
0.04786374440167382 0.5786982484869045
1.1564093313139163
0.04871618915553445 0.6079636333288155
0.18626050913454684
0.5971228859140836 -0.8955076221157521
0.6928194420465772
0.8826651498297107 0.5715789545523325
3.7104961163046344
---
42000
52
0.18959214520423606 -0.2970438205728278
5.738169776470379
0.19180922509240733 -0.29562094753641477
5.860835713134122
0.4100066442273341 -0.17379705649650143
6.1292276019305945
-0.13727909819473905 -0.975843688548899
1.067708815388153
---
43000
50
0.29425471080739773 -0.16201886848808503
5.462451979768901
0.29165394442573395 -0.152957535051662
5.198745017505516
-0.7533931446325731 0.9980415515767647
5.751353795118272
0.3343202099756401 0.550440488008671
2.3834792316505973
---
44000
46
-0.12505724717214858 -0.04746712544829171
1.894483133744698
-0.1255117289414722 -0.04384598673083233
1.3177353846700344
0.4922167305983308 0.43932097543958093
0.7956365573284545
-0.0033282078499337997 0.8682189747829572
0.8258126948582714
---
45000
49
-0.8877144103681814 0.6299872177799387
3.002913781997914
-0.8879455418610263 0.6382405124390257
4.236695489143944
0.6704419716813514 -0.647662889352607
1.5279157459857249
0.05365158319261107 0.355092313633691
-1.6240122840114082
---
46000
49
-0.19881162481905196 -0.09970023128642351
5.511239467049722
-0.20587854847396314 -0.10469669932383854
1.144961575494298
0.6041663770878054 0.8040430693868587
2.7182611584395975
0.22161695503382706 0.9433564109451041
3.4970415161541357
---
47000
54
-0.8097505296304711 0.21064424751187846
2.44644775713911
-0.8194410253105257 0.19807236088794117
3.420809631361932
-0.3863814842074063 0.698878000888356
6.014899961274224
-0.736576729592963 0.6708303316112529
4.8155382483766696
---
48000
54
0.4040413670035777 0.2736329941136211
4.891567240348614
0.39179367859930936 0.2618977729821042
5.386135523849744
-0.5394093852333878 -0.7802937355985406
6.144240114129629
0.28883054153930116 0.8587454683645164
2.718918300626979
---
49000
50
-0.5217571379522363 -0.15275901603619058
1.9590659841314952
-0.5219381442638702 -0.1536497028330337
1.115137488813617
0.10170358527248394 -0.9656118980507743
4.08817877448502
-0.4821347411433617 -0.8394222819544179
3.410903119968536
---
50000
47
0.4226832496011302 0.32374543207446177
5.557561746477508
0.43302357314810747 0.32353073411446603
3.0927965835585773
-0.026602817110274676 -0.34721653165375804
3.9996115910323917
-0.03976121208627262 -0.4187164386993742
4.527737215519665
---
51000
52
-0.5294034798450463 0.02674905217892988
0.7992836119956297
-0.5477323973834363 0.02061911170994765
1.9784233019722732
0.7044417021758145 -0.5432468640325766
4.49693082887193
-0.5892906233168338 -0.02647794824470936
2.3892803789069696
---
52000
51
-0.7166054647273719 -0.39128220366850075
5.795480889854033
-0.7118972127311549 -0.3937911346113787
0.5700419187258712
0.40637359599632467 0.7186262419793157
0.2673004206797982
-0.11431182150411026 -0.44354413126025716
2.646429604456169
---
53000
44
-0.46659460168932826 0.03642655782789543
0.992463822488753
-0.46438684752738757 0.004086583585033367
6.003793240670325
0.6521781361569559 -0.8719320989910521
1.1158316820714482
0.35816119875738234 0.9502221564297547
5.355103745117509
---
54000
48
-0.8872571414844144 0.2030727592373432
0.5478398006285103
-0.8872524809659081 0.20294766910661144
5.46796451521026
-0.2268900813914709 0.6736623293092481
6.2360993340771955
0.49972744201299424 0.39716322631709233
5.96542213829898
---
55000
53
-0.24324637798535328 -0.33812235882494907
1.402822167442043
-0.21314761165447849 -0.3399858637690498
5.775048165533354
-0.5126683869636157 -0.7463427400829485
0.8412901066245804
0.17639678759428817 -0.8563681672787593
1.7689643634225698
---
56000
51
-0.12095337921859925 -0.40819510153544086
4.958195480934959
-0.12310539351130627 -0.4145109198683992
2.1335025872331057
0.50232582198771 0.17162056837270345
1.111279376496329
0.7527512277858766 0.11932255952584754
0.41666289969792913
---
57000
52
-0.687087654802593 0.7614816522946002
1.5545445041161665
-0.7002836114758151 0.7779108739408243
5.549682129568531
0.8243934295794325 0.9294370288222216
1.584481438936816
-0.41713014177238983 0.706781393831243
3.4578417364480565
---
58000
50
0.6099774784651248 -0.12048905551929813
4.646768675820045
0.607849734883251 -0.11675802964477543
2.0987817867757848
-0.8590983231024232 -0.016785369824540344
4.142403533388139
0.47803681638670725 -0.37045088731755993
4.849957841220013
---
59000
47
-0.7056853314069038 0.6534554684909805
4.685657012883772
-0.7257077757730721 0.6480748013777212
3.0713714819839186
-0.030255077711228904 0.14918676494381425
3.490915879536777
0.3243649876376216 0.883183798458648
6.094162784947317
---
60000
45
-0.9986584843086959 0.46279119368457033
0.5674544267238076
-0.9980100469549795 0.48615699391316425
0.17820619830149553
-0.7424999348720196 0.6760973202753697
6.108543580957369
-0.7898865601000057 -0.5804337357511088
2.9073767231648837
---
61000
47
0.6313475480406525 -0.014757769221533455
4.15135239400518
0.6489225401016077 0.005307978859666752
6.253661350469106
0.24069381607197252 0.39196738094813804
4.2224830239043385
-0.9140585454972839 -0.32350773805477834
2.8075581421534332
---
62000
50
0.054736023737160806 -0.1142892414810827
5.517701881200325
0.08650894458517037 -0.10929204504256103
3.1220167845853943
-0.2696078003548283 -0.4498739460042659
0.40640865585583885
-0.21711266334229867 0.9060635075936826
2.4310161284971272
---
63000
48
0.7153286966748915 0.6152348672490975
0.017998259127962157
0.7168112215453653 0.6115924301458466
0.49968219124904323
-0.8498346356383453 -0.8733838602205845
1.1240041415109134
0.05287929348567706 0.03826410078926795
2.7561450341174956
---
64000
55
0.002426338726991155 0.37554436547057135
2.4335684057537774
0.005624163794507777 0.39898673234427506
0.3900570805492558
-0.22951789317419305 0.6597037099280436
0.7276216414429397
0.13806125317765677 -0.20089982861386493
1.717472178090687
---
65000
50
-0.813857725122081 -0.35492987350487426
1.8362000752913965
-0.8386104906195504 -0.33758921198870184
1.183392137775705
-0.8387935313576849 -0.11715592224792229
5.691714981707733
0.8244160884389947 -0.47361216821030905
4.238877425756106
---
66000
47
0.5768249596644287 0.043646863987630125
2.9313668397542423
0.96984641901279 0.8342732256165072
-2.2041388374693223
0.5710069873019832 -0.05981905773405101
2.35497229755961
0.12397140437997516 -0.8425226215352376
4.5581549251162095
---
67000
47
-0.22284115145496422 0.6150333287796458
2.0027617241990074
-0.20353201278011768 0.6277033061800232
1.1017865665143134
0.2125364800949974 0.9627216107853918
3.030089653482417
0.7410413779707156 0.9618169346775343
1.7701268512466228
---
68000
48
0.7725500854267395 0.32586592677552245
0.009606626911589977
0.7699677016186669 0.3238359950418221
0.1375966540828193
-0.23533482300999065 -0.34581806558400074
5.084293097612556
0.9810393886059005 0.3062525396092372
5.628314418955261
---
69000
50
0.2918789543182212 -0.6637456991927803
5.009446696585829
0.27587830613411424 -0.6741783123218178
2.809440576405943
0.024649864358689128 0.2757128092521776
4.471646624913715
-0.8263348142649263 0.7832893252091819
0.760884990744997
---
70000
53
-0.9653675848978553 0.8930426224810644
6.236246726027974
-0.9491617647093625 0.8768534216832509
0.7035312027909253
-0.17111846202924433 0.31944333591865
6.188944363247468
-0.24156964194226738 -0.14676288670611987
3.476559825341921
---
71000
50
-0.4915241757444671 -0.564796773775911
5.234215023888436
-0.47349402866707274 -0.5614976432307245
5.474468302137707
-0.03516201431712393 -0.5919035168132358
3.231300382524414
-0.27849919597508543 0.540756606789152
2.074620837703929
---
72000
54
0.9279725081950742 -0.6682041314405305
2.8029864194740752
0.9320165990522858 -0.67109274539732
1.2192320191235426
0.455956171324804 0.508820852806602
4.76900525812936
0.770416509053051 0.4076583413276232
4.495733972258463
---
73000
47
-0.7374385546757298 -0.7884933536043964
1.7664357608885048
-0.7454469529136453 -0.7769587622878469
5.16490629632294
0.059423315459061286 -0.45379515871872417
0.4854660399816142
-0.2578162976880304 -0.40497004989009483
5.827540695473413
---
74000
53
-0.9219418729929866 -0.22918121215569487
2.1744708807544235
-0.9218627319147609 -0.2285948372099272
0.015085742099194555
-0.8040163260148951 -0.9061966321376814
0.9096646103861872
-0.6110748696485727 -0.9824546815523552
1.652074043600554
---
75000
46
0.03411040422871717 -0.30283262737092687
0.7320444946978295
0.03414512024138162 -0.30329932308122276
0.931324696369872
-0.2229893535863516 -0.19932795347650853
0.028955652512918206
-0.6313838909369192 -0.8480110459867964
2.479273397633255
---
76000
49
-0.5886566118234042 0.8849141727363004
2.788240602057125
-0.5942833406363774 0.8792231536714322
2.2476976318907855
0.848077473595432 -0.5486680711177163
6.0286220140190805
-0.30354479288669606 -0.14953935965462162
2.075064589947808
---
77000
52
0.9604789649381131 0.69045974979058
5.907366735456991
0.9555036691338215 0.6869041225389478
1.4742799249519303
0.02134980113702457 -0.8412510680076016
5.198859615778023
0.7721923936616509 -0.699248318839296
0.8110581218912145
---
78000
50
-0.6489425880246715 -0.8695072635162985
3.8292253821905895
-0.6355369394349326 -0.8541366388544174
5.497615634316521
0.4053973077438838 0.8339957860431767
4.189578356234813
-0.07649205072627037 -0.8446946185532145
2.8625388741568765
---
79000
51
0.5070516318001062 0.060180790229562
0.4587602916056393
0.5608608769427251 0.04455171440739217
2.7932738588725305
0.4705838562241792 0.13206125205810348
4.526971503454078
0.3418893756316142 0.37250139227970414
4.750955393398939
---
80000
52
-0.6152352029316228 -0.9830077345417155
5.071109164412141
-0.586318715519057 -0.9700579759411365
1.7384808769458635
0.3277831552828525 0.16980680215842148
4.834785835543829
0.7993935118503959 0.6282697557565636
3.807322806670027
---
81000
52
0.6169205104695819 0.7019790526906005
4.228026471758659
0.597605298807295 0.6764948000022556
3.3445604636437025
0.2961224898572313 -0.03308981462294729
2.3000469767794067
0.7089999513889775 -0.9452012567175511
1.4425241318590238
---
82000
49
0.5568582401756821 -0.8275285811982903
4.621385277848866
0.5607911800414 -0.8115547284439801
3.3161703493613413
0.37401341477862515 -0.35618696711943204
3.4653456109549063
-0.19408187899652182 -0.7743792101103179
1.330224075577238
---
83000
46
-0.6941113211514381 -0.581795563819592
3.178273215838726
-0.6952830462862196 -0.5653666083397579
4.863781658051111
0.6414726880095188 0.607272657618266
1.1362807085922313
0.49303424157440473 0.2769665580408698
0.7732788810172417
---
84000
49
0.28995597905443493 0.8231576880403726
3.1105603089638416
0.30539183545457416 0.8377764282862664
0.8702399732268775
0.8232997899189969 0.4758869467922346
4.430755353570408
0.6642341805028681 0.121422313256171
3.2320923092983618
---
85000
51
-0.4075602606547023 0.2285153237991463
3.1345793473315404
-0.3901581408636093 0.2461709985114992
6.16478825616412
-0.5395853611142177 0.057770411682865515
4.67513081174982
-0.25675310580351 0.6450139625982817
1.4252497542708351
---
86000
51
-0.47114545717999984 0.42182451999414977
6.10446492368116
-0.4604803653163655 0.3986250597565525
1.4053880005811408
-0.08177487357758613 -0.14943911718730837
4.493596325090538
-0.24549225405469288 -0.44724591327339724
4.494634012367222
---
87000
50
-0.007281549684595297 -0.4595535487431729
0.5804640286317989
-0.014045073091419818 -0.4366618024856297
1.6419683903498612
0.5837850682197676 0.33256578372218654
0.7918798608211106
-0.31615069804133566 -0.22387236196958457
4.792885534104009
---
88000
53
-0.38777575594491615 -0.8342999048527086
2.144491654086963
-0.3813262127731453 -0.8393788848641882
2.238537963441007
0.18601028169492878 -0.7663656609264303
0.9909635259710736
-0.5033810038738253 0.7994469770566466
1.4184310521070067
---
89000
51
-0.0810785348736798 -0.18990738798212975
3.5893693887036755
-0.10024857065256164 -0.1968192641030481
4.0797271154817105
-0.5668933813599946 0.7376622075588236
3.4919202354134447
-0.24268277895988877 -0.025857433862933443
3.1998426337366324
---
90000
50
0.9683145643870992 -0.7066509306320283
5.961581714084621
0.9664472544726495 -0.6982330658269018
3.7375564251328726
-0.36276135376786667 0.1657821770002173
3.804187433325027
0.11095526268192364 0.3413127921092308
0.43048732808026946
---
91000
50
-0.24546584593418616 0.3655021947073945
4.449111373922997
-0.24757976374283525 0.3761637325452796
3.6623272576012242
0.10620180493031883 -0.934755425163476
3.0083702489604214
0.5272512571226042 0.0904342610374351
0.11843177366405122
---
92000
50
-0.05124091924775179 -0.40333840737056936
5.629314382182066
-0.03808393113558634 -0.42090914634294446
1.8571851461309592
-0.5280038961884436 -0.4900190772924648
2.606874539603867
-0.7524112947096088 -0.6218630487615711
4.298961364825283
---
93000
52
0.4698866898909008 -0.4021095192332413
1.3749236973892989
0.4963355381995536 -0.3730138254194686
3.637193848957187
-0.09397010838480715 0.09341099145382359
3.039319499029686
-0.6694215922666003 -0.07852883391992935
5.631810628173787
---
94000
48
0.9747937670954274 0.621036284022204
5.789503510056027
0.9803590250490687 0.6220542175262056
1.7590081446204398
0.7214644077058023 0.23960023992615895
2.9077127064173522
0.9285561827175581 -0.5112216602124178
1.391202407425606
---
95000
41
0.8633562038153068 -0.31258480878348477
2.6272422772573925
0.8420630894529659 -0.311614801354928
0.08859897814143824
-0.12994794795263923 -0.10099367177690818
4.449926552558331
-0.9089391236436585 -0.9972684376628372
0.20374689281869784
---
96000
49
0.9972337923704638 -0.09405412176540223
1.970774632206659
-0.9876628933406144 -0.10212372593347005
5.907777402097974
0.31136257089267866 0.504225464359926
5.995970763594695
0.45420899398471287 -0.5349734817041321
0.3131341886282293
---
97000
51
0.2297298577264142 -0.10584134106507365
0.9457447881023229
0.22933680513574048 -0.09311722555359837
5.418229290401888
0.9499368579128252 -0.49357282369435324
5.164273057980249
0.7329009942090865 -0.6858654828440638
5.357040422240662
---
98000
44
-0.38487952642593093 -0.6978087319685683
3.9643185634533498
-0.3873931057058652 -0.6984350286569091
1.355978986682258
0.4929302668096357 0.3322587851110675
4.022063387093852
-0.5573610610280693 0.26437874933477623
1.7384982022617574
---
99000
50
0.6545242128838977 0.5613495608042062
2.6962086058031822
0.659131512505197 0.5788118232011388
4.444234510729139
-0.9922383578372354 -0.6466060419350415
2.050460278056596
-0.39915401950608004 0.37698700238000854
5.101177398813723
---
100000
51
0.3212194406622342 -0.5830784782441757
3.770517935292432
0.30446923610807636 -0.5821336250736087
5.187294543354952
-0.5772700522678148 0.4194025177744606
-0.4698375924609213
0.11131662340813828 -0.11371053362411422
2.7381621060045385
---
101000
45
-0.6494788798364987 -0.5939733606219963
2.857527539117526
-0.620134893461161 -0.6037824119144141
3.5198007490402388
0.03385560441121353 0.5017831923921561
4.296081265391792
0.06969384070263698 0.584520538132802
1.3874118486871445
---
102000
51
-0.8115111133344501 -0.9244094503608732
5.883428385815884
-0.8220095326020825 -0.9195144743907765
5.385366482621244
0.5161271264352011 0.7793142524874386
2.422051253233552
0.7744697900782564 -0.47507753006466147
4.233118617966331
---
103000
49
-0.07465269531267531 0.7744857509034393
2.0967964029576427
-0.08198515981692359 0.7840354965336971
4.4451967165681125
0.955558155628586 0.6732045644321113
0.309468626773465
-0.4623208514954094 0.19938164012895157
1.0681487291171692
---
104000
47
0.2063276722319 -0.18302455846016358
4.094062863550688
0.23380373013917644 -0.18799418893264697
5.125056582678248
0.6337055849266707 0.703746005163273
3.2584317617719387
0.9790142347956714 -0.5059844403161748
1.7566885789934972
---
105000
52
-0.11387279702059765 0.8300385668570475
0.5162944082355865
-0.10875052092252233 0.8529729606536337
0.9724704446348262
-0.3323785662062412 -0.6200146810046714
2.0716977966790715
0.6149645919658437 -0.19338453772428926
5.7576143310907
---
106000
48
-0.28680858455679886 -0.9473785480315747
2.057550155862571
-0.2721999956506769 -0.9602098744590369
2.6833002141646185
-0.24933582329009643 0.8829379840188282
1.648394373057065
-0.0776497753318761 0.49549112129487866
3.4642510264514605
---
107000
52
-0.8047648336918802 -0.14524103039735664
5.000181711482183
-0.7831998290899915 -0.1645995421868277
0.08695491593042881
0.6527839850141576 0.6072581071475031
1.0326255682964787
0.2711152908915624 -0.46455679115664034
2.3726845832433483
---
108000
46
-0.47124254359980405 0.8911531074435557
5.667092185287595
-0.4534874348614454 0.9248818438338373
5.341774480031367
-0.3286842906742826 -0.6792166877427974
1.6985440308801962
0.2681937442154368 0.6956937460344849
1.2011057854872842
---
109000
46
-0.5747017409250365 0.13304856289131417
0.7483426155282943
-0.5709983707367275 0.07994589891495187
0.6973855744840041
0.9303412514849837 -0.7990072809347675
1.1025991274471725
-0.8080715908520102 -0.5919394762480572
3.4004340600311416
---
110000
51
0.9265643549028624 -0.735655810820637
3.702690097649904
0.9295225126731167 -0.7341512957499091
0.7824434085613321
-0.17396324263696472 0.5792704084126414
1.6568053078367946
-0.36927071558365104 0.6440773749619797
4.808185926677538
---
111000
49
-0.4588263719817566 0.1242922175408401
0.039689784079074385
-0.45435440394922993 0.11559189619693237
4.851413097225674
0.4902482744168529 -0.3750396231634926
4.1064053340653075
0.05325095427298763 -0.15428141837386855
2.1101620641596215
---
112000
49
0.9616621139557651 0.6803510387309807
0.5192370304770907
0.9515099729484857 0.6761769296146243
2.2980614388532246
0.5242268802037161 -0.8301431790886077
1.5572384271756263
0.9523570872564681 0.9012876500053498
6.258122003394626
---
113000
51
-0.43652402162764486 -0.7522460122402114
1.1140336044087524
-0.45795787618724826 -0.7745054026815492
1.2718093665397232
0.5067825320888131 0.27118472663167525
0.20279180024300647
0.18817988463674612 -0.5879412798686595
5.605642187659054
---
114000
48
0.6769289379098645 -0.3849324917842037
0.08134197435081528
0.6632087766153381 -0.3605345288362594
3.0900224281126194
-0.626433226697467 -0.7245197496332882
1.2898602920223512
-0.24733607821196144 -0.1424749143405971
2.20652757482487
---
115000
50
0.6804689579273034 0.17611373896065843
2.715503479905175
0.6806354334352567 0.1856692722930393
5.64418762671302
-0.8070578408318039 -0.7909529562967823
4.312274347351184
-0.7109820238349198 -0.2818800013006256
2.523146779910258
---
116000
48
0.729942742961559 -0.1586346539540539
6.168249928818374
0.7490987127673545 -0.13874390461252536
0.8145126110220122
-0.6882049525857514 0.024749918791206
4.32096517002477
-0.41339220229716833 0.899583778626581
2.0926010875880428
---
117000
55
-0.11819349332790995 0.4090845782756672
0.306296393964464
-0.11967730981429388 0.4120258723394741
2.0075611630060104
0.3055943026579977 -0.9581672663335399
4.988574002550706
-0.9750693254844173 0.8961829861066598
2.7039678199983603
---
118000
47
0.051871318834177914 -0.30730312338457205
6.177848218718343
0.0474271221607888 -0.31964499531750645
2.8487738380089125
0.23226462179807084 0.06220277818496985
4.7100621305073345
0.39606842773364964 -0.8987223670723132
1.2556364318028281
---
119000
48
-0.7824682816603102 -0.06284434035649111
5.766346614992455
-0.8069196138557271 -0.06412465208220443
3.025418012908551
-0.5730590495649804 0.09044454171242491
0.8742919498288897
0.44557353716804615 -0.351659014021469
5.2017599502638365
---
120000
49
-0.6645227654642352 -0.6161518120366256
2.058032192555353
-0.6673203428865365 -0.5884439905410527
3.890991706355517
0.1611998527407715 -0.39700203866633527
1.2017039182614644
0.16479522410264869 -0.3659811201563359
5.542559062487411
---
121000
46
-0.2133840906322386 -0.1252956250193302
4.636541143807029
-0.21082855457330493 -0.1483433663243291
4.958834323868872
-0.39270559433273466 0.7910244836148868
4.640610562872839
-0.5999734442633269 -0.7105640503558157
4.348751706188067
---
122000
48
0.7362041746723748 0.896210770161983
2.241458801711723
0.7195706521824731 0.8886033425565323
4.058417604666449
0.5853310592647399 -0.7575032984029556
0.5794274564813948
-0.2707211476707288 -0.3506942095761253
2.2014412715430227
---
123000
47
-0.6968205827250994 -0.15865530446386106
1.992455803795508
-0.7074153547402077 -0.16721724422845366
5.0552608687841385
0.7293609275328029 -0.48510911293667747
3.227549491654168
0.8005177670262709 -0.034288262902793215
3.7015741383180867
---
124000
54
0.24120750423759782 0.421523144851283
4.01434294929785
0.19254598625732217 0.4286308361343793
0.4031559163480649
0.15764913377360276 0.5622247062711472
2.546935612893046
-0.27158852145130197 -0.6179573778362157
5.051137551254325
---
125000
46
-0.8119778781022787 0.9809768440245912
5.021914341081181
-0.8378971177554698 0.997281226722381
6.124368325350712
0.2276238889916211 -0.8728818164783625
2.473740221116903
0.5307945779368373 0.9100234636431292
1.4445860356512732
---
126000
51
0.2760699014257303 -0.8109901923616573
0.9673349294905891
0.28431611968562365 -0.8254250103041337
5.729364874029672
-0.999423732467703 0.7622167452316755
2.9077995893089437
0.05873686904286684 -0.11967338072766923
3.522271569471135
---
127000
50
0.39220392389660214 0.7264983134283778
2.7610617877725665
0.390930867619258 0.7128386218427951
0.8369974838173642
0.6792557832917403 -0.24912419074238226
4.45475121763886
-0.083645979602613 0.013125603617244679
4.385447540747745
---
128000
56
-0.8463872771235219 0.8308052204080851
2.1386131499475267
-0.8348676376839411 0.8201947678282931
2.608820766257967
-0.8637702793701426 -0.2809948388025033
0.5545137645967477
0.27376213832821833 -0.03909421536380736
5.453421667607403
---
129000
49
-0.09961544773215027 -0.7136519409200192
3.562188138819868
-0.08623825566232318 -0.6954747731430669
5.644237735019214
0.6272402282252219 0.15722419845328006
3.6892423977222393
0.8778238746908626 0.5006808291110355
1.8913271704882622
---
130000
49
0.04684379032905713 -0.26198634460886705
0.8066335447345823
0.05092980300798345 -0.2560788303114854
3.653011163206526
-0.6890613717031778 -0.8372774366266958
4.069861444604103
-0.4569273274346753 0.38211218925395257
1.677360093302263
---
131000
50
0.8066745000078867 -0.7718576434728824
2.1484618441940952
0.8017619706372834 -0.772294160662477
0.3690262551570562
-0.9019890858543068 0.8909238071202634
3.7540017528929965
0.218076012258784 0.24746822429549759
3.251423258275187
---
132000
49
-0.6545119341069264 0.35434555312426286
0.7052486776087391
-0.6376555628409394 0.36523410205717916
0.7853475179709299
0.6581573588673518 -0.6972338109652044
4.496181130265449
-0.6900193988441482 0.5970803764022727
2.476862029880465
---
133000
50
-0.7578882441918415 -0.12363296668308517
3.633706176208024
-0.7776136385275912 -0.09741769275716931
1.4961687135551847
0.48330567392903284 0.40565212861557126
1.8066588100732766
0.2263068789706027 -0.5870919275993738
1.7715772677602635
---
134000
45
-0.9240653708922311 -0.8685782763638198
1.1558152348689272
-0.924719786819403 -0.8644813063790276
5.172667284825599
-0.31455053137894257 0.38814354502840437
4.07053561287301
-0.8046947986961315 -0.454825949332345
0.5913461435242331
---
135000
54
0.8427611085836181 -0.1782301360287449
1.1914690929582297
0.8751322916245303 -0.16868894318287952
1.5568426923547323
0.5641664307302455 -0.3793521517730667
1.4959057739928943
-0.11111227837769044 -0.6766943855337295
0.5422800905623362
---
136000
48
-0.512560985082555 0.7169925241872604
6.007376757979848
-0.5036116518898298 0.6894094537671751
0.03926476476324137
0.33765129320929327 0.38207415595300315
4.795742673822236
0.5327719036006775 0.15396290518883204
0.5224919813577076
---
137000
47
0.2324534121860375 -0.8698956639488408
5.610640319497119
0.22377902632345298 -0.8633890838132479
3.214829671557043
-0.5906555726515782 -0.6908767058581378
2.1942292615283554
-0.961392931278034 -0.03700665170583184
2.049846406180925
---
138000
50
0.01816877715951406 0.6120430544754863
4.929769935265236
0.007426595223153289 0.6139346856613311
5.153374507889895
-0.8892575402910277 0.3087807559137992
4.206547268859073
0.4245230147315929 0.9147879613448607
5.170521603878878
---
139000
51
-0.33752461824040936 -0.188792339634387
2.749601403176298
-0.3373426237231896 -0.1605228710618536
1.2295725776099546
-0.9077170451757339 -0.6248564984488083
5.927995640808418
0.0753286932902676 0.6902806886449822
5.813746935863408
---
140000
54
-0.931654124821855 0.7727818850708614
1.7297512488945452
-0.9598041797243306 0.7614511307774843
2.3593534317031732
-0.6753405605463627 0.39339977807706333
0.22783776608291006
0.9895002604815398 0.5609910263599602
1.7734621983490166
---
141000
49
0.5430398891247499 0.9203279359132958
0.11319664931635964
0.5397964633355047 0.9431076314000618
3.945001604803637
0.018640381269045277 -0.03087362583784862
1.299227113405891
0.4418323145803946 -0.34151413593804414
-1.3993704739565942
---
142000
49
0.37521793381232615 -0.929049848182518
3.8342481603072174
0.34910009232970596 -0.9289764124348003
2.4802923811392112
0.11173609069058107 0.13796788974216248
4.464032612760835
-0.9512040669760166 0.6633877930217942
3.1759197366725425
---
143000
44
0.2602398458985395 -0.20651726480966703
6.108585795256898
0.2821755359922806 -0.19524379041585416
6.204255174123199
-0.8745827855033196 -0.40886298217724304
4.173247746619639
-0.9020066661383497 0.8514738999740281
6.021127394165848
---
144000
50
0.3089229285179127 -0.31962350575700693
5.973444956892131
0.293190851939106 -0.3264021739881122
6.119104827522438
0.9194445256571112 0.9788076838998379
4.209557554461972
-0.3536219118273484 -0.7556138519835839
4.737800893260353
---
145000
45
0.716884073910745 0.18991608337893995
6.113489782363
0.7185498908724335 0.20429245152555045
5.0251897729028645
-0.15321827033330418 0.8980957579193021
5.916133152314211
0.8577828689500488 0.6698351115175318
4.667530634538566
---
146000
53
-0.7415506564290143 -0.8105967956118685
2.376719553344129
-0.7120113645004935 -0.8195394754703055
0.550681035898636
-0.0062818720667779 -0.23414957613760568
5.967262170754607
-0.6876705841830331 -0.24038024072528474
4.983724580351041
---
147000
49
-0.38380538936724073 -0.44577209805334483
0.2785236560757598
-0.37008131728106813 -0.4411758801475795
4.5837708799850105
0.31011092695586073 -0.9100401837182424
5.804731159061783
-0.1424635474915131 -0.15835724614207808
3.1243835962296833
---
148000
50
0.3230021802375725 0.7117635453046359
1.0362260228757876
0.31816859566641353 0.7230031806377879
2.7769903296376475
-0.3276292338382105 0.23125050340249842
4.732168357054118
0.7186768835470034 0.10145001534812259
3.1587246961524613
---
149000
53
-0.35374828686878795 0.7545390407757042
2.4702685947140193
-0.35618103432617715 0.7583726288076783
4.395871763706104
0.016099144623538647 0.40449061933003166
0.37957489672888034
0.610500895846422 0.3824784595450178
5.786094268789439
---
150000
48
-0.6176629248961982 0.03414061871461162
2.70726427567471
-0.620605121384556 0.045360571913705294
2.2149971129888435
-0.9548025334556669 0.7635954869140963
1.9000677389466505
-0.2566739460040435 -0.9971806489949433
0.6683671566028391
---
151000
51
0.07268372563991721 0.5532128378295414
3.83796776660721
0.028705923578103885 0.5388621489181704
0.10531807833336071
-0.8996965456082652 0.8651086227129617
2.7874111528419574
0.23332648613750442 -0.9620726950763145
2.183738530432514
---
152000
49
0.46830644784190184 0.676779132623281
4.595721285793775
0.46469018579533883 0.6977915432976065
0.5616741712414415
-0.9550212493559899 0.9821766442364671
5.782237064305436
0.8040212029681768 -0.7107412281637735
1.9128115209817675
---
153000
45
0.1725714947829098 -0.6479221187016924
1.3188834711386836
0.1745940541266987 -0.6394030230329636
2.989201849209641
0.6790511190207761 0.732041461741496
5.328564747103542
0.9328766381499631 -0.7036973176182388
1.669773106176606
---
154000
52
0.9953094406793485 0.36924625437619624
0.8544456696374583
-0.9835008586322328 0.3533866164092982
4.285102592799187
-0.9796359026804996 0.537682576743368
2.5144048821858798
0.3780021593206579 0.5426935292096824
1.6707316935973244
---
155000
52
-0.030144380890691286 0.2600530374777758
3.2175549220973823
-0.017065483597496118 0.27164620954221763
3.57401040333135
-0.3551630071514036 0.4667104704286765
4.930077811116137
-0.2007793310396647 0.3081920822728652
6.16489423994122
---
156000
49
-0.41361988518683535 0.18532399257083793
1.7032166234028674
-0.39285969491010425 0.1851559605574401
0.6579013058881698
0.3077464807784857 0.5821001250685122
0.6893748614058897
-0.49142436012246726 0.4274630448316052
2.838790067061968
---
157000
45
-0.907990951492016 0.3716625217416894
3.686824449955098
-0.9024550529744216 0.37777093263243455
1.3349297712325114
0.14958354584868827 -0.4533187924147193
6.180310994165371
-0.39613008179703635 0.6383594901846598
2.545630026201297
---
158000
51
0.7717976812064599 0.5663144654970946
1.6448932914333287
0.7939565676333887 0.5885593203463139
3.5371215469636796
0.5651276266288249 -0.734713509463333
5.614426781900989
-0.053182391341722035 0.6518428807069069
0.18551847955062506
---
159000
53
-0.5385902271765917 0.18640941077872905
5.405580931436793
-0.539688956425735 0.16413826845075064
4.36272039243401
0.13160748303389772 -0.8116390611616584
2.0765539340094357
0.7488996405381447 -0.18012492192839744
5.521102935720376
---
160000
55
-0.4530439368040579 -0.9757731693834752
2.913060407841616
-0.4659120590928927 -0.9647677891763193
4.484978777872826
-0.15407557299453303 -0.5152584052838628
3.128294395335737
-0.20931593158785156 0.033367498954595044
-2.258331616939009
---
161000
52
0.2366153398229991 0.3794605735960916
5.205838590145296
0.24040047989394212 0.3324541482569634
6.017734235644736
-0.3446037465059071 0.11227055396631061
2.0939110051588976
-0.41510449720465226 0.6807107795823407
3.633348536835424
---
162000
44
-0.8332751404671525 -0.7866132682571834
0.6179232867569513
-0.8533382682343464 -0.7738840577406025
2.4517774800786682
0.364955938133925 0.4969300137795144
1.815321504580898
0.30940575715790586 -0.05091329663993566
4.810673974828594
---
163000
51
-0.12180938460930121 -0.6580295112839002
4.404117119232942
-0.11233247714047782 -0.6573858851381578
1.5317115219334596
-0.8511270444698926 0.3402811462627119
2.8050291301688928
0.27380404833129823 -0.14689352941670789
0.6494630876629559
---
164000
50
0.0011873474565042685 0.15867972819522785
4.56086451307506
0.021088747361887587 0.18963203249691676
4.438894663086511
-0.3870711019928108 0.29246419276107033
3.630768233336558
-0.5998431271654391 0.23640853925342742
1.5900039464970268
---
165000
50
0.958064500759737 -0.11666290689856251
0.8909467927694924
0.9340098665687657 -0.12471844316505551
0.9490674560484855
-0.7142107276252738 0.7550205907847566
5.239474374370551
0.926627349884412 -0.3520425809119172
5.045855515910788
---
166000
52
-0.2088534706284806 0.5772976420655268
4.963765775325637
-0.19713818736410033 0.5739074835040403
1.6554241871624162
-0.7097781885818728 -0.22490311889712497
3.457078682207446
-0.9410909294348296 0.41745710375746986
1.7717174074198256
---
167000
52
0.7898293244369304 0.1431799462799626
4.558071011720011
0.8063746915824287 0.11592327963667323
5.9684390188541
-0.635270497059914 -0.4264131014849141
2.120824069270725
-0.8144709515596223 -0.010124383423080568
3.8919122075982937
---
168000
47
-0.61507379260615 -0.9437801073042363
2.2210369745399405
-0.6243625187614121 -0.9397708152982753
0.23538809635502123
0.4046003959222265 -0.33320971591296067
4.156047236887106
-0.3712347877425407 0.195434689245908
3.805445749281513
---
169000
48
-0.6987793176679455 -0.33627925277159076
3.526991979968808
-0.714089514532414 -0.3493921829409442
3.5847901129992747
-0.4583997724377243 0.6469464343408289
4.637327576484255
-0.7113810933235878 -0.6701931192201899
5.9429873117712635
---
170000
48
0.4419569483901947 0.10318301139041727
0.3268045959136408
0.41449528652909906 0.09232183902113784
6.101601817333386
-0.14357156175926808 0.9916203270407643
5.006756081597562
0.5749497306607211 0.04497903968009215
5.710335989464707
---
171000
54
0.3403324892369546 0.8429238424587331
0.8327052173534601
0.34309050738572977 0.8394261507833827
0.20840590067586984
-0.4558590621734639 -0.9304396698700553
1.6914677837537786
0.7135406313790777 0.10678565026982813
0.6581807558148496
---
172000
47
-0.3447607585391681 -0.1417401758221674
3.8621261883553695
-0.3373160304613344 -0.14773979330954104
5.9395863951016725
0.033678433835078396 0.24869834227518633
5.130763166311701
0.29380061680825165 -0.9197761134296917
4.037077110083881
---
173000
50
-0.41281448179168223 -0.30153771214572034
4.4949306675057645
-0.4207321891148774 -0.31286086733202606
5.278348857448329
-0.8940604547093086 -0.22658002160607474
0.41886693081322957
-0.7138379787925516 -0.20583769446371544
3.3734848731779197
---
174000
52
0.010277093283653504 -0.942739597295416
5.3821959401507335
0.01744413778788499 -0.9436364931319958
2.6228825289085087
-0.08058230446207325 -0.5941074084257646
1.6609873589942552
0.7696478033855726 -0.052987077434952054
1.2998946840515089
---
175000
47
0.6811523466063157 -0.5239674763938278
5.80954301392386
0.6915002238563603 -0.5030514743471828
4.104849362570444
0.023650029899160038 0.5867376524736783
2.0868980196537974
0.9149438920328119 -0.5049643835735284
1.0973731064967192
---
176000
52
-0.33446092848040476 -0.39409741393456776
3.3363345976050636
-0.32275707205266047 -0.3945220158432778
0.4847327311334455
-0.31602259513651754 -0.7597815583896501
0.5114723772520673
-0.81026216159545 0.7340095627900679
2.41732108511048
---
177000
48
0.4772498610122638 -0.5210095750580113
5.239062128187297
0.4754326316222497 -0.5136020732486716
0.5541459876281625
-0.45771574927868897 0.2576645263686054
3.6335670831030864
0.20395790082626675 -0.7073596015714547
1.982468773335981
---
178000
49
0.43409576187137555 0.36003082187528457
2.332201284396961
0.4221223177044055 0.37528362214799277
3.800059013914029
0.3886701361531915 -0.07326152962517424
4.389199202936977
-0.15546463226130472 0.37770541360536525
5.913870569441153
---
179000
51
-0.7228988303999888 -0.8033161317281434
5.318965397906121
-0.7045029857775558 -0.8046786724064801
4.866493439735338
0.8284346601436995 0.13448041039737318
3.239648335216933
-0.666300830417169 -0.7680030570569455
2.6773079024800657
---
180000
51
-0.6294146023771722 -0.6425990670012608
5.988360262510819
-0.605000006568399 -0.6419369989617808
1.8971692829325617
-0.6815812126492964 0.7873412527205208
2.864162575660277
0.4525383266899897 0.6705331061645804
4.951506101830054
---
181000
50
0.9430281817840044 -0.19776066805457196
2.1588470972638985
0.9506277910254285 -0.1881569891200734
4.302387055544396
0.16127358378405307 -0.29053065007454504
0.6340804778514686
-0.058044034297623795 -0.43990290302514384
0.3871588245687585
---
182000
47
0.21683147692891247 -0.5345252290074174
3.7946807823899316
0.216875586813213 -0.5317154207400542
2.1977304782692455
0.12933763501903295 -0.5572035707355697
0.17512448472215691
-0.05384756802999771 -0.9602906251945522
2.1856615503116883
---
183000
48
0.7415249492938708 0.5566995309055001
4.913076011515034
0.7247248546633929 0.5331188774066162
2.5873617533740054
0.23641884469060678 0.22654570097683285
0.8478771296346368
-0.45886717930367243 0.8048952022352479
2.0642915622882008
---
184000
51
-0.04895357005115833 0.030032977541314218
0.40714835391479043
-0.09909786544257726 0.009150876614175232
4.3024620204817206
-0.7415539747339988 -0.7525105238271194
2.0752717054348997
0.2102435936640423 0.177097778363395
4.8968166898925185
---
185000
45
-0.6301763468205375 -0.44335960315729117
2.319876139275652
-0.645075486832841 -0.43768668116467785
4.7311168975635365
-0.9932789866417032 -0.21725152422692545
1.6977490788671927
-0.08989621672032526 -0.1960242965589235
-0.48260820432070367
---
186000
48
0.32440793979666077 -0.48595641177278814
3.0601110049398867
0.3340266304565896 -0.4626515128014394
4.3469448304413465
0.04736645421827006 -0.5828871996772151
2.1170991400042496
-0.9608665813727094 -0.5596317237770243
4.668001740854821
---
187000
53
0.022568841768321538 0.4403739324413728
5.0429098171946505
0.03883453287856989 0.42902331887767936
4.392621724096543
0.4388035757398926 -0.15037720648133712
3.7086118153754732
-0.030569997986706995 0.15206410735391346
4.044437619738339
---
188000
53
-0.014344696046449501 0.05203352678985584
4.417257114452374
-0.017955409973624582 0.01959905682474414
3.9583881384218573
0.1346700494380393 0.6361917223562386
0.4731186735298891
0.9413367851102106 -0.21446908173239318
4.237628509747772
---
189000
48
-0.3288205949101127 0.16475635427539898
2.2952511618601528
-0.3093291564259653 0.1685493754011838
4.97192340954867
0.6783924598494528 0.015070069289257013
3.0197355860217323
-0.0544310592131856 0.6453672720277844
0.021473257100751653
---
190000
52
0.22975000613558147 -0.3449515055534195
5.2409232983440885
0.2461891211204562 -0.3656080787394401
4.982170711199179
-0.24464390657436735 -0.11774042739775198
0.7800089505192327
0.3223814997724532 -0.9123378131152547
5.41152185016305
---
191000
52
0.5551608553952274 -0.12950980772447734
4.432315505073263
0.5418898718385122 -0.15827463762796112
5.550280526720331
0.9672807178821063 -0.513702696666813
5.121100913802709
-0.43070559972508043 -0.5666991432685906
3.9336132438869074
---
192000
53
0.0808411506770964 -0.8540732496015079
4.943146335488414
0.06117448342295338 -0.880360907109266
5.406614668815613
-0.39922462530175695 0.6849905696015817
4.625285381246923
0.4154512413437851 0.046304736635422915
4.452422979784827
---
193000
45
0.8707543618223097 -0.055825513754559145
3.5420640568898087
0.8653769402625393 -0.02650410531988604
0.28794641774444685
-0.47944758967686735 -0.5187591892706065
6.2125475177088285
0.2621402254675037 0.9479042210675626
4.592196784012362
---
194000
50
0.3175255545042921 -0.32855567012564674
2.875712673232928
0.3120600468077384 -0.3296886364403584
5.201474066666041
0.3087139232729538 0.20977949875985497
4.419051390068396
-0.6563596527458884 0.9348876662016417
4.976787278434861
---
195000
54
-0.047702286342106576 -0.5670398942044372
4.6159757510820025
-0.03070682601237698 -0.5642587073472284
1.7154735201129583
0.9885315392640319 -0.6424442858764399
2.636151415997529
-0.6320488549148309 0.2535773580114669
2.539984418573903
---
196000
50
0.6563186443740792 -0.8218363210631789
2.363389000641276
0.631037497853703 -0.8393518598835326
0.4748714182369609
0.3309544446730477 0.11881837376178703
3.4409431674502473
0.752428778960948 0.8896110033521065
1.3771493627317444
---
197000
48
-0.04973845496889003 -0.7990222862470397
0.29146888515757824
-0.04371808232738151 -0.7923140587789602
6.027585327488349
0.34654886111937455 -0.9807469994879527
1.568462260687717
-0.5607949216159056 -0.8103587368809558
0.5067809215938102
---
198000
51
0.6771023936846877 -0.4536601967765372
2.6660033320363024
0.6801909286644516 -0.4587628291054061
1.6634614501070368
0.8275066463779946 -0.43226440471619104
2.1408403083366983
0.8949162730333798 0.7134679826776037
2.5217723584504608
---
199000
50
-0.7383698452471943 -0.9435662706779018
3.7627390291278364
-0.7457457767171168 -0.9505883250828161
3.368865751126463
-0.5551981144567827 0.72157318950588
3.0065817155868473
0.2810772564135302 0.2675747160102375
0.0015705504041667595
---
200000
48
-0.6698854588855299 0.024102494496634354
2.554258482887088
-0.6838886616064989 0.047423478468961715
1.9181378225989882
-0.8499751602408218 0.40396777455786403
0.03248089431646365
-0.9737889552022366 0.23107391668570304
-2.4456757724438893
---
201000
43
0.23186894986306603 0.6952480298627524
0.18020760224940446
0.21449956347895072 0.6993369240235152
2.1623567819721163
0.24593269720406993 0.5581420757896165
0.4889380055541608
-0.2992171117107716 0.01232324039372041
2.143115098655918
---
202000
52
0.34436528132226096 -0.8944908340086084
3.274502134589275
0.34270406743494986 -0.9024687240758976
5.125202795811008
0.21452769977294592 0.7861051706192717
1.0618188372643544
-0.22099333376027436 0.42889910525729613
5.256423401002564
---
203000
49
0.4639480634760817 0.9351443708342304
1.5907967348230956
0.4444682519720504 0.9096992852245209
2.9902028617679406
-0.3031607596710542 0.3528483733835383
2.693368979005718
-0.45468344117677084 0.5881018404687758
2.4735946835349303
---
204000
46
0.11228197344121166 0.46912002516413415
3.992155027269627
-0.5103820081473045 0.6478863273866713
2.325535836620835
-0.24282475851002044 0.6861940009810732
0.8231503646348273
0.9663687303355211 -0.8386633623852203
4.42232283053754
---
205000
49
0.9017016275044483 -0.35070305576390853
1.8705699547295505
0.9087907338895015 -0.38095843270990515
1.8163561583217946
-0.4961077660410737 0.6944852908174229
3.683118391777561
0.6852666591511286 -0.6914423823870752
5.6680240659773595
---
206000
48
-0.20536582773343934 -0.6493235243792821
1.416766375105087
-0.20330605237961147 -0.681142176064922
6.167379874757405
0.7603321030538986 -0.07588435949416886
3.7896016247951714
-0.35210457465603223 -0.6848247988918675
3.28513321538897
---
207000
49
0.8802987864429705 -0.18156923926886942
1.4189209467913824
0.8842759946896227 -0.1884599690986199
0.16834185362418808
-0.5161521357595833 -0.6222780388735265
5.495109280715658
-0.46676098821657 0.7197416896979436
0.372257152495016
---
208000
48
-0.25949603729288845 0.1297179858543122
1.0898833745645866
-0.2590281170407661 0.13479622914056646
2.3850799272989995
0.36920587043888303 0.6965966325952582
4.440301588847757
-0.9175526830219403 -0.9648873489172904
2.3933439369689826
---
209000
48
0.17356450112885127 0.09119040773410747
5.258629028679765
0.17243647789267474 0.09300432392389447
0.1636489350819481
0.6213777026971583 0.15916653046223317
6.1559861232156345
0.9901678262348697 0.09718861884503813
5.966329712872059
---
210000
52
-0.09777157124986538 0.6587822292188759
0.0657637831033061
-0.12109479374970311 0.6506215514411032
4.219311944246048
0.6860713439856261 0.24183785560263094
0.6803524518721273
0.9535506279795863 -0.9496476091028991
5.913557329650134
---
211000
46
0.6241638931821459 0.1357498683309366
4.23196349572037
0.6213899498372746 0.13939091807352866
4.355321864669216
-0.06282169151024962 0.5681623238905855
0.9422273551596438
0.8339604434777969 0.33379300082467445
1.8088451684282068
---
212000
47
-0.5437390206986428 0.4942702214212142
3.9934096651936595
-0.5413060328400245 0.4944507836657928
4.081768177046571
-0.35206522599090817 0.9949264186942515
3.6194443554973432
0.8194483046319638 -0.404442342198919
1.6627973634255842
---
213000
47
-0.2841174846654595 0.7163150538078861
1.6330793310165024
-0.29396708806528926 0.7217376862240991
2.4201840734802067
-0.4371326651712947 0.28729351801408615
5.90950797872905
0.5919766674887899 -0.10556057425060611
2.6507414008999177
---
214000
50
0.5034423748022167 -0.550486974271914
2.1500027414725382
0.5041942798084037 -0.5506940254956761
2.5657182629084865
-0.193777029013049 -0.23966281565595837
5.312711175014925
-0.8507323703417504 -0.43527795685616116
3.2718800169705684
---
215000
51
-0.6117313041565801 -0.46688624903724113
3.995029596143989
-0.6098996281370608 -0.4656199980741127
5.9530198071946865
0.24287640129319185 -0.02700912658139612
4.3155885852869735
0.8219801154761298 0.49935793159658315
2.4274916576186776
---
216000
51
-0.8523748794449163 0.18789907222008054
2.758020021551968
-0.8679239046227072 0.17401961517100212
4.826296972974149
-0.6296529142348702 -0.08834523326858969
3.5543146732627187
-0.6180706793568792 0.13866405509440585
5.11776634490195
---
217000
45
-0.8257384263900428 0.12920172315850448
3.772189021960889
-0.8147981843907948 0.10261744477509907
4.633652047608351
-0.17894838560979076 0.711040161439876
3.342271322329635
-0.8947458428806085 -0.24108135315898865
2.0166626342849394
---
218000
51
-0.7869496226948525 -0.9926655967177681
0.20423650903542537
-0.8228119802148248 -0.9992662289879012
0.574946470063666
0.7385812650734169 -0.30857023609764755
5.380502274983904
-0.5283304964057487 -0.8226908814191817
3.5559872743253655
---
219000
47
0.038547640867014635 -0.17551699320566005
0.31906488972592806
0.06175382095602737 -0.16929558367451011
0.8015846264126643
-0.8303863686656991 -0.7533135633025408
4.37342209928275
-0.4131060650748029 0.5564756482678744
1.7665232418745427
---
220000
51
0.24123209803259069 0.46558822088078
4.7743927355117695
0.22692516352094755 0.5125593456268036
2.7962247482195655
-0.34828804969835925 0.902790900738751
5.999537435258384
0.9287090224205792 0.8424651666261932
0.1315228804828269
---
221000
51
-0.9661558776665502 -0.2893550149248895
3.3139154983230736
-0.951213516282564 -0.3005185751649227
4.304722248272646
0.8513081041079197 0.3259470841559444
2.405845544767651
0.995706826316598 0.7924740439444707
6.015441855158017
---
222000
49
-0.9617109719624628 0.9443623181840394
3.8633524540360877
-0.946893048305489 0.9325974348055587
1.6908486596042245
-0.44533336858929506 -0.3315917402043692
4.904006101886193
-0.7969686054586684 0.22476422455405237
2.176808265308752
---
223000
51
-0.40455159676435976 -0.389071851987729
6.2489390976954935
-0.40255821828839633 -0.3971446560575863
3.1262603244189204
-0.14612357680832563 -0.8590916244866167
-1.3863849622328328
-0.6582695546058309 -0.9536199790142874
1.0632064490137685
---
224000
50
-0.7970087866478077 -0.11046867860523397
3.6868107176482114
-0.8111149099869484 -0.08473592966592425
5.9375244166122485
0.22199291850188782 0.0720958686114364
0.6168276829042281
-0.9703683377024548 0.133476107210734
1.2649531891906243
---
225000
44
-0.11827440719041576 0.17424700804553914
1.3297574906674268
-0.11946688276789648 0.18033815288163835
3.9632035812185062
-0.171811061003345 -0.055808201465795064
4.239393737694893
0.9986481208145385 0.2993389590260208
3.3751200158162113
---
226000
47
0.6321352587491321 0.8076477079206494
4.077278747560155
0.6174436730028383 0.8040071650447113
1.2958607678667304
-0.546366708756979 -0.667186296989947
5.52514812099145
0.8353979745118556 -0.4109191069275315
2.653964702711569
---
227000
53
-0.7997387644279611 -0.2078086203782982
6.231739706048796
-0.8258196627973486 -0.21300546722591768
1.8880450084348324
0.7829536775752589 0.8591053733088184
3.537331702311058
0.33940626467995927 0.2336137547279206
0.6924389711933889
---
228000
49
-0.4744477196591784 -0.008005853409540978
0.28745720659258067
-0.4811119540477943 -0.01799606429497249
2.0254571015316287
0.9601302090184208 -0.7361081994433955
5.792054552570495
-0.6527202777396028 -0.58639270412509
4.001383299435563
---
229000
49
0.7844417301603697 -0.03956322392155874
5.305635605873072
0.7949848635827079 -0.03679161976339124
1.3730098007826
0.20526424707293858 0.3229572795853747
5.011483036183874
0.701642753772631 0.018464458443821552
3.9561885505779726
---
230000
48
-0.9840340281976458 0.7814005693649239
4.459605210804389
-0.9877135429358836 0.780228669940874
2.309762229689518
-0.03528915502469162 0.15951812894262857
-2.086995717719164
0.523205709653008 -0.39575342479676373
0.6055704103146393
---
231000
52
-0.584650946828069 -0.08154793058343832
0.10667962788674146
-0.5868842828154064 -0.0879195375805509
4.993034604755099
0.6352305697414451 0.7519536565022511
5.987610348650102
0.16181972005160344 -0.2967128448624691
2.6449151684850287
---
232000
51
0.014860643320379938 -0.7165027893654805
6.2127731657151335
0.004632337747383218 -0.7037737497041583
0.19206173277859762
-0.8933963567419544 0.16037011804116896
5.608045564593465
-0.3560801208292096 -0.18132403165809563
5.421893684351191
---
233000
44
0.41503001302519554 0.5534475765705573
6.072340419531697
0.4230696293317981 0.5624142847902093
0.10339187087323776
-0.7609194270768709 -0.8664694711897439
5.016966495360186
-0.47246364213518494 -0.5365910658797215
3.2109643410341913
---
234000
48
-0.32013483880796495 -0.7441714515415279
0.5836137680348709
-0.3156484271877114 -0.7449033405861685
2.2019665831649284
0.3223943000450176 -0.39689897888121206
1.0623691222036413
-0.7685347133336768 -0.9258533540832505
0.802719153615346
---
235000
51
0.7290315965267232 -0.06823474381177866
3.0562836547969625
0.7249268090842277 -0.0691680651099638
5.866490023918504
0.3108061901038796 -0.23326403795798475
5.123173271836872
-0.9570192140852926 -0.778482864410439
4.885013044282313
---
236000
55
-0.8331238312145196 -0.0005378381468528273
4.71051222875479
-0.8338984935937236 -0.020864905637467603
4.017147512738501
-0.17952645889396157 0.8475620833347562
0.1331883580172315
0.11857904625313943 -0.05869737985962718
4.936041328694193
---
237000
53
0.5431106506662222 -0.18735412800269097
4.250644686512931
0.5444630271422648 -0.1922540426002008
3.851929449619373
0.740291933779528 0.5235668150830655
5.124567294884781
0.5370783846091304 -0.9748943474011511
4.801127144874646
---
238000
54
0.6898791760558192 0.2566707996621195
3.499909754420142
0.6713403835569245 0.2710846527305434
1.764741138521308
0.32596673381973773 0.4782466677361744
3.744340201836347
0.9239676071718111 0.6475210394185636
4.309417642326246
---
239000
53
-0.09016078321262028 0.36075124325939123
0.7545693833311524
-0.09243822159557619 0.34848222285570407
1.6518083021558319
-0.5951763706220409 0.12191792709003071
0.5310574801468135
-0.19588491838083033 0.7187589830963946
3.544163111134501
---
240000
54
0.5547714156782163 -0.49225004165385483
0.8014326218909344
0.537556175905713 -0.4850032086370545
2.898515797147371
0.6872886003303863 -0.694515560697106
6.089664771962949
-0.8576717635291408 -0.004827063779290021
0.7504176834062941
---
241000
43
0.45253284554780066 0.7324669513980956
1.9008110619590295
0.46635103082374396 0.7284177540958101
0.49678162320302377
-0.13686048060620676 0.5772618382483742
6.274147967740572
-0.46037002721183656 0.5908094795945261
3.161921921926721
---
242000
57
0.8839192083588445 -0.4137148059684068
3.5586824079338606
0.8800643835347853 -0.42298283115505714
4.410468353570931
0.4461071709889258 -0.4959822744836769
1.9626305864055746
0.8567060575567742 -0.5417802041603741
5.0356911347941855
---
243000
45
-0.8551234464819523 0.5814707064264818
5.15949387949293
-0.8447013654642009 0.573396036426936
3.7938665120308395
0.8700628450121805 -0.04626365655648037
5.376931047773431
-0.361842657854633 0.7304371049792509
1.9146470486330451
---
244000
49
0.46090890591370354 -0.6801147445927508
2.514216161798766
0.4613112182924177 -0.6796665464226528
2.692900992083392
0.3726863024150013 0.05638737176678302
1.9124744560746088
-0.8485435639295723 0.823619361795653
3.33807202187611
---
245000
49
-0.0937576592857054 0.1953978896875663
2.7556623785505647
-0.10492853000730216 0.19595245893681004
2.56926514802991
0.9639389616104802 0.9329510061902635
1.5807953062089135
0.9916314134436925 -0.5899350685276561
6.124740050950859
---
246000
49
0.6689304779459991 -0.5073648386742281
2.5523054982357634
0.6838433318683124 -0.5080159175125591
5.362515687666066
-0.13820139062412315 -0.3890336883049202
2.997232627763323
-0.9823670029126131 0.19273399818048859
0.5517512887438629
---
247000
46
0.6041860632748451 0.11455201851810035
5.890349680939938
0.5987519776900445 0.1256780287683598
2.273980259684124
-0.09248840217500598 0.16802424582483397
1.6078038980079308
-0.897361683188304 -0.22686990461201645
0.26025761558026517
---
248000
48
0.8699144667719559 0.4160985664632222
3.0561717078316173
0.8635934859820229 0.3872254768129245
5.866704335456297
0.6558790068475325 0.7853182581988528
5.963064946254237
0.19159337230004528 -0.010433788769998613
0.8304572329661877
---
249000
53
-0.027310238183181686 0.26905641468778435
4.517065973522836
-0.03323280714961186 0.29048760421203923
4.507306425742495
0.3429018777865183 0.3301164162327043
1.3894071762700388
-0.5297333256146848 0.7256040836067363
2.623372738508851
---
250000
43
-0.393238615639509 0.7856399993109109
5.2491463725057725
-0.37448497377192624 0.789490937924228
2.3781446928362344
0.17784645296477247 -0.6347464466897503
1.730022086402606
-0.9874143677338818 -0.43629086737932976
5.69050401795269
---
251000
46
-0.16749859984355636 -0.5781255213817911
0.578429188780541
-0.14245423823749426 -0.5625086493613063
2.231343426011466
0.994659178137252 -0.6107864881645738
0.3446299790981886
-0.8040807539963897 -0.11210667485817377
3.492673112650425
---
252000
44
0.1871820728363794 0.19111740576055805
2.806646946641948
0.19611453248465316 0.17291903107677215
2.2302404043601083
0.5893644171532889 0.3832163313863566
4.691481114425099
-0.16683158195453113 0.4419256406224037
4.790207339655851
---
253000
46
0.7276814341058979 -0.95198124273335
5.143180812886413
0.7287108459412354 -0.9753281242368115
4.596244369912902
0.4952617281835194 -0.6797127683160962
3.6048979000672396
0.6912234964931193 -0.4119349437853809
5.952739142981913
---
254000
51
-0.5457065555705293 -0.7562876438155812
4.739161816870902
-0.5776733754069132 -0.7544079126898253
5.820564545738894
0.7052226205713105 0.08494455034501175
5.677432992826121
0.0631651803970237 -0.09942560465500797
2.8079542326751064
---
255000
47
0.3065684720236581 0.3148717965160109
2.48707558698266
0.3068967742377707 0.3148103351730436
1.235135248633834
0.290676190111606 0.7023423028704081
2.830257827868053
0.9400029746098406 0.4925624123499358
1.5694286271974454
---
256000
44
-0.06473508942757558 0.12997744584446763
2.3624184664472665
-0.08260546041490405 0.13525248248538135
1.8145567354265824
-0.5831480554556204 -0.45826623368053354
0.030196686680609944
-0.5860833074806391 0.7528788903097051
2.050373465143296
---
257000
51
0.7908649956732139 0.16498642507411726
5.546152945779397
0.8077137691205583 0.17650140155479985
4.591369664654401
0.7435015082698843 -0.9166940561561775
2.06157780137519
-0.8664104351997552 0.8810972117969295
5.038329351242634
---
258000
51
-0.06314918154199275 0.9378594432558875
1.431337023111575
-0.0724214665025292 0.9660533137993244
5.573948649392047
0.02289804223525078 0.7483852010119083
3.7463329087465205
0.794244774042057 0.0025989093263493815
2.206997277187913
---
259000
52
0.4843884546276549 -0.8278789189391195
2.3430917560210656
0.4811377891625 -0.8288690466252984
4.0316423155986225
-0.35159029450864726 0.862324402466264
-0.2271529294197734
-0.5614438329115125 0.7776187844717319
3.348332741118311
---
260000
45
-0.9509352476000348 0.6757661578247084
1.949923693856893
-0.9799167747090908 0.691958236727047
2.0424645672546307
0.5985434841183349 0.8628487231421065
3.470099006322765
0.8045117449209509 -0.6483350376842325
1.5235262656936133
---
261000
44
0.9909291500248892 -0.6208012411807449
0.45952714644626
-0.9878781619559036 -0.6208889623916007
3.2651012177159737
-0.13985115700976225 -0.8308930241533857
1.8768669601798127
-0.7679405973342135 -0.6904785890339922
2.4171753947947847
---
262000
51
0.7766320283064418 -0.9400300250210126
4.584485715537984
0.7738775282968126 -0.9695049167334815
3.649434659952945
-0.5141492645952774 0.2545314833754762
4.614580042270775
-0.6491399324717089 0.006605964782387081
5.971667272543305
---
263000
51
0.48447701444735103 -0.8892255191608763
5.724699087046093
0.48397539233443865 -0.8612109281444525
1.0438832292668376
-0.9487642210655685 0.7868755780754049
5.4843181231822475
-0.3333719340918059 -0.062388979736023066
3.053935603764848
---
264000
51
-0.5232506097687979 0.24735817233984575
4.322878758242016
-0.5117147687771989 0.2599938240954189
0.49385265596370687
0.41584201352540634 -0.15990590984177272
6.151443612824143
-0.614090317234895 -0.3643256844432994
2.058047737131397
---
265000
50
-0.3755210420519695 -0.8545596181106592
0.5337937795067998
-0.35932583136259866 -0.872018301683261
6.164620598401196
-0.17188670875852544 -0.5040017639650802
0.009443275260023754
-0.14173047882204826 -0.0903115551347123
4.351058739684084
---
266000
43
0.7674439512041606 -0.4766692796594746
2.1776674070246598
0.7681438345061176 -0.47826644324348355
3.446872747427838
0.8722664429866229 -0.6262332532848534
5.309146538384772
-0.7917881831998345 0.08371466094420575
6.123807501812983
---
267000
46
-0.7620280602994429 -0.4429716124531412
0.8120932189971417
-0.7625700510905853 -0.4429047339340837
2.203587532390844
0.14673681793862323 -0.16273106053073144
3.9845408527606647
-0.10178499285636576 0.760312461263786
5.953284338243656
---
268000
48
0.8276558406164596 -0.9439779154393222
5.192967363240031
0.8003726677639177 -0.9251941898368748
0.05309153370507058
0.03467668790088268 -0.8013946936056103
5.47452037138079
-0.120795869731279 -0.6202782762536412
2.510862313477058
---
269000
48
0.4413360033152618 -0.28283237805594796
1.394227840385274
0.4366659885445074 -0.2687837145845238
1.599018482270309
-0.9000523864404928 -0.6716930582186396
4.809103522755235
-0.2641864530699958 -0.14846344308050993
3.765982341379337
---
270000
50
-0.5106459874083881 0.9211937611387028
1.8028453691923938
-0.5144999702029691 0.9206549805283533
4.946334124251545
0.17369510220064982 0.18496010295736753
1.9818150794441598
0.9201829546451865 -0.3562544546030948
3.0389683078340726
---
271000
49
0.44076631135508026 0.10847709859212416
4.697218968235304
0.40874423265077997 0.10798416918262958
5.589715666258239
-0.743266161670644 0.5901290885277863
2.5416574271468555
-0.5664979499422742 0.025760087867123686
4.384145377516722
---
272000
49
-0.2301655621134565 -0.6259923085670747
3.4842389874585606
-0.23790736782632096 -0.6253525386759079
5.320630777723876
-0.876004548973864 -0.7078883156672064
0.9889444069214948
-0.17546582744796727 0.6996886831438494
0.5535538940104221
---
273000
49
-0.5133605455757413 0.05924623936330833
1.2835860525385931
-0.5098148309610339 0.05127816542398301
4.025725032130181
0.47135295317843473 0.3440167390006161
5.062018909497967
0.1439055275186664 0.6608160500089715
0.83735899019036
---
274000
49
-0.42717513144510016 0.06495514371745283
0.5441006948997089
-0.42471954685401375 0.06381858648540532
3.796330563974972
0.3122413668618277 0.21964402706454805
2.567112032560941
-0.6820026572407928 -0.5946088675325608
0.43333479025590815
---
275000
46
0.8960518932180157 0.7987376713284767
4.602886561531815
0.8760264769552895 0.790704135952091
3.652840996094496
-0.849621135488293 0.8271602089260869
2.4516444367737105
0.564420229869271 0.6233108882496988
3.552509291018313
---
276000
51
-0.3303460654120952 -0.30146143405704146
4.866269620896898
-0.3533059265291839 -0.29000486249493207
2.9457034211851125
-0.40193360944957746 0.8013417084560697
4.940019020907978
0.48545471480043567 0.48378354189227957
1.057577179971176
---
277000
48
-0.15650595433426373 -0.2203396813275294
3.417882255466811
-0.172647629964645 -0.19490552295639252
0.9580856218276281
0.7899880033877671 0.21692934264506583
3.3580522332189715
0.051356895004880256 0.33599614541594947
1.4229995403454554
---
278000
47
-0.03240967991764681 0.044727086191669645
2.8567062008294446
-0.018008737480047388 0.04300230346401476
3.6139422337872764
-0.4196276284052235 0.5161731743550302
3.46186312218806
0.24307249353887622 0.8409059136393162
4.889191008634336
---
279000
48
-0.1480703800230258 -0.09476224282096636
0.7708383035985606
-0.15082893413622445 -0.09388565745949293
0.6057801523803983
-0.8438654163558486 -0.3347243096655108
0.1261958229023981
-0.911013628680983 -0.3806790174464038
3.517439128232887
---
280000
49
-0.9469294737969737 -0.8319641800838985
0.21256358325578012
-0.9596839826180599 -0.8301829912721116
0.9562699804115535
0.5957582157699903 0.6551348392078804
3.3643192291000186
0.4626758075072409 0.6320474581122231
3.9349320455957972
---
281000
46
-0.974237874221692 -0.5576815012513824
1.1501202285988639
-0.974580809885108 -0.5559801764729566
3.9868032909729934
-0.9943228770573651 -0.5690949439395192
5.720925617422929
0.8894033880644832 0.47168332832499593
3.4827643929324736
---
282000
48
0.553727581753736 0.9457553512148942
3.3053302788482855
0.5711778629214321 0.9571736912673509
4.455136506121157
-0.6528934838161211 0.17543234372482155
0.8346428342019827
0.5598749650327202 -0.22053666178433012
0.3924566962811662
---
283000
47
0.8887721411032834 -0.28062472190131815
1.3457181505261067
0.9005331829974776 -0.2921748124350786
1.4069178851183377
0.27058408200552697 -0.7415147231896493
3.310021373288352
-0.8399675481827551 -0.5124615398833882
4.536083829905058
---
284000
52
0.2563945932873028 0.04590210760285392
0.6188369930186002
0.269078404942109 0.06315185250974947
5.482713666336758
0.023401117727087334 0.08307144807657549
2.8109577947184254
-0.12568138387960198 -0.3785913683899315
1.6086418827738758
---
285000
48
0.02688259514515058 -0.11399652275456364
2.7140452469427885
0.026688258179008086 -0.11392614587444246
4.9533435422263965
-0.5554957259519485 -0.3576681384736557
1.1445031193532482
-0.19258018931114973 -0.729510408455738
2.377893264351343
---
286000
48
-0.7191829056812736 -0.6216728960831522
5.194646675566547
-0.7214215256466446 -0.6427739683262259
5.174191148052078
-0.2949247766329589 0.06719246849439599
4.808967770515036
0.8615685523843473 -0.16717698171089837
1.8003311398247712
---
287000
50
-0.00012892810249327466 -0.8570861408745358
2.8611163232447696
-0.0025097105578346136 -0.8605627079402195
2.7142284193151185
0.29332082214851524 0.8021221437485642
2.510048591922459
-0.5065834304416821 -0.4129917107109925
3.9089247801663136
---
288000
51
-0.3250544840752709 -0.4095837415527847
3.783211755554534
-0.32853989039925985 -0.41207907443000347
4.891941306262661
-0.9452364138785996 0.4754990619866097
1.8951475409088099
0.9952151432469505 0.030007231560725878
5.996539717042284
---
289000
52
-0.35092417022666234 0.807666620141692
1.9215219030964623
-0.33925980779430903 0.7787461948201964
0.8408909610238373
-0.5240184948575294 0.9757857640128723
5.7527390982899735
-0.003840916384653212 -0.1626737408171442
4.939462374234443
---
290000
47
0.04460606230210472 -0.5820665796923342
0.9116100633638152
0.011466307767323342 -0.5361726919144826
1.4758737473117094
0.019887841800109995 -0.4804101473627796
2.15027662916539
0.36222932793094437 -0.7625540363681722
0.05692533809151268
---
291000
49
0.34640228212603386 0.7201884991396805
4.3953999443497045
0.3513161119640355 0.7199158586062699
1.6644896271967684
0.37861110471518034 0.050924030309129564
1.5060548521466988
0.1919074193680254 -0.8636208153625389
2.1706569591007385
---
292000
45
0.9121829806701641 0.6230773815314914
2.582120516965575
0.9060959108653301 0.6097135810905095
3.061761756574496
0.4195507532168549 -0.8104189676930231
4.271291702125335
-0.8419045332999291 0.9002236878552253
4.196623318704886
---
293000
50
0.1923840543910701 -0.17333541461309543
2.209003155139002
0.1858444818032242 -0.17468447448626787
5.272596789263186
0.11171769214728937 -0.7762247181672423
5.713765288158082
-0.5920170584528841 -0.6033242776017466
6.173019561412348
---
294000
52
-0.6088500614025668 -0.34837875264205637
4.988427831060527
-0.6125442603132013 -0.35560892911442676
0.3609616795762429
-0.5767130139146617 -0.11720266255764528
3.856990215326346
-0.3775003056204206 0.055159941192452475
3.9086757176144156
---
295000
52
0.6475094591567093 -0.1153391875262812
1.7604817245976636
0.6816033400383867 -0.08605740165422707
4.120021675962079
0.6601709130320109 0.5569049096333227
5.342271259495487
0.011927356628035159 0.44134368727197576
1.4149813539018705
---
296000
46
0.9061194546458529 -0.12460576462426448
3.788718155413523
0.9046730113146606 -0.11193638792926393
2.2374913386887485
-0.011115568367723143 0.8744152140756479
1.7580568449196288
0.4387154104934834 0.5630312964420646
0.6218821060149375
---
297000
49
-0.24947112500965968 0.4816046684060797
2.040345493750407
-0.2595277850051661 0.49746406623094885
4.887590570018661
-0.9022479922469023 0.6973190373649695
1.4067838428211434
0.9549857372092135 0.725123032674871
2.028698663537244
---
298000
52
0.059165636909412206 -0.8663824680848329
0.6571502499217637
0.036158932055726976 -0.8891156227389534
1.3776628136615514
-0.7838304762695658 0.2577435216580269
1.6200018340727906
0.4395170523229529 -0.7446303899881442
0.724928143034167
---
299000
48
-0.20866940529714056 0.9248085951645911
5.18727113164995
-0.19853832883567438 0.9458674002929894
3.8843879451371333
-0.7548648273493659 -0.05959729215348486
5.5764526086347175
-0.14583760286467112 0.2810382665136043
3.100076511001614
---
300000
47
0.35151218397751194 -0.24237938548560417
2.8455180483499425
0.3367810745984364 -0.24440835437879244
3.904583101846489
-0.5962447870964352 -0.4940324046437641
0.2878009968720634
0.31139682911558164 -0.3527080346769837
0.6899839456255087
---
301000
54
-0.043732604052341084 0.9172384754996394
0.6535970433712586
-0.046105288871369096 0.9135597489328591
1.6256713365121271
-0.33821107245779264 0.6644487653746247
2.7995638448996116
-0.196405182900612 0.1580102883943802
6.1556588065798366
---
302000
54
-0.4998006436011652 0.6546701652299489
1.32839302772834
-0.48393411835322037 0.6794402186469009
1.4178454341820892
-0.9890571335757609 -0.21375364077355202
2.7978865448399484
-0.5471705812662675 -0.4351134166488107
3.1308777939372394
---
303000
46
-0.9888147624544693 0.3123165055384745
3.0235460709722304
-0.9866965074430756 0.3021835763871034
1.4729998279220418
-0.5382622088673819 0.22875070906956904
0.3805687375432619
0.4016164755736501 0.9705964519220205
3.6049724291777183
---
304000
50
-0.40616388743680143 -0.3481254288849137
0.6697392176412595
-0.38875750708643786 -0.33726027221618854
5.989891198708868
-0.7669469915599242 -0.27018079153864827
-1.0945833665539821
0.10822339375418111 0.11710799161856693
1.857932243479402
---
305000
49
-0.5095074942362328 0.4533908055359545
3.115173610654163
-0.5082054261696404 0.4589729839996331
2.012395022378822
-0.025084390141328145 -0.07181239315486052
1.8382308653053405
-0.14734499284724892 -0.444407635492963
2.4744337242955075
---
306000
56
0.3569018230177336 0.07864651288638107
5.082424279471824
0.37883282255125705 0.0843651975576731
6.006143554093841
0.24771222337223398 -0.2354824902086301
2.443205388075306
0.05487359285686977 -0.32630530166062055
6.083364545351044
---
307000
42
0.6216550022004952 0.637910152984903
2.031120532482354
0.6542483167158233 0.6430301125677182
4.722306526446541
-0.1054482572323416 -0.4978005010503866
5.140921304015503
-0.8916045299515565 -0.9067330251194441
2.4675868762331588
---
308000
48
0.29597282065201364 0.6600634648599969
1.6632113895700433
0.30186934874694826 0.655125620838744
2.1936421110929354
0.7059824307964884 0.8311157427931174
2.2766357617587776
0.028349992791941694 0.8995634726069832
1.427004831042467
---
309000
50
0.08721581635413249 -0.5126774161562971
1.2034261274356999
0.06364080523119289 -0.5354605096144702
4.551711371564466
0.257579685602118 -0.6575137762476442
2.5515673708552002
-0.28333331770749587 0.35346180260742416
3.450980232698198
---
310000
58
-0.8121746905594345 -0.2580822926844681
3.895669909703991
-0.8556791942078608 -0.2576958928629081
2.1358910944809786
0.9969044807639156 -0.15603618878888498
2.749212469383833
0.7855876194939536 -0.02985940795450922
4.195904627323436
---
311000
52
0.08834039298140917 -0.44085108751132235
1.6705950991023717
0.06569771793453363 -0.4200585920221062
1.2688082254551345
0.9568249271849557 0.4067114294012073
4.55577048211318
-0.399802403504247 -0.6287741602546695
0.09471337813020231
---
312000
50
0.9090767209924664 0.8977106814373922
0.9632222670964883
0.9116352669308077 0.9033923049140563
1.8155911940653597
0.8187505886963143 -0.12203604508249999
5.304790719724266
0.016297138564467233 -0.436205236425752
2.576603051387252
---
313000
44
-0.05411134296337255 0.5662372796367663
2.605209462170554
-0.05371251843372016 0.5688365101737084
5.545671379596742
0.9869460176361895 0.005814301273353332
4.596440852102851
-0.6822254082757531 0.46674046550054143
5.847542988176697
---
314000
50
-0.9486256972145521 -0.36233619088358837
2.5557658451710488
-0.952985605616933 -0.3559694098497057
1.6558445451939416
-0.3856339827461471 -0.6220480203439683
5.836429749034142
-0.5944859781534306 0.9276962742954394
5.456168616340293
---
315000
49
0.6560417637179223 0.9265450297732155
6.168301524328807
0.6612957334239502 0.9207845639954306
6.087917132866103
-0.8859405400162041 -0.47117658361726905
3.6687622551210124
-0.4236076716947934 0.08893031835369887
5.345524040725163
---
316000
48
-0.479208425326724 -0.4266750121344415
0.0458171583453308
-0.48473556786163957 -0.43152304527283386
1.1316560527212713
-0.5966699456197525 0.7538160870758227
5.39277282429136
-0.9313783969583791 -0.10472323898775525
4.986116897401249
---
317000
51
0.7559412305870804 0.2237301103426463
5.153738542935732
0.7348169938102918 0.21634044785775014
5.64879839344712
-0.6047480272719686 -0.30163700342257493
0.5818052339289128
0.7552440241636948 -0.8062334280122969
1.183589472742101
---
318000
46
0.6857728190386408 -0.702737353547555
2.4362099755484463
0.6870235596753683 -0.6958212927078126
0.7712047675178102
-0.1573324615636747 0.11829272692205182
1.6158527557045517
-0.7583029767517262 -0.02845855406950936
3.9930599381208998
---
319000
52
0.06581855518219294 -0.519330118643477
1.587028686110467
0.06157409094637184 -0.5076054655043094
2.0207150146128026
-0.9884026691451457 0.6286717631936035
0.5766277659587145
0.11712368992435475 0.9789660518238794
4.106659298685262
---
320000
52
0.6272076850344774 0.5174741399577774
1.9033356144061502
0.6235565438166086 0.51394730493754
3.9347297979347804
0.039799202286603996 -0.6775988996144745
2.096600205221237
-0.6963498727941239 -0.7393663547143459
0.5988900769139409
---
321000
46
-0.17034342124435625 0.9351461043133042
2.336928100073535
-0.17563520498925608 0.9415224836671063
3.2514043199009475
0.3102046040306701 0.6705643836664685
0.5560668348685764
-0.7855196343860236 -0.3213386160423006
0.610958577294574
---
322000
47
-0.718504960902391 -0.5152029238850417
2.252133267402117
-0.7291107396365702 -0.491105681964982
2.8504402661104793
-0.14364933171135913 -0.8105350610515709
3.215443367170617
0.8177130381748419 -0.8903056957034075
1.605321339449274
---
323000
50
-0.08636953160889356 -0.7479591662634506
1.2041897870903546
-0.08452628225301288 -0.7463448416254888
0.3995360262109271
-0.03553380810306734 0.9901001894466874
2.0566324700464316
-0.9716151320887523 0.6060469434608068
1.783558997049166
---
324000
50
-0.532902764518812 -0.20392512560403042
2.867720399407862
-0.5504057816918554 -0.18881094223561243
5.333956769789355
-0.8252208570376998 0.5771241355170176
4.515989630106143
-0.8697312538302684 -0.5720696022776252
3.6503892979829713
---
325000
48
0.7640582717571336 -0.00506472590438212
4.701356173602546
0.7835207780478072 0.012164313891635574
0.8011123859742115
-0.5165047701903228 -0.32237795890381044
0.6037394047784588
-0.8078115455145684 0.04973272863756341
1.1563353745813858
---
326000
51
-0.5131990627481106 -0.4891553457087441
1.8523946583539457
-0.5269947880501309 -0.4984542149956961
1.9387895818470833
0.42221232963276084 0.973229241150939
0.30402886509649063
-0.3267282779395713 -0.8739248322912786
4.028073583861254
---
327000
54
0.8467965415343759 0.720403865830867
5.898382604912782
0.847483559481832 0.7216973196635801
5.794469568121882
0.9739866686483125 -0.08338025848106573
0.4891488986376391
0.4566910220556061 0.42857777917492845
2.4098169822269586
---
328000
46
-0.60252519229682 0.6821607815444753
5.297219599617273
-0.6322540157683606 0.6905670725108137
2.342714890207035
-0.21993847896815438 0.2808652110779941
1.5241592913739606
0.8447197336208673 0.8291047789352841
4.698627267241699
---
329000
48
0.6998969923648191 0.10365049978183599
0.5397962231150053
0.6884038985975337 0.07381045656881831
0.9878513844648635
-0.8896755478418359 -0.8434771323889001
3.2249186025046894
-0.5400300826635179 0.6633640687654677
3.347242371215997
---
330000
49
-0.21990481518887228 -0.8040125637481615
4.801936637832224
-0.24345098624663297 -0.7863721755351729
5.565639436983913
-0.27139095918315514 0.4595793164265887
-2.825517790232653
-0.6223953941917443 0.024104969321351213
4.474785634867645
---
331000
47
-0.28638038358549345 -0.30961526692443014
2.670614383896902
-0.28173301011853485 -0.3102189344872744
6.252434440894064
-0.41066480354722024 -0.8844540287085295
4.8046344651929775
0.4973913913558598 0.7480520218944857
3.6333085449268134
---
332000
48
0.5061000860467181 0.302614230715208
3.8495120365127784
0.490697193599542 0.312395013968234
6.137633197581312
0.7240293460181244 0.08195264620564087
4.423733170279068
-0.2933477078292257 0.3144910700649029
4.346990509611308
---
333000
47
0.8821415825917739 0.22459650153607363
5.740755556178491
0.8796920673267742 0.2107787300333552
2.7039555679988254
-0.32474885300319495 0.846696535440825
5.196302437533334
0.6584580702930253 -0.5669872876632797
4.493691897624546
---
334000
45
0.41789946707249787 0.8076648956519569
5.177519987040156
0.42214563077532735 0.8023578487508449
5.876446885782816
0.8794153993135144 0.20644171556369517
5.065735848564168
-0.9162610556600292 0.46886783076775473
2.2938508398403226
---
335000
50
0.9165253824492826 -0.382729079509615
5.736575387312891
0.9076091207000972 -0.37206993800184146
6.198623259658699
0.6006933472645423 0.41828000547733446
2.7499143697961674
0.959411304439345 -0.9977374268682191
3.3996705439430164
---
336000
53
0.6260360820146499 -0.5990049613631695
3.9509646591410506
0.6370979871695412 -0.598353115562952
2.801469708845267
0.04683820347556944 0.6541026643631649
6.246709819034669
-0.8065909207643426 0.3632253308347099
4.864634815326479
---
337000
49
0.321109972581125 0.4545576648715761
5.175956787501493
0.3294970711035945 0.45954042739584955
0.1964986473362984
-0.8711702275107536 -0.12486858550973133
2.8361820608219115
-0.22206020967521214 0.9998210193305348
4.427466757289734
---
338000
45
-0.8120949754602642 -0.05070493494163483
5.100270143294833
-0.8100363686534254 -0.04894393634602316
0.8919941636372908
-0.45289175201739573 0.8493353325742052
0.6233475446825647
0.6747471513170501 -0.8849405021546702
2.092205680893011
---
339000
49
-0.49676784917795275 0.3795100417535605
4.442875563545401
-0.4935113036249344 0.3961573900065258
1.158847947948309
-0.5204193627392141 0.8664189723452899
1.617833577230737
0.002314902395233534 -0.29973973578729174
4.409538956662429
---
340000
55
0.3477638771050717 0.43711598407580304
1.5541744655871386
0.3902547404699943 0.43496409386204615
1.1090517460107412
-0.28719574030154366 0.061707538311175536
2.6910065351761254
-0.8122835009151299 0.4683705260163995
3.7341954168995537
---
341000
48
-0.09772705186700054 0.17784972198143104
3.614908074181017
-0.09951257133242786 0.1944857105890755
3.9452835771434653
-0.15070752954759972 -0.3101508118016686
0.8829440299465459
0.3260221762091259 -0.14720091956807813
5.366280343546089
---
342000
51
0.37364160646168065 0.37474149526023026
4.9429727718182646
0.37005602415739086 0.363532303496837
0.31145345442774097
-0.7705673831570915 -0.7570208680818779
4.491169203604185
-0.20456168863101068 0.20703563552539997
5.554066168271259
---
343000
50
0.872931245382528 -0.11489173329540012
0.9290178570372332
0.8700314302070713 -0.11752890430832238
2.7602800452577476
-0.3104841149578704 -0.6197005774524206
2.32751635272958
0.21790072736003785 0.43501452485819114
5.956732896917124
---
344000
54
-0.5859928004783523 0.26390017051765935
2.205143691254294
-0.5827749705800354 0.2698567269161558
3.9806567270806505
0.25496438923217135 -0.9887355022763439
1.008841635601451
0.7656654022907132 -0.8229298386493591
0.47180628437840877
---
345000
50
-0.9650029791653433 -0.19761981832186676
2.961511114706694
-0.9619440585389538 -0.19757820388603675
1.7777765448685043
0.9093921054911366 0.37726594313289613
0.24647299024706992
0.8179921032877843 -0.12293597846778528
2.2241694202999573
---
346000
54
-0.083339919723695 -0.8636925622895099
3.0568873903981926
-0.04477006296625117 -0.8234195396989822
5.489054893972713
0.501985260708507 -0.44072685355928837
4.734115573264437
-0.656469670103375 0.41079011010702
0.1568504667692885
---
347000
47
-0.5659785966237696 -0.16206055675570527
6.1485682491109195
-0.5616948173147429 -0.17004247326959085
3.1330756171861642
-0.10069135859803209 -0.06672997293115912
2.4917994475697833
0.7163526585242438 -0.12186650220777472
5.196683276690107
---
348000
46
-0.5841829937682472 0.6693874017118726
4.319934383459981
-0.5827973036203999 0.671181295324663
3.3140518987075316
0.9614353191510178 0.37606989546064945
3.982272282050947
0.18369229287065575 -0.008080158147150674
3.3618426869483713
---
349000
52
0.053477851352813355 -0.03797437965451708
4.955799841818367
0.07842571969238599 -0.042064767529590166
5.037456188137928
0.19945508665587217 -0.25531551192464885
1.8973319024710893
0.28923602566465334 -0.23488517410069126
2.366764899351079
---
350000
47
0.40779245822429205 -0.02605478946974389
5.580941720819712
0.39880218441451404 -0.010535777941089244
4.484651018997817
0.9671988279628396 -0.08944108083680066
5.607394442580128
0.19279004873427505 0.14015724360106596
0.11306127670556076
---
351000
49
0.3709490708847848 -0.34524475674889504
1.8331171066522842
0.3802041471639642 -0.34464506239382237
0.211798009962596
0.8438393367320145 -0.35209896976461963
5.419754445350858
-0.1978811243624686 -0.8822744877771899
4.365102854549857
---
352000
52
0.007221232879980798 -0.41023163611690155
2.299924541491224
-0.01974627945746085 -0.408144322509613
4.304722190398942
0.04663533984250623 -0.9433391765570411
5.049216077435677
-0.7842682287949545 -0.555141719810783
3.2775517163306134
---
353000
59
0.981181119435065 -0.9313928761024495
2.4942233981689723
0.9601777310708254 -0.9145311275941715
1.6382973441500308
0.8689441148116855 0.8075697864231723
1.7407049128220917
0.6082578243781794 0.24116417453274985
2.6128012050154736
---
354000
49
0.5068248394875285 -0.3352653742874575
0.772054555099583
0.5081593991052931 -0.3356181939182065
1.3639389734416696
-0.4258485023601179 -0.9264401504184063
3.3713989936979587
0.7974789703405696 -0.9291462831837808
5.329159825296957
---
355000
51
-0.2159728216899996 0.5474174572474543
0.5698091470100378
-0.23001695002287145 0.5341735693624351
1.244588441459289
0.07871129103339868 -0.4436371969945034
0.5698131484648759
-0.3619432330038008 0.42483225770500294
2.9997816679311295
---
356000
45
0.40332169999977907 0.5803532969941753
2.145016022645956
0.41279919548027044 0.5791157642553691
5.660250235153298
0.4121433663718813 0.8258378970669146
5.469384604953684
-0.3913720141757161 -0.5609563639581157
0.35104865457877654
---
357000
47
-0.8718298504932621 0.5209775439418802
3.9734938844441463
-0.8868742267888693 0.5121274064659739
1.7602375586913244
0.46213506321722664 0.9195019389207602
2.803447197045373
-0.04239159544630614 0.44362255127465544
3.0752482272818726
---
358000
52
0.1582436078041642 -0.682371577842599
6.2537280709206815
0.14303410248265616 -0.6623144790980265
6.269571691905887
0.7995879753889981 0.36431908486514986
2.5771535627963473
-0.805824512622795 0.6131400728090122
2.119659535973197
---
359000
46
-0.7130449210315356 0.24335085213033292
4.136471067728721
-0.708994682803541 0.24918579457353068
3.5490366421521404
-0.48334571057554276 -0.5612731097475259
1.986529503230802
-0.6529452174855416 -0.4837349625878727
2.996689734604935
---
360000
53
0.7000419918247032 0.5776406403452206
5.205966818822903
0.6995635612795552 0.5794156096281651
4.740780424495775
-0.28750481829493146 -0.713571980520683
0.06352550367118326
0.29588335846453084 0.8485266997381362
2.833605256062497
---
361000
47
-0.3965875752184456 0.3946447699791322
0.5590005313836315
-0.4019514684031417 0.3996931804571686
0.591529037981223
0.6323728975351439 0.9305663086572783
5.223589149022915
0.988626524188609 -0.9849311382924997
6.133498189773281
---
362000
49
0.5578050803211536 -0.08265567222714737
6.257661111493335
0.5671370107301513 -0.11430750695065897
0.2503300824020487
-0.4460898059226145 -0.7346306212550201
4.3945628740524825
0.7733840884355276 0.3348559690621403
0.5551447463450696
---
363000
50
0.34071980230381244 0.7949223326332043
1.5394861529252815
0.3329694213167747 0.7916195944510448
5.873170421475657
-0.6024267411839872 -0.894148821956105
5.269475681306012
0.00521257163433906 0.5243685576003326
3.7231432393080155
---
364000
51
-0.7181213802291698 0.9292695242681557
1.9682496265349771
-0.7123301240221055 0.914993516272042
0.10899113764140633
-0.5349724582176866 -0.09609435065191693
4.882927814945556
-0.9144809176112835 -0.36586385459019366
1.5921068810439998
---
365000
53
0.6620586674966554 -0.5405267277141672
2.4963338506830786
0.6872436292132043 -0.5247102383168126
4.733869534381287
0.26282132690498344 0.05392760596987692
0.8267231239552242
0.8061784382900593 0.9494509381182575
3.20465230304507
---
366000
53
0.7461042863058192 -0.6894119451938077
1.6501585177921523
0.7052783079919732 -0.6754265391332491
3.835739223008594
0.8781425436127358 0.7137711590290295
0.7503046946469487
0.3002749778936632 -0.9566494091827515
0.053268759120256526
---
367000
47
0.3881824282746812 -0.14159669180656648
1.885016827016258
0.40189145657583086 -0.16706100511990288
5.380254643064235
-0.42309958370812784 0.18148763325163292
1.7632836938546035
0.05403337993277439 -0.3022017675256109
4.726609116233717
---
368000
50
-0.6139092699409244 -0.2483265393280867
5.875936240872314
-0.611890405315452 -0.24578861994291387
4.325971905049504
-0.6486191206325773 -0.7645625162520283
1.7971712445654848
0.26839715650019114 -0.7352835262554704
4.898816758491677
---
369000
46
-0.5795919631808235 -0.39111213098044756
5.15363842658753
-0.6036942364195419 -0.37359986822030145
0.5356548786730935
0.9961806324504546 0.14777364996745773
0.8140098854224513
0.2451256941512433 -0.25364947486697903
5.292501561037218
---
370000
51
-0.7810312325058156 -0.15010638029524404
5.506127055898742
-0.784890686422768 -0.16925321206797841
1.3884815308560974
0.6632596901310042 0.6874392737549824
1.7798993549234048
0.9799372403315972 0.4653581729116374
6.217273040072356
---
371000
51
-0.0010266221945527468 0.8175457163960875
4.712031103812968
0.002520775990136023 0.8162876205603061
4.853056580989695
0.09871183533291772 -0.0611908193706702
-0.8228442738325702
-0.45147627412208186 -0.6746978356475938
0.17823486152793588
---
372000
49
0.39091263969262385 0.4574142141534967
2.384280269537336
0.35980229856389423 0.49374920576428494
2.1137769118933267
0.838218795181878 -0.16993572988176492
5.1790848386549255
0.9985146953745723 -0.15265250972425282
5.0912632074773665
---
373000
50
0.11726489171858338 0.8563977263933057
0.5208611434831809
0.11018748655674168 0.863923586681159
6.132575332845429
-0.913079453577356 0.35483951220627047
2.519622064867618
0.868960067694347 -0.5704322968075234
1.9793804211520794
---
374000
46
0.7985054240064784 -0.6049075553454882
1.8632862088189461
0.8035945536422423 -0.6100051242170685
3.3749710450927486
0.20829838677643234 -0.9804277901478532
1.8437324734404434
0.5594914489213163 -0.6400660744845056
4.181725880638885
---
375000
53
-0.7985110140558463 0.9289395582793243
2.823633218312058
-0.7987346440884099 0.9280213070442056
1.4910126940107222
0.8418691054542647 0.8451458389083624
-0.08278597516223427
-0.26715452902859427 0.677225399002545
2.08306403863375
---
376000
54
0.6986848036431282 -0.12512484774831828
2.0030708299194533
0.7058762165093267 -0.14196707548922038
2.9371729735411236
-0.10414917579767906 0.20582684593468253
1.799844531791674
0.9901094656100191 -0.11192565217025123
4.552805775131926
---
377000
49
-0.2603244541992044 0.2506845914381226
1.601532128558334
-0.2542646445423973 0.24393847165463287
5.413690685098872
0.5903060811577019 -0.16422162479755292
4.096431636645618
-0.559555173297893 0.6483896972514709
5.109392470033426
---
378000
48
-0.4117684511373275 0.40171437335252663
3.6481954484079995
-0.43944733050191953 0.38892305378800407
6.028166382145057
-0.5641511681453236 0.14311075168649548
3.737480501266809
0.25544829704293187 -0.35150837568522536
2.8719592620322265
---
379000
47
0.009806056915897969 0.5728205122673892
5.710622891828355
0.7015817985047135 -0.6849190035788656
1.1589409399224606
0.608244402795552 0.4738333646472592
2.090897152205901
-0.7897561025093779 -0.2494543966357587
2.273228458753966
---
380000
46
0.03172118096088162 -0.3520258008575532
3.10998243246298
0.04229100490481988 -0.3712581948214025
3.1253883302232017
0.44498013568280537 -0.9220607784366484
0.14041571864718616
0.5745370717291972 -0.5491050856524541
3.283068947574117
---
381000
49
-0.9746803604256564 0.7451940571714377
3.6240003549019955
-0.9909076504252377 0.7616015287433111
5.181897929339633
0.3495317109561879 0.38678080929479014
4.923977869150735
0.9655665845819795 -0.2756662793155103
0.0823360767009369
---
382000
51
0.8863682561460765 -0.39400143841500057
4.245841047779994
0.8817086638405074 -0.39226487314339176
6.018077719319692
0.837242804041596 0.1571044688868833
2.489102331423628
0.5765864303865541 -0.4749219439928543
4.997154392030513
---
383000
47
-0.0005239907720234194 -0.40569702002752234
1.2389129105925145
-0.017169981226711283 -0.40007063014522315
3.134683471648165
0.590821580105337 0.02369543854297068
2.8466847807477205
0.34845891050351785 -0.10628942718839196
0.32542974804152003
---
384000
45
-0.15781864297840856 -0.9979557208768044
0.6382838123975197
-0.1582801333403523 -0.9931747470750542
4.757113626790789
0.5098013746071149 0.3743414728340187
5.702799320731732
-0.9599496522769432 -0.6780901721956529
5.175498884744067
---
385000
50
-0.9380775040574572 -0.23282375506039718
4.704812281563544
-0.9288517642152786 -0.22427738290304866
5.48608510436944
0.6232228619171045 0.9630166550076168
1.6892873324140512
-0.8803198929714149 -0.8976887382866948
3.0817826605343432
---
386000
53
0.8639194414750844 -0.1361003069832104
3.6904901891864856
0.890554541349972 -0.15387133573108458
2.399809243519935
0.47170971956674007 0.34993734161998
1.7195936602027482
0.9040996805960229 -0.20641125347604108
4.984945542575845
---
387000
49
0.20715643438873238 -0.4976016939918517
4.722373189042977
0.19252819040226582 -0.4849003650150629
2.940681415212226
0.21128901433741337 0.3136628950328541
5.704981988123419
-0.4920996362013153 -0.8989533914580958
1.181210520698218
---
388000
48
-0.8733585590601416 -0.0146962561084845
5.586298923753627
-0.8817450319676675 -0.03399052848645537
4.432293900289969
0.3212743966733358 0.12920332846559063
3.9461441095324847
-0.35364939939158224 -0.01347848251568224
5.511334806838764
---
389000
49
-0.7875613484192877 0.4221699566725702
6.168856109848932
-0.7746320843502278 0.4370634768994133
4.3115216194768955
-0.8544489962578009 0.7814728276710114
4.367492847335824
-0.31870908035021495 0.9704994524766035
2.4084249993933655
---
390000
52
0.294344803865608 0.05735574700631234
2.8475962185966983
0.33694664262472596 0.05713508919065743
0.48700181603170556
0.9417636077997359 -0.07309630181838112
0.537632773203323
-0.5416245744335341 -0.24211453078920353
1.540395416739146
---
391000
47
0.6052425435679484 -0.6654608960927718
4.526499846197001
0.6024765312000394 -0.6884181710389098
2.492440547197843
-0.4875478626636818 0.3939841368682924
2.3304070247837414
-0.19640910815375176 -0.3892215300157497
2.917467421499203
---
392000
52
0.7362337483007635 -0.33829548809648285
3.84782449495767
0.7326148578458657 -0.29802661843049366
0.9522054553947124
0.665887866285898 0.9486703421197428
5.626261257021218
0.015174799268654064 0.018967184924146115
3.8328310150610942
---
393000
52
-0.4454269072389333 -0.9293810934363328
1.3960664883490428
-0.4435082928128495 -0.9216946030656167
4.631553273877157
0.9652982701542323 -0.021551852057890567
0.7602758135612158
-0.12505186554107767 -0.7702635007127803
0.7372304237043892
---
394000
51
0.49659302183847875 0.5293060561414131
2.854799195958121
0.5052761010192972 0.5791491059228637
1.5540020085695243
0.6681446904802409 0.8576507240871074
1.6727469894904665
0.5888545308611757 0.7026521719945714
5.691431116771991
---
395000
46
0.7875457188341447 -0.2585503940784917
5.969710631648966
0.8000825764386306 -0.28723847950547404
1.9983976288374583
-0.5341248758925228 -0.9724360024254721
2.976597379307816
-0.9467974601901864 0.48435497798976734
5.952423712986542
---
396000
54
-0.7181900035352522 0.3354296474782121
5.895494016736833
-0.702063833723944 0.3152317333359699
2.817360028018074
0.37616211704297925 -0.9335200946936156
5.33229827465876
0.0963097948761392 0.21286656775474572
2.6420407101440233
---
397000
49
-0.1629250776213493 -0.44685366173011615
2.489658227534188
-0.1413956528037817 -0.4597689771107494
4.108271394614127
-0.11470346918031925 -0.30118424603236327
6.244220945890118
0.4669364156505984 0.6952438321580572
0.6122323116064772
---
398000
47
0.9469591456000643 -0.8331536576491397
5.811418195223138
0.9474321003530858 -0.8338249637173217
4.258226455536497
-0.12817983856645856 -0.9289058097648722
3.541364573020184
-0.5807420092869496 -0.27114532104570865
4.875297749520223
---
399000
48
0.01001373110520004 -0.28257305902274277
3.8322990040600895
0.024903222155361122 -0.3119096230007462
3.0513861968891796
0.866957708852626 0.32255544238080547
4.531793803871764
0.2973593920617417 0.6285879085148587
6.17178019853214
---
