100
{'run_name': '2D_rec_10_total_boids', 'annealing': True, 'annealing_start': 0.2, 'annealing_end': 0.002, 'nr_observed_agents': 0, 'nr_of_boids': 9, 'predator_present': True, 'grouped_spawn': False, 'predator_halting': False, 'record_keeping': True, 'record_frequency': 1000, 'exp_folder_name': 'big network 5 observed', 'boid_speed': 0.0333, 'boid_color': (0.8, 0.8, 0.8, 1), 'boid_turning_speed': 1.5707963267948966, 'predator_speed': 0.0333, 'predator_speed_slow': 0.0333, 'predator_speed_fast': 0.0533, 'predator_lunging': False, 'predator_lunge_speed': 0.013, 'predator_lunge_distance': 0.1, 'predator_turning_speed': 0.7853981633974483, 'predator_color': (0.8, 0.2, 0.2, 1), 'predator_confusion': True, 'predator_confusion_distance': 0.4, 'predator_confusion_threshold': 2, 'predator_chase_time': 20, 'predator_halt_time': 0, 'predator_eating_distance': 0.06666, 'height': 800, 'width': 800, 'graphics': True}
tick
boids eaten
predator position
predator rotation
agent positions (and)
agent rotations (interleaved)
----
0
77
-0.7559410669017402 -0.8025333533804256
1.7052801800164523
0.9024081237546488 -0.9787583528959396
0.9954580197022658
-0.45597224916368595 0.043285832843816575
0.8371936474770232
0.1363866183357477 -0.3753625019259421
0.8077940549859797
-0.1504533315470651 0.24535294289995202
5.734256760065106
0.15652375895441056 0.5434309659785235
1.7512677694725767
-0.567849615174607 -0.5986333007563172
0.5153889498520003
0.2812782126998654 0.1100010851401111
2.608157915820132
-0.5853746535416391 0.5249406926449
1.3130025408297454
-0.21230711321683995 -0.37239500059070224
1.4938309136731236
0.9971648966006788 0.11158941784546081
5.991440239433998
---
1000
68
-0.8099645921387393 -0.0930813783837509
1.0616964990533557
0.5144084459934629 -0.40631403379328784
1.3539862102092144
-0.4686039435764833 -0.9901532785218301
0.7236450548881352
-0.011229159423187605 -0.3705430841517211
6.268010825830384
0.29904565288789453 -0.3354922117611594
0.7223163395477306
0.8075910980636981 -0.717676174625153
4.8148308848101244
-0.8702458633040416 -0.6691963621660117
2.400687890280264
0.12320388034793343 0.7340723144725837
5.891889115110547
0.08355952559760543 -0.6377883702939432
5.9472844231502275
-0.545944195612218 0.9814402725853356
1.860956201620783
-0.19631075783926424 -0.5748756380730904
1.6387148909271767
---
2000
69
-0.08375083624030315 0.22630431045548877
6.278145993517433
-0.44599569700241726 0.32414035795245444
1.6278312697457915
-0.04272318506345754 0.7918713101340735
0.36098333867681376
-0.9197534080865128 0.46166999142385323
1.9688021625914436
0.2297477505814174 -0.5786789621387319
0.09638480961862328
0.4931576263807914 0.8325201734927524
1.1128835941653374
0.8584228834962273 0.5694976134483987
4.837877195880299
-0.5293721562827282 0.9986532367289034
0.3085085307959803
0.3659724097171022 0.2337451439512946
5.680907336908675
0.12044367817670668 -0.0856788758305907
5.606973867546656
0.5168609635823501 0.7353199952392018
2.098025379099682
---
3000
55
-0.6027162487876334 -0.0832990338111234
0.9822556977794479
0.015449832941523564 0.3196930053220179
6.193932908337755
0.30018378101282256 0.6441052200918349
5.4490244788363364
-0.5955279737163769 -0.6169170277896876
1.1165805934626398
0.8802742676665152 -0.2942057047889487
2.055634200027943
-0.08664246047588091 0.18155245573795434
4.689651122179736
-0.4479880563313135 0.9293895317030674
6.011895462524576
0.2006342093328441 0.07489972617845922
5.909408267998528
-0.27780537522534665 0.3618383761193421
1.3439133701572494
-0.3007041969755259 0.9597811514820219
3.326711933529845
0.23260506975513034 0.08879952982391204
6.07557711010524
---
4000
70
-0.2838729580141043 -0.5295982248800108
0.2321617543261214
0.08576939864857971 -0.727801669541583
6.266932060738011
-0.24258236911796263 0.6589170815850535
4.005839403647318
-0.4799679224691379 -0.7491163713449515
0.7521120622373436
0.4780860031585544 -0.9150003215469352
3.666524681932832
0.31691453315791923 0.6582447077458359
3.809996034166737
-0.5075881661826357 0.4751054223474782
4.181438824173396
-0.0601671252578245 0.8208371998616137
5.36613401773389
0.5286198297421494 -0.7776257392399892
3.9623237822248107
-0.12892779928763376 -0.7103138729384623
3.7785118350072144
-0.3043787982615054 -0.4200008986550565
3.6007440336207193
---
5000
66
0.3701009808082105 -0.8527363346477617
1.3468410995656706
0.2631944870556459 -0.928801333039744
4.550767338519079
0.3270036674335478 -0.690239673373809
1.3298914513940172
0.06253458563371257 0.5589501985725475
2.1879958854608477
0.40606711778237237 0.10088574903536653
6.1141774426752775
0.729343309838046 0.860177353471432
1.491134480145285
-0.6324787455599219 -0.9563453811814693
4.018276093812407
0.2708803833731893 -0.9605550794684117
3.9577484919310724
0.27268011921475144 0.6862061703340969
5.008504372627826
0.7189182351952036 0.4287992303935775
3.0991582818976706
0.821529878891462 -0.9326618627477858
2.586834066724359
---
6000
69
0.1796575446811485 -0.9810635588270343
4.5808594467361745
0.3353329569347903 0.9186907592208285
2.6696770830634904
-0.37473915252652296 -0.07708809924449841
0.5375231764243527
-0.32034873864435504 0.1796491765394469
5.42770964177148
0.8437249026667782 -0.1879417206940718
1.4642390027055825
0.5407520465797047 0.21174548687115052
2.1819055146261763
-0.7760809360062901 0.17678545099187012
3.9019535221345274
-0.23534396742726324 0.23507235336833984
5.77800251189969
0.5617753477153973 0.709206812305627
0.8667288805785809
0.3382230601013016 -0.9008405670838768
1.1850546011681464
0.234124959455818 0.6345486064182796
4.770309463496858
---
7000
61
-0.7548896687813208 0.6464059251556324
1.2740571378452048
0.46249138546443663 -0.7880308999353915
6.166340955088364
-0.16147339400240537 -0.8133860096431164
0.4077760452248107
0.5829971785774004 -0.36157495078539564
4.4064878717288565
-0.7295175406205711 -0.9048529511757951
5.9701622081831935
-0.17198138380228112 0.1788212165213587
2.288375386397414
0.1362067142215816 0.04600615147085248
2.140939596893638
0.7842006506434328 0.40032529849909126
2.382682989154606
-0.5604356840959599 -0.4468736762521996
4.86479907382241
0.18598294419817235 -0.17327897001188103
0.12228330017205113
0.8939252653005592 -0.7959830763482303
1.6623386885588953
---
8000
63
0.2623613208669278 -0.9421366729114644
0.15045161762029655
0.511021654035075 0.9474133180397023
5.1119201298383246
0.5346140717742911 -0.17972585853655826
5.310326823751755
0.42747722808499916 0.19227079899586746
5.718078531567188
-0.608499945501314 0.7094189024015946
0.993126225795451
-0.9292521897091756 0.7831764675077723
4.875886732790302
0.27358032918802083 -0.6288607915547658
5.254658540432786
-0.35296138827001344 -0.77066304474888
2.337341196503104
0.8510216804613859 0.21612936728109164
5.684236104292815
0.21388071506258094 -0.42423962404485527
4.114036150637235
0.36228423292519607 -0.8937560225249823
6.228469782949458
---
9000
64
-0.5262706980390607 0.0011393941095003603
2.8829563808446212
-0.5032285571976944 -0.2188097909670904
6.0932016940356615
-0.1207297665367292 -0.298591051111089
3.9466079379113443
-0.6336565528037508 -0.36737324252044046
3.161797653404368
0.034319815039563745 -0.2685895311422311
5.6209465798128155
0.8133809219554144 0.38694815441762037
3.156197350909558
-0.26425179744506144 0.9751812145512764
2.296758122126941
-0.8395946033565398 0.749058196609947
3.8643169551189525
0.5771805199777286 0.00041623923595217327
4.662565728006348
0.010952861826424257 -0.0717533225991161
4.640803717174444
0.7280995556911184 0.36832402218047755
2.390349098926552
---
10000
46
-0.9968014712981965 -0.010607013370574861
2.6838534578988167
0.7009379952902463 0.05521471046528663
1.457220498331079
-0.3102741148468975 -0.5639177899295752
1.0254361930952172
-0.05927549635354812 0.8807428197300379
5.65596637660138
-0.5756608185101416 -0.15278401147928214
2.1663458841074705
-0.467180661387283 0.5740121179165976
2.0661166266485225
0.8163601558634141 -0.5675293172741377
2.408495321717867
0.8685069364823984 -0.2944788175607125
4.407637578065562
0.13036581591131763 -0.8750474626557739
2.394309976343263
-0.2639091822244022 0.607506039672029
0.35315855824893383
-0.019976012331121562 -0.8041287544832193
6.129999458161667
---
11000
48
0.16293886447285594 0.9693547914022218
4.872045008962336
0.16816992870870912 -0.918911498422571
2.45484328052219
-0.0675237467408146 -0.8898629633422883
5.464087759329347
-0.3057546455590832 0.977074272900409
1.894861334836234
-0.5378805651582209 0.6722387088549817
0.46195926565692247
0.29206341792229445 -0.7111538650654488
0.9043809838884505
-0.4331922398045069 -0.6786992996062533
1.488716124080411
0.9017116364096489 0.5349200434312811
0.667838412148205
0.5373249173790818 -0.792884055233213
3.890215375901084
0.9870480204983738 0.07507840366047705
6.2186670763591385
0.8707612206957634 0.8735552358373457
5.177176242511386
---
12000
57
0.06913851406181883 -0.1290837610385278
4.370538858142993
0.24783173091212393 0.05009396766656019
4.067825126687869
0.6008021136897357 -0.7908190472933398
0.4170482132982736
-0.2846610922483355 -0.29826704416200867
2.664118218339972
0.2025343197372753 0.38297591565350275
1.8853461371139986
-0.2298809351761709 0.10904101444848396
3.194768707139522
-0.33329295414913174 -0.06775722898508484
3.36997678046182
0.9445485227711236 0.43745743042737306
5.509625363949705
-0.5954618868005759 0.46364746822202224
0.4228935394846536
-0.6838047387452939 -0.48815735349387585
0.20846287188981094
0.29283360982835055 -0.04567553591565858
2.578908457610525
---
13000
67
0.8592768962833724 -0.9235610055166027
2.820025173820632
-0.753383933511381 -0.8749650304932197
0.647255643869526
-0.8492046090966752 -0.909317244857356
0.8027709882588274
-0.3845676238746312 -0.29734244144187066
5.305516799536317
-0.7299536044030444 0.7012282915716327
0.5946660451412278
-0.8088578404538931 -0.6522910705488676
5.825495754094874
-0.7102003221334089 0.8981859514504471
2.6464172611924663
-0.4695898205782194 -0.5063607186872922
4.302101566844799
-0.4359895654464725 -0.8556324177772887
2.612225378233698
0.44338346362377223 0.3309087788611414
0.33867315393473163
-0.7260234162629335 -0.5114450882423046
4.497022732429713
---
14000
59
-0.17701650076446637 0.39249875292967173
2.3377482874512663
-0.159985280878395 0.5909252857903818
3.5211630590960796
-0.16308561081767448 0.9605781827085312
2.566293800188949
-0.3318323949196114 -0.06533989512653386
2.795328883612017
0.4343162572935111 -0.8271945045587564
0.23234501628138116
0.08430300140301264 -0.9214207363355249
1.9947018705648105
0.03198766378623402 0.016658218430092915
3.987689643327731
0.7403452329403251 -0.7400733879565448
4.56310312245487
-0.44615151100658823 0.8136813641180091
3.9709542348693017
-0.08560386606478271 -0.37537001942373793
3.230805205985341
-0.21518296169146 0.42240072438471454
3.449145185542487
---
15000
57
0.7589099013733458 -0.5984935550522607
3.087975369602474
-0.8865142412242613 -0.8088297512204469
5.886397157893568
0.18138949750242978 -0.2879796184421836
4.109055916981596
-0.7088980994672105 -0.45176830311477667
2.9635215247886286
0.5454377429569267 -0.20925616165090058
2.78441727043555
0.6684086126918866 -0.9079898468911949
0.3521452793138353
0.14459653844740683 0.27378710771497583
5.973405083815898
-0.3697932399753692 0.5467456992991372
3.788636157830058
0.1696966303608215 0.3548204149632359
2.0871757522211176
-0.13705900680178149 0.9864333216516166
3.9508437089052455
-0.5756310961508065 0.7179470512645346
4.9259961855122105
---
16000
48
-0.8335154981222038 0.04824306391359149
1.7123203379912972
-0.9849459726889227 -0.01701218894385724
5.87371832703725
0.6366663908636314 -0.7961057593578807
5.141510721774605
0.7707000858696701 -0.7512372873151734
0.4398116471712452
0.7964079366266422 -0.5350779089398646
5.89093921990668
0.014662341183906028 -0.06378808482569495
3.8420473795981414
0.6412190004193346 -0.03115328418790719
1.1278694653741264
0.6353688790089056 0.10612829165987694
2.6315435268422878
-0.9167637344015123 -0.2546858961978751
1.6481807453027164
-0.4132127736833566 -0.6596059404549459
0.25721123391613165
-0.05208175215261624 0.4524374077543965
2.987301371609565
---
17000
61
-0.005656702035682342 0.7799403102187058
5.400279493506361
-0.4450824904126176 0.3322479902933095
5.348804518179314
0.6794609049949218 0.9030124575485269
6.267140632455821
0.37864800187605985 -0.03423665693817151
3.623382935201966
0.23584298141823942 0.5796672894993964
5.5729846388571636
0.43456990042331467 -0.7455979750766382
5.609605834530407
0.1373802623002057 0.23145040521039006
4.913630748932678
0.9483220309054011 -0.5060988693776873
5.778971282231685
0.12658792234056326 0.3246203462474563
4.249959187038055
-0.77102502557338 -0.5670081758311516
2.3572848451374657
0.26489674971917965 0.9999270790057866
5.12474302702026
---
18000
57
0.191858394989043 -0.17922991966567092
5.306202110390794
0.25221687814205196 0.853034037080814
4.523054966625424
0.40373182312203043 0.07395919814945415
4.75845459251557
0.11654368996379921 -0.6368199930198541
5.140589963027547
-0.7002392015733956 -0.35440522276137165
0.7279894972438132
-0.07946883013409575 0.803516529985192
5.643161424977829
0.0813165515633243 0.6506852937739283
5.673055757847806
0.3397837342685792 0.04603525389357735
2.333686435208194
0.9614319910161451 -0.5277993331113806
2.1452778372901404
0.09426866171047724 0.6337559605360693
5.9135586603333214
-0.2177797286075049 -0.5114953016587703
2.8756963134102103
---
19000
75
0.6267927005938193 -0.0369603493810508
2.2130725042443777
-0.34811612542208414 0.46873459582170574
1.6161725774999747
0.9730263999814409 -0.18583991713379838
5.431785684245281
-0.23303276594451827 -0.2810329975790066
2.774888835961878
0.29004214648746385 0.254106922881116
0.45948320936409104
-0.7966021232861497 0.5154573804055799
3.1606667166374507
-0.9090927683691106 -0.7490135482530037
4.235651536508818
-0.7332715944616373 0.8869151409349592
1.818776178788621
-0.9480522610748747 -0.7216442103851667
0.3734707503061756
-0.5159596569404477 0.6386985900968871
2.5085880199623967
-0.1755897022227355 -0.5531869901855696
3.937577450052075
---
20000
65
-0.6192488335345365 0.15077136492295576
5.924504135870301
-0.7382747619898761 -0.8106780597583081
1.5670880115588623
-0.26782755629888283 0.7168105603124032
4.98697251316776
-0.5028393790432814 0.7611220427366292
3.4679141472659163
-0.5572815769868811 0.9242676587747036
5.952715434951674
0.8521411115890191 -0.279010005094235
3.14986690250701
-0.401361130655105 0.3198395635247856
0.7656278444583249
-0.5940033623943507 0.641159529745243
2.612529656928915
-0.27689463712361667 0.20847994404839362
0.4370961457850244
-0.9378262491378732 0.193211793123211
4.314065957408232
-0.34731779073373187 0.5233762201714002
0.15834985406023794
---
21000
48
0.8226255457213282 -0.0678782129735294
2.3423845867888664
0.9691922795191935 -0.890425760442912
5.69134047886263
-0.9201615787824164 -0.4651749792486485
2.016484730863815
-0.649634150252929 -0.5973764190674588
3.7423038277813756
0.5799681621864752 0.8714925404172695
5.1545885539749
0.9676173549594629 -0.48930473793668244
2.689524426048255
0.5573333945053257 0.7147006556509566
1.6136393599890626
0.9399249690880686 -0.6764583774771112
1.2388232706394051
-0.9078259002812341 -0.6361718888044163
1.8697809894840427
-0.3619833372459568 0.24377640035962975
3.5441963854338194
0.778138555381712 0.23945289826078772
5.687994581362687
---
22000
55
0.6202340983986298 0.7815907136418742
0.5414859579322948
0.3482719698979908 0.6569684783496065
4.29892476522755
-0.8954378716450557 0.438851076459216
5.530069905135385
0.9959603418591696 -0.09867420482006131
3.471293344514323
-0.8138663582567708 0.6994073202908768
0.6128912148284833
-0.6014000849998018 0.8557786190064754
0.3413835638566729
0.9877169977566403 0.1760880045027581
4.458719863020946
0.09879574669881046 -0.06241137476389338
3.9045788597024833
-0.9929734321663162 -0.5067848638343063
4.550916428533613
0.46969174279538406 0.4470767028873194
2.2382825635297667
-0.8262653926412852 0.8619401244051156
2.27057397239518
---
23000
55
0.9369038624383482 0.08245775957592662
0.04326898737649222
0.7305705304641757 0.35315355874172766
5.8322272864583065
0.4644882117586017 -0.36271620930716375
5.4023542437144805
0.7303791677292678 0.07701500723580823
5.8991892108778154
0.7819428828389291 0.42796484352084513
6.105784863619972
-0.04535972781109326 0.6127313525245395
5.53170587999271
0.7683978921180378 0.12076991350257786
0.23524421602662482
0.5368649988266667 0.0018055206533760387
2.0083758678752526
0.767640180281075 0.3635698978344567
5.260866853397152
-0.48458490210863875 0.8043400340657673
5.216188912959789
0.9291113345237575 0.3948598285283821
6.276481665059136
---
24000
56
-0.17038421405757373 0.1485355826347429
1.1297692544178568
-0.9509847619712714 -0.21420065528460952
6.186780459422941
0.239358986716164 -0.6334515571271639
3.8647285738636707
-0.9934103178125084 0.7363974613247422
4.268887625261768
-0.013048766055375707 -0.557018832307227
4.6873938471437375
-0.060561583252871254 -0.562642953272531
5.979646573073271
-0.7433980915158122 0.6127552329031898
5.468390044309222
0.8414812237507001 0.7023055986043767
4.921781303905146
-0.7597012814119903 -0.7864358568400798
0.09717134636141367
-0.7928705809429126 -0.4299869355903169
0.8613460797700938
-0.8246033181884515 -0.1865423913673488
0.452068344768759
---
25000
61
-0.920295628290046 -0.13330699308350477
2.0777064050786027
0.7649055822565536 -0.04257048766115384
3.257722163098788
-0.5221878970346583 -0.8536903847005484
0.09339151099406351
-0.8232020711267103 -0.330040060266237
1.4782827425589975
-0.5434951900759787 0.51389868728944
1.7358496904843095
-0.8565843151133586 -0.5347196050016001
1.7114962824158289
0.42549903785698234 -0.31841324047654745
3.8611454448940172
0.8714116918762749 0.2084487059438028
3.7027014870852684
-0.8596825824348355 0.643854496677595
3.1503291552342345
-0.5162674320335697 0.4695527251408099
1.394209687588499
-0.1414685401121531 -0.5851262596000802
1.2014624128030036
---
26000
56
-0.6050115522715798 0.8262867536500027
4.862106510082993
0.8624064554205945 -0.23897197341636153
6.050833648019054
0.6603882129101236 0.5084523478146196
5.553617925850596
0.9681805014411023 -0.2701181549490047
6.01011586830977
-0.4405528558993196 -0.7391072608248246
2.614678979282199
-0.459307491141 -0.7964155885849606
5.026717587009553
0.6891199114358701 -0.3000396419160031
5.1158828080095775
0.9269739942881103 -0.019009771681817843
5.557755461091164
-0.8818501261357613 0.7264892865865455
5.890022847317374
0.9667482411419681 -0.22692608048672552
5.988803087694035
-0.5208649250430333 0.45238441832089504
2.8802483547431166
---
27000
45
-0.8591134422311268 -0.7568459994760733
5.40464004536331
0.5247205902498899 -0.4022603486802083
3.4245209575576787
-0.8352461281067508 -0.0005502514780395124
1.543423122698682
-0.36576866070752906 -0.8734524621247559
0.07185350426828041
0.17924199993025264 0.5972526701723895
2.0244204250542834
0.37059341012297375 0.048720414626112804
4.142530247626511
-0.5688104725945687 0.20756345611254762
5.487821208142586
-0.08684584357398215 0.3515956765042612
4.256825461332024
-0.4019617778391302 0.8146246539526018
4.510032706661669
-0.7994789068964894 -0.26423134417919214
2.4201233263168005
-0.04002392714364314 0.5637683161612986
5.4044349726727985
---
28000
58
0.7571116921300426 -0.7076173898844219
6.082051792308367
0.5841757879196335 0.5794356015475323
1.0640995809087288
0.6093635925981512 0.3562137386224
5.855482731834893
0.47778558412795613 -0.11968692234390665
5.7942232989590465
0.5949792338071749 -0.15069235093618932
5.08945904240227
0.5656658241610024 0.657019288871431
6.164204247810281
0.5029409795193449 -0.024021766354136408
0.493902475914366
0.9526182689702233 -0.2439128440411631
4.4882647597344905
0.5087972910062322 -0.06330520013055228
1.8010620046702908
0.03860986166947003 -0.2567249584970712
6.041810577853609
0.33573282733908116 0.024881618461558806
5.582783828917859
---
29000
63
0.4457551476230132 -0.33879256005689384
2.4903207970946246
-0.29112062943642736 -0.27350976417366357
2.845410614281529
0.5723183017582492 -0.2865389772692118
5.20726831356986
0.42869827012750183 0.42888848074548375
0.8878320237290218
-0.6573673818190201 -0.5213862977187038
4.690891165555419
0.19766464027634606 0.5270742639777024
1.1024539724443345
-0.48337846108909205 -0.619685726019121
0.28470136632482923
-0.9799541755214469 -0.3582908961636482
3.453209985268889
-0.565618630059712 -0.2563566589691099
5.819639180791635
-0.11969849222633913 0.9747650436903215
4.848051190384986
0.36463313957021126 0.2048957505037151
5.161124549787024
---
30000
59
-0.6812933928987598 0.7619112336231362
2.483398579690223
0.07104600307033068 0.16543173340737624
3.845664357725158
0.8603012857595254 -0.23282665994895047
0.07876430826884917
-0.17484731159512684 -0.8626774487029726
3.826043433949388
0.4396811468784312 -0.9640922100293464
3.8393458769628337
-0.06836025338400933 0.9050571256015356
1.0357814836398447
0.0804392604057212 -0.9647820290962673
3.4914123530089363
-0.28090296761972267 -0.3975957522906929
1.46764983225067
0.39241148856064406 0.9121346253372097
3.861375796501979
-0.883889873332428 -0.012042165167723658
0.5018056881241222
0.2689131126031455 -0.9505474415547055
3.1448466115806966
---
31000
68
-0.583398043214221 -0.5858800134108322
3.903193210255928
0.4804397040150723 -0.32509552325369756
4.136941880468366
-0.5219548268649636 -0.8248438951062488
0.04003872254975693
-0.5885205171229005 -0.5908080318295055
5.128293251957867
0.9514621142853722 -0.8442143001553146
5.148213567404611
0.49410619277470835 0.06961876263622277
1.631786791312397
-0.8979333680178594 -0.8563197981585802
5.222591598140918
0.7981856722449713 -0.724966534324943
3.976540990523554
-0.5612900793726245 -0.797186338943105
4.8451818991346505
-0.38171071653169747 -0.7176723936172318
5.669792380102621
-0.7147582223963064 -0.7313111704469515
1.6455768977449576
---
32000
56
0.11372562832010141 -0.8411494367534501
0.824306947904938
-0.5141102092507297 -0.9639517611861843
1.0885691066597518
-0.3534647341336238 -0.2170766580776571
2.6150632238501057
-0.9680763321926098 0.6249068223791421
2.3024913476053133
-0.7232109260309828 0.49668210732991197
2.803653787394948
-0.3609158005643938 -0.4507714097587512
4.667946510725659
-0.4405134911375578 0.7192039092778807
4.499780533333787
-0.5281685264095626 0.5663380763711652
0.06943490653361017
0.6481414442428806 0.14868819975989073
0.5294531989675155
0.991100106596982 0.9699774140854748
3.3275139760687766
-0.4934582378292253 -0.42921641760399537
1.402242409460488
---
33000
52
-0.6823634141493806 -0.5620038871992526
3.199122207354388
0.8478734321322666 -0.2473956175642093
3.377400726331369
0.312894890094825 0.7063337511520837
6.268331536924922
0.7437724893184847 -0.4134997183887895
1.0390209353575104
0.1531759462504883 0.9330279467798044
4.466786059455285
-0.3633002444899748 -0.09304741486362222
4.176614068386703
-0.1407926856977601 -0.43761077594481484
5.5784202260844244
-0.6953171025001643 0.6803940940625256
5.024595433724369
0.6284335578724998 -0.8927934540611784
4.205032094908893
0.260155103740893 -0.03473516046650639
3.14798593519489
0.7462274962761026 -0.6853031777185613
3.149937996824553
---
34000
47
-0.7345872055109139 0.2466475937491598
3.4886247176712226
-0.24759205818255958 0.548468288200183
3.6793961877189787
-0.20158237808835183 0.991695423817144
4.264331116127671
0.40094723932427306 0.7315600416858381
0.5167192740263227
-0.3235618233875634 -0.1377373529913091
4.2485688291933625
0.6171668959669812 0.8243406146278824
5.62430561603268
-0.8614592003019829 0.5253667319058772
4.661846006053408
-0.42500890355248694 -0.2636142930749446
3.2857756684201957
0.5596872026308163 0.8350525792764836
0.9130779292138262
-0.8875323484215725 -0.8568547972570163
5.760213879954298
0.5261630343389175 0.22359466112781234
6.044096755987455
---
35000
60
-0.4125212115854021 0.5680740519887021
4.091999206306166
-0.5738349678144912 0.9941850983696792
1.7446549115261893
-0.025502363903608015 -0.8976475505388952
4.378856943593619
0.862207464230466 -0.6059613043904163
3.9154672966005686
-0.7364040933509907 -0.6901111538784944
4.059017527385716
-0.6832554939880391 -0.3698934765321384
3.2003777692256232
-0.18307398331006247 0.2856072392743467
4.70989969524132
0.3000302491088459 0.02671825090808534
5.67324027118711
0.018333672210696608 0.39543820818891984
0.07192226426368542
-0.38377122834584 0.27376797143334364
5.61400801671695
-0.5972651812912952 -0.6392422917755525
4.082562709258922
---
36000
53
0.21865983525534585 -0.79968177450347
1.4249214334690241
-0.37020957342188826 0.5096890410207168
4.368224109839791
0.895269937638554 0.12705965388326196
3.2796924950130153
0.9671057219563125 -0.12711324154013617
-0.8453944940661929
0.7666793568326736 0.2958762972919032
2.8030174940921038
-0.25649454494935936 0.6143463905085365
0.13355067237350138
-0.5630883736470951 0.11771215998874726
4.532284711365672
0.7936140623667041 0.8002109331930408
0.3812796621498302
-0.16308093906998075 -0.8533098675256245
2.1848848331021316
0.0054783614214213815 -0.3298162511855899
4.12796317196631
0.4096606540941252 0.1872178817385283
2.130859819638009
---
37000
62
-0.9428362897436651 -0.40289324251441405
0.43673943089298506
-0.5493749045091408 -0.2417717078905196
3.0079045271163176
-0.34261231074622056 -0.7391722163468425
1.802934451041895
-0.5356063319493752 0.41547820855839246
2.568922419317965
-0.8574828847165391 -0.3311593957161638
3.257178940280882
0.9329518537935712 0.9915111466375897
4.545224864057535
-0.15471144770116727 -0.8672758612413465
2.6555443665352847
-0.3193928616057939 -0.21642794590183856
3.5855325364835275
0.476295636871098 0.39025998506681225
2.795325873705586
0.542430090725323 0.9989965446801852
3.559680736756815
0.16989455890865862 -0.9662472128224734
5.122096962872255
---
38000
45
0.18166428269466403 -0.48171504248167907
4.800135996860308
0.03968674146240958 -0.6121909465159938
2.343714652767069
-0.3590439284302534 -0.625088105024699
2.317735835454374
0.9855999792228279 -0.47167113193660243
4.747619598204537
0.2374855414556673 0.21029969315500469
0.2292022739964361
-0.6129067845808934 -0.45563003220772563
0.15322988327931242
0.20571515916775812 -0.3424247753727344
2.4102839525163597
0.02677954484965145 -0.32061860335126663
4.773882951239303
0.9418058147268029 -0.762886794385295
0.37521461562662706
-0.8003323583366287 -0.4086280310459762
4.973236105752493
-0.48868072180640854 -0.13222848767322937
4.977038535679746
---
39000
63
0.5798459493392777 -0.3446261911388205
2.3049460249907434
0.7065584391820581 -0.44948348921219766
2.5509128506708
0.8940635349413736 0.30333709529479114
5.065762181711645
0.5106089723530167 -0.23830897932487122
2.921593528771429
0.5142570739157041 0.01732080379938801
4.326165531367337
-0.5572237113848741 -0.3743046354260129
4.767631135216024
0.9791991995742718 -0.8964829096905972
2.0406944255603046
-0.4428296745804069 0.12476171185558416
4.114588356610475
0.813846069323877 -0.23540808175797295
1.973130836557111
-0.5337010951106462 -0.8723918392775252
4.583636590180163
-0.9509393178593983 0.3992737210409887
0.48157064330899146
---
40000
54
0.7789383445674634 -0.4394538873438224
6.063096790698198
-0.8108882752287244 -0.06017431091942396
5.688082908344318
0.42763347174694033 -0.006347408419757332
0.5896091838505058
0.5623639579571779 -0.11969636950057691
4.224071431740757
0.10549703957622981 0.3372818372430189
4.082028961595415
-0.5669601156344319 0.34504521865836457
3.234045856182137
0.6743445026280006 0.14333535435467296
0.6691890811178125
-0.9796113920681954 0.4984714851159266
2.168985502181079
0.21772328859837858 -0.35749356273119226
4.789913254362304
0.889940748249737 -0.8165882241533214
3.855139112999156
0.8883611074948161 -0.53794303492448
0.8173501797290488
---
41000
56
-0.307347702558993 -0.7865640604706926
4.951807272617462
-0.6106810915351566 -0.6401507472974465
4.839604391000142
-0.2613994316944204 -0.18130548279486186
3.6413923082966706
0.3369253139790194 0.8532429285187753
2.2181991620021053
-0.7152055133798924 -0.3043888813731253
4.154414012415961
0.7686622162333194 -0.9727643147518549
0.20355904642796574
-0.9979450552410583 -0.43206337010507834
1.428802585281299
-0.08303538325977 0.3473704784735657
2.5300682509735077
0.8747430237133913 -0.528503983523111
5.2763137697088105
-0.7313890595078005 -0.5803949348969462
2.2991822058774805
0.13039500186336353 0.4663049325433745
2.3947814352488437
---
42000
58
0.06055319590728661 0.47266703458905857
4.550305319486439
0.28669917007608786 -0.8388699848147209
4.859801283721785
0.28540249948700636 0.9210045293991137
4.887350022490899
0.4824289689008259 0.8337960378050381
2.272995669938216
-0.617383105594545 0.16035201409560007
1.9087461566006223
-0.8120454447801942 -0.4903000271012899
1.381185560828735
-0.537990635420871 -0.5893430952041657
6.005340445976579
0.34785273790440435 0.9709631624183538
3.218609600775456
0.5016148573658232 -0.4820854876530682
2.200665808301971
0.05474597755376032 -0.6954229585624311
3.8220320386760522
0.5634446830798586 -0.8575993013370472
1.0091869882287963
---
43000
64
-0.17391530142589798 0.842729126730517
5.011811130810982
0.7615976625095655 0.9612445755057251
3.6871879101499445
-0.43159569564403155 0.007691251858864476
2.408154888855978
-0.7217358686826486 0.03446928954993153
4.473026119037214
-0.5697001257086273 0.06442932802249163
5.213454185993493
0.9162187530102605 0.2979614196532851
6.093318677583052
0.015133933369966188 0.13590506358138743
4.764864591547775
-0.7092312914836643 -0.5003457953131286
3.9814484087322297
-0.6572122865925986 0.8260881567798677
2.604833851046134
-0.672499863029901 -0.9021556623748336
4.694625511287603
-0.520207522126176 0.04414918433333709
4.521309502740563
---
44000
67
0.024788279648517604 -0.8565202355976367
5.2125780415975225
-0.2602023700088938 -0.2985059280497607
5.162682724233433
-0.17342921050540605 -0.190199653940847
4.889324788060358
-0.41963720431605367 0.31793831331905464
3.7716664658043575
-0.19657481058669724 0.1085744984653081
4.690379910066284
0.2315333184482282 0.4717284608057979
1.7623672445818839
-0.044778299038227484 -0.0628427959874521
5.50560036582386
-0.2261126612824027 0.5505487797628741
0.8089154266183973
0.014012113102663017 -0.30309937642306384
5.700434153931685
0.11804410270851731 0.5475214543082039
1.3884515521616203
-0.6811832291469258 -0.15159337380296928
1.598101208849787
---
45000
57
-0.038431165790089 0.37492979459594694
4.651145649418153
0.17001761607432372 0.5285767032290226
5.849812890175485
-0.42509133407092586 -0.48003122084074873
1.000293338673253
0.456389267986439 0.1989611234486124
5.101437863211149
-0.6889787291862025 -0.5786387636689322
2.097001836757684
-0.9180719997944631 0.9447653728569452
1.3849587439103752
-0.10793721768178852 0.3395135530306887
5.757082326744563
-0.1929854488188286 0.3612321773655305
4.060544059982462
0.5583545373972727 -0.4555724688142444
0.12851490202990412
0.9593880622115306 -0.017814246700552018
4.633257351313218
0.09550117270137355 -0.5946537410540373
4.4975133138478505
---
46000
55
-0.8772464936969186 0.47079630596977096
2.435701282548362
0.21863439357533795 0.5457955609220995
2.3214812710162738
-0.275516189913654 -0.7144418099297448
0.18024803478303308
-0.26247150010112713 -0.9156615242986281
5.948777639818587
-0.40676534915109774 0.8738743833686151
0.8655463707834832
-0.833806623594878 0.7417772940679024
2.9304498337039595
0.4773499976060779 -0.9660989871788903
-0.007271069617391342
0.48308562991116505 0.7331526563806511
4.91307001257999
-0.034312166932815816 0.17309716503476705
1.4260130649445477
-0.1926964338567205 0.680107502729431
4.600599740593603
0.36381607969920704 0.8829719638117205
0.7419505444357783
---
47000
77
-0.19885565986400555 -0.11556297940329456
4.04123762124245
-0.28922778303360114 -0.11450747736150879
1.263746032762194
-0.6880787667419472 -0.9513461209195815
4.672129402847944
0.7515227371868735 0.34847142615731297
3.383608081888158
-0.6893697367817836 0.519089602264253
5.90636439604294
-0.6984642554794296 0.6157200906721931
2.9893469331850664
0.9285230062812562 0.4008481845167817
0.5692916936401389
-0.7390610776402272 0.8079091912577082
3.196732797397539
-0.7572393310539757 0.05401698965025413
1.6404623687524547
-0.36274225406591587 -0.18005077352145912
0.2227871764639593
0.21374366309384904 0.9069241526273002
4.300875315061193
---
48000
69
0.28499016929507526 -0.6223787845503121
2.277306552265884
0.2575037761252849 0.4322931411324466
5.587029716483638
0.7312232697232446 -0.6523019601195805
3.331409320990428
-0.2738986314791181 0.5604813801565152
1.2965568893544992
0.3533813733187952 -0.3373042857689254
0.8583718005128462
0.588934730775855 -0.06370298079805284
0.9980122503986282
-0.12501670389338723 0.6802136506844686
1.8015846915012084
-0.05745758116650698 0.1917556269335403
4.761365125963405
-0.39510162129177256 0.520785633178981
2.3690627719786486
0.44160481830669446 -0.8388982692063902
4.1909076060713275
-0.08349431565306223 0.21597358686618506
3.610391703792975
---
49000
45
-0.2807931189137114 -0.6834964700220311
5.400050746008383
-0.27545405989194194 -0.7411422981608341
0.1324394464041374
0.7127409770392481 -0.6596555156541805
5.213620974028295
-0.9084858827538062 -0.8278760034775514
5.884949034471484
-0.013348914828423996 -0.4981653657074082
4.057151474926654
-0.2032630844106792 0.5149530269638826
0.1646369144237827
-0.5626927098947684 0.5119666130217083
3.105252467468352
-0.709166022439141 0.6544469658154991
5.420728384142384
-0.9196558562190068 0.49767871084581283
0.45419054187564534
-0.6076877860366644 0.5916013958590126
4.396136789033618
0.2936385321955519 -0.9344918594811519
-0.6478361635511809
---
50000
65
0.7965178621613902 -0.1719857166580175
5.364633343249532
0.10292400557483898 0.9335130328487636
1.1093182009506553
0.16618919977758173 0.2531590026825219
5.698027218643027
0.3743709102335149 0.275381380305997
5.678671020613843
0.05667586902858332 -0.6755829540651636
1.3255678018869048
-0.09595304484267025 -0.6824984621683299
0.6010680950285234
0.05925157146673696 0.6177157511154567
4.097904817646202
-0.8319212040876127 0.31678863309948646
3.7888930746324583
-0.8214913273078013 -0.624035905285598
5.439556222240555
0.013414329980907733 -0.9558820965642757
0.5015369708437332
0.4033386981291194 0.6992662087676802
5.702932047070709
---
51000
67
0.6748049920434451 -0.05113239478066091
1.1766533210612977
-0.8929353858011001 0.4931805154092733
2.8852778770851524
-0.44889421366465854 0.5737232928937771
2.387736908640653
-0.15366034567567796 0.5931938897975584
1.7054894937336034
-0.3495241431041494 0.7423761211738571
1.609616390997643
-0.9382587888211715 0.607565863021763
3.073273559717645
0.9819241227047069 0.08679323584554666
4.915946458167935
0.11452328576130824 0.39190547743682147
1.850555065106052
-0.12334856747989513 0.5909946469727296
2.4708351002390074
-0.9262304685005543 -0.3977685089163911
2.8890868618030296
-0.9770491596653381 -0.6580930538032107
0.08038921994311288
---
52000
66
0.49913598341861287 0.5144689010558513
0.02242300636886936
0.49768238651142926 0.6500908352080748
2.3607533185879914
0.18288347317625475 0.31493613273777754
3.329277071545933
-0.142618063861167 0.9049577171010135
4.5454437997384485
0.4208191620945436 0.234080849912955
2.9321530774512423
-0.9362379360606714 0.9154937051388359
3.0707215189055415
-0.259774561512976 0.49026933782697657
2.7001885560863137
-0.5818278262043175 0.36877511907929833
2.7854692425153376
0.7219685299286966 0.9843658560806441
2.3983856375068227
0.3539516122074435 0.3932413927306132
5.818086410349109
-0.16437286238683496 -0.30846602107674526
1.1408649507435227
---
53000
65
-0.7359211602362778 -0.7130094912272729
3.196961367695268
0.6037258464219171 0.4608886450326394
3.0088216707056947
-0.5427713378473356 -0.15626270174521817
2.5779972091410546
-0.4779014325879194 -0.7372042330504679
1.6272396743459838
-0.9252037122710253 0.09854430586170593
3.492052695622008
-0.5974800295076454 0.11945884721396996
3.762449672044327
-0.6397827375651629 0.963431178075643
3.270747431513347
-0.7417509215624323 0.2835797261581784
6.162288114920177
-0.8769671813552171 0.06600520242163024
0.6176838899991077
0.29228982920519564 -0.14661332619476763
2.055544692712311
0.13038315226267758 0.8979232254368494
3.621636987172119
---
54000
67
0.07738854501260653 -0.27064853228130115
0.8908256204873659
0.36341139046696963 -0.24941493786365418
3.576474842841452
0.3885349963007668 0.4899923794514124
2.9216969153707675
-0.9355809461295358 0.8628877442452707
2.1415186289255654
0.3783784314913443 -0.12563166560804614
3.267687548065579
0.6054421325780142 0.23354919982202693
4.129230514230976
0.38407973769921405 0.9549545412887164
0.943751913833494
0.4845922093548568 -0.7003968281978127
2.016939744395997
0.17508520856304227 0.6289891902788551
5.308496370747336
0.7546404733942293 0.42615883622568307
5.30922468083942
-0.1887970815628055 -0.8740554322130357
1.183254134153934
---
55000
51
0.5930683056630867 0.6087467801405865
1.2826581800792676
0.6926197466869364 -0.8044601449661275
4.251615430196228
0.3831322402861349 0.3201841273814785
5.703636349448429
-0.2397016914155966 0.9183791281881434
2.677610572555092
0.4716458722849194 -0.6175583816928626
4.139842668328257
0.1636078790962204 -0.24394126319408216
6.2508977302064315
-0.5282087130877189 0.18430905020672889
5.2011766479081905
0.17190720395913406 0.2016839441888292
4.233303753793331
-0.16172202518960388 -0.4203103867920853
4.639779950826101
0.9598695661968341 -0.8288922363564091
2.3432872237514726
0.7311758960628321 0.9126438788369585
0.6688411931334812
---
56000
61
-0.5146711126344403 -0.8245652917585427
1.5343289177143147
-0.4956514494181349 -0.7962989328009674
0.18931300099660753
-0.7173213642885481 -0.9277294776333008
4.051945152898248
0.02420904340382074 -0.8689259164958905
4.410629358471181
0.2777104474481874 -0.7600024599105522
4.594149299213512
0.9392582048996797 0.8572265780507085
3.1554628532190563
-0.6844840282338213 0.6487528265597879
1.6780222426067102
0.5932560753907387 -0.37441897778144
0.11891534592957242
0.9795624587309848 -0.8195800828767933
1.3243467590845723
0.8221803238400021 0.6583758025957038
2.2401530816834905
-0.27028848261793426 -0.07332677840818447
2.304813881215191
---
57000
71
-0.6366028354101039 -0.34288234891987385
3.4286917826817573
-0.22707012243827288 0.4286896494971895
2.995909187935845
-0.02603248615449565 -0.4632719437840334
3.1404699313149234
0.38211462722669504 0.742000826978244
3.803633877406458
0.05740373419126516 -0.30300975695373983
4.809366157083133
-0.13876535106532406 -0.9543013025461718
6.271276160302644
0.08130927135476601 -0.5109533860673278
3.5117218899326392
0.4352629858147754 0.8708284215811442
4.92944510792666
-0.5136759584316547 0.033008101310185375
5.752868509020006
0.7276463035583781 0.5018887059895851
3.186560918969553
0.39507690771743714 0.8025613048790106
3.3206535077768864
---
58000
69
-0.1498613560018128 0.2755963052854748
0.1923017882729532
-0.17863423675286128 0.2768211950398452
4.629145962775469
-0.5020008754866341 -0.5353649156330637
0.7487602309236481
0.6205469455061102 0.018540025917845884
4.896017523314952
0.5048183805482709 0.7444423976012448
5.51902054652915
-0.15436135171160079 0.8415826444696516
0.5725511169294171
-0.8389347159197388 0.02870268349196593
1.50002036697936
-0.3708710065347651 0.864614106124174
6.1871652320772
0.6699288533525454 -0.4564351526955507
5.765029585969863
-0.44660097004877536 -0.2636471738727679
1.4049176249198858
-0.4468665111092809 -0.4328148933211189
0.5538898529914897
---
59000
73
0.21892367909424482 0.27350592215085334
5.994954338151942
0.2716821973856354 0.2650122905438011
3.280537959632748
-0.12991814115242045 0.07768583165763948
3.902599186295718
0.9016155618975182 -0.6542948960914918
5.046154532885452
-0.3204541895702583 0.9507250376229547
1.2340668784645166
-0.015666957397951056 -0.9329740388940234
5.546343028647424
-0.2841050716926364 0.1390396159126979
2.959850086882769
0.28392551028889557 0.7142116233142469
1.5673973109728303
0.553107024815269 -0.12693338212626767
2.0863545623679904
0.48917530180805013 0.07442352735802495
5.159090948032519
-0.9577439054895882 -0.9064083668444137
3.1702667257953596
---
60000
59
-0.5883950459007874 0.5101748352193424
4.9019701681081065
-0.3155739642263599 0.9252974230924126
4.216721600709459
0.6289426572198287 0.019260896719396823
4.2905989124914115
0.4782228375713077 -0.9806295705759047
1.4868176220185023
0.1361524099532378 -0.3002122093770511
0.435108095781664
0.47214737496828 0.2675421600880046
1.9987145402096562
-0.38318744132569316 -0.6612900224314362
0.0412839534829319
-0.9160776736268003 -0.5763106597756114
2.7066611815651163
-0.7587570524004374 0.38432461928162137
3.1780999802128655
-0.6109651908248234 -0.6655196205023751
3.4755169740563208
-0.7796937151057209 0.006444557453986768
1.38586142984675
---
61000
66
-0.4500531388537582 -0.5333874491885453
5.114022012341154
-0.10028704397261658 0.2971019119599533
2.004402167084611
0.9422769932074624 0.15388838304512764
0.5889190494003076
0.8121167750512833 -0.8163658347237843
0.8896093971462475
-0.6330531982906589 -0.8449664288663529
0.10718666126667387
0.6132634644159238 0.2905320954147801
4.822802760286311
0.20796597953706075 0.3463072927615034
0.03368992289525519
-0.6717838123631278 0.12330788435947937
6.200918970157843
-0.6180230747175295 -0.8865580596925097
5.5092252382329105
-0.819527123574823 -0.2911126322715035
4.592671151456661
-0.23422847739153072 0.6007172917921889
4.6385941886859055
---
62000
53
-0.05770706769167793 0.48138698391488866
3.5865296868472782
0.8707362331696222 -0.9503256572804262
6.173605704545143
0.7837713306250498 -0.8667485119203201
2.6585734268423478
-0.42119047485914207 -0.10986798016571066
3.343371397485363
-0.2891493762553789 -0.5549603862681335
4.293848718722399
-0.3256294352930545 -0.18579300057197207
3.553887611658957
0.34502766352475567 0.9758971111915202
4.635198431552418
-0.3467323885174832 -0.9706098205862025
0.11812201633050101
-0.6753854013726378 -0.7217471972523227
6.223926244167269
-0.6311476657084174 -0.8989608833557662
1.6882664212991427
-0.6972099390695011 -0.852403072684043
2.1440232818064198
---
63000
55
-0.16959412125161544 -0.032547183517898606
5.068198504579031
-0.4652275448477713 0.813549317395319
4.0710099226866765
-0.39624767048215426 -0.6667152415691834
3.983004916167638
0.06067839923593524 -0.8519950674478616
5.34974065529178
-0.5247227937756751 0.3483290075208249
0.9227443900274617
-0.43358670441502833 -0.9230078255230367
5.11729896192764
0.1656808924777331 -0.9681040633338196
4.288830345185876
0.24186412849498468 0.5781674226759117
0.05597111321204551
-0.24080529252808958 -0.21982236707340352
0.2508108076586075
0.0022312408376005174 -0.956143205573324
4.494342522870028
-0.43645867196086785 -0.6097225542944775
3.981437442348599
---
64000
63
0.40719223180450875 -0.1821494296617976
4.4354440532010155
-0.5552012382294128 0.4568712186538131
5.072363406616928
-0.6125230491165115 -0.972705965436657
4.115125308955946
-0.6390782946164659 0.05212423477286456
4.428066385773361
-0.023653227587291506 0.6107843538024325
4.075521687934604
-0.5128869008326606 -0.9153966900849317
4.303920749863644
-0.9070090351487958 0.5704183907222581
5.755150855398391
-0.40545431121670494 -0.21739818152485246
6.265423658328549
-0.37740604699160274 0.6238165878408554
5.562481949395203
-0.882635143424195 -0.00868014620319782
5.673473781330329
0.6425245448106597 -0.9905651950435094
5.558054297292996
---
65000
74
-0.4232113532320755 0.47807025061787456
0.4743354163912681
-0.18538972200675036 0.1958301126063044
2.835931212723522
0.7188727465527305 0.48469237531218656
0.6305620556121951
0.6850532524716964 0.45117121718971775
1.5463967391304587
-0.06389983215212916 -0.7949322126861205
0.20868490841783327
-0.27971629237170553 -0.777404593640156
4.296627668508112
0.810260131727006 0.48206473764405033
1.3094064808077857
0.0776043915797948 0.7634977606594417
4.803123928474061
0.3544258578263808 -0.9805518020542758
1.9220775500715135
-0.8887082205651546 -0.9728221359763983
5.454457811551286
-0.3206990919984784 -0.5190038178428219
2.070754468575065
---
66000
59
-0.49202661680886484 0.4621108992054654
2.8911195796101783
-0.4759375164901679 -0.9254392309840426
1.0241770642298107
-0.6455926542511391 -0.09191617036954866
4.297379137811171
-0.5334585285827202 -0.03515141900647578
1.762587382323991
0.07398461249061722 -0.754343038205863
0.156743984437532
-0.4061832911676982 0.7541554352509343
3.7512807691342314
-0.42842649071473765 -0.6639198268965286
4.297815083821961
-0.6433780391231125 -0.15044993680948301
4.709543133337874
-0.3530311249043476 0.48614527884453823
0.10484525162600455
-0.6118112965366096 -0.74285573007305
2.560666177799935
0.7977703382635406 -0.9150146344809353
1.7122363502989941
---
67000
63
0.18136620493868755 0.965870053478844
5.195820803471336
0.002380649330347092 -0.627413925828615
1.956407907278198
0.5839284561774521 -0.20212867834864556
4.0783454828527805
0.11670018844524988 -0.0971032658708171
5.243655208557201
-0.13119173235443166 -0.22158138539382255
4.684660512197961
0.28383000796928004 0.0844867840092989
5.526808718741089
-0.7461042221206687 0.13623458050789508
2.3594935877768792
-0.2743691524442457 0.025387899959090507
5.156427200782696
0.11799414419223861 -0.4340516803517647
3.9934851172313763
0.1184981462261836 -0.5212816975581173
3.016576574486174
-0.41470684647666056 -0.5736262227169447
3.1093343086743435
---
68000
62
0.15624551053830937 -0.5398323658972461
5.725331605529366
0.4108073368325813 -0.49696744035215346
6.22921791925384
0.3655932003498412 -0.0011321662527699894
1.3823730622152475
0.09953744851962285 0.3061024193626335
5.158087901498307
0.842447461515035 0.38528302709797585
3.221373651093246
-0.803973596923261 0.11598547942065145
0.781713475620819
-0.285043913448642 -0.5239012717383125
5.319556296959754
0.33880433974486324 0.09770337097921662
1.7041179864874154
0.7518146217015556 -0.669644446160281
6.083482257182934
0.5318012327624411 -0.48462905843194104
6.143390370551281
-0.5485540304039423 0.125636069464877
6.0536929355921405
---
69000
63
0.7392685807631801 -0.07560207204978467
3.6554810516546414
0.9647246644602143 -0.3784879068815009
4.567253684188305
-0.19776394083948592 0.5056868206740809
4.274960651145649
0.6783885584789442 0.0878210779847334
2.4814067222978125
-0.4590194687844077 0.8627532600741754
5.729637711694174
0.021686663379110606 -0.5193172154206708
3.4335152197370933
-0.4850053674095279 0.4230647666963481
2.2426572293535827
0.8961788585893123 -0.5820468431830165
3.8941665276457478
-0.9295991061016068 -0.3576971460191066
3.3003384564503984
-0.6190536546627914 0.021502251049385662
2.1070452194296863
0.1790246137706657 0.556155927756564
1.2278059273646535
---
70000
77
-0.2960389114357657 -0.030642393774566866
4.965098490337777
0.2690032375661611 0.6900588347178317
0.08543060068053698
-0.10576572617580304 0.4409013776980565
3.823938247731859
0.3679751899462697 -0.4547909613722724
0.8299922327453864
-0.9990642859289638 -0.2826763490908326
5.584608070812653
-0.9610732530875157 0.2697976824206323
2.457732029552119
-0.2514318058160834 0.786250160807462
4.463929200559671
0.8288679888133276 -0.21304934224765126
5.515740284153099
-0.03353761512895799 0.6684838501912733
3.0114262591267114
-0.6539709290094955 0.810466381883871
0.9806249825007125
0.8197822094804902 0.10203708266812585
5.1025269968209725
---
71000
55
0.4289278804693305 -0.3279454143156029
4.779369541546848
0.41338965964486507 -0.3135967918910076
5.506835414164601
-0.9141896445872846 -0.543710916153409
3.4713695827000413
0.5712429478490911 0.5547960530075211
5.180409022140725
0.12826860293039188 -0.9570862342935534
4.871056593814874
-0.8964645329532538 0.7076832198456029
2.3268865444793336
-0.6639209931667432 0.42293545805198207
1.9641142099754623
-0.4443066382262212 0.3551295410069998
5.952294715458412
0.326602323448507 -0.5991906600332159
3.4062331450439807
-0.38285648077280227 -0.6639110827466421
4.814657342963892
-0.7262930770334526 -0.7912679381424895
5.957411332426124
---
72000
65
0.250203158707987 0.7829965644708962
3.828640489980838
0.6062671805801497 -0.9889446991166198
0.8956987170141524
-0.32233650693707194 0.19587476841137746
5.89415342496074
-0.8545198683830341 -0.48125405137991495
5.1110313833252015
0.9971215796505697 -0.3041781280402347
3.3816859996186066
0.6111879090075879 -0.6047281896519886
4.641394464128458
-0.949273125397083 -0.12817989467656127
3.063200574578717
-0.7032991705518997 -0.868538799168335
6.22515798827885
-0.09920222820573099 0.44517291911403245
2.4287111770814267
-0.474179445189841 -0.5225962246705086
3.586632314080391
0.04805546630718115 0.5185244806404115
0.8762286551839198
---
73000
60
-0.7986209029603526 -0.8249058702014016
1.0674008393438998
-0.7257034396764033 -0.6202480193121629
0.3571810906668329
0.26844750571581716 0.24025066234664716
5.414160168878396
0.6618903706187843 0.8079073849966072
1.587831496260792
0.6356027118017654 -0.6978527152439783
4.235419791264836
-0.5418203587731707 0.4024343992158025
3.6475489339300955
0.172837930692087 0.8764809752566575
5.054206629250035
0.6222461931781801 -0.9699033989686549
3.3355936776608583
0.9889586709379291 -0.6629301161462073
1.5452342251466016
-0.6420610942619186 -0.01465958041091801
4.683625207589929
0.6438397484229668 -0.927423153405807
4.83689728877632
---
74000
72
0.8094254540969069 -0.5875315120070519
0.6182479084083996
0.8449307226267465 -0.5445946995151304
0.8685681076013401
-0.48419746157218657 -0.2234013470808388
3.040861081301337
0.8632513229722506 0.42961600185000515
1.3270432278136095
0.692444957392733 -0.11092561378234173
2.5993954147813882
0.03964663879143026 0.23671474612813273
6.241326244582433
0.5203339896795892 -0.2639345103419594
3.1341922058980902
-0.07787959757180844 -0.06865148482160185
2.8238255539839523
0.08551643344035363 -0.5021996936227073
4.471103960140019
0.391210293719231 -0.02386277880699887
1.0037846192485018
-0.7643870758333194 0.6323778998028877
0.7015055767317229
---
75000
72
0.2818726289585325 -0.3403518738954613
2.909527710979327
0.2757678613238612 -0.3847364004748643
3.8503813376660387
-0.08533805198403244 0.5606803324534174
3.1203971509055304
-0.2982898445062335 0.9515848643539347
3.0309477577592547
0.037978893502698216 0.581464847757309
2.2587994387473884
0.36303638529303867 -0.5936476484945685
2.6782385691416843
0.35468333674594504 0.4299693685264183
4.159050033480328
0.3197931196983268 -0.5158883564994787
5.328063361285518
0.1690026792002455 0.34692838922571556
2.4749296638402463
0.8193917214230626 0.5378855478550623
3.747517367339884
0.6802325649051194 0.6511545385972359
2.4275642113381526
---
76000
61
-0.371172680326897 0.03722133749506288
2.9993078021484676
-0.6163045658545396 -0.12082452613333314
1.047807345903113
-0.12650095856780585 -0.4065497959837763
1.9795331317926763
0.6552163789456454 -0.6802794152132859
1.7511728560626576
-0.23439207805038764 0.6412238624584319
3.083281026896002
0.7783537081141829 -0.5705239451629347
3.5233608264276546
-0.4977572213485336 -0.30953514273147453
1.3364861323455175
0.9007955029394403 -0.673164298257085
1.605843096640033
-0.34744546864891446 0.9829712883208321
2.9955358443696367
0.3483565279585929 -0.44594738815943225
2.4168122827886105
0.623749250227913 -0.379334388366773
1.7980454793178984
---
77000
61
-0.5220045562186837 0.5184447119150973
4.438226006633175
-0.558794618253425 0.6306435238364121
3.744851670897188
0.037644396343444186 -0.934844177702461
4.092483256245492
0.9823694429431167 0.29283683315785763
2.751144117445575
-0.7457329431374221 -0.48327905549788097
5.639351596349186
0.6559687920505191 -0.2944949226858753
0.765679800069357
-0.21757179751779882 -0.30628624360173085
4.775627663784922
-0.7311900781635021 0.39408166936179917
4.565615429753412
-0.06943374462244391 -0.8611050634966572
3.9831395521343795
-0.20260395695860456 0.8600579929157222
4.43715825200621
-0.06101806713408433 -0.5577344308756818
4.884189544102007
---
78000
76
-0.8769211321607142 0.7177222884462154
2.716048819173731
-0.8218120324129685 0.7688768692418094
1.5698792896089495
-0.4105037683790887 -0.9685756135713601
1.1576914972137176
-0.0779033176828169 0.2406750923126408
3.1848865981352805
0.6557908119527818 -0.086317924841388
1.9264924876001883
-0.8641438532768294 0.7691866614382358
2.061229583256096
-0.9190271297735787 -0.13506062111006092
2.970529497079527
0.4896955620484484 -0.8127784688844085
5.255218150765929
0.4601579447847494 0.09903535553663062
3.119145533882328
-0.8567949025479972 0.7658658737486377
5.21724783263348
-0.7047908511410725 -0.37937214244466333
3.118109875768372
---
79000
65
0.6110037609250533 0.046101664526599466
1.1430493406721833
0.08304256049539921 -0.14346823419916763
0.17551315333963036
0.543867461515224 0.9852046246623682
1.1269010543259625
0.19872619125205296 0.9705766010787724
1.854275986900518
0.8337975135984206 0.954301023800116
1.6667839397908522
0.5729390677455413 -0.037183282735044065
5.121659641937676
0.6840144936116273 0.15730299189308988
0.18599444741402316
-0.730855250514854 0.446739226817662
4.99887969364097
0.27362652001891824 -0.663778656693702
0.20902895851740477
0.4771928527226544 -0.7735216747661912
0.2853949367697419
-0.4347391529807602 0.37348671349435947
1.8113895365876482
---
80000
68
0.36919264994843864 -0.15162531037266924
2.6098405739041057
0.9703443497053279 -0.531382407952984
1.4433759401330786
-0.04502005832984591 0.6123873516739393
4.483187316859013
-0.17295416433786476 -0.4230565828332047
4.5780760664999995
0.05843520487165286 -0.4731584382834154
2.2235874337815256
0.8961843101789806 -0.6246389911110986
0.9666412294152575
-0.24413342574206243 -0.668508387248076
2.3779742114343385
0.20152983186804763 0.4838497905137974
6.169693581099611
-0.3145372860879994 0.2209911322498351
1.2732707015344689
0.5379036060645948 -0.5912995307442678
2.4521564223798435
0.5354004679461266 -0.47659956897719674
5.043039627784319
---
81000
49
0.04247336109754729 -0.8180266251999485
5.4840731263636755
-0.1899614568574999 -0.37443953230923066
4.242723535925673
0.6975681348845193 0.020984982787014522
3.324782060071554
0.556648185613166 -0.6555416699180754
2.6717087612396435
-0.9832451065812959 -0.8694280600921894
1.1277488713201214
0.3137340073091432 0.721202868021324
4.840335913890315
0.6930479058460441 -0.924137343962256
3.392654836265625
-0.13274812165659797 0.19139921561686418
1.5120169240003438
-0.5038252629718198 0.3260658517305862
6.07873589126227
0.6825660465608229 0.7822419808813256
0.5714461244804232
0.2095685138412543 -0.47544549939334985
4.681768879692188
---
82000
49
-0.8648788128884392 -0.767848073076454
3.388501193445154
-0.42936683981932344 -0.7947221556255244
2.5361546327345037
-0.5049379956218834 0.1330821929352368
0.6630854082908142
-0.7122721086755318 -0.1019628065523436
5.92699815584645
0.3962497471856839 -0.4004862040314881
4.76203573369894
-0.977496881823221 -0.3098369117743222
3.3251120157024285
0.3879702638553081 -0.45373361616094
4.386230128338772
0.3170039187719634 -0.3988560716713128
5.607216110921719
0.8566149362766591 -0.08830157175964244
4.080005544896776
-0.9799146184036163 -0.2564214532972703
3.069776031426631
0.7170040793499657 -0.873617259247954
4.514762054941733
---
83000
65
-0.39840199454563546 0.807864106480487
1.6721679051800649
-0.8252956474527887 -0.26262461168540746
4.109994716511743
0.117662213450005 -0.402836627898024
4.539135166721136
0.6620363111505685 -0.632272945808926
5.275673319379413
0.7005783555358267 -0.9973484974192183
5.057776073435989
-0.3757346497696523 0.8163082605343503
3.8956620210220665
-0.9448022185041375 -0.18625849593851207
4.081937499952774
-0.6695690277151761 0.60808161964941
0.4997390613460046
-0.4553046291061116 -0.5626205804008286
3.815315931681698
-0.6249458122417801 -0.3223158804720301
3.5992954883110295
-0.9988595823357861 -0.3364128662028061
4.7209662881334085
---
84000
45
0.4404510983279389 0.28698322456198594
6.2239422991825855
-0.15026555689351484 0.9987593725830803
3.402544166795739
-0.26510059297887456 -0.04886970367698647
0.41252074358023183
-0.915834681785425 0.21512446638657917
4.119609135306776
0.7822785269893962 0.9961585764168842
2.0634600008486377
-0.7607830791298063 0.4525006248718111
3.0312012984571126
-0.8618685221303648 -0.6996110023691043
6.272548900323754
-0.8154967547736883 0.7268775692036609
2.607684296371879
0.08471567368255727 0.9883821623793412
4.7752178184093905
0.5252689750662715 0.665067878830677
2.679011422687495
0.8979844265748728 0.6195204891492724
3.23602576323274
---
85000
51
-0.4774606082682071 -0.9450598104003419
5.234562514267531
-0.3992674108259944 0.28014320205561083
2.335405630489505
-0.6288534304704512 0.18076778427051834
3.6321039023448183
-0.3713853083912966 -0.3500703543826897
0.9690714153467264
0.610582335606011 -0.17208722168661159
5.978913367948659
-0.7961399283108327 -0.4164561272701951
6.131743837404354
0.42872469234335725 -0.17333144188083965
5.058639637607961
0.9819233414153468 -0.06139468148139374
2.6394479885612014
-0.1019730116855865 -0.689378096106853
1.7363160558201507
-0.40437110199163256 -0.7190776831739826
5.6795855001378035
-0.7992866709595484 -0.8776770890623347
0.13005307040824832
---
86000
53
0.33653149270526395 0.7096005563134402
3.10749555573876
0.6021872281195961 -0.7974580339020616
4.9887876497009485
0.8630003034905155 0.013478127479678234
4.204818152956477
-0.4229710749354796 -0.22607308022109923
4.1338218566966995
0.04308847942814652 0.27762093808470717
2.324226296821732
0.22885147898174563 0.5439536467576195
2.179634709143799
-0.46276372145211986 0.3429911735742928
1.0735971674467066
-0.3971201448416277 0.8056827536364123
1.5552404261804558
-0.34333762377012234 -0.8707742125215239
3.9552547709707166
-0.6760782621175722 -0.8040590659573082
6.079298859069845
0.3158112752659693 -0.3272361038069628
0.2723860489732726
---
87000
51
-0.9701862318601662 0.8123659462030304
2.179762089023664
0.12538798273128304 0.8157649868577372
2.8946217087614734
-0.8783445097161338 -0.8353394106022464
0.28979010201391553
0.09444536106097264 -0.7432769766293175
5.754313423890556
0.001822670508607814 -0.827116761682406
2.480758994032339
0.12295842444336536 -0.9095835399537332
1.140856035470737
0.6165532179296986 0.03029642607960091
4.431225745330974
0.3773824797353478 0.9573463551952487
1.8022960762044047
0.16305079057951327 0.41242313991284296
1.0152030783451522
0.0492405034411467 -0.10612635127485985
3.791157825649532
-0.282676956485993 -0.09659570949677398
3.470931706808316
---
88000
56
0.8677021880272133 0.80225442068464
4.494192769606608
0.7284507371617623 0.8707818193764332
2.3511680908099333
0.006210885016246146 0.8534244678446412
0.341248000769367
-0.33480371077063575 0.5611672252027835
2.297434810654093
0.1573498411783408 -0.3211259145900203
3.3100278743637297
-0.836758439111313 0.2675700375709285
2.0514743425796382
0.3611771504923761 0.04287639820144751
2.7009857844849927
-0.100321162507742 -0.5038012491824332
6.062753230767056
0.4979538428196695 0.7391130858668075
6.157786072877069
0.980022714234197 0.986264581397954
0.5224410155687558
-0.5439631753670615 0.6338414154944164
5.433681391700096
---
89000
59
0.5769545312384455 -0.18044552513092765
5.5415305818555565
-0.01151530492681421 -0.47714541882752115
5.803365471928406
0.9911011808348673 -0.36289397977277477
0.9229877277496925
0.46269583352926713 0.6757723009491675
2.8036516746242786
0.18806181964523727 -0.39862385184948396
5.849902293446923
-0.8743331769614017 0.7576519127528565
1.120319015642159
0.2341774388891273 0.8521716489937581
5.376373295285865
0.8989803021742518 0.9801134590974796
1.6487180942826667
0.9877097748475783 0.21056712470639186
1.2011914283104232
-0.8944206845089079 -0.24070030859232439
4.750216997415823
-0.2321658009851295 0.7647122701187342
5.316210224983349
---
90000
55
-0.43040625969231894 0.10604437848127204
5.790240346584045
-0.10254495595004888 0.5471737811862756
1.9917773477070604
0.7153672159774405 -0.1756532188874236
4.766909409408644
-0.717975622473842 0.5591247367421862
4.458387709429165
-0.23875503169417003 0.5739166900443312
1.018403050985774
-0.9465430936936816 -0.8740436127003497
5.657990269412613
-0.5945613159438985 0.9129218812919225
0.9604834722986402
-0.7017578651369187 -0.8661045673847978
5.394530196474085
-0.8826414422659716 -0.058532348990181476
4.942767459974841
0.9923321409867703 -0.41197267205935945
4.370450868274408
-0.9336329640521146 -0.011035313254716558
5.0853441393743655
---
91000
65
0.30175843026484384 0.4538918053667639
5.167107779438598
0.470456210368788 -0.7960487730752026
5.159866719585217
-0.06788620028604081 0.06397916295294417
3.617912509178339
0.6421646574666364 -0.2674265931166556
0.6098914569761922
0.8384591944084421 -0.0395868048496837
5.95808304085308
0.3374239795507543 0.001725235744771736
4.50085188434837
0.34613605379177725 0.3926205514140939
4.7994262587640035
0.11608474658758679 0.015395450454262119
4.830716349800853
0.09445283798948505 -0.31657096399792284
4.730385062541758
0.5694644858045892 -0.08769379269973392
5.490310913113715
-0.539711351180806 -0.541536580120185
1.8356120773468938
---
92000
54
0.5785982593261406 0.09121785969990844
5.9055781399392355
0.5766430177352199 0.09220809382556641
5.765359204233371
0.6562313231801764 -0.7561311227258904
5.167104694636826
0.964688853601317 0.9025111862089674
4.84035428017862
-0.879195673782876 -0.8677001333644513
4.867895373542729
-0.4199390983461938 -0.9739558443575206
3.1764012184711694
-0.4733114954437982 -0.9167034738083593
5.527692679589889
0.7631588671992712 -0.38489557348524317
5.195505958345435
-0.1726001144027054 0.4341938634441914
0.5604372923668519
0.6367718031907376 -0.14443690205039142
5.705013240476021
-0.5944991544214923 -0.666664974647228
3.410888628622841
---
93000
55
-0.5937292978850046 -0.86715981030207
1.8877482968800896
0.5384263931034964 -0.9672512739757586
0.9044229291152934
0.35756681358463027 -0.4401752674075617
0.05977733558705456
-0.624516227360694 -0.3278212483799266
2.1999549177783075
0.4228031321051633 0.9124209285436007
4.8169601729233245
0.634147918341754 -0.7166282911334046
3.591977875408083
0.48341232638852083 -0.09970772253469662
3.419628616483661
0.5217807012916752 -0.819235296343384
0.12420993167888117
-0.8578677772087554 0.7322934815348476
5.028655524847471
0.9479326143480354 -0.2500565716416329
1.833605520675377
-0.047824960363752785 0.7014192553129328
4.946460411509962
---
94000
45
-0.4599027637797746 -0.6783349219670798
2.117388337268035
-0.6586595545477746 0.33183911131445176
5.119101207761013
-0.006765264169050992 0.712457873465623
2.0342063497977065
-0.04501485064988428 -0.08607659104435023
3.8952238835032835
0.4457750113767792 -0.1113131474391856
3.041288166018589
-0.988542123617338 -0.7551561053490438
3.0955411702819244
0.650307668347119 0.27090572344859765
1.9243996183507592
0.4050331808229871 0.929899386829168
2.398155426359973
0.3746497707475215 0.5813979878488287
2.845958182753929
-0.8186942126152018 0.48998923111550124
1.455167637217059
0.1981186393940263 -0.7492450730454897
2.8120675055966338
---
95000
51
-0.503449018330632 0.7356189979031919
5.320206842358461
-0.6909933354022532 -0.9830205618817917
5.013726551048224
0.5683173884365734 -0.6305449362339415
0.7609016209749573
-0.7180872673528242 0.3682774660795108
5.786937189260008
0.1997515581480346 -0.21549635258550096
5.034375899750067
0.7371164033462326 -0.08603584112699497
4.232255272292777
-0.7176794879374363 0.08628772494632461
5.0954177642486576
-0.2787636013051119 -0.6516580608695647
4.027167162092196
0.9317021569009483 0.5094981068159996
5.203416167114296
0.6814156830506763 -0.12553330510097438
5.036609333238943
0.6167390312082085 -0.4754946248115841
4.728611874594946
---
96000
53
-0.9400126485007616 0.41444210121728847
1.2099804958621374
0.7428924893841174 0.563405255782166
0.2009298078446511
-0.5033618302016944 -0.4709147563159395
3.856472253219338
0.8647000193573382 -0.24488254448364769
3.9466404395727253
-0.8390725723486061 0.9536685190148909
6.15435689132361
-0.12168236709339475 -0.38978021834451737
2.1401425850774762
0.9194538404016069 0.021145113749255408
5.507921952645971
0.14947833230387259 0.9749556400401096
5.368634148551864
0.7042880511658541 0.08146684690170275
0.21913402272753224
0.8459880958610395 -0.46165838571241746
4.743956881255664
0.9427199507514908 0.14137807176037093
6.22158851576886
---
97000
70
-0.284857770885579 0.8818541780229809
4.4454444124022645
0.42843563386244754 0.9221521245612155
4.741755591176317
0.3921043006912525 -0.9254981483954658
2.2044386304425627
0.6561908472885112 0.5569314206848728
2.969319480975897
0.4172897381757841 0.7404356110007593
4.44167981674066
0.2576779008438877 0.4632182685077346
3.1354485362972326
-0.15726577422143928 -0.2375732583080713
0.33990944059360473
0.28982419243677454 0.9586837644303945
4.206332255934163
0.46513933335689694 -0.9357056211525854
1.8012043092513332
-0.887937244465331 0.5010773771607134
1.7341995598610014
0.0534145093027487 0.7010499655509614
2.582514060350668
---
98000
69
-0.311435643040338 -0.3286170621146531
3.4384732853704363
0.04598729890781211 -0.1887387434579234
3.270991152159942
0.5080873149930822 -0.7620191676102326
2.4226379354005303
-0.2731690945934938 -0.07277055343399177
4.561825138588489
-0.028294507389601476 0.8789687418765357
4.727514340434171
-0.2379469919828309 -0.43178959004324635
2.8652960082041226
0.24121788541660086 -0.3700229992089411
5.703744538409362
-0.20161440926943186 -0.7358968258660156
3.5420994220976647
-0.23892707317215417 -0.8376856536333842
0.003927350748808678
0.09953717732200855 -0.2684314125734029
2.59706666792965
-0.8009485203257147 -0.6036348836668631
5.163279230655306
---
99000
61
0.19203142741085819 -0.9406518087587776
6.0729902480968185
-0.2641397085709303 -0.3474078187022449
0.36237173594360783
-0.1813672057824068 -0.24376975204374784
4.245011867730475
0.15101853171945676 -0.721980510247615
4.2031966812135755
-0.8103977640671558 -0.25179860861006004
1.4380818923329741
-0.5505562148988095 0.163782007237879
1.7829223816022965
0.583698119996442 -0.31054048147192115
2.627487324598998
-0.11957996236981229 -0.2844114852762929
3.3916721746393885
0.3178549666794409 0.5272108328138742
1.1159465756797005
-0.3871972194245949 0.22341775969161046
4.727482980509036
0.9358759743113186 0.8055857466995419
4.746195594253965
---
