100
{'run_name': '2D_rec_10_total_boids_slower', 'annealing': True, 'annealing_start': 0.2, 'annealing_end': 0.002, 'nr_observed_agents': 0, 'nr_of_boids': 9, 'predator_present': True, 'grouped_spawn': False, 'predator_halting': False, 'record_keeping': True, 'record_frequency': 1000, 'exp_folder_name': 'big network 5 observed', 'boid_speed': 0.0333, 'boid_color': (0.8, 0.8, 0.8, 1), 'boid_turning_speed': 1.5707963267948966, 'predator_speed': 0.0333, 'predator_speed_slow': 0.0333, 'predator_speed_fast': 0.0533, 'predator_lunging': False, 'predator_lunge_speed': 0.013, 'predator_lunge_distance': 0.1, 'predator_turning_speed': 0.7853981633974483, 'predator_color': (0.8, 0.2, 0.2, 1), 'predator_confusion': True, 'predator_confusion_distance': 0.4, 'predator_confusion_threshold': 2, 'predator_chase_time': 20, 'predator_halt_time': 0, 'predator_eating_distance': 0.06666, 'height': 800, 'width': 800, 'graphics': True}
tick
boids eaten
predator position
predator rotation
agent positions (and)
agent rotations (interleaved)
----
0
90
-0.45922942349577794 0.5960478462053501
0.4724554646967656
-0.4596576440847307 0.5695182097379182
0.161170853628386
0.767285660820184 -0.07141954271289389
3.913003786038086
0.054857155849255095 0.15894070812701666
2.071640407514132
-0.402880137091184 0.04717295619867114
2.4954519492905916
-0.9725169492031082 0.1178459732236414
3.6679913881061
0.9558949945032047 0.9957245351919102
2.6652561275171465
-0.8753598968178036 -0.17844290048498712
3.7112482399140756
0.576004458387534 -0.7690722603043282
0.6938685885752691
-0.5203620406288204 -0.5169830563408253
4.367485901334211
0.7469531640045665 -0.8970078418562238
2.699599943709736
---
1000
81
-0.9216804202790934 -0.43595331775677976
0.4669027135388919
-0.8647122553216932 -0.2947100032605575
5.120873089978059
0.6856774887922258 -0.2869530591292411
3.1066120124166767
-0.35230629528576785 -0.500051024016868
1.0135481060109521
-0.3431128244934908 -0.27905519422665565
0.7886584403772572
-0.6951754182324545 -0.23722644412232644
2.3983877010214965
0.2579159536589563 -0.2692333868277463
0.860429237981859
-0.2782748587365837 -0.08167339455702474
2.3231726476563983
0.23399018716995393 -0.4786647228318747
5.3763745509970615
-0.1285421992235285 0.9188160424548828
4.89551422710884
0.17517395286897947 -0.7309186684885849
3.3098479558282587
---
2000
95
-0.29585388839366344 -0.8676716952384863
5.1834443317873635
-0.7579382190973145 -0.7218295143083365
1.7147118914449173
0.27833422714134526 0.16060197853769198
3.693618203525724
-0.8156347362789534 0.5666842253804775
2.184383247327909
-0.3184350757977706 -0.29495822463007915
5.69369778108617
0.8471300597251745 -0.44828800287921444
4.52839375753809
-0.8714735147249398 -0.7437043856376642
1.1002284113732284
-0.06779358856891825 -0.8161006174520983
0.04195077053370966
0.34665539964322556 0.21730964588514332
2.7959561627102376
-0.28436433211183865 0.01706727705046519
0.029462934359175463
0.32213292912890007 0.05126562208238966
0.30439730976644963
---
3000
84
0.566435712292924 -0.7242926049896226
3.120107966222112
0.6623718765900247 -0.8124020394692852
1.200818783706929
-0.6114286708605069 -0.8853523581247871
2.546153623869398
-0.10999103165701513 -0.5478342706366314
1.6775206723422205
-0.3772499582530882 -0.9936586097334247
5.12289137672136
0.002872691906116838 -0.5782476529853405
6.230330248267534
0.10614800996919113 0.007228852405905088
5.012997027396442
0.10455171995728416 -0.9104507771290947
5.533173055167388
-0.9092874333971198 0.6525076255800829
4.306116987174668
-0.13887670383688555 -0.8070763693811902
5.7673875498638765
0.9253288584954543 -0.531643230836682
4.003343567158892
---
4000
100
-0.03739485369539755 -0.28904376774249746
2.157811716186302
-0.15643864491442994 0.283347823991983
4.732466212282837
0.3901502741638878 -0.03349867946001564
0.9243587172418799
-0.2513678324857557 0.46445466216145065
2.299844943315337
0.20193552398529885 0.07822101633118844
2.464809326096958
-0.0336426369937423 0.016505487153747205
2.2240204787487348
-0.9953996644272236 0.12713894221915187
0.8629919750290718
0.709489517953181 -0.6572439082356717
0.8410206737179005
0.9992238970299292 -0.9804312015159238
2.0728214175748
0.13828961610918422 -0.9756401239776885
0.5784060850209363
-0.07677929110509972 -0.9032874292775948
1.592877646905161
---
5000
100
0.9597669425499543 -0.537946459521863
1.715574427849668
0.6353595200855326 -0.7718704781409664
5.749495648401755
-0.2777904812990895 0.6053276810606582
5.323668297146578
0.5213297356089895 -0.8895873669323873
0.9883073850985804
0.45077635022680196 0.6327025373752571
2.345858572003564
0.8461403521598808 -0.9883297042624068
5.912388898751763
-0.9637466635711185 -0.9745198865181018
0.8395749808662254
0.14202953255802891 0.8120634995545359
3.1915229062519543
0.4651819680662025 0.6531802946820051
4.697888605381324
-0.7268324196793403 0.9530878404243629
0.6201932244057486
-0.9712077947200495 0.4185155270878527
4.862014176526082
---
6000
93
0.704738507215665 -0.2758521934340275
1.7073437111271903
0.6012452644491811 -0.3139342816835952
0.42253240288272487
-0.28074936398273187 0.8015124007394356
2.8872505822515793
-0.44437519453373087 -0.6002937951888386
3.082394958225956
0.49556758384999006 0.39938889743098815
2.4428786497743733
-0.4333746372091876 0.14879539770832917
5.516320462206948
-0.054965493910414415 0.9684969501552462
2.5322818413865686
-0.8657828463023097 -0.7209858500390953
0.6104992825367974
0.8753467153612059 -0.4976731271580167
2.602307707685088
0.4195375572104541 -0.37027781398743403
3.9919886245825484
-0.353119704074136 -0.017221433391530958
5.8709679940165005
---
7000
79
-0.05932963204091785 0.8380807315979526
3.704157917171409
-0.7665125372161691 0.4335406761385551
2.410808012317389
0.043073086304979094 0.64360993903653
3.632561529289112
-0.18364545932553394 -0.1875925532215897
6.146978898095438
-0.6396430368406376 0.7290510592911378
0.4286909779764114
0.09474300685150491 0.8624747024819367
0.7070175007118333
0.36860936456262716 0.28223921738500984
4.565609597740954
-0.1717050001170219 0.5750679122343851
0.2205245853477198
0.6849158819803339 0.8270350979281463
0.05128052509800263
-0.5711498356473167 -0.152989895374105
0.8221811062642921
0.6290951023880381 -0.41358782468814903
1.9713545903072722
---
8000
83
0.36697086026289044 -0.03162432916804447
0.08840171517911849
0.2546058615339033 -0.4415052362582298
5.187541595892448
0.1740829387026146 -0.3179149401687369
2.6643760464012667
-0.061532277601129184 0.5851516731138122
5.782243206514407
-0.12316121771706022 -0.6725652369386079
1.9310930680253087
0.3945294017608798 0.3636551087271334
2.2991548899200893
0.021319468265108298 -0.2148550591880304
5.3871923699487745
-0.7380699692223132 -0.37582836631057015
6.18343193544213
0.8680142539202794 -0.6922725411503345
3.77853966795281
0.18212901245364957 -0.4302200610619111
3.555957620165088
-0.22577495329150407 -0.8366635538795528
1.1998349599990075
---
9000
81
-0.8973381874450591 0.17279256974879292
3.4474671240444494
-0.8526234295088146 0.32562370198774576
2.8342916193102026
-0.9655634337470299 -0.8899394199767863
0.2147865171420671
-0.7510277758323572 -0.21353993726688625
2.128957078658428
-0.3248134017161542 -0.47938169583762025
4.592825105154089
-0.4471511162647987 -0.7472000169393629
3.542988173095746
-0.9604894188835935 0.9967331090274054
1.3636373711918441
-0.7859482338259526 -0.8073367938652345
4.420477232740222
0.9690632914120756 -0.6160391239865808
2.609131875820843
-0.9645760692185387 -0.9172544865599799
4.079650031555662
-0.7453915145256071 -0.6188254270931651
1.5922311565499747
---
10000
82
-0.6432029552162339 0.053577884079540034
0.31131752545104496
0.3328820478086854 -0.31950728337989276
5.425682117002854
-0.5497839745659447 0.1576471207683227
3.86798673450867
-0.5979709399850086 -0.9887736384446919
1.8582883862093755
-0.48402468242150887 0.11631060499425143
4.443193981680397
0.31332150227443184 0.7676097999175359
6.094416871687644
-0.032110819684645256 -0.47189872091123775
3.3854711284479597
-0.4770966925441473 -0.6586180318030607
0.5294353504038645
0.27490460203529815 -0.36801116390944427
6.264420649986683
0.7200218446275974 -0.5586378093124197
0.8546091136632459
0.9002525912809847 0.09398865567287572
5.8525365031269265
---
11000
59
-0.35683326954856304 0.6295062806540119
1.6869584655611531
-0.039363905521243164 0.14422491001634608
3.8600117133694267
0.22402386105184147 0.251022359223578
2.2575066442615874
0.6030422862925986 -0.42730313901665906
4.839414550260339
-0.4470160696220076 0.9000210258690151
1.2898198672672039
0.6024453133443053 0.2980509222195929
4.118711791863364
0.366289232999242 0.08912494593822702
4.165215404119484
-0.4832420066549936 0.762255372610279
0.42327686676689424
-0.3362714979130963 0.8392044534486882
0.5239493754858229
-0.8902407972851176 0.1641565965741396
1.7577612610213125
0.39235209014045114 0.2880883313728725
2.0939985002459798
---
12000
72
0.5353720344616748 -0.8208514174719804
1.4860535260203043
-0.5292370649873688 -0.04697092487991039
0.6255293693834139
0.1756127242627348 -0.6063002072075017
5.221813855875444
0.8194802136203774 0.6184227098106189
5.677310350977286
-0.683427624270792 -0.7734264120229564
0.317982968265637
0.07611962721089806 0.5680196525902563
1.010221653285293
-0.7512815979197962 -0.37915026144272257
6.143916287760661
0.17579785074836712 0.6154372934969854
0.321390016666828
-0.5731295622950513 -0.4561242238399369
1.7068820144144876
0.3119748766989119 0.7450514419000063
0.26122973939300564
-0.39456403791461836 -0.8897587129606632
3.3993118016713524
---
13000
72
0.928998245749295 0.6168990493007249
6.244883305021024
0.9161710564851727 0.5576002395464533
4.933578005632628
0.5009138580429897 0.6138591226707536
1.6981500741692024
0.3557589970778248 0.5838255928150045
1.7434330896460504
0.5165144798842372 0.5672095645184204
3.549121329185626
0.04998462493652999 -0.5050940908036954
4.23814213338898
-0.0889128279213469 0.5840953013845822
3.895361822958953
0.7502563830727418 0.11117228785561183
3.1759106887116317
0.43169344253374525 -0.28039687549040127
5.202361429929281
0.2756425074490187 0.7150173015899431
2.780738005814319
0.01698804426742881 -0.3893343365481104
5.143018622019332
---
14000
83
0.2388641596494255 0.22109672086631726
6.1933432231622
0.2954820461641908 0.19641286326433285
3.017409467548654
0.7179562587634213 0.3133568816841266
1.1422165362223575
0.5298878549318811 -0.8368580918850825
1.565245964602565
-0.8895104304541099 -0.27163254007918614
4.397593845490576
0.05929045266026574 0.5866944835846167
4.273635589862281
0.39505407361216804 0.1359727391244246
2.7610663535577364
-0.33964083374097426 0.06103122619332048
2.96381199184714
-0.8002242914382223 0.9350436266713426
2.1340289679145004
0.9447282051295034 0.2499497700744088
5.440074145764202
0.8355734655023923 -0.7804132181373529
4.344134644219982
---
15000
86
0.24625078272491524 -0.6420368447198646
2.703931569810279
-0.43066810994995564 -0.2557082831122221
2.1233470364029925
-0.10824156673584846 -0.3439985167956997
3.7156495246186996
-0.9636597049574589 -0.35166384544830936
3.270380999459804
0.1758079662459271 0.4122871410760727
2.0943725533737747
-0.06203031136398479 -0.9088148996822012
3.3534562429313173
-0.2839780883168258 -0.8902562511348271
0.9402671901124888
0.558272596438764 0.06734981813022672
0.6189358317627471
0.0163964275835647 0.39425047938574753
6.06590435736105
0.37597715917651897 -0.004892424249520397
1.5981380453065959
0.6062610107224636 0.008607163414564314
2.5994487854110115
---
16000
63
0.1018199063700422 -0.1332127595700482
5.411638788504669
0.4569306588645137 -0.04112375448059841
3.7919542025449244
-0.06620502048505428 0.4352691626806712
2.9261691694228267
0.20582104907730536 -0.3224571973484556
0.07745026517981568
-0.9310205177647473 -0.4550030159931665
0.9633870081176883
-0.38669370146813475 -0.4279523733700639
1.2712831722182045
0.9233494491776816 -0.5185844405265388
0.602330704605234
0.7426502917740907 0.5777885665194477
4.650550287561845
0.1766134901340693 -0.20326414902455275
0.5495242449837212
-0.9412136818090366 0.938821611548541
2.9890190683595916
0.25190743498668766 0.09834032425564747
3.4594536867195727
---
17000
75
-0.10186528593981851 -0.7110595854548157
3.3965533067472693
-0.10328671734767327 -0.6784952775093933
4.195864931288292
0.8925727306037283 0.8317769680846677
5.595319115377401
0.8010301900233465 0.5123618982866209
2.3803976442966857
-0.9767679124048684 0.9497763087545267
4.394253604143872
-0.9411356103596651 0.3193666045227157
1.5286923466696267
0.49424299348017336 0.05660695705504687
4.643670960277998
0.07629652273603146 0.9939659627519443
2.9078000589164956
0.40717873417663275 -0.9882366365853033
0.987952335544863
-0.31318772026289593 0.0008150137122833502
2.006992919355458
0.12340724904119645 0.5516414000521699
5.013133705659441
---
18000
74
-0.5860933189618069 0.650961766517763
3.3163284291194253
0.07512990880088691 0.8160004864212791
1.5620923732514767
0.30758953841457864 0.0524730180394844
4.440077197161012
-0.7069423100629568 -0.021104428586785573
2.7732206658772665
0.4006259261087309 -0.5958087360707515
1.9868002635522224
-0.6010660724543996 0.6459244589133297
0.1241690988231019
0.3317757818480466 -0.47011765309436987
4.336776705704682
0.3661674145751077 -0.9573340087367399
3.4324033803148692
-0.7313322114421736 0.2447812665101488
0.806870255696702
-0.17472962013005036 0.4815414480535487
4.779768653751151
0.8305343136862837 0.8955518733857516
1.6236454019179565
---
19000
83
-0.8865773399914539 -0.8594193471011234
2.189577195319806
0.8382022940168065 0.5531436134416179
0.7601037038270606
0.39382493904380655 -0.5698469498646365
3.4858431546113353
-0.05293734225131655 0.6228085507908105
1.2586982849676671
-0.17464218325202974 -0.45711031286846104
2.2629083584921803
0.521068593644441 0.24108426677173705
0.7683548607010424
0.6252691388725651 0.4358874808269754
1.769393541444157
-0.3999610493278954 -0.014875005546634998
0.49181302598024423
0.04691159748746917 -0.47808067801848786
3.298363000932358
0.5251307836918752 0.1665468772589344
0.5418967600736835
-0.665999779035621 -0.06718451797949351
5.235723044968258
---
20000
80
-0.6742718781115555 -0.5854756785424277
5.096247135181363
-0.7799871565920136 0.61540312907155
3.5676820443025443
-0.5947612429159824 0.40264684365388975
3.758215841837041
-0.7843952948864065 0.6752742183548638
4.4071350394593765
0.8142527263383892 0.6831438318855615
1.6895162098417522
0.358666503603954 -0.34406008053528475
3.0949329234899112
-0.9337746465002734 0.5579464787814171
2.4261389343726067
-0.9770875925693197 0.5290890877568641
2.865734255795232
0.6178219880682565 0.5729395039880915
2.0166364041539104
-0.6290295855297091 0.5365471095410811
0.6370589917698659
-0.45759952625757383 0.3852084119465018
3.755096671097399
---
21000
80
-0.567612471965568 -0.37094241155643704
4.348255927836602
-0.30981684098414236 0.4943360463347092
3.290117569037145
-0.022382627388594027 0.9790856177458648
3.6654969793327004
0.3645188543465804 -0.6319921194077921
3.899199011049741
-0.2492327175954792 0.3189981747517015
3.2443599068366664
-0.2943571678275758 0.9287204946148072
2.276223504834917
-0.22139655061248165 0.38351254515235345
4.493601439592577
-0.21470657446639557 0.9050316565974675
1.2593757603061144
0.9090852672706037 -0.9008661165125949
4.411213826434541
-0.6851960295202719 -0.9284829197721233
3.348724876211982
0.05152903508972653 0.32083582705220237
0.14952209188322274
---
22000
63
-0.40658526861259703 0.37181702792941407
1.2564530425708604
-0.5712452823731401 -0.919097012185902
0.45531575733985896
-0.5051833453735798 0.7147152920326743
0.763458940092522
-0.872051614928338 0.8942507062866113
3.0925136468719896
-0.5103222415211479 0.9958301730565146
1.0949641838976367
0.982282824531704 -0.5583713219227909
0.7554835145395842
0.4802237434355334 0.8178570340258813
2.1819271641423876
-0.560831594032484 -0.98948780230116
0.4831129574613051
0.8309206191405116 -0.5285047253921393
6.070407999782202
-0.23739722276509367 0.9948574287405545
1.0683182790172543
0.5602064864671243 -0.47340867855155244
2.34168372462572
---
23000
82
0.4842652379635067 0.3138711724137971
4.665250365660868
0.7505541868232344 0.8324359411744932
1.2009034812741746
-0.8473268259138826 0.36590493797414503
1.5635823394396944
0.899150277440695 0.12170060510874428
2.61920602663342
-0.43532808304782933 0.6960518180732312
0.04233052310933694
-0.530048326652343 0.05709932548728036
2.288149817616988
0.8556155656574824 0.5840256736416102
2.2043257641730065
-0.11218628042837808 -0.07631821758736736
6.121541374792516
0.7106033361800806 0.5388762912087166
1.7545327353173843
-0.32584183325178573 0.04863456494744007
3.4347228482245935
-0.03795138920031015 0.042288048081970425
2.8720074495716172
---
24000
66
-0.7641595759658203 -0.3064249517122445
3.232602183319102
0.9377727913754121 0.29067687565278844
2.9664624233978847
0.19501321156111562 0.497836648185808
3.7428866400329355
0.6940823692176104 0.25534459770002427
2.189307599702656
-0.9071298092749901 0.7713610279813123
4.8386225993086365
-0.3711965628754191 0.7879129136635696
1.428691850759206
0.33091797034052595 -0.9202985449505836
3.1623111580098664
-0.5606115130024142 0.49515579219004247
4.185011785935521
-0.6909353391274374 0.6315008235271611
1.3077959166279989
-0.3340279187271668 0.1898200587543855
2.7047638320041347
0.5055443639588886 0.5418239329233903
3.290065971046368
---
25000
69
0.06686076659702586 0.6066313874365821
1.2477285645721918
-0.23375268022585233 -0.16742046331207283
0.2975067581689457
0.670496470663154 0.2998144688401061
2.1548122072282885
0.2605728806484 0.0768684108723161
2.328920593499978
0.8333374586142228 0.14552721877386604
3.3858009689778292
-0.7014113194662133 0.7787162726087382
0.7648545174737924
0.43426056174455857 0.22142935145911527
1.9630583604534548
0.7224303535196406 0.04518845178670815
6.092892361624984
-0.18104005564207754 -0.1646466347183124
2.572017036125194
0.21615151391612936 0.638030783395123
3.836574180942794
-0.26343291090498233 -0.564609256366057
1.1616122781488523
---
26000
60
0.25448924627430775 0.9982301675748007
3.410762031939514
0.6469882687952976 0.5100769123282716
3.798148555280572
0.4099838874923375 0.6788874513528673
3.0119491951714483
0.5740484554929891 -0.9993199032891538
2.6829250935059488
-0.36348571499009386 0.42908635907897563
3.907956269696091
0.5164805487941115 -0.5451335694559987
2.633584386595529
-0.8352972370743975 0.5583702788457704
2.1062273491347607
0.975711131323511 0.6189515477690058
2.843787304449446
0.3059384321917472 0.7305529574790098
3.874568544802723
-0.7907421383057763 0.690474268593516
2.4485265325980734
0.9244201868608455 0.9962618678376391
3.827079191056173
---
27000
76
0.8032639681959228 -0.770055409322247
5.452222889087701
-0.6042063123991228 -0.45163809988883746
0.6342348996981277
-0.5530240223979566 -0.541403617835297
6.256688996390644
-0.3327923563668739 -0.6338955844076105
2.41525707285426
0.8084423518236521 -0.20796439070525466
5.732810441915237
0.20984217081276513 0.18714479013538401
0.26203943710304944
-0.5538627536777105 -0.3564881926558786
0.411857146881899
0.31954188599803085 -0.092772707395496
4.3965419094995095
0.6547625776959518 -0.64263310969453
2.377344691656174
-0.30316383989729595 -0.6890861887440661
1.8072533246355906
-0.8318607211642125 0.912189467689392
1.0117530233725578
---
28000
74
0.8946770243646346 0.9030096438578927
5.275964595715856
-0.6149716354920169 -0.3709881759175431
1.3774105828196772
-0.15994626705849213 0.46157768447568065
4.830204892013665
0.21372496481853043 0.30461208014465313
1.533956412650208
-0.08773403426757105 0.8320118844769125
3.9070387572431136
-0.08261075072342006 0.2254946481699016
3.745981215726748
0.6982874597507945 0.9630749681062958
0.8570041657257566
-0.6926642948536234 -0.7285043880247208
1.4603878571278237
-0.4128896482382585 0.5975177398622088
2.554765650650854
-0.20969677492442673 -0.9525905752150929
1.4041163433528503
0.9035280651236974 -0.16666984270560253
1.0680667868447768
---
29000
67
-0.05336338942960175 -0.8870153108691833
1.6181336592611477
0.042784720240802994 0.8549735538601819
2.32923675400811
0.2858605415953727 0.7008696422159987
2.383297225209346
0.8298371141700719 0.6837154369741207
2.202494332272238
-0.05095211710714337 0.7724854471116546
3.1095341382021306
0.023045860601473823 0.3380865609519491
2.0952902828964115
0.6977968336634772 0.37373188236695204
4.993930294459128
0.3857293467262272 -0.08837655487420217
3.729206391546451
0.4841002801058164 0.6169712505443495
3.721954510948364
-0.929410638417268 0.5332736795985015
3.0566824529154184
-0.24089083869797326 0.48029181984806446
2.3489007748329476
---
30000
73
-0.7851672620083072 0.21949246624500407
4.794706905951522
-0.1132206118795385 0.30644610344447365
3.6442609837589783
-0.3612314090895195 -0.8874270634238125
5.155332925885193
-0.8969391070839733 0.2966828467175569
5.179646003158542
-0.23620603496005713 -0.642454745292192
5.034678894586976
0.1080048402818964 0.3061935515624126
5.094673853310934
0.16697474384965816 0.5823569393903888
2.741882555639309
0.27802160097090234 0.2960763291539482
4.60072676123824
0.37646819630580913 -0.9527443569483771
6.213073921933048
0.29530840062933095 0.9198018103413882
5.269983778039404
0.888989598264402 0.29962119696546635
3.4961126044648685
---
31000
69
-0.9533763940694622 0.5103474728515046
0.42193920181141675
-0.9740666592588447 0.42650915465848216
0.7713219831825794
-0.7936410565349844 -0.29079780911766717
2.0503201575731627
-0.4457230695577268 -0.8088961798986558
0.9565417909572439
-0.5282840042869372 0.2935988036080381
2.610840164224622
0.9484551203097542 0.3586251121934544
4.766648862678119
-0.3991454415939788 -0.4438158230753837
4.6691961284263055
0.4199185916630216 0.45846502245468534
3.7786755781908967
0.8170638963838608 -0.8818947929998839
1.5923968166546327
-0.8074897605764786 -0.298825721323667
3.6949394089704564
-0.6378518687424519 -0.5430347617368797
3.314319735079457
---
32000
76
0.9966132815350411 0.9821685026444102
5.482501338882435
-0.1804092697915737 0.9511743771163643
4.732908797294563
0.9924279734514891 -0.0410331177278127
4.444826067666216
-0.2023006672429926 0.5690800444329845
3.8451123001552787
-0.9834569115824681 0.8219089558467076
6.270289949997197
0.2019709036966354 0.26669725237348274
0.3287446945233219
-0.013103418375865088 -0.5621006063546742
3.2269342893088204
-0.7667368259572636 0.09721668239642661
5.464419300607691
0.014429041330799752 0.1962541942704249
5.665967834465039
0.08755284849808911 -0.6142356215659941
5.283597786515355
-0.41415843903827493 0.08024761885875473
4.52463937492028
---
33000
77
0.03655942326687862 0.7335591115781916
2.0264756745321497
0.6349914917006857 -0.05320664873208296
0.9729117461206922
-0.6038656561601238 0.3397344501291653
3.1936936747937335
-0.6606931016698745 -0.12590136489132664
1.9912937413935685
-0.026836484652347663 -0.15047003168336429
5.420041644587573
-0.21890469721413736 0.4962624847758525
0.6238538043272941
0.46689233212104686 -0.1191086736609319
3.937617664207122
0.37062380516341686 -0.20845732834997793
3.0226315975284788
-0.9243013481942102 0.6337721180818212
1.45315478600895
-0.0546982949044815 -0.39834551059334133
1.4266677356303568
-0.062326790909987474 0.4193357001119904
2.0027335598622376
---
34000
64
0.4759244222862439 -0.08253014664828057
3.73864495861174
0.6706152651129247 -0.2488704554659151
1.8706234663986345
-0.062350848473267106 0.17140321107116296
1.953737639140713
0.20724455482187037 0.771765799357255
0.15161302162148838
-0.12844091328561497 -0.2961286509232484
1.2286139192301087
0.5274521195202045 -0.03498451394583472
0.3309035886542584
0.9498446449798865 0.3588842278681302
3.713622255427933
0.9155631148061374 -0.7571648040526424
2.7395635793301523
0.6986138184446241 -0.675070918299571
2.383549024337622
0.20323643512175732 -0.006964043383953573
0.7615142347583168
-0.48092967152726773 -0.6905428796264081
1.8859272747059705
---
35000
77
0.09597018394099258 -0.694375029562616
2.7024724012418146
-0.23290605516391985 0.2787262833134853
-2.529223067890003
-0.29989686539169547 -0.7330085606226071
1.9032949706042102
0.5511938653011096 0.4175869798599199
4.734527006503734
-0.4854476433688084 -0.41202490410977893
4.595737605350888
0.4061389156175372 0.5967433880022732
0.8050979395160969
-0.8097783580426533 0.13920899734807968
1.2638575577325009
0.25458446861273015 0.03435712595270997
1.495160339960627
0.4046914782639024 0.30047449146245403
3.0126705027584713
0.8098176369142325 0.3922350437689416
2.8439487634096032
0.20868917989472846 0.8615367919950012
3.5319406084160248
---
36000
89
0.1547288101150348 -0.8230248532604731
3.5528622920579576
0.05586164254605257 0.9951772713331872
1.3625668176417935
-0.22329668574983047 -0.41469170889427476
1.3973098597124167
-0.10256708982251875 -0.8635346957365839
2.57976502412415
-0.8781485859114353 0.6827128383675378
0.830101628201203
0.11864422854023204 -0.36092277707882836
4.423564843735656
-0.968192515883527 0.06294918873674321
4.239880722270593
0.3082639796703664 -0.2715018480841638
3.467865120842146
0.2734186607070877 -0.9383337206236861
2.837133252652256
-0.44154527334042787 -0.2647171083627802
3.015269718024748
-0.7822043357998097 0.9852302518673677
1.1717883627879306
---
37000
74
0.23539663302893138 0.03687045024665685
1.66088065965405
0.29985455251070525 -0.10273737961690482
1.8922821820751432
-0.15441612903358898 0.19584523801218
2.0261210202011055
0.720622893797565 -0.9778692765473722
3.606450808812661
-0.696382933677135 0.7024138365098944
0.7156748779101116
0.5216595070865158 -0.9593790359917834
2.845493269831224
0.058241586723657646 -0.48820726320754404
1.290083547483916
-0.3557282404569361 0.47663893661107437
2.2098449422861037
-0.8213831581834061 0.934918249294747
5.853522999990272
-0.9016159428968005 -0.736813068858732
5.863134177425937
0.6688297977789323 -0.21258671482968514
-1.4303387139259656
---
38000
87
-0.8689075159920611 -0.07429420423108997
5.020243878864434
-0.9012061847200116 -0.3707450260366068
1.7484163447224823
-0.17467803941022736 0.4011965304678441
3.8020011877927615
0.5044261777762326 -0.9501141581982936
5.868343666327786
0.5795636060926453 -0.14061496301952114
0.45385655318268725
0.8876077877964511 0.5378964306250953
0.9280383307602831
-0.8352830111920252 0.4199096272983324
0.8242496112035784
-0.7326217070697798 -0.6056597934543803
1.3748721334755203
-0.5942126886447088 -0.40373795587228145
3.595038277110267
-0.44213298892094083 -0.6186504968208753
0.5925741626533476
0.8208989897797242 -0.43648846002111097
4.980273432708088
---
39000
75
0.6000838093296538 0.6633068409994924
0.6382327074412844
-0.5030967322997361 0.16756307249123734
4.94002748114865
0.750939025957093 -0.6444116732988149
0.2650046729368025
-0.9123412522080991 -0.5086293216806074
3.771176872862096
-0.24762277204592303 -0.49988887965927603
4.759411972237693
-0.23351893692423964 -0.7401537233114391
0.2963335893760286
-0.3404712442413912 0.2929100521071088
3.4153789766837965
0.805476273311039 -0.3640881117912979
3.9782920522454095
-0.6920592676847677 -0.3873317325167972
3.7267294853992867
0.9554479543647055 -0.31424948104935296
2.068266984963386
-0.9212281729419428 0.6639949179509427
1.2743838233434808
---
40000
79
0.5365169734289742 0.06241903387016766
0.20830674453779638
-0.8622636473076978 -0.722839802012373
3.7052123056860555
-0.8896254494436432 0.21910695500615798
6.089089963108388
-0.6708606042520175 -0.5304938607411545
0.6712570127936504
-0.7565026318089617 -0.7981318435162774
1.0759592927733639
-0.5783760159939905 0.6366610550232097
3.3947967708127695
-0.5049036461249916 0.4421287647152554
1.5544010557833694
-0.5849063417396554 -0.4015941424469483
5.527260995877333
0.9307450199876216 0.4936760082255821
4.04384454171471
-0.8660118483295428 -0.5477653956933666
1.7686685289319808
0.9922467529767053 -0.03427462982365975
5.913057849820685
---
41000
69
0.12404415823708762 0.3269504802985337
5.3598048162704615
-0.8106124505861861 -0.9914636445041722
1.2582822448917081
-0.9197420949941499 0.5797587905358151
-1.1716502902633246
-0.1709743406099857 0.7942730340574439
3.743908101996265
-0.2579063027736907 -0.9713121965362013
0.4801217186493689
0.14982027830733857 0.2271730408115673
3.4871664341206263
0.2483898517671398 -0.6408644123442324
1.6088081837171586
0.7149462430756667 -0.6783977964502876
5.437117115708833
0.7640431217594355 -0.4965393664876377
2.048517516480291
-0.9616505604448996 -0.3451766572801121
1.6262831406063265
0.5461453760784503 -0.6716257960679759
1.3893327332549203
---
42000
72
-0.16582356544809154 -0.26680434204189285
4.476749299593242
-0.004983446450196306 -0.6652717657801208
0.5592265032242976
0.5447277939838857 0.7124517011875813
4.916641654514307
-0.8139713275338023 -0.4689307384828205
2.792359971040888
0.4445880888050946 0.7463314468693685
0.1439734508806998
0.7826622367290036 -0.4932150893632168
3.66745668758525
-0.3740432191695039 -0.9191582564532711
3.3806616711530237
0.5298653122955214 0.37607643268753604
1.3492939456318132
0.8040061083397109 0.4937012658555354
4.173049920064506
-0.9572567443683963 0.831974204370953
1.9417960673627137
-0.5310508233400884 -0.4011857760862415
2.332366036189968
---
43000
80
-0.9149908759461585 -0.08384041186726007
2.495147324895228
0.7741273993064253 0.03784923354996904
1.7610067676462773
0.3953540943009917 -0.32014237134094436
0.9107005221034337
-0.5930862173939356 0.8832278317509912
1.194063134166914
0.6921230953217519 -0.011466504188249071
1.5967663301324837
-0.8619443803743223 0.07767675722737216
1.7506774713317306
0.517988485065502 0.719534063713795
1.5658910858920176
-0.32552218418412016 0.9224408117482004
2.49514732638913
0.037618437185964894 -0.7178919684313035
3.8535482531587757
0.6681307757163444 0.34426952152020657
1.9597855713252343
0.7052300663156578 0.056597414237050205
0.550295337735129
---
44000
79
0.6550838426807135 0.9195267198130359
5.362637980243822
0.09838884277046332 -0.572856291741647
1.4556547621655467
0.31156467457296766 -0.6580537481132941
1.280461618509805
-0.9086925696773999 -0.12467675657718275
3.506367462066388
0.9818426139089558 -0.32175995402879287
4.306923241127404
0.9070130585064831 -0.3775595614018574
4.099881678931404
-0.23241502898024702 -0.5723609688323037
3.095472698849978
-0.8590518528809353 -0.46537694165265014
3.096532535793835
0.41168910800743713 -0.387856757742957
1.5321871096010309
-0.8549642007639828 -0.13242186611250184
3.3635328046163364
0.8495308203067784 -0.38489602212709584
3.6216875416758167
---
45000
83
0.5438989990000692 -0.1694410805778561
3.630081982326281
0.11493313825698162 -0.007019996040306199
0.12442717960882876
-0.4492174927281527 0.09557486570558023
3.392907615134978
-0.9321042809719234 -0.22878649379220356
5.530641465988828
0.8370414075486864 0.9721136589350052
5.116603093548557
0.9201449310886409 -0.07979321914080156
4.597594109758884
0.1243698395433219 -0.8372130670071367
6.193950679740761
-0.6169906720952668 0.201589309782843
1.6306345846098214
-0.019131452984404437 0.668961237271001
1.5193704099663534
0.37190791943729135 -0.10691834586870001
4.196089892681374
0.09257704238649525 -0.5083022683098782
1.493410484123533
---
46000
82
0.19412812506148885 0.6097680353645012
4.893231961160949
0.1724111823222647 0.6071710696237678
3.91022538777315
-0.695423445637201 0.2534902466946725
3.4815628059518433
0.6877396707720165 0.37748599985996195
3.972814580009259
-0.4081504293054196 -0.5820132171054804
2.187065037344582
-0.30896313798744723 0.6469815038761455
5.464424248483012
-0.658525402345723 0.23299930379337205
5.396428347267999
-0.2866516391709173 0.6643439165090398
0.1770965471592012
0.4596740580184099 0.7706473126116291
4.383137039066619
-0.3228683446318319 0.03973220701733269
0.8283842465744442
0.22145418479875634 -0.06420531588313706
1.205783520967648
---
47000
68
-0.2741589313409498 0.19985850687726542
2.715537076768999
0.563680890786886 0.2465245501389145
1.7563644726150454
0.22240535967127945 0.2644599123494291
5.903759761776472
0.8102415057830386 0.2718923037714589
1.894790188075281
0.6844255825455946 -0.18913789138172743
2.640818177677847
-0.23995633447863898 0.22035978759824218
2.492766389944711
-0.32526422428492147 0.673310735003584
2.767906797411717
0.5582466423656894 0.2232783253611861
0.5651337341842524
-0.5137118318190684 0.5943377661625241
2.5572926984523336
-0.6381265618661545 -0.2099260194543525
3.614449087346004
0.4860706906115315 -0.33751771698086874
0.6584638933602331
---
48000
64
-0.4883137720609626 -0.08540288178602064
1.1508355973315496
-0.5096529046286783 -0.07734604554012457
3.591075160166559
-0.7377345352757306 0.24162973032381482
1.753197266050135
-0.6146109525923056 -0.5879277008271431
2.7100712931044466
0.1729274512115545 0.3889007567380505
2.2138351557988516
-0.04029972634297857 -0.7315330352779945
2.7722831265978174
-0.8668478156197985 0.4271868666397244
0.39140627176702614
0.9558558801264954 0.5560185631313831
1.6449233777236119
0.43771488571709827 -0.9152833254934942
4.256765018899768
-0.10828419928621456 -0.8430443573763122
2.784441260908343
-0.45432851378726546 -0.5159490000250516
3.0553206986423085
---
49000
82
-0.25025821893829264 -0.0508908063831036
2.9569564191005915
-0.2590805298548701 -0.08904679703193535
3.1447419847950364
0.12051041644514102 0.6051018709305088
1.1637910385523416
-0.12741509195481154 0.5721091268204593
1.8111045781688242
0.28396976209265234 -0.5704699145618437
2.319050552776458
-0.8545876892117591 -0.10920689472216966
1.4811174147919632
-0.5382301816695446 -0.7251751195787642
1.2348073762211706
-0.22837501539151248 0.2894951405969469
2.0037913042387476
-0.5702369619175012 0.08518976768218173
4.184374427107041
-0.44097613702467775 -0.31295377889987847
1.2658436437129366
-0.4801525604102298 -0.01663940669640489
2.8783028980575613
---
50000
64
0.4443910366518628 0.8128024493268351
4.9607432973572685
-0.6247711718762083 -0.6686743674792274
3.965430282799483
0.8100427513041303 0.8342006184126417
6.029447640576204
-0.04369411109410057 -0.5794285807535648
5.15005768691874
-0.9045641006704098 -0.3556486346445942
3.609962227188535
0.7480931397814433 -0.33918402835144645
2.1821100465838255
0.719122677452163 0.5133546825319288
3.614658617801509
0.17668675510449766 -0.204189754696134
4.299433319103217
0.01825599359959322 0.843670206766304
4.520900414130111
-0.8281658793515443 0.9164374860969422
0.7667250659545708
0.2302144776604942 -0.20630109252965198
5.066225189867936
---
51000
70
-0.031054485077647718 0.16531509777905956
3.2273295842790435
-0.1828446563618162 0.770638126692377
1.6594850369971725
-0.39167395911108904 -0.18347095299419655
0.42481183581925297
0.6086327318439327 0.018445965583521122
0.31515818501911674
-0.813732193686951 0.5616078027477053
0.41375061095431853
0.5725327800208918 0.15569553649261547
1.9397466438978022
-0.8576825920049552 0.2992814985035821
3.197444112840929
0.3261342742208785 -0.023536175765826603
4.514467362218395
-0.5513936087542485 0.25650724098331523
1.9360414487855362
0.5249347992142782 -0.5627218531052974
4.4807651906335035
-0.3247222989893721 0.026988903593633096
1.947508475137247
---
52000
79
0.24374936150950258 0.5954679333175265
2.8690716145559145
0.6564808917338452 -0.8904295622177099
2.4341984763523365
0.43149169802546894 -0.9347048139897287
2.2896257017976707
0.3175513610786272 -0.3221256486581906
1.4737557833198132
0.7969624804418389 -0.4290889014509689
4.400182124591918
-0.5332249049681991 -0.7222622479016906
3.4892823252865206
-0.8133531120957347 -0.31557002536467155
5.150320822170933
0.5240911475916346 0.32121239551356384
0.23549983360104676
-0.06668005036093495 -0.8315619987708062
3.668131635163882
0.26051916272629244 0.7392728276294914
1.7060808399084015
0.8324820880759378 -0.6320600867648805
1.3479036436273697
---
53000
75
-0.6156754317337501 -0.052533268686209146
0.30775316053559276
0.36515701328570593 -0.9092555162481635
3.4372863977909818
0.7951730870187921 0.3342396895440446
3.9371040230737604
-0.1727830017139858 0.9994777658318937
0.13766269079853988
0.1228089259975719 0.91780401413341
3.340029341053312
-0.34656386283922197 0.8071637901768485
0.2203877995876491
-0.6804223473187739 -0.8007465844008415
4.185782814236175
0.2567137498663226 0.8312549326469089
3.673542269623672
-0.4642740081095761 0.18045332502719225
3.0284083012225445
-0.7782234992567206 -0.9562878641747582
2.9698529592560874
0.167455037916938 -0.22299843392560365
4.804959871390813
---
54000
83
-0.5399271332659048 0.430152668389955
2.0263808577551203
0.4401869006333831 -0.5411587303782626
2.3467149543373784
0.9657127765690157 -0.5525835220006767
5.638882867853798
-0.3609283384209935 0.4408301092045186
2.4312159301077925
0.4622766487357598 -0.15906464824457095
3.363286348761635
-0.6933093151971843 0.23276335420965807
2.2487114204620813
-0.1160327238895581 -0.10609529236603148
2.481626855927475
0.7674958073147597 -0.3722087493866476
5.041238485842312
0.6483396338123615 0.0973073575091428
2.272097693219398
-0.08529797960812531 -0.7246476843791471
4.856178692283157
-0.8829226043623483 0.8132435424788296
3.7173527991476787
---
55000
71
-0.7758360265671265 -0.8007202648116063
3.7123538697865213
-0.7660955481011676 -0.814766325886109
3.034501915678754
-0.8240756919514499 -0.6193810112009326
4.214019600354725
-0.5641277612567505 0.9469704433609516
3.513216210106905
-0.6931918275273435 0.024258015803094998
6.223604810801634
0.6781608289923717 0.8756116243450706
3.8537608854395016
-0.05518478544214333 0.9886853321541533
4.789063937445802
0.8935000840733911 -0.4270482890981832
6.102713002169674
0.6590350288562862 0.38460673906564613
0.8501025420328245
-0.26644554040791796 0.8879335195740312
2.4379307332627205
0.7081798957699326 0.18714336062227835
1.6110067320908517
---
56000
77
-0.7405319235955017 0.08881696823536954
0.9663351547408383
-0.46885392986740804 0.23408452016276105
4.704668610330465
-0.9099224690296505 0.3352984759465671
0.5237086217100888
-0.5846909840225958 -0.46870987264963354
5.825937401177847
-0.6408222182799996 0.4948794415656267
3.590154822680714
-0.9264578241835029 -0.96538406064586
1.0627323650348677
-0.39400767636780043 0.8737212126819832
5.329823531935107
-0.6262015288674451 0.6584087864086834
4.04902595985263
-0.12306117949347306 -0.40038286872084905
4.351794602575474
0.24103969162630395 -0.6532145966094159
2.670330491165938
0.41720384057916193 0.9908450764113108
6.137610448843454
---
57000
66
0.34933715956779693 -0.048277119701780766
5.035846851843851
-0.7919812939406332 0.004728348351170475
4.823506398717427
0.8361072129215102 0.7341818809817675
4.555664215926365
0.7167755909796465 0.5025175594323942
3.773313251227809
-0.6473956709547467 0.7701411845982009
4.177010610554935
0.42348593037288657 0.6317908005341283
3.8245175310380928
-0.11831588644556809 0.0632023871326571
2.0925185124347427
0.7523706521545463 0.24838290170431726
2.890957360233541
-0.9340231805168396 -0.8111815477848555
3.6822348637943936
0.5036566293206706 0.6050659886685003
2.7775867864647648
0.8460967236118048 0.6288996505838587
3.806471382557242
---
58000
68
0.8724257535760617 -0.6827087585104796
0.16709563573492936
-0.949967215052673 -0.9522750359402731
3.0130488916988654
0.6235644501298104 -0.27679016271015666
2.2080876420560847
-0.9562066723410128 -0.5061823318492346
4.32599638174476
-0.38055166333087576 -0.7972753694070052
3.1729916847229775
0.1578212874314586 -0.14964525157160483
0.6610965387957224
0.38828164221662553 0.25926073320462956
-1.906042779663565
0.13774172889461295 -0.9095690211884286
0.4798527617245707
-0.1837758511448017 0.7722504990082025
6.2327382824632425
0.15941159206241962 0.7670913349715454
5.001188065772335
-0.7510679479397826 0.34711699793870354
3.6056496774941733
---
59000
69
-0.30415739979064466 0.8952804097053452
2.888942476081479
0.27351353200136036 -0.8949967449528814
2.477604006902255
-0.1501861161279972 -0.8323291266400025
3.004240534499899
0.33329548743418924 0.9336549976927587
1.4483867695455608
-0.22979665526054968 -0.22543579865410984
4.546731491437646
-0.7031420517180678 0.35504965799632376
0.8611887557897653
0.0814737444430243 0.4546421697119479
3.3296140244152355
-0.18742056235990806 -0.5320797905084224
0.8820351090721186
0.43637125187263515 -0.5148558645739104
1.5483632886382797
-0.02358991042257056 0.2589329201139532
2.739171857681532
0.09877999319005859 -0.9594412327050561
2.15705018835489
---
60000
74
0.6377990080733567 0.2568028801114875
0.5299735833481475
-0.9896639146592504 -0.22630314496378523
1.7748821716924246
-0.7141762899568475 0.5186045543963695
2.216709698643461
0.9124273988537482 0.39258159195479975
5.238139013397877
0.08088204458918441 0.9023759059656946
3.205625354665579
0.0925175938966947 -0.727012818667827
2.145369216150079
-0.9489079689274983 0.9688449906363381
3.183798236047906
-0.2227062100834137 -0.9913001185904942
2.6232892809061834
0.7332258921205199 0.2554079202018275
0.45522656275646245
0.6600337946591506 -0.9168475039965757
1.1925071586222025
0.3736298816562135 -0.5840791284011687
0.44356022590306043
---
61000
73
-0.570909483914816 0.6466454973171262
3.06667659701754
-0.4748215678664097 0.5326454287274849
0.9900298648180978
-0.7222927976580251 0.5954321201748745
0.7286473680031635
-0.8778820041537801 0.21476542210736574
0.9635169386083113
-0.521268403828471 0.6088508837017278
2.217103087578794
-0.5109190440106122 0.5579416604643447
2.1551574678859353
0.9639256649142411 0.45919803785710694
0.9880046184282136
-0.7633751358223416 -0.0037752033524583034
1.0502850842736757
-0.6913379719035443 -0.06420330711196874
1.9818486535738744
0.6948134367851456 0.09736301545028424
2.653016630370508
0.9285108699956522 0.23101151207892384
1.8577525620341309
---
62000
80
-0.4570722120687901 -0.015208393866337225
1.0218676305986458
0.5687941596102221 0.9065526135070204
1.4526908002774812
0.5224497045307553 -0.5547634463568979
2.586606078432613
0.26323128269885154 -0.30418464469172896
3.2149665438587016
0.31837289824857445 -0.724749678105103
1.820955309582641
0.28712974162754734 0.18763804024932124
3.659571954566422
-0.14311711151977824 0.5658454503064317
1.5715215961219071
-0.6909672837764638 0.3677457553460737
5.26871547830209
0.3622327749352065 -0.45423543736301475
1.1960103489940925
0.5929855867908986 0.5494433149683324
0.7509927870372666
-0.47317073911871055 0.280882431846996
1.5376547902121604
---
63000
62
-0.09618436767460935 -0.9990040152123535
3.639197811793295
-0.14414397578484905 0.9743228979014685
5.976382626044589
0.5374859168937283 -0.8489570277220287
0.338285891965989
-0.08136178541960036 -0.8132524087231932
5.016513374274728
-0.10488926314910733 0.9942623558343258
1.142848603310541
0.06500495773077972 -0.9750783212132376
6.281657456149563
-0.42935706984473787 -0.17650382376363766
2.7477251854824187
0.11163490652861283 -0.7867170196351215
4.84666120982711
0.10069910030238986 -0.5589438793167231
4.7684397904802145
0.07576635443503478 -0.7199217178655378
6.2245431470735015
-0.0849541181891445 -0.5174467924326501
1.6057757367733618
---
64000
76
0.6072388500325824 0.7039384444728893
3.877605829707853
-0.6286182961218169 -0.512827242147088
3.6741551366839023
-0.3725599364650454 0.8708648969323816
2.0999154247562704
-0.7783552439215647 -0.438074308717613
2.316432223766702
-0.69819045995966 -0.16467315627762177
0.08250860024510676
0.6361127850181342 -0.6455547450404309
2.469460904105559
0.0676343864441861 0.9803248450346591
3.0450330594015
-0.7728585219640949 -0.15454541086775286
5.657307199165346
0.8900718019053024 -0.38190916166469635
1.261841115592512
0.07703363069116925 -0.6404490034765593
3.259941699071227
-0.7503054597530013 -0.5002951350021674
2.6079559355364426
---
65000
73
0.5580425276670059 -0.6995685832779306
2.378908316089867
0.8019932813220443 -0.477935185112056
1.0240727301775792
-0.08267006132241148 -0.30296162861999565
1.0745253833216442
0.5211350766524196 -0.08344066957639645
2.304847906913304
-0.9813195840882888 -0.648001361760091
1.7103867701224766
0.4741377873578039 0.8427539026120451
1.0571854335993143
-0.3168803930318116 -0.0748670982492693
5.8622151702718295
-0.8043008730123383 -0.18682065911430748
4.839262806997011
0.2624240081569943 0.7620596683846295
5.48166088602332
-0.29767256200689673 0.04805061455048275
5.865947496561706
0.17292142185537634 -0.797583624189098
1.4304437275177992
---
66000
69
-0.6770964224526971 -0.033807922658935306
6.12789558133956
-0.8086039810629769 0.05527006116342623
1.0994794688087879
-0.5645355556233264 0.04250276365092522
4.846991081027725
-0.7222302013284536 0.04090293782767784
2.9953795527871137
-0.4769279385180183 -0.010384749615810152
4.370300853435289
-0.8553221317466166 0.6628504016953207
5.648146245455421
-0.2809259427870711 0.26712928591720164
3.363575357006163
-0.7419927911803503 0.4158088625977021
4.126748795095253
-0.6291772219538334 -0.1400628033807157
1.7032434486264076
-0.8213711945657408 0.40842625668600063
3.59831816352329
-0.564043086880766 -0.13829632829855573
2.5477226273230604
---
67000
72
0.9585826155314768 -0.20887324423029216
2.835346263985819
0.8939362459968512 -0.06856202620681547
2.7218729648765594
-0.474254688862794 -0.9717210787238526
2.251395107152354
0.2709731941848519 0.14778046030687192
5.60103834753814
0.6919363849746256 0.4910816896123056
2.8119992873912327
-0.9126268285004985 -0.38784114802888026
3.8297388612796377
-0.3854656841084039 -0.9224076040317872
1.5922034729328978
-0.7099705266897028 -0.46204448416293803
2.967248517903405
0.7753674950167952 0.044904157424053424
0.8195360739998767
-0.02809309434145276 -0.15969434521307532
3.2668110870434557
0.34731869064231213 0.10404023708750901
5.9328094066104144
---
68000
75
0.7572702461999462 0.3185878018980773
4.553692547433698
-0.7866613708598014 0.35768373340287024
0.8276829369649805
-0.2082129755190195 -0.032318639850142605
2.1799505056182156
0.7485834273249411 0.4582927884415442
2.2804385618056644
-0.9290655345834353 0.44527456523531495
0.599582138405923
0.22647335333020382 -0.45672257636115765
5.0129603382851196
0.20082615359270412 -0.538525310735154
0.0013630967855231546
-0.7647931024004748 -0.010162736194776277
1.0403554273668663
-0.1998121275138993 0.4676214128323824
1.8751403918667044
-0.7726894261547952 -0.7932054988174089
1.3578962741249745
0.8998338463929044 0.2254687765241844
5.977125312339671
---
69000
69
-0.81437981418843 -0.8835516184687773
6.030600982972215
0.42013765218476545 0.17083800219413747
3.7425464334692125
0.8633155202636851 0.3420247144293654
0.8196785083105915
-0.25170804832690646 -0.5131243657947268
1.1945194205680583
0.33955071555443 0.21141959311678946
3.2115597370551745
-0.08743708791797186 -0.047383458759429564
5.637999452337944
0.9987564002610578 -0.22814064833187386
4.413089935003223
0.22322276139552105 -0.7156214356754214
6.268590712880634
-0.8816813033236628 -0.6231584852678689
3.7427297829900414
0.4531551236127266 0.20891310211556646
0.29127554581558535
0.8387866267433216 -0.06499761542778668
1.5191916081799501
---
70000
68
-0.18834458639947468 0.9960493362181388
3.3423771983040247
-0.23825435146135432 0.09521795478944926
4.225773245658738
0.6598845239736939 -0.04593051463325169
2.6702845928725223
0.7208327476213172 0.7134931950395489
3.2727313649363765
0.3001278429627628 -0.024672651858881164
1.176405727676097
-0.5217348478321367 0.1305312049450058
2.6835866052225406
-0.49314011011594944 0.9610860244663846
2.7025878726605583
0.99421592522265 0.017824279181707058
0.7475153937454664
-0.5622188894278851 -0.11937571231566224
5.453184099491911
0.09909295207232093 -0.6432432307742596
4.6030834775389415
0.38608545720105647 -0.1566244376049025
5.356588292589981
---
71000
82
0.8720032464917027 0.08630118249059468
1.2212067137795066
-0.7605690357248597 0.06995329266140086
1.7918504999813099
-0.56367110679893 -0.5211746725090294
3.4216074785102375
-0.14569460969714632 -0.7110951176288737
4.134842945444069
0.12834689518055492 0.09976721804568958
-1.6931824081441988
0.6662238273057807 -0.8771765651958603
3.009029637241352
-0.7915390168217353 -0.8924296098997403
6.088852834902625
-0.5066052825998171 -0.23724366307548064
0.7754508566253788
0.47920058843963936 -0.4114023577833962
1.7232321769205488
-0.009259097503839585 0.32949403597302185
1.6329601256947273
-0.9417036784960627 0.7417416254286534
6.1169576143724536
---
72000
80
0.5427601082362781 -0.40885227781614314
1.7799367826045986
0.593852780381634 -0.42119822268560914
3.6676467934466164
0.5012763880703777 -0.4826503495621768
4.543727236385853
0.5634247322688491 -0.22621740313926225
5.600999511410546
-0.4056609114483541 0.9435024194596047
1.7103968993507044
0.08127750308118736 -0.6832656442141471
4.53843219643175
-0.04531314365552719 0.9227002870266309
3.8857744992772227
0.8753094984104628 -0.08693127613026994
2.4346163663924267
-0.060965961824311854 0.18282436180362094
3.398599449769258
-0.526979582789102 0.4153928275818549
5.825211548185743
-0.577741730653763 0.19651404535779396
2.839752934777236
---
73000
70
0.07612101587448306 -0.18460039664481742
4.515838812674478
-0.10592794077929543 0.04447943549192701
6.141002740920535
-0.09123458695972389 -0.6091595578701937
2.3677799793098497
0.014645355615299269 0.042110677924812046
4.980367397762288
-0.9374509383038696 -0.24369724818912014
4.508359973804002
0.19529118571738302 0.7561596170010628
3.0512681290845016
-0.9956159520222518 -0.6074631725799823
2.7523207116689132
-0.90350199126033 -0.9108215350472608
1.9695505733379772
-0.4842734345690462 0.1700984926858115
3.5764643294643896
0.724991830635002 -0.570869142522435
2.385792372214022
0.15227926648386758 -0.8525641186412432
1.3071404360479033
---
74000
75
-0.9427427978203209 -0.7563514341939244
2.839740343671806
-0.8957130099658839 -0.7680893065172669
0.826639675353217
-0.6379818053396773 -0.11800090902248608
5.785459729655561
-0.8718977415774279 0.1594753324707235
2.592317862969339
0.8148838647023403 0.08699040052790075
2.617291206959856
-0.652650993877018 -0.1300339020788432
4.892090870707018
-0.7859287267475967 0.39571016469000353
6.090669125008529
-0.520732907976974 0.19703833236817925
4.602331443967691
0.6551267521802248 0.7335705484906868
0.0694580028484566
-0.9184518178624851 -0.3414349380455358
1.177954196647276
0.7972949932258951 0.2551217783625577
0.7899899505147454
---
75000
76
-0.11002406992356782 -0.05896765686059677
1.5370733184791898
0.002566419767194926 0.13028192233930092
3.7763305038979276
0.15296975678059055 -0.8642368700841745
5.94399860349727
0.35966749114435426 -0.6702148811843993
1.280817701622393
-0.49427519257332525 -0.2615937778657681
3.6210641634360936
-0.5678504159562634 -0.08937606714526336
1.01483263934381
0.49911937846399823 0.014788446213677262
2.1596357316035197
0.8715720033145784 -0.6411472007762441
4.191451613609587
0.16274476199501542 0.4638405555767746
2.296789195492134
-0.05457629715910099 -0.9383469220071086
1.4307715603640432
-0.30871425378542133 0.6190822039513577
1.3367960589005135
---
76000
77
-0.017239391978122996 0.2557160724565072
4.618189574032341
-0.016390567869794842 0.18442910011200025
4.066773607829871
-0.8668247797728293 -0.01385231984309401
4.120660907164542
0.047898856206145146 0.3004943837078946
5.6153498403615005
-0.9674793822628714 -0.8382611521677384
2.4907910061087257
0.5321207382664862 -0.9761584611904736
4.843528570846276
-0.8385634050445716 0.40001434748579967
3.190005731444943
-0.4293414395098901 -0.20483522398719406
6.0561995123032
-0.2862941185295427 -0.718839947036597
1.7834275914885263
-0.37998936431850616 0.18682853084840312
4.591745783489865
0.9356916378951364 -0.8831901546519829
1.052963504770644
---
77000
72
-0.9999650692884973 -0.08301404884729505
2.080704509274213
-0.8578772103324651 -0.1508650764344025
1.4131902983136824
-0.7773932916942898 0.25407329101348536
3.544331418412801
0.8331064556827064 0.10198938176605649
0.9004971960328332
-0.8181500203100105 -0.21810227641012464
1.2234419211535332
0.3795350765210733 0.6923227344005831
1.8981347944513072
-0.9368089275605984 0.26734408648019925
2.923495948204982
0.048919100709173075 -0.2635044632730928
5.286758292460949
0.7019254256433284 -0.25476329126223995
1.1790598090661497
-0.6636415587091088 0.9267300240390399
5.847491693523524
-0.3511176593129792 0.3227979135376069
1.101055720316535
---
78000
89
-0.3761655111534913 0.6050459765282303
1.156251424758544
-0.4047816092505716 0.2613885117461979
0.5396931998542511
-0.35470218326409525 -0.19273417270002713
2.9148511386894063
0.6076040755291197 -0.3641036890905085
0.0372091804547523
0.7947029719252396 -0.0012603784609359417
5.662610161723167
0.5265787960394054 -0.14321963860999337
2.2109463140631016
0.6594628138549404 -0.009860221989777974
4.298925999123149
-0.6798354125662978 0.7834549098893563
1.5427475689101415
0.3985970797727328 -0.7690304124326673
1.3807476004933594
0.7232737388836552 -0.4289722857396936
4.747564715043177
-0.8039032542568703 -0.357228106577032
3.569440664506873
---
79000
66
0.4955378461106759 0.7812992478862808
5.861576087224572
0.0665054071512443 -0.6568985303377207
1.882572949206132
0.3737342622625195 -0.004148979316163991
5.899926519958577
0.31091443491600534 -0.06926027087977221
3.5359928829141785
0.9929023304135441 0.10815800897988442
1.6170932633854163
0.6142632459727219 0.2532706388971258
3.703234351360834
-0.03878615034559926 0.9085565538629449
2.919123557297781
0.1339191345841396 0.05129275947650371
4.649411665526279
-0.006601350810794826 0.7743168667663819
3.351456983865811
0.9641241552891546 -0.6056061369758525
3.6762558009364312
0.412373977228188 -0.7553721032559665
0.7244724491677577
---
80000
77
-0.46012747379560454 -0.2748695670278234
5.6667793621425835
-0.6985421621320651 0.3848004336975915
2.90511968941024
0.4278670351195679 0.5447714103553623
5.738546676198186
-0.5491659189653029 -0.6507324445538248
2.7148341655164447
0.977749223290632 0.018651227284274655
5.180380211718268
0.9031317559274845 0.9874768743094544
0.3336608974072499
-0.17706096733210516 -0.08684557181293223
1.849686833675345
0.17512439050725007 0.7307205242705841
3.7599673442973547
-0.5587897586464745 -0.5451478176381974
1.1428698440625151
0.7635457462086757 0.44050997183921486
2.413669866420575
-0.7722451229274001 0.5133910400344419
1.4721277944701647
---
81000
80
-0.3381897048089172 0.9400841032931648
0.792974476839817
-0.09013346924525684 -0.5223070661832537
1.6433450401941432
0.2731537457692027 -0.9730977244744323
3.0742147088466245
0.5872525955616372 -0.43164058402808336
3.5489041440973406
-0.44357563096803776 -0.8107397293719835
3.68874001470635
0.6446146439834415 0.2559373197523774
3.809369684057443
0.4786090117085417 0.10540010310703306
2.031692231086115
-0.4155747858357181 0.8684134888290438
2.8676079210990837
0.8033629489183642 0.10920398811668552
1.9524034317095849
0.6287875423803383 0.6730523287833118
4.10317119815866
0.47341556595309353 0.31590718587378785
5.7495258399412545
---
82000
68
0.16530635110510922 0.9941156565268907
6.168579834058317
-0.15877427425934143 -0.23422155191669136
4.3401984162601615
-0.09922150566239493 0.7133916830023244
1.3777844512715127
-0.05471366802504452 -0.9188661862476252
4.744306897686309
0.005103681175048936 -0.8856341999024576
5.202052847443865
0.6974183147378944 -0.7562440803256676
0.5379400288286975
-0.08058135463766455 0.33592883568728993
2.1461400979593384
-0.47420405458212367 -0.1588697344340818
0.7702066889555992
-0.335983228974976 -0.1713349750623101
4.6385547040986195
-0.9884542735595789 -0.633084926627635
1.5159188983257978
-0.4129871301191253 -0.1320223196054349
0.2504912159930184
---
83000
72
-0.7899938256496182 -0.28043999823690013
2.2558423566235892
0.4080711806164505 -0.1492674741385712
0.7453992260511937
0.8810391814607464 0.3874343652676805
5.149186288539591
-0.27148515312101623 0.7956850582559772
2.5205725491960917
-0.6468080382467343 -0.48189194973762334
0.7933964458149845
0.8003095867709039 -0.7748753780287927
0.969219418908593
0.010428629772388204 0.9345265505426109
1.1316926163165713
-0.6937267699599075 -0.8305748172749292
5.578272249031799
0.4786639684811956 0.6421082320018939
6.174752209102302
0.6906894597077656 -0.5982173623374583
1.5892659891263223
-0.12784173635531962 -0.7222078298779888
2.838065097849313
---
84000
69
-0.3350728545610123 -0.4818814770613306
4.567335784896533
-0.6229972433924821 0.46521183602604077
0.7840977165681515
0.7034592387532467 0.3859996254062112
5.028456775845205
-0.07828983497142407 0.5615012124932883
4.373333761072744
0.7277398350302902 0.5720940325397311
3.553195073617795
0.3985438610444969 0.9174372707702073
3.2422647227287857
-0.6460127528514158 -0.8251866894589435
1.8434758238479327
-0.22653830296679453 0.43597824149577225
3.3822765545052187
0.8310594145055168 0.23681341191790567
1.1519166678902595
-0.053974835707877686 -0.19514525636155167
3.1401652922941707
-0.558674072533342 0.25306015024841966
6.049059787808513
---
85000
77
-0.4701944063033764 -0.6979451851868526
5.582766723509758
-0.4061298982279089 0.670204723166795
5.001085860198042
0.055291287987783086 -0.5052341179689267
2.039968805234956
-0.7542554284231465 -0.05976178462948337
0.3994776585652513
0.47380448039401984 0.8611760651088485
3.4216153129463978
0.09763933773880398 0.29622845964150496
3.7608339301688662
-0.6106260710808263 0.712297677381157
1.9148097082147393
0.7937426872583757 -0.42472918519495556
4.177835351580629
0.8266163022605602 0.6645790985931352
1.6214897352177582
0.6707449340299825 -0.8885247850912664
0.9463251448009142
-0.5247881455146608 -0.854108005907572
3.419377173368157
---
86000
69
0.5427577776021316 -0.41214918011657364
4.547335279340917
0.5656822727757378 -0.45831763749597265
5.167003431241734
-0.9018762250668451 0.8159634527447187
2.553789089057526
0.5063990623076768 0.4384880999348414
0.9205361040786357
-0.5188661695223562 0.9118120025799175
3.5686431798918212
0.17690143981705808 0.8317179653646776
3.179074428280994
0.8969044860545305 -0.5940622624071057
2.951754254362106
0.49354753388371186 0.9896319866979967
0.1929466394886461
-0.5442205717615176 0.8159121198992701
0.27055896583704975
0.056929309880750484 0.8409333734136033
5.719354425559599
-0.07042269067451223 -0.5975163830782484
3.7174157732998667
---
87000
79
0.5831047595476654 -0.9888864567361171
1.8739587887791538
0.603504075758475 0.6560981912978977
6.115129705815022
0.9434953118886091 0.6498876776153995
3.4549425746020943
0.36283012690120964 0.8075965032254879
3.7155455516215357
-0.9880532744209042 0.6265376823137908
2.4728422395098093
-0.7683137867707639 0.7760656103108767
3.0951013963507723
0.47491260605235375 -0.15860271975871051
4.134069289572236
-0.7527421062048154 -0.23052875105805487
1.947259821968513
0.6757344762298595 0.5748784389637519
1.3495285174357323
0.9849242709075992 0.7303280838931434
4.656849420102509
0.3590063963316351 -0.8853342480194208
6.214552916394323
---
88000
63
0.3394473855693131 -0.5559648734792191
2.588344593255264
0.34077556239857665 -0.5717811403507844
3.832123581767302
0.22347652942746488 -0.9762350616536424
0.6684321074551418
-0.13703900826111798 0.8502480875908763
2.131491426052789
0.8045621450736021 0.857490235861502
4.4815065735485184
0.42601570345574713 -0.5334588381911112
5.579936421565937
-0.5219162055074247 -0.97105936092423
5.675624885723104
0.15793687086621677 0.5034689885224385
1.4637207418506737
0.8098438798863528 0.5581640178504285
2.9380081002791236
0.018857678572215895 0.7012908873268737
1.2544387157066748
-0.5708699652152525 -0.4237911578905891
1.9343989125471026
---
89000
74
-0.926311393566871 0.641484616823343
3.1557094298080877
-0.9522208841474697 0.6552122782980229
4.357033388217047
0.7097428593123508 -0.5758098618939061
3.3158514851829937
-0.5689990583709283 0.4354945625613741
2.1298899402500755
-0.12467630821899744 0.3632271357605543
1.053848362241931
-0.9713692542980294 -0.039809381852583765
1.5129065516439972
-0.33087107470848465 -0.8396714225472044
3.170527696151713
0.9738575603892756 -0.7365134677656254
5.452556319946736
-0.4017108448729562 0.5057688263679404
3.749360100250132
-0.5410124529761446 -0.5874018999024353
3.6885161796218178
0.9967772774843976 0.05286238414590906
1.298475719946767
---
90000
77
-0.09092587407192079 0.6518642413705799
0.6110310538079194
0.5946648706330894 -0.6299962000902775
0.5019796541042405
0.1742091842678468 -0.7835004208918301
5.652541959748717
-0.9823454896316001 -0.01806255068038959
5.112440627330338
-0.37596677134265216 -0.4367722781681896
0.30038459090275804
0.3255623723453419 0.03334300852999152
3.2100175380750438
-0.5876174441789417 0.6141881670162292
2.9547660176334007
0.03870835279542244 -0.6891099834163653
0.6706900189755052
0.8765134524649151 -0.6474996893069255
0.02513080516976718
0.9952145868601867 -0.40436813885897976
5.795942798351063
0.9707492608329422 0.8542857288276267
1.6203837251940314
---
91000
64
-0.2763256912646837 0.28894602132731606
1.969823243927829
0.24502207191919295 -0.7709010836127609
5.203873867894074
-0.8864288817816656 -0.9889665772144817
4.154115000918225
0.8520649032406461 0.6175211716993095
4.673412485833161
-0.8592543769197695 0.9799695450821798
0.5827664428473973
0.6370154806737671 -0.8825213124092752
0.2817683595452163
-0.9974470236523836 -0.8739650232658451
1.0859534337320387
-0.624203590879106 0.956343649032654
0.39403548916558506
0.24918732690494444 -0.5242711945385482
0.1689415111924797
0.44021460437157034 0.9277421247018386
1.0074476166616941
-0.3127060512696208 -0.4490241753125219
0.9318041833860446
---
92000
77
-0.5712829873806425 -0.8465069918164052
4.212736608393136
0.7475347286937714 0.46563764098218574
1.262410904018096
0.8600975037764389 0.30286904847679885
1.4680096454801848
0.7768775049047725 0.3646844965392714
1.2940544752126772
-0.5097053593333718 0.040823573376385223
6.04590195457105
0.35706584864966334 -0.3013943909456488
4.289945230003139
0.568405145508642 0.16857897753571568
3.7754919186890694
0.37826438191638756 -0.14785771337280024
3.1217396308694463
-0.024580088830476257 -0.5628184364272758
4.036162255269507
-0.7412185154933879 0.046158601266173965
1.4152477066363627
-0.29793817480485335 -0.48539754234792537
2.6144117129121565
---
93000
74
-0.011314009478274014 -0.35570091326371006
0.6359827311562265
-0.41409993766307335 -0.5204632907860254
5.960260637000044
0.2403784942385674 -0.2455421693087796
0.29731229366274015
-0.9253363996292588 -0.17994659668501353
2.6892453795682743
-0.00588658039701034 -0.06715553206640518
3.490089545396194
0.16999653839147735 0.1380468153914145
5.915065265342597
0.5271678996654556 0.31246822486376336
1.0119799335865096
-0.26910793623595836 0.7906281154164602
6.190919506354852
0.7918069183529584 -0.1634602770704156
1.0564111388374693
0.19482020998161348 0.5579345972659057
4.3323487416964985
-0.9179347823611798 -0.556610171750414
1.6138576907203508
---
94000
81
0.5327287480294811 -0.9342869952015707
6.024677122049228
0.47127395601706584 -0.7990678416601992
5.673557166684404
-0.5136135608300688 -0.9531421093987161
2.146398920474174
0.45202939579854096 -0.9781335416982142
3.595730870877243
0.18749469473304614 0.017102418260029395
5.895726793631161
0.9611646377773702 0.0560584868374632
1.917951747458682
0.950735915778851 -0.633166160370335
5.154136018641243
0.444339978324572 0.627836720072319
5.699486478252365
-0.24323841820279668 -0.4537773113370153
5.709314126230456
-0.8440776563050721 0.381652824515936
1.795236289426505
-0.19775091849929038 -0.6676336410724453
4.686300816850043
---
95000
69
0.5857598391620719 0.6979134368999849
1.09027475188566
0.6631625204731562 0.8209079614435726
3.324364191791976
0.7265187710748914 -0.3095570005575723
5.8828415738673066
-0.8378930669931434 0.7809448339693428
5.371286699640652
0.37297610815622995 -0.9609615784891234
0.06167876255764193
-0.6214716846394143 -0.8958962521486976
4.724210898542632
0.6553888226592669 0.4581379462885797
1.7291523711300192
-0.5005503751942552 -0.7606556765187369
5.62060648019203
-0.5350151847034048 -0.7434257871220595
6.14930590386914
0.018359097167132014 0.9667754837534048
3.030383937789821
-0.9901771798190562 -0.17389653645490355
0.6769594597332583
---
96000
77
0.47732437489599794 -0.3677460733193556
5.475497236261684
0.23393976966499422 -0.2286843987495929
0.9166507757851461
-0.022060130725660296 0.08135531184128636
3.277087605734672
0.031218802360642478 -0.6782796022913773
3.1600482403044614
-0.8339722626337696 -0.2973695269671436
4.198652302187148
-0.5647269892883524 -0.6078648495129345
4.067859181894349
-0.6560742590557125 0.3612491311709807
1.7565095191334459
-0.45897532197508195 -0.40978139984704354
2.7938842823194667
-0.0956976451675784 0.6406863618738582
0.8889429374589914
-0.5919670026996158 0.3534978433173561
0.206924979798635
0.4923855459885375 -0.5552099616733751
5.851434771635204
---
97000
72
0.38807208067496646 0.06399283279566387
5.2737769882577075
-0.039039039570781586 -0.6362244975029895
5.006339099084004
-0.7563681791151395 -0.3505436877800954
5.288256922466146
-0.8264484484137421 -0.27343896941393675
0.3511303092713627
0.08281636481664083 0.06069360185721785
-0.6970476223505041
-0.23828002690326 0.09296884197746991
5.586959809761978
-0.36695414322679115 -0.28420368774365695
3.5537901929237625
-0.9310988352599184 0.1182777871265125
4.860989127627485
0.38425895291116524 0.03788091785172955
4.650948426726645
0.42448479813573986 0.6306533466041087
3.569011335496956
0.6167460911714682 0.5538564567488229
3.5381275893789956
---
98000
71
-0.9941973945720985 0.181059282073746
5.441668030211475
-0.7891683666405758 0.3317763639854836
4.425786140797478
-0.7432440904022181 -0.16447955294746885
2.290899890521003
-0.24163064646957969 -0.34930452850983684
3.2776055189608266
0.8106743528616824 0.04324578691850947
4.450229400535474
-0.023135600870750592 -0.7986354019699531
1.1656694139419663
0.09235203137249309 0.3178196834749086
0.7047140613525569
-0.1793914938274804 -0.4335343627068906
2.127835389147978
-0.23666061236172198 0.3254280576891667
1.1247184596556483
-0.9160073320816018 0.43199320022150023
4.46298890264991
0.7930152623864088 0.9962658014630992
5.3745075733491685
---
99000
66
0.14568174060032266 -0.21858655142436417
5.712402618232356
-0.3595200241918472 0.6837270975525709
2.685699446191615
0.19080595984077062 -0.47158809286307346
2.306965969185187
0.44147477744670144 -0.29228498156633714
4.600883433326863
0.8407106758859078 -0.9098930999451152
3.796048836868226
-0.17458229282745727 0.018412660917511703
0.5468372366424434
0.35500078899245235 -0.05659281887906544
2.909394508905212
0.9414460115352452 -0.565340110778139
1.4490312638302898
-0.5725801137447528 0.3879253809098494
2.3587478472262733
-0.6394481193351262 0.10578346007084943
6.113199523684373
0.9720944400976561 -0.9093826607869379
4.1923203335744725
---
