100
{'run_name': 'only_the_one', 'nr_observed_agents': 0, 'nr_of_boids': 0, 'predator_present': True, 'grouped_spawn': False, 'predator_halting': False, 'record_keeping': True, 'record_frequency': 1000, 'boid_speed': 0.0333, 'boid_color': (0.8, 0.8, 0.8, 1), 'boid_turning_speed': 1.5707963267948966, 'predator_speed': 0.0333, 'predator_speed_slow': 0.0333, 'predator_speed_fast': 0.0533, 'predator_lunging': False, 'predator_lunge_speed': 0.013, 'predator_lunge_distance': 0.1, 'predator_turning_speed': 0.7853981633974483, 'predator_color': (0.8, 0.2, 0.2, 1), 'predator_confusion': True, 'predator_confusion_distance': 0.4, 'predator_confusion_threshold': 2, 'predator_chase_time': 20, 'predator_halt_time': 0, 'predator_eating_distance': 0.06666, 'height': 800, 'width': 800, 'graphics': True}
tick
boids eaten
predator position
predator rotation
agent positions (and)
agent rotations (interleaved)
----
0
44
-0.7496928391321361 0.6985127221694499
2.1165205874646005
-0.7407781175746188 0.6836975802691543
1.8148454100175695
---
1000
9
0.5130126881403416 -0.6554751260168189
3.0824647534540768
0.49345975883224585 -0.6680246323175874
4.671672849047431
---
2000
7
-0.4711385574601111 0.18835514218458868
3.540218867499498
-0.47669524230572774 0.1804840484435405
3.5401122625604704
---
3000
18
-0.5224485743965539 0.09045626628151031
5.115290436609459
-0.5179693964758697 0.07985654574807544
5.096074118652796
---
4000
29
-0.11258115603405602 -0.6077905052202796
3.990528082884593
-0.09374800165244448 -0.5873194148551009
3.4324609654543794
---
5000
27
0.9159956762463005 -0.16503271060656816
5.866882741414425
0.9217752758261654 -0.16487585398017587
1.7097296868182106
---
6000
24
-0.2797937866722905 0.5405916001791533
3.663254334276678
-0.26439009944442654 0.5247920365844029
3.1753209379773706
---
7000
20
0.38259122642706367 -0.7207365524381361
5.8968313004687225
0.38889677359713315 -0.7168568688147052
5.926262659999684
---
8000
22
0.5345315571012398 0.4272657794813429
1.711551515612198
0.5758530788357404 0.3963580556682136
1.5605503421980442
---
9000
19
0.2434547336153711 0.170375595513873
0.18720189107095966
0.24671975131780624 0.17396532733649714
0.17634631287315194
---
10000
25
0.571965206924884 0.01651269948058708
5.428062003477628
0.5763311731645431 0.03232693117774926
4.688938872387107
---
11000
27
-0.4883676775957845 0.8793288163582313
0.9321217595087008
-0.5163778147485911 0.8963397937592091
1.7788315801603096
---
12000
21
-0.05586183380284114 0.976321195833763
4.238683853442884
-0.059013520860264554 0.9786457346457815
5.045635960246405
---
13000
32
-0.7028871971658475 -0.2021662325941999
0.08939251261330089
-0.7181653840230017 -0.1975760756883502
3.7882366957139784
---
14000
32
-0.15294843555489962 -0.45724814879819964
1.1055917392391592
-0.16037261844399464 -0.47134040891638784
1.001294705266294
---
15000
30
0.6010043811404899 0.39438136699696913
1.9042387139169141
0.6037624257152691 0.38944158602563617
4.752144670640651
---
16000
37
0.8155255875216884 0.2374153527726578
1.971329613807401
0.8038010441342 0.23778571811375954
2.3763347097499654
---
17000
31
0.34587422962664766 0.8206197548624666
2.7709098736739826
0.3345143436777258 0.8294674380130008
5.5198700825936955
---
18000
33
0.5536658133957321 0.10091285102962899
1.0247608336736094
0.5696434791749914 0.11612658873379925
3.1716730850563524
---
19000
32
0.014268219289919677 0.6692988159561768
0.961606459216163
0.045184421788183285 0.670272703996444
5.97226473233319
---
20000
34
-0.8516346313867706 -0.20368805058703715
3.4300313114522685
-0.8565457884184882 -0.20632072039145147
2.2079728324378305
---
21000
35
-0.686631282637333 0.1393562119840203
4.325728229553074
-0.6899358470571344 0.13005720137220728
3.8098807509248935
---
22000
28
-0.7275218370210351 0.43789014803539733
5.6460807975193985
-0.7253736611567323 0.43880551896876613
0.4342508339352964
---
23000
35
-0.060322756730629055 -0.9087460696370282
1.638980113835213
-0.061264520352873525 -0.9219536886428685
2.2134785160514516
---
24000
32
-0.30457994977459374 0.3245958390290091
6.219334929470718
-0.3262083773945735 0.362756362501006
6.215291455359482
---
25000
26
-0.9765198898398877 -0.5055317570871027
0.1907046417074347
-0.9981069951112573 -0.503713986169312
3.4272337788027354
---
26000
39
-0.34106550420777887 -0.6202427830811521
2.459892442285911
0.7855550677045351 0.3694568470364442
2.0929279536890193
---
27000
38
0.398919417948559 0.4409161871211235
0.19096415835775488
0.43145264542744105 0.439373035971895
0.4968560947522551
---
28000
33
0.09900032723284304 -0.4708298587908557
2.6992067318816075
0.10840504824120847 -0.4474359079287319
1.92602029362362
---
29000
32
0.6803254833509105 -0.6129471055007505
1.9332559819877049
0.6768528769953804 -0.581578157267425
3.14833711527659
---
30000
36
0.9913768729277426 0.30353879344213924
5.275746311196141
0.9708041196064894 0.30022631903199454
0.31936336980010793
---
31000
36
-0.8558936379617761 -0.37064425987341243
0.3731957258784107
-0.8417072649942722 -0.37433029183191974
4.522177207756132
---
32000
38
-0.10305837770756426 -0.39644041164283755
6.257606887913249
-0.11213277141005519 -0.3972132052624424
1.4351860279478599
---
33000
33
-0.6283267026809616 -0.6953916101897359
1.9144004890207567
-0.6271316875933678 -0.6683100742122835
3.927242187732661
---
34000
28
-0.8628921048209207 -0.5317891726832966
1.051989873625241
-0.8634638197848137 -0.5387665096453605
0.8240042335021442
---
35000
32
-0.6208860054032171 -0.12888508176733274
1.6943414913852821
-0.6189069530211503 -0.14550845373747856
2.408644664358113
---
36000
34
0.8229361372903732 -0.6431351600216613
2.501712781695669
0.8289892806795022 -0.6411497493571043
3.2393549683915768
---
37000
35
-0.4277500193124956 -0.2533788043446279
2.887659553226682
-0.4175977894593616 -0.22862092923009178
3.4009043564615657
---
38000
31
0.6842827649847631 -0.6336296096096753
3.1470452498878334
0.680939866210098 -0.6471686317800251
3.535193581341286
---
39000
31
-0.06953147943319106 0.38026362018805576
3.8985265303528354
-0.0667140905066477 0.38236429594659066
0.6556963684451791
---
40000
28
-0.8338963633061902 0.8541301599949012
5.306981975689415
-0.8191242772461602 0.8360078538389296
3.5040677371867734
---
41000
30
0.009453755837069148 0.2888620438603016
0.7371121441087293
0.023611138020180465 0.3117426044490908
5.405972002452562
---
42000
33
-0.6450887696265654 0.5800759336301832
3.29683833963089
-0.6353142592895611 0.550338961335121
2.0105724376725442
---
43000
37
0.949500530551349 0.7523280889089959
1.303711339693782
0.9492445336612502 0.7581247357648795
1.2996458778611402
---
44000
45
0.197248774792859 -0.7204914204045949
4.156499740825932
0.1927841159010938 -0.7122360644372955
5.308917960440569
---
45000
29
0.3952414036242435 0.5986957729793717
3.614967453221786
0.40233744935322113 0.5994178406070658
0.0937164474713379
---
46000
28
0.6056844460686983 -0.291709451208142
0.3170687308099734
0.5973582353245107 -0.27831359965715685
5.317419423228496
---
47000
34
0.4608595016516844 -0.14803168705816994
1.1694894389573811
-0.3639278744032448 0.7198110631341046
1.688928644638787
---
48000
29
0.40104579686175107 0.08659340939363842
4.064182432232911
0.37259483515815905 0.09075996976598646
4.172196915203069
---
49000
35
0.7252759317607901 -0.5971154235345432
0.4801629488670059
0.717611428449127 -0.6004093705362162
4.471166583778918
---
50000
27
0.5999055297360479 -0.20149446689169964
4.251654431792339
0.5743267613679173 -0.2185960181874559
1.4302764755488457
---
51000
37
-0.7001458804329608 0.9394068254928314
0.5538239989741679
-0.6733469315561653 0.9444514779796831
1.56380920640263
---
52000
39
0.6851611008815367 -0.9933325681103573
1.0988168082076186
0.6910592373983532 0.9967586067295953
0.292968188678949
---
53000
29
-0.17595179658554574 0.7245447480520512
6.2367324314602355
-0.1809885946813873 0.7187228432053215
4.862020927727951
---
54000
25
-0.8932415064149796 0.7394054574243055
3.916334426158655
-0.9040748650758844 0.7327412574213344
2.6911609412871966
---
55000
27
0.8617216730727751 0.583985444476119
6.204535384196121
0.8365786851405046 0.5802339846224058
4.841774250894281
---
56000
33
0.009867948514524785 -0.011113359603255444
3.6349959307997652
-0.008705972742991121 -0.011890533955760417
3.407315830212241
---
57000
20
0.7133299905443456 -0.1370351989646498
4.081675032891389
0.6912911333860932 -0.13705444523063573
6.149910653610155
---
58000
19
0.40055808122961745 -0.09094816111588776
0.9561913022458051
0.42615626866829687 -0.08025004493591678
0.8118036032404203
---
59000
32
0.23969024946569764 -0.9826189036144639
0.8016310933930243
0.2461584886143802 0.9951714408477763
0.7125870590096399
---
60000
34
-0.7973584373896427 0.3645338740098485
0.34940423397762566
-0.8148104795272748 0.35045849655289607
2.5440053002720804
---
61000
28
-0.6420909918228679 0.04675631909168209
5.270819103140931
-0.6408311742011578 0.01353868383416401
4.25354495192829
---
62000
26
-0.49891441787157736 -0.6355002867992854
0.6201791488399595
-0.5063703132374648 -0.6382080564429911
0.6337292369618925
---
63000
26
-0.9524038653768968 0.8951546662006387
4.996966258007666
-0.9789139403804064 0.8761910167805508
2.0074343149480027
---
64000
29
0.4604085543630041 0.4816804187589904
5.930091456402374
0.4683063696769808 0.47995479707049254
5.959915932733445
---
65000
28
0.511206677781829 0.5324811463230927
3.6901346058615676
0.511212121322602 0.532491884897182
2.890060184945953
---
66000
34
-0.7016659178991118 -0.4004426292552716
5.309283492386919
-0.688129376954926 -0.382167808020294
2.608777946172296
---
67000
27
-0.1281549486710904 0.5845821733723374
0.05547830562147771
0.5662204838297153 0.45429077342576396
1.427254537517121
---
68000
22
0.6144801873991953 0.42929934370404155
1.211416673092965
0.6220321038330772 0.4578730841222093
2.507904095446918
---
69000
34
-0.020993259145920488 0.5474033939840593
2.93918347664295
-0.01716837078189945 0.5531377650692341
0.8902307637371116
---
70000
28
-0.6236531747333541 -0.3546952221791484
4.51806970467103
-0.6377322712402669 -0.3710979639071559
5.548320269450266
---
71000
32
0.6829755434317657 -0.2939112564958385
3.5994027740281265
0.6711766314632216 -0.2788852375938405
0.458178306234883
---
72000
27
-0.9619177561745997 -0.3825132948048908
1.7724441139365539
-0.9617872686023039 -0.3834951710889352
1.7222038527188093
---
73000
29
-0.53575335241819 0.16650270191918323
5.933770568512631
-0.5318668308073327 0.13471607186076845
4.368875629728643
---
74000
24
0.4269016754883252 0.028248464554153006
1.9296384359254635
0.42356583517158547 0.03277029669174359
1.6792192919925668
---
75000
27
-0.8157234899864322 -0.5358499290885027
4.136381671950192
-0.8136184425598231 -0.5334696413398301
4.100080900181295
---
76000
32
-0.4576964880244789 -0.9372937707526153
3.9347816005230714
-0.458610988358632 -0.9308066994642475
3.9475621932413025
---
77000
20
-0.8652667899020423 0.5658737231812396
5.264316347682463
-0.8718836635761996 0.5374097753317448
5.28001360380904
---
78000
24
-0.6303984611697868 0.8324876064729314
3.4098171375869444
-0.6333684406818616 0.8211121577546583
3.4257599212572947
---
79000
30
-0.1257197933822461 -0.5753033812126692
5.956564463827065
-0.10606128238690281 -0.5852605823027526
0.43194952739955284
---
80000
33
-0.45813173903634724 0.04898363674635503
0.7646314220185382
-0.46380062599513083 0.07041540258795044
2.2680631812794
---
81000
24
0.06967889044585884 0.7133901179074867
2.1109077980234763
0.07073199481387282 0.7230505261700958
0.7405419574972916
---
82000
27
0.9783020601877652 -0.9383260898722965
5.245587636161645
0.989293576896512 -0.9250291578447638
4.71792957409974
---
83000
26
-0.9367461320427551 0.9039143033738576
2.040597895899386
-0.9367044400281838 0.9039130279707709
2.0104316286391866
---
84000
30
-0.8490640382207606 -0.8579422841294602
0.7381985184756363
-0.8434784560025957 -0.8548752448294458
0.7129451467173449
---
85000
33
0.9156577338856329 -0.7465732764813383
1.0624187202473054
0.9156863316197069 -0.7148761038644381
1.1980033771673317
---
86000
24
0.08457322828531713 0.7423801136445515
2.1016768645615382
0.06385643499682246 0.7203827549234225
2.07143618418157
---
87000
20
-0.3952410292028651 -0.9472382122034342
5.4507088990368775
-0.38454776224980036 -0.974042638645608
5.58457040541784
---
88000
34
0.40249225456146753 0.7809953882195535
5.3178281303710495
0.41969267782360026 0.7733352828570229
5.472489718272556
---
89000
35
-0.6162798488626176 0.3590375940518582
5.1030729540634985
-0.6097107924930915 0.33511595688904283
5.65372685072032
---
90000
33
-0.11667049508055569 -0.627135913814629
1.1178341022404001
-0.13057359950948272 -0.6284947429090643
1.0518848048882186
---
91000
29
-0.7667525388747012 0.17704495351136615
1.8364895678810795
-0.7678598631128771 0.2009572219562097
5.353997114428572
---
92000
31
-0.8997127511014829 -0.4929962906140613
5.74802682789034
-0.9199613488485 -0.4828161046023205
5.816221143265738
---
93000
22
-0.7053023587211305 0.12609690444947877
4.079579612970252
-0.7001523503292111 0.14392117125012668
0.4172584530960597
---
94000
32
0.23123252639986286 0.9533947041294526
6.100481805822517
0.2268195997890194 0.9513865121567939
6.107070518877484
---
95000
33
0.9208147417980891 0.3039199493520515
1.7705416721351914
0.9156362716525261 0.321664534786791
2.6521974053864286
---
96000
26
-0.27749147620426295 0.41909242131087016
3.870901846786758
-0.2831278136490034 0.4190277815649985
4.251673453671555
---
97000
40
0.8202768249598115 0.16724915427381906
1.6305648490254276
0.8246582277129562 0.19358408106142652
1.6360405208880513
---
98000
24
-0.4426555813269483 0.8432616536366632
0.778329554289936
-0.444501633549483 0.8590408883709244
4.370191887850649
---
99000
33
0.7763788725000428 0.0015773305738136859
0.4729672850594899
0.8089787199358616 0.0058984304362575644
1.179289900587123
---
