500
{'run_name': 'only_the_one', 'nr_observed_agents': 0, 'nr_of_boids': 0, 'predator_present': True, 'grouped_spawn': False, 'predator_halting': False, 'record_keeping': True, 'record_frequency': 1000, 'boid_speed': 0.0333, 'boid_color': (0.8, 0.8, 0.8, 1), 'boid_turning_speed': 1.5707963267948966, 'predator_speed': 0.0333, 'predator_speed_slow': 0.0333, 'predator_speed_fast': 0.0533, 'predator_lunging': False, 'predator_lunge_speed': 0.013, 'predator_lunge_distance': 0.1, 'predator_turning_speed': 0.7853981633974483, 'predator_color': (0.8, 0.2, 0.2, 1), 'predator_confusion': True, 'predator_confusion_distance': 0.4, 'predator_confusion_threshold': 2, 'predator_chase_time': 20, 'predator_halt_time': 0, 'predator_eating_distance': 0.06666, 'height': 800, 'width': 800, 'graphics': True}
tick
boids eaten
predator position
predator rotation
agent positions (and)
agent rotations (interleaved)
----
0
44
-0.7496928391321361 0.6985127221694499
2.1165205874646005
-0.7407781175746188 0.6836975802691543
1.8148454100175695
---
1000
9
0.5130126881403416 -0.6554751260168189
3.0824647534540768
0.49345975883224585 -0.6680246323175874
4.671672849047431
---
2000
7
-0.4711385574601111 0.18835514218458868
3.540218867499498
-0.47669524230572774 0.1804840484435405
3.5401122625604704
---
3000
18
-0.5224485743965539 0.09045626628151031
5.115290436609459
-0.5179693964758697 0.07985654574807544
5.096074118652796
---
4000
29
-0.11258115603405602 -0.6077905052202796
3.990528082884593
-0.09374800165244448 -0.5873194148551009
3.4324609654543794
---
5000
27
0.9159956762463005 -0.16503271060656816
5.866882741414425
0.9217752758261654 -0.16487585398017587
1.7097296868182106
---
6000
24
-0.2797937866722905 0.5405916001791533
3.663254334276678
-0.26439009944442654 0.5247920365844029
3.1753209379773706
---
7000
20
0.38259122642706367 -0.7207365524381361
5.8968313004687225
0.38889677359713315 -0.7168568688147052
5.926262659999684
---
8000
22
0.5345315571012398 0.4272657794813429
1.711551515612198
0.5758530788357404 0.3963580556682136
1.5605503421980442
---
9000
19
0.2434547336153711 0.170375595513873
0.18720189107095966
0.24671975131780624 0.17396532733649714
0.17634631287315194
---
10000
25
0.571965206924884 0.01651269948058708
5.428062003477628
0.5763311731645431 0.03232693117774926
4.688938872387107
---
11000
27
-0.4883676775957845 0.8793288163582313
0.9321217595087008
-0.5163778147485911 0.8963397937592091
1.7788315801603096
---
12000
21
-0.05586183380284114 0.976321195833763
4.238683853442884
-0.059013520860264554 0.9786457346457815
5.045635960246405
---
13000
32
-0.7028871971658475 -0.2021662325941999
0.08939251261330089
-0.7181653840230017 -0.1975760756883502
3.7882366957139784
---
14000
32
-0.15294843555489962 -0.45724814879819964
1.1055917392391592
-0.16037261844399464 -0.47134040891638784
1.001294705266294
---
15000
30
0.6010043811404899 0.39438136699696913
1.9042387139169141
0.6037624257152691 0.38944158602563617
4.752144670640651
---
16000
37
0.8155255875216884 0.2374153527726578
1.971329613807401
0.8038010441342 0.23778571811375954
2.3763347097499654
---
17000
31
0.34587422962664766 0.8206197548624666
2.7709098736739826
0.3345143436777258 0.8294674380130008
5.5198700825936955
---
18000
33
0.5536658133957321 0.10091285102962899
1.0247608336736094
0.5696434791749914 0.11612658873379925
3.1716730850563524
---
19000
32
0.014268219289919677 0.6692988159561768
0.961606459216163
0.045184421788183285 0.670272703996444
5.97226473233319
---
20000
34
-0.8516346313867706 -0.20368805058703715
3.4300313114522685
-0.8565457884184882 -0.20632072039145147
2.2079728324378305
---
21000
35
-0.686631282637333 0.1393562119840203
4.325728229553074
-0.6899358470571344 0.13005720137220728
3.8098807509248935
---
22000
28
-0.7275218370210351 0.43789014803539733
5.6460807975193985
-0.7253736611567323 0.43880551896876613
0.4342508339352964
---
23000
35
-0.060322756730629055 -0.9087460696370282
1.638980113835213
-0.061264520352873525 -0.9219536886428685
2.2134785160514516
---
24000
32
-0.30457994977459374 0.3245958390290091
6.219334929470718
-0.3262083773945735 0.362756362501006
6.215291455359482
---
25000
26
-0.9765198898398877 -0.5055317570871027
0.1907046417074347
-0.9981069951112573 -0.503713986169312
3.4272337788027354
---
26000
39
-0.34106550420777887 -0.6202427830811521
2.459892442285911
0.7855550677045351 0.3694568470364442
2.0929279536890193
---
27000
38
0.398919417948559 0.4409161871211235
0.19096415835775488
0.43145264542744105 0.439373035971895
0.4968560947522551
---
28000
33
0.09900032723284304 -0.4708298587908557
2.6992067318816075
0.10840504824120847 -0.4474359079287319
1.92602029362362
---
29000
32
0.6803254833509105 -0.6129471055007505
1.9332559819877049
0.6768528769953804 -0.581578157267425
3.14833711527659
---
30000
36
0.9913768729277426 0.30353879344213924
5.275746311196141
0.9708041196064894 0.30022631903199454
0.31936336980010793
---
31000
36
-0.8558936379617761 -0.37064425987341243
0.3731957258784107
-0.8417072649942722 -0.37433029183191974
4.522177207756132
---
32000
38
-0.10305837770756426 -0.39644041164283755
6.257606887913249
-0.11213277141005519 -0.3972132052624424
1.4351860279478599
---
33000
33
-0.6283267026809616 -0.6953916101897359
1.9144004890207567
-0.6271316875933678 -0.6683100742122835
3.927242187732661
---
34000
28
-0.8628921048209207 -0.5317891726832966
1.051989873625241
-0.8634638197848137 -0.5387665096453605
0.8240042335021442
---
35000
32
-0.6208860054032171 -0.12888508176733274
1.6943414913852821
-0.6189069530211503 -0.14550845373747856
2.408644664358113
---
36000
34
0.8229361372903732 -0.6431351600216613
2.501712781695669
0.8289892806795022 -0.6411497493571043
3.2393549683915768
---
37000
35
-0.4277500193124956 -0.2533788043446279
2.887659553226682
-0.4175977894593616 -0.22862092923009178
3.4009043564615657
---
38000
31
0.6842827649847631 -0.6336296096096753
3.1470452498878334
0.680939866210098 -0.6471686317800251
3.535193581341286
---
39000
31
-0.06953147943319106 0.38026362018805576
3.8985265303528354
-0.0667140905066477 0.38236429594659066
0.6556963684451791
---
40000
28
-0.8338963633061902 0.8541301599949012
5.306981975689415
-0.8191242772461602 0.8360078538389296
3.5040677371867734
---
41000
30
0.009453755837069148 0.2888620438603016
0.7371121441087293
0.023611138020180465 0.3117426044490908
5.405972002452562
---
42000
33
-0.6450887696265654 0.5800759336301832
3.29683833963089
-0.6353142592895611 0.550338961335121
2.0105724376725442
---
43000
37
0.949500530551349 0.7523280889089959
1.303711339693782
0.9492445336612502 0.7581247357648795
1.2996458778611402
---
44000
45
0.197248774792859 -0.7204914204045949
4.156499740825932
0.1927841159010938 -0.7122360644372955
5.308917960440569
---
45000
29
0.3952414036242435 0.5986957729793717
3.614967453221786
0.40233744935322113 0.5994178406070658
0.0937164474713379
---
46000
28
0.6056844460686983 -0.291709451208142
0.3170687308099734
0.5973582353245107 -0.27831359965715685
5.317419423228496
---
47000
34
0.4608595016516844 -0.14803168705816994
1.1694894389573811
-0.3639278744032448 0.7198110631341046
1.688928644638787
---
48000
29
0.40104579686175107 0.08659340939363842
4.064182432232911
0.37259483515815905 0.09075996976598646
4.172196915203069
---
49000
35
0.7252759317607901 -0.5971154235345432
0.4801629488670059
0.717611428449127 -0.6004093705362162
4.471166583778918
---
50000
27
0.5999055297360479 -0.20149446689169964
4.251654431792339
0.5743267613679173 -0.2185960181874559
1.4302764755488457
---
51000
37
-0.7001458804329608 0.9394068254928314
0.5538239989741679
-0.6733469315561653 0.9444514779796831
1.56380920640263
---
52000
39
0.6851611008815367 -0.9933325681103573
1.0988168082076186
0.6910592373983532 0.9967586067295953
0.292968188678949
---
53000
29
-0.17595179658554574 0.7245447480520512
6.2367324314602355
-0.1809885946813873 0.7187228432053215
4.862020927727951
---
54000
25
-0.8932415064149796 0.7394054574243055
3.916334426158655
-0.9040748650758844 0.7327412574213344
2.6911609412871966
---
55000
27
0.8617216730727751 0.583985444476119
6.204535384196121
0.8365786851405046 0.5802339846224058
4.841774250894281
---
56000
33
0.009867948514524785 -0.011113359603255444
3.6349959307997652
-0.008705972742991121 -0.011890533955760417
3.407315830212241
---
57000
20
0.7133299905443456 -0.1370351989646498
4.081675032891389
0.6912911333860932 -0.13705444523063573
6.149910653610155
---
58000
19
0.40055808122961745 -0.09094816111588776
0.9561913022458051
0.42615626866829687 -0.08025004493591678
0.8118036032404203
---
59000
32
0.23969024946569764 -0.9826189036144639
0.8016310933930243
0.2461584886143802 0.9951714408477763
0.7125870590096399
---
60000
34
-0.7973584373896427 0.3645338740098485
0.34940423397762566
-0.8148104795272748 0.35045849655289607
2.5440053002720804
---
61000
28
-0.6420909918228679 0.04675631909168209
5.270819103140931
-0.6408311742011578 0.01353868383416401
4.25354495192829
---
62000
26
-0.49891441787157736 -0.6355002867992854
0.6201791488399595
-0.5063703132374648 -0.6382080564429911
0.6337292369618925
---
63000
26
-0.9524038653768968 0.8951546662006387
4.996966258007666
-0.9789139403804064 0.8761910167805508
2.0074343149480027
---
64000
29
0.4604085543630041 0.4816804187589904
5.930091456402374
0.4683063696769808 0.47995479707049254
5.959915932733445
---
65000
28
0.511206677781829 0.5324811463230927
3.6901346058615676
0.511212121322602 0.532491884897182
2.890060184945953
---
66000
34
-0.7016659178991118 -0.4004426292552716
5.309283492386919
-0.688129376954926 -0.382167808020294
2.608777946172296
---
67000
27
-0.1281549486710904 0.5845821733723374
0.05547830562147771
0.5662204838297153 0.45429077342576396
1.427254537517121
---
68000
22
0.6144801873991953 0.42929934370404155
1.211416673092965
0.6220321038330772 0.4578730841222093
2.507904095446918
---
69000
34
-0.020993259145920488 0.5474033939840593
2.93918347664295
-0.01716837078189945 0.5531377650692341
0.8902307637371116
---
70000
28
-0.6236531747333541 -0.3546952221791484
4.51806970467103
-0.6377322712402669 -0.3710979639071559
5.548320269450266
---
71000
32
0.6829755434317657 -0.2939112564958385
3.5994027740281265
0.6711766314632216 -0.2788852375938405
0.458178306234883
---
72000
27
-0.9619177561745997 -0.3825132948048908
1.7724441139365539
-0.9617872686023039 -0.3834951710889352
1.7222038527188093
---
73000
29
-0.53575335241819 0.16650270191918323
5.933770568512631
-0.5318668308073327 0.13471607186076845
4.368875629728643
---
74000
24
0.4269016754883252 0.028248464554153006
1.9296384359254635
0.42356583517158547 0.03277029669174359
1.6792192919925668
---
75000
27
-0.8157234899864322 -0.5358499290885027
4.136381671950192
-0.8136184425598231 -0.5334696413398301
4.100080900181295
---
76000
32
-0.4576964880244789 -0.9372937707526153
3.9347816005230714
-0.458610988358632 -0.9308066994642475
3.9475621932413025
---
77000
20
-0.8652667899020423 0.5658737231812396
5.264316347682463
-0.8718836635761996 0.5374097753317448
5.28001360380904
---
78000
24
-0.6303984611697868 0.8324876064729314
3.4098171375869444
-0.6333684406818616 0.8211121577546583
3.4257599212572947
---
79000
30
-0.1257197933822461 -0.5753033812126692
5.956564463827065
-0.10606128238690281 -0.5852605823027526
0.43194952739955284
---
80000
33
-0.45813173903634724 0.04898363674635503
0.7646314220185382
-0.46380062599513083 0.07041540258795044
2.2680631812794
---
81000
24
0.06967889044585884 0.7133901179074867
2.1109077980234763
0.07073199481387282 0.7230505261700958
0.7405419574972916
---
82000
27
0.9783020601877652 -0.9383260898722965
5.245587636161645
0.989293576896512 -0.9250291578447638
4.71792957409974
---
83000
26
-0.9367461320427551 0.9039143033738576
2.040597895899386
-0.9367044400281838 0.9039130279707709
2.0104316286391866
---
84000
30
-0.8490640382207606 -0.8579422841294602
0.7381985184756363
-0.8434784560025957 -0.8548752448294458
0.7129451467173449
---
85000
33
0.9156577338856329 -0.7465732764813383
1.0624187202473054
0.9156863316197069 -0.7148761038644381
1.1980033771673317
---
86000
24
0.08457322828531713 0.7423801136445515
2.1016768645615382
0.06385643499682246 0.7203827549234225
2.07143618418157
---
87000
20
-0.3952410292028651 -0.9472382122034342
5.4507088990368775
-0.38454776224980036 -0.974042638645608
5.58457040541784
---
88000
34
0.40249225456146753 0.7809953882195535
5.3178281303710495
0.41969267782360026 0.7733352828570229
5.472489718272556
---
89000
35
-0.6162798488626176 0.3590375940518582
5.1030729540634985
-0.6097107924930915 0.33511595688904283
5.65372685072032
---
90000
33
-0.11667049508055569 -0.627135913814629
1.1178341022404001
-0.13057359950948272 -0.6284947429090643
1.0518848048882186
---
91000
29
-0.7667525388747012 0.17704495351136615
1.8364895678810795
-0.7678598631128771 0.2009572219562097
5.353997114428572
---
92000
31
-0.8997127511014829 -0.4929962906140613
5.74802682789034
-0.9199613488485 -0.4828161046023205
5.816221143265738
---
93000
22
-0.7053023587211305 0.12609690444947877
4.079579612970252
-0.7001523503292111 0.14392117125012668
0.4172584530960597
---
94000
32
0.23123252639986286 0.9533947041294526
6.100481805822517
0.2268195997890194 0.9513865121567939
6.107070518877484
---
95000
33
0.9208147417980891 0.3039199493520515
1.7705416721351914
0.9156362716525261 0.321664534786791
2.6521974053864286
---
96000
26
-0.27749147620426295 0.41909242131087016
3.870901846786758
-0.2831278136490034 0.4190277815649985
4.251673453671555
---
97000
40
0.8202768249598115 0.16724915427381906
1.6305648490254276
0.8246582277129562 0.19358408106142652
1.6360405208880513
---
98000
24
-0.4426555813269483 0.8432616536366632
0.778329554289936
-0.444501633549483 0.8590408883709244
4.370191887850649
---
99000
33
0.7763788725000428 0.0015773305738136859
0.4729672850594899
0.8089787199358616 0.0058984304362575644
1.179289900587123
---
100000
30
0.966880197533165 0.6087116127741057
3.916847460841794
0.9559080708636012 0.6026317654789066
1.215729658896188
---
101000
38
0.40100835929665024 -0.1228539555657364
5.67044714474513
0.3780698419887625 -0.1323473936325992
6.062864276575712
---
102000
34
0.21998248013159288 -0.42578711459223195
3.438603639413333
0.21592778776803595 -0.43860323749151225
2.823586893159245
---
103000
36
0.65476248831325 -0.7533711325713885
5.544636935057378
0.6801939130434359 -0.7604352599511838
5.522996229214994
---
104000
37
-0.3646870647038588 0.6488099205230324
0.38748367332881045
-0.3434714748691767 0.6654848869874456
0.27620125702177223
---
105000
31
-0.7909960326046411 -0.7666474329070372
0.6161389432128838
-0.784646131650799 -0.7782610209411885
2.446027727439854
---
106000
31
-0.2572722393624234 0.3834556779057318
0.46606696214618965
-0.279580350658135 0.35368573519678953
0.26125461249270776
---
107000
28
0.4906524048230009 0.11030859204681481
4.820597762656613
0.48309456098392123 0.16296257579781095
4.8781564086848945
---
108000
39
-0.11165346831459977 0.879826162615556
3.9455603222816507
-0.12237484457314825 0.8821905297913163
5.199463549280296
---
109000
27
0.44167623451111604 -0.40392417680842857
0.34158333245831407
0.46737533986385627 -0.4006525428319849
5.20749509389315
---
110000
32
-0.3154547765586333 0.8066821711856444
5.461074673470629
-0.3166553941385175 0.7746820820263984
5.350807097470486
---
111000
19
0.6365163989626641 -0.6392144916799362
0.7098437578695134
0.6164620593584914 -0.6271067416744479
0.8846401050234558
---
112000
39
-0.6873449012489423 0.0836499464051404
5.285163773508205
-0.6558817584318951 0.07345011520857089
6.103739833016657
---
113000
26
-0.046425124418761426 -0.778759803582218
3.3790267239793925
-0.07163054971040811 -0.7571900992226224
4.324906738102637
---
114000
27
-0.6386011924111653 -0.6549089255709925
5.60658259291378
-0.6214460417843578 -0.682151437325057
3.9123163437000983
---
115000
31
-0.4839425849216591 -0.26370981099400187
2.6149429867801577
-0.49515148312861373 -0.25281293769598884
4.808717137070101
---
116000
32
0.31988567790780364 0.03633896195615595
5.5964842658187255
0.33988630998113 0.013188476092966306
0.0836509672094472
---
117000
26
0.22031515733268553 0.2878023087230501
5.666936787828199
0.20875362508364514 0.2836492944955329
6.2507847027212335
---
118000
27
-0.36055231487944 -0.15157933647570082
6.076198705043857
-0.339748723870115 -0.15052128878027232
3.555088084899409
---
119000
37
-0.4032899506085657 -0.008751239931885105
0.6485767520078083
-0.376423217148953 0.0076297586915598055
0.6389288167500751
---
120000
30
0.40497413373827884 0.2374175684214355
1.7561282050567002
0.38035238366195867 0.24831761715745476
3.6975995918935283
---
121000
37
-0.8548554054700629 -0.8815073725939866
2.3373387359623217
-0.871394987274216 -0.865921859626696
3.404719863900412
---
122000
36
0.47164667609517524 -0.07923004293399605
1.7663575867206378
0.45914005828599247 -0.05920621798456918
3.1593667352829415
---
123000
31
-0.31178177560694953 -0.792888111730368
1.4811001231624896
-0.31374022991784056 -0.7693554018252994
2.830954685856298
---
124000
32
0.5874001065828907 -0.41422135637384483
3.5282173520651123
0.5855050310795288 -0.4107461120643634
3.4392097082938418
---
125000
32
-0.2710201871562645 0.36010026992622335
1.1800313095608046
-0.2622973240326905 0.36709460081283773
2.5054277931147046
---
126000
28
-0.8377774401204806 -0.6642363522436913
1.1840463817975115
-0.8587254761020329 -0.6905137772092569
1.173987125141771
---
127000
27
0.5933538758054332 0.8813541347411533
4.647185918040694
0.59243591314847 0.885850235879718
1.8387136441706566
---
128000
31
0.21305297969200176 0.841596090015373
0.8330724855925496
0.1991187275675694 0.8353401617423095
2.5638495080833064
---
129000
34
-0.48796599286131126 -0.6027042392468183
4.817287963396547
-0.4958900707228282 -0.5857093672476036
4.688558469063209
---
130000
34
-0.5500138101515398 0.8222911939932822
0.7299489768206248
-0.5394885458988956 0.7938918096340142
0.7028947726144485
---
131000
24
0.2613267556977722 0.6052217369558686
3.925500312594997
0.26621424693248424 0.601845614985133
4.794375631556994
---
132000
27
0.3802922557651548 -0.9116025600141702
4.030214943748861
0.36510938020359796 -0.9356101309806815
0.7625829818539982
---
133000
26
-0.6673629646753376 0.5142114586425378
2.5648507739210453
-0.6748940136835945 0.5111572716200965
2.5197675456161552
---
134000
24
-0.30556987494601523 0.15521027646752766
3.4963823218581505
-0.3320879715244723 0.1390316268152353
1.1069816230184513
---
135000
33
-0.43442564877043305 -0.19235042477531553
5.871479025494761
-0.4127544280364956 -0.17961118032084034
0.29447660255139585
---
136000
27
0.3076885601845354 0.9514085692855805
0.011771488682008169
0.31408871362370994 0.9495128839096989
1.9606103586114463
---
137000
31
0.43708577452491026 -0.040438096563036735
3.395862833228323
0.4586171365510787 -0.06756153747493544
2.6325934622955236
---
138000
34
0.5683473830655974 0.106022751721112
0.3660205078558966
0.5713477935935674 0.08728602677363691
5.357353701275392
---
139000
37
0.5257427447230536 0.06868000853766132
5.171672062521231
-0.35825736310265843 -0.33682831767509636
0.8626500955418699
---
140000
33
0.9762214153293363 -0.011438420742391323
5.058227545323489
-0.999888307596756 -0.030191580536475335
4.204359307504804
---
141000
36
-0.1673628582303443 -0.2598461568614717
0.8521262473885486
-0.1574114688912589 -0.2560156535638434
0.9728972170572062
---
142000
36
0.37196990885147097 0.3720643297686074
4.016014057266252
0.3562860081022766 0.3566739171206802
1.4113342451192699
---
143000
19
0.3255716552544492 -0.9482823620914116
1.9500619880752061
0.33079210460179836 -0.949740981132409
2.57385681624503
---
144000
30
0.3561893321727587 0.0951403449826472
0.8935481356769102
0.37333423980905495 0.08505830426812386
1.1873253817396874
---
145000
25
-0.8941701429295325 0.337042073425431
5.544447286174943
-0.8936591913291342 0.3404094467456882
5.706512897254431
---
146000
35
-0.419596092631727 0.1372048438166307
5.1801266824906325
-0.4081419417757339 0.11066983060335606
2.880812013843091
---
147000
31
-0.6376063531141384 -0.9894781738941626
6.226429282019164
-0.6298728573514909 -0.9894916252163157
4.531513265987397
---
148000
35
-0.8831370822320287 0.9529218075596102
5.43279637274553
-0.8845912737754839 0.9684410118799572
6.110807011458787
---
149000
35
-0.8326450018381943 0.8864979381881027
0.3475546641614691
-0.8328032193304091 0.88288024334451
0.12051907201078293
---
150000
34
-0.42998590736609843 -0.32363637650715366
3.894934268085725
-0.4512559258238992 -0.3446704537256925
3.856792970614929
---
151000
28
-0.1545149563073774 0.5654071869712245
3.2456035796208296
-0.16092034004818181 0.5600845288871947
5.684692499060125
---
152000
27
-0.18040979100214175 0.5192230818877587
4.4811480210469625
-0.17457249327138702 0.5195016806167745
2.765902962268429
---
153000
28
0.8641644345496844 0.9606088488676845
2.601094831896
0.8764834637369827 0.9458317193148431
0.0028019705470514467
---
154000
32
-0.013913474809589137 0.8838242162499816
1.33474131329085
-0.01547003111722682 0.8827734744814265
4.353809635173716
---
155000
33
0.7454818308437563 -0.751159885617882
1.5887565356855824
0.7454092298184127 -0.7550075326455763
2.055234355688965
---
156000
23
0.6692321527620373 -0.29937581209068503
5.817174512076281
0.6699836293995648 -0.30663588366309225
5.631610440225704
---
157000
35
0.15584920751631992 0.20221799229862084
0.575103448908913
0.18258046094659466 0.20993188977413735
5.37505924630976
---
158000
35
-0.839900890049718 0.20985673522512796
0.17618489702896564
-0.8103060342972856 0.2206719950775557
4.499786436094135
---
159000
28
0.4241640367001855 0.9957643497409165
2.759510326464393
0.41942347993626744 0.9966985754326627
2.829546139300027
---
160000
34
-0.7293212563971448 -0.8129236825943528
4.039263758861946
-0.725050022968174 -0.8264914681560496
1.9344224465315802
---
161000
28
-0.7024239914003945 0.1531438032383922
3.4546600167977357
-0.6808291089862761 0.13961290145384173
3.8445839392916765
---
162000
28
0.2158207460179814 -0.9778339238950182
2.468394736775832
0.21271749601903392 -0.9780967969273896
2.9702679509770826
---
163000
40
-0.269018827306444 -0.21744610642149473
0.5235011340270173
-0.2618272376888479 -0.2190183484414098
5.137842606701397
---
164000
26
-0.7189135499077693 -0.4875146294998369
3.569071560957553
-0.7200639077152965 -0.49492680973891473
3.507379968835107
---
165000
27
0.30115799913793884 -0.845380671946301
0.7817161515268679
0.3051453725535656 -0.8440257148032642
0.7738075904274222
---
166000
36
-0.8202626513127048 -0.3010153199992407
0.26474605813280905
-0.8397463408934132 -0.30382973053778245
3.182052098798705
---
167000
30
-0.7373243043416259 -0.7598703524991448
1.054872287873146
-0.734503425817297 -0.7695524422228466
6.188828122260281
---
168000
34
0.612531119276029 -0.6771324323302477
6.101080495045686
0.6011068690803635 -0.6843089833905842
1.7718365555118378
---
169000
33
-0.5930740253220318 0.3880416544039827
1.2416582143116464
-0.593947950258285 0.39725473032940034
2.5601465252793414
---
170000
27
-0.4803058038456328 0.3409792417848952
3.480843298964695
-0.4984184481852947 0.34509984164182994
2.2753159300497954
---
171000
30
0.25170261575313013 0.4556355373069183
0.8131399790889069
0.2529591605125763 0.4541931423679597
0.8820703835039296
---
172000
30
-0.2912361100861803 0.35650051706207186
5.313541843022819
-0.27656787674438965 0.35699439464565896
5.308923905722622
---
173000
33
0.958335509990907 -0.30993546200556144
5.1373377037930545
0.9520412570499064 -0.3264672713691454
2.053099278404865
---
174000
31
0.9157997987488045 0.46074899298015215
0.5317923329483499
0.9221088165696882 0.46936203997775455
0.46057132463649897
---
175000
25
0.5890362426590452 0.715133247660324
3.362431161755759
0.5839104431808221 0.7407929237862794
3.522352476956933
---
176000
32
0.7641918939725691 0.24871006323737244
2.197777625793769
0.7681493087171262 0.25158578326458225
3.371212778104849
---
177000
29
-0.913303600313901 0.4547447977987997
3.1790731327535027
-0.9418435642691342 0.4602651265287509
2.9859989491327896
---
178000
35
-0.14774644129019582 0.11806863496742953
3.777678720003538
-0.1468912692805178 0.12539391851860976
3.6841985948986022
---
179000
30
0.2865334710124835 -0.9323565559973069
2.912798678159722
0.2668085438314914 -0.9078862743034238
1.205253722067006
---
180000
34
-0.40473678855829076 -0.7613728507310692
1.2805022045537686
-0.4115534765005599 -0.7524306240199211
2.6386684083895973
---
181000
37
0.8632595824472317 -0.2966798318891983
0.7289939284940757
0.863434478771018 -0.29601605940741305
1.7773938163696616
---
182000
28
0.4309532786848601 0.7555816423059774
0.7327542297884744
0.4411556454994254 0.7718616269926977
1.504322428129086
---
183000
36
0.9995424722993528 -0.6883983552277964
4.880340917141771
-0.988551620957235 -0.718425040721933
3.009949139527424
---
184000
34
-0.4293703896048205 0.020885887940792346
0.09909507056253286
0.46053137802054234 -0.37501038054773655
1.6466644033394946
---
185000
36
-0.3178705161675765 -0.4748769443912594
2.573759907242539
-0.318384606670659 -0.4681508001774506
1.880909810435679
---
186000
34
0.49565106139612825 -0.8932688308985128
0.5392240820437495
0.5089646238968164 -0.8788785495185518
2.9416919590086357
---
187000
33
-0.31335338009338154 -0.9627206123364642
4.788172780777007
-0.3148526058546986 -0.9617052844914022
0.5952875389236576
---
188000
31
-0.18312695517842442 0.915931282304729
0.5544048015869261
-0.1770891893656847 0.9470269199351158
2.049554211093125
---
189000
30
-0.7448988143352057 0.05566935246216978
4.347893383912977
-0.7454847151021051 0.05435189775956647
1.0082142727201706
---
190000
24
0.8523572934644275 0.18419778108257442
2.503227160856732
0.8349521366647046 0.19854624480799743
0.952501592388165
---
191000
33
0.8871454188756155 0.39617813927574314
2.338362584800393
0.8938263552805025 0.42856357021845914
4.148172583393626
---
192000
30
-0.7698612989363833 0.396386533700907
1.571044588227447
-0.7751029516496069 0.3805476512759359
5.294500719751426
---
193000
41
0.34241877093575307 0.5758737459561072
3.8645506551035886
0.36152422221504327 0.5700935111544142
4.584114384027032
---
194000
24
-0.5807560874073066 0.932943447283068
3.773548989759329
-0.6012313442409537 0.9183468599257717
3.656083011624453
---
195000
26
0.9496352157720239 -0.6645324673823567
0.3434012286878625
0.9402075455519893 -0.6616102119473704
2.7839186885124967
---
196000
29
-0.20303117515412775 -0.915229945637453
5.8548288217247
-0.21594430642507603 -0.9077825158810459
1.500109344816826
---
197000
24
0.6326879786381319 -0.7315042590186959
0.43827066835364376
0.6591817735027785 -0.7463959304442235
0.2315272440837708
---
198000
36
0.7332476290668376 -0.2703345846483399
2.4637183885938345
0.730842037700229 -0.27134413857437994
4.545080116004587
---
199000
34
-0.965711025641081 0.7324818028584603
1.262308782816404
-0.9734573586382872 0.7529587349852996
3.4717733767207406
---
200000
31
0.6795816134124945 -0.39974976787418254
0.1913841397558449
0.6871399012746793 -0.3751989291250929
1.7098504295164207
---
201000
35
0.445596497637966 0.0200807514471301
4.282639553094201
0.4414578821708865 0.009333254412349425
0.1958014612512855
---
202000
31
0.7211457682189458 -0.23545871720928563
5.625420895553084
0.7189914236865679 -0.23572431579490802
0.6571433488459864
---
203000
31
0.7022224736581927 -0.9481722531444803
0.9515301144870902
0.6915559605503602 -0.9218319777500358
2.635127399365598
---
204000
24
0.17024967035176833 -0.04818027900924439
0.5865137775326538
0.16991009002885799 -0.05152808575540201
4.150520634041425
---
205000
31
-0.21245111571976777 -0.8028014705792045
0.5995530481747432
-0.1869032059344908 -0.7996345230146196
3.0586855477849895
---
206000
33
-0.8974559354970849 0.5787681865851679
1.603606593982395
-0.8996971849363602 0.5699453727297265
0.6674471783218943
---
207000
36
0.5220190534360016 0.22765323425306172
2.403070477615106
0.5125824295594043 0.23380223242293377
2.4156179301199106
---
208000
26
-0.659382791312449 -0.910187738016347
3.3524360294229902
-0.6769664585601264 -0.9022805643027915
4.27178292044592
---
209000
34
-0.7809044777981672 -0.18536223546639197
2.8972142223620216
-0.8131443300250195 -0.19318392304129361
1.482333879209806
---
210000
28
-0.6529325860353463 0.8719574902786887
0.27714718770917324
-0.6509604153384091 0.8693789700737792
3.1729432696910305
---
211000
29
-0.8018831811872846 -0.2554116534289272
2.355472622946394
-0.8074333808243426 -0.2523058312121409
1.9830133811405117
---
212000
36
-0.16715059893907247 0.9671976477583881
1.4984256761815709
-0.16914898785023544 0.9698139302467417
4.396650408183791
---
213000
34
0.19802371694009982 0.11471366961215293
1.624980883809607
0.19631535430509597 0.10330123493076618
0.6397849649114935
---
214000
24
-0.9797377420380868 -0.2582695363091164
4.943032004598499
-0.9646684687530239 -0.28664680082890365
5.724009246502532
---
215000
29
-0.5513031928262876 -0.8769757122962846
6.269732869282747
-0.5528211993143076 -0.9046012953917326
2.7058507083068415
---
216000
35
-0.5405987385120155 0.23785039289239657
5.846146954030385
-0.5188650127587703 0.22155241662067898
0.3071310001046079
---
217000
37
-0.8976020998496348 -0.9068912054267622
0.07414691050632172
-0.8833974465670771 -0.9063580959020635
2.781285672686341
---
218000
33
-0.1713388378447858 0.23216193833132223
5.869118113385146
-0.1594476007267342 0.23314383886419104
5.954952225270337
---
219000
31
0.7820003924031148 0.026408630205909098
3.3625219776173365
0.7530060356096651 0.02235524691164569
3.272856684631816
---
220000
24
-0.49151158060393624 0.23946116780859503
5.4231340172623055
-0.490469917419598 0.23544833122379882
5.316105412704356
---
221000
32
0.021796038940013623 0.029363207281114412
1.4783605911068018
0.022005568117501314 0.019486173532639033
1.3247443189232637
---
222000
29
-0.3676807140960122 -0.2059864021805938
1.240694977339309
-0.3644101098177376 -0.20871789932222068
1.260382701397349
---
223000
33
0.10868740503317471 0.5575907319748047
5.473021330206945
0.1057555275616035 0.5726645669803577
5.00899930255337
---
224000
32
0.779981383799955 0.733902266042519
1.4017390257339963
0.7660111712052853 0.7518438500399904
5.356023696541871
---
225000
27
0.38455544063275077 -0.2686426008253628
2.3091719072657844
0.375342695778189 -0.25276866023178624
5.784071993227002
---
226000
24
0.03585483915351856 0.140591116601543
1.7450118614255261
0.5322264424079818 -0.546851665715764
-0.2635337611351514
---
227000
30
-0.6089556544521952 0.42744951774617856
4.1248397162016115
-0.6148144282555559 0.4300765601372639
3.1603182787575514
---
228000
26
0.9150195845710962 -0.5322986990852814
5.2593496220468126
0.9129266026199965 -0.5186667821204448
0.5581090187652311
---
229000
29
0.7767175390496195 -0.3515321944517448
2.6536620729435687
0.7724232883401586 -0.3417747418932427
0.5430226071783668
---
230000
34
0.765839006760335 0.8823061241569594
0.6879786996764019
0.7850406083883659 0.873065378633115
6.167730651048939
---
231000
34
-0.3665075040511643 -0.49142845674752483
0.815034238760807
-0.33681679952050325 -0.48360117792448626
0.826014553452457
---
232000
35
0.3713556390642999 -0.1382021661936501
2.7952404354333042
0.3681929236720036 -0.13701742979179216
1.3991555663752244
---
233000
28
-0.40854825623264707 0.12689833474747725
3.9792807625260065
-0.41393176775179236 0.12440981535144552
6.124949952316636
---
234000
25
-0.556524427120771 -0.8475649185727051
0.590695667739827
-0.55608267705487 -0.8358015713031508
2.278908405405847
---
235000
35
-0.277772797070003 0.6198499968781336
4.364548045436497
-0.3013358464483499 0.6381096718630294
5.857858955962044
---
236000
29
-0.6744013920660281 -0.215321873940993
4.944458379374916
-0.700424679908435 -0.2341701810449267
0.7672220050170404
---
237000
33
0.8985066797929768 0.276489500655115
5.133123742266129
0.9215930032218277 0.23284497647894864
4.941356988621293
---
238000
27
-0.5817492033238859 0.7169490592730423
1.2107419986373944
-0.5708878989313503 0.7419236972023732
5.095821563505617
---
239000
28
-0.20351012689781953 0.6551436623921285
4.296151562095898
-0.19861979282610745 0.6662749391911712
3.4264496031671863
---
240000
28
0.42540209545454616 0.8116316662847646
5.06755151365164
0.4477689208403638 0.7952545770565959
5.04118656855807
---
241000
25
-0.5409998579843136 0.7456235989893885
2.3921304478819074
-0.5461301470370494 0.7740137615471003
2.3669804620388146
---
242000
29
-0.5945781294250684 -0.1986717428467193
5.225267569557844
-0.5844344113442927 -0.21751539580490073
4.935529185940467
---
243000
38
-0.11061694537370907 -0.7358591311358087
5.800002082909905
-0.12728019853153608 -0.7254492100247387
4.706503957631505
---
244000
29
-0.26536970556203227 0.6989317581648189
0.6425902270577628
-0.3054729983008749 0.6731409775584813
0.7031214984471303
---
245000
26
-0.18063947638994574 -0.38951467929689837
1.9014716552574193
-0.5285270864327535 0.5491269070444947
-2.8445855323574905
---
246000
35
-0.45348819442558097 -0.569301045329885
2.0891163170166736
-0.4657887955075289 -0.5537658047408297
2.0611479322939372
---
247000
37
-0.10702351903107585 -0.0035394975930308427
0.7194199893097182
-0.07799539600988903 -0.0027836650209432517
0.25983202531555794
---
248000
33
-0.1685644963596141 -0.8245595893799932
4.831158570805993
-0.1582697286524649 -0.8298898426803956
4.36436570451709
---
249000
26
0.5503412244309174 0.6676729370607202
5.611603605227419
0.556668902706091 0.6360037157554901
5.464775185703513
---
250000
30
0.3794577632155012 -0.5949441676052935
0.9430711897830324
0.40477496371204325 -0.5877311838877171
5.306576834031341
---
251000
31
0.3252874674101191 0.9952197268613018
0.16676501885242342
0.3254514510419376 0.9921812601172628
2.5839306211716453
---
252000
33
0.7678797433799571 0.8794892949502369
2.204536090540213
0.7704864309634387 0.8763622795671051
2.1401542042830553
---
253000
39
-0.12376567671337824 0.9202096472500577
0.1041666263066463
-0.10918510810490409 0.9172316872179455
0.043671723860042734
---
254000
36
0.10186605570760773 0.10314540657001593
3.3331086121992644
0.08898313867635384 0.08917917462206987
3.8749746543427954
---
255000
26
-0.051889485728196 -0.6690355444517211
0.6522950207016396
-0.03994194233168128 -0.6706774746240448
0.6213139054386909
---
256000
29
0.9337670041304504 -0.8777471828332641
3.0030303781963577
0.9519143009361707 -0.8665432413692588
4.9539348785946125
---
257000
31
0.6884114130924506 -0.09513425749332219
1.6351682868736073
0.6783499818935951 -0.07825335433334311
4.337235607043284
---
258000
39
0.30767767920151645 -0.8685674980022134
2.3922554903956965
0.30119730484425283 -0.8619861775551511
2.477990350308402
---
259000
36
-0.5369204753673775 0.636780169719755
2.783533675572113
-0.5316146499717884 0.6352411040107744
2.8872658549040517
---
260000
29
-0.33093888697374657 0.4389881798488087
4.836162852269485
-0.3229742122952766 0.4274128372776864
0.9800702886233195
---
261000
28
0.4268662616848366 -0.04533353627054274
5.462238569090987
0.4185666059925104 -0.04697862207093866
6.221469740104135
---
262000
31
-0.12721228048227928 0.04760224131764039
1.3844496509566886
-0.12734980305921503 0.047189057432268866
0.17181513729049502
---
263000
27
0.09923070185042218 -0.9653891702910651
0.9855215415797947
0.11562988093888239 -0.9793718107474471
5.622071585361794
---
264000
27
-0.15245282584953435 -0.15417277556492887
2.13158715847738
-0.15609826577281005 -0.169068576312835
4.858495587112545
---
265000
35
0.968461290910065 -0.8318209380478778
1.2195554954214303
0.9790816069987274 -0.8022165114370736
0.9168772967533778
---
266000
31
0.7264397680433727 0.517151838524306
1.8837715204111454
0.7278993814805504 0.5351966558527297
4.335651085369358
---
267000
39
-0.17260215386600233 -0.9034613192420633
2.4992568852614627
-0.18244891867177584 -0.903107475969808
2.6051758039506137
---
268000
32
-0.4909339150744594 0.24586634046354255
2.1117403748432686
-0.4871437909537078 0.22488475309984102
1.96375834707647
---
269000
30
-0.3173180953871432 -0.18234703694813284
1.5526180232361073
-0.3159545439490647 -0.18367436664991024
1.4060636579483612
---
270000
27
-0.28378289680072416 0.6212199836348278
1.449850166985666
-0.27043623826663055 0.63197990880484
1.4003877653144654
---
271000
31
0.0721001911415316 0.015184102581634225
2.515429914384031
0.07014083490794984 0.0030489114837666496
2.599473253017035
---
272000
25
-0.26312952572036086 -0.8632525446100847
0.3323818639454057
-0.28431478194020965 -0.8725387102287052
0.31504165733038114
---
273000
26
0.8203693102379364 0.2185727554581788
3.899491537438327
0.8346212655639135 0.19692212274193613
3.8888801608089056
---
274000
32
-0.38627100730895086 -0.2565191248074486
3.6032487777219457
-0.380441832969038 -0.24311727844290243
3.018405811207491
---
275000
36
-0.9887703051064631 -0.9000446104572658
3.5683082704799807
0.9848811568571368 -0.9132091932157963
5.232441330937847
---
276000
18
0.8323897600330135 -0.8543217271720818
2.3526432753459585
0.8342864149004798 -0.8454853028118137
1.9227624084681123
---
277000
32
-0.4119430727387505 0.13815301838565977
2.000694284922215
-0.4171617695015797 0.15635594011278325
2.597638088759253
---
278000
31
0.7855123776793118 -0.32288156312986066
0.9092559659596526
0.7981859800974312 -0.2981020387669846
4.287330858978099
---
279000
31
0.552212653698081 0.5567980781625741
6.056227075946535
0.5715312859065083 0.5612335739977097
6.1468368937384605
---
280000
34
-0.07645586840332769 0.38705407389294755
3.389004391986394
-0.09476955850069076 0.3938794016586911
4.547879850716459
---
281000
34
0.3222341920207909 -0.8041584757792272
2.1875662053464744
0.31176618304353 -0.7979343956022813
1.7615467135292942
---
282000
27
0.5892235715173909 0.23778840429807319
1.2735109133484024
0.5963243043846722 0.2393226207567097
2.4203639780170043
---
283000
27
0.21307654193912212 -0.4084337071522708
0.5218733944599945
0.22178739932643607 -0.3940964693798272
0.5151695991650529
---
284000
27
0.10799997229876163 0.2013393331278346
2.489814957175299
0.11061353849246369 0.20149681255477128
2.541923206353321
---
285000
29
0.3068272085177813 0.05396288626679109
0.7713991891984212
0.3368321664770324 0.062342383976174066
4.24938690144974
---
286000
32
0.48235595932946634 -0.8935902464884939
1.5796080943906785
0.47645028109947135 -0.9038884773324514
5.540233102318525
---
287000
26
0.7922691452230082 -0.9220191754900893
5.76795041497639
0.8104153428523839 -0.9088822262887848
5.882395405706142
---
288000
28
0.710121731376435 0.9502722500835654
4.179727337043609
0.6929902517133087 0.9286515594653177
4.223842405821393
---
289000
22
-0.8456368901310246 -0.09221206651156831
5.435799714337393
-0.830958084595008 -0.0702754781871851
5.43677704446487
---
290000
31
0.2521967165899186 -0.39837679095383566
6.229439711246528
0.22633059625790966 -0.4024278290507687
1.2732085103415844
---
291000
34
0.9986862015453074 0.6304051092437464
5.611331699186603
0.9892510119100315 0.6465145357315314
4.6694382931720355
---
292000
30
0.9224657923873624 -0.2666460447256871
0.5574783685625577
0.926581199423237 -0.24891514608052753
3.900751892574596
---
293000
31
-0.5620315801864746 -0.2157690710604921
0.30170824834253585
0.5108385676687952 0.37468887553097696
-1.8552111283551407
---
294000
25
0.0853861971688731 -0.32738737487228897
2.358643940129248
0.09768299569414386 -0.3130992107368474
2.6282909232085854
---
295000
29
-0.8501574607687126 0.7600776832192675
0.1521077047419241
-0.8361592277130203 0.7886006589273454
4.709179668738888
---
296000
38
-0.6923807851676707 -0.27294917671931573
5.55026779897337
-0.6941031201551253 -0.2783714250748435
3.9926468330815945
---
297000
33
-0.6584694380639872 0.903556884097097
1.3185154165760729
-0.6571152276568542 0.8787404910813399
3.6443851223163373
---
298000
39
0.09081276811749792 0.30626861909638764
0.41367852384433634
0.11057080171426191 0.2947033316715536
3.7836288230910915
---
299000
33
0.054005680481876775 -0.807731534034595
3.9501704395646566
0.05583431689947252 -0.8118717400550106
5.515475531265043
---
300000
33
-0.9111186310133926 0.9766014429507445
6.124194286282538
-0.9054623417056946 0.975792238846601
4.810285654085801
---
301000
28
0.6624341757845472 -0.368797104000769
0.7824545411711711
0.653842223024348 -0.38020527381010005
1.731364177101324
---
302000
26
0.3167652015105758 0.795411114343882
1.2901482248783116
0.3108259567387269 0.8002595597762517
1.4012932394530404
---
303000
30
-0.3033982131623856 -0.6660763883552909
2.200353672242983
-0.3308929275312386 -0.6493037420065287
2.679139709741751
---
304000
32
-0.6684571420779509 0.8452189341772799
2.6485720361339147
-0.697630582011648 0.8356916920695279
0.2217982451206284
---
305000
30
-0.15885849640046926 -0.5405451189022935
3.749941637117017
-0.18740263108449226 -0.5554025868013223
5.619501310984104
---
306000
28
-0.2636346505183068 0.0449917540159656
6.064569560209137
-0.24717948362941686 0.045002156846990396
5.949701451235897
---
307000
39
0.6207001898637099 0.43073064747759476
6.213776983376951
0.6473929710911024 0.4132679109003463
4.344081173104822
---
308000
28
-0.15080344119751504 0.12963422757583243
3.7171698934027075
-0.16029759947108688 0.1165586122832998
4.350293930462873
---
309000
32
-0.18590876290624736 -0.4440508909265006
5.275284389184434
-0.16578997581728674 -0.4671841111839466
5.087132147296466
---
310000
35
-0.43164108232621934 0.7216607971056562
5.8350941053628835
-0.4140980672295056 0.7221712683655271
4.938748383223704
---
311000
24
-0.4149535689449351 0.19646648638870404
5.419528980182725
-0.42278022061790527 0.2119819870046431
5.33949922517518
---
312000
30
-0.2027458499556295 -0.18010019866339197
5.645152926060553
-0.20511623464356796 -0.17254983982021263
4.8696372157436025
---
313000
29
0.9529002097374185 -0.5963877907279291
5.243112849103997
0.9523481261851418 -0.6271899297124285
5.270008613346809
---
314000
37
0.11712576078637946 -0.20111259194968062
4.388083149230633
0.1206275965678343 -0.2218316628038132
3.745745176991046
---
315000
27
0.21649410994019846 0.28938907267083275
2.628290922381528
0.22264020002982082 0.3205734200087519
2.7290754160676474
---
316000
31
-0.5345136562793453 -0.933940738110015
5.272313573030262
-0.534798332108221 -0.9265200969133991
1.939282331078406
---
317000
37
-0.568425551308064 -0.6671407487841999
0.5992660041996584
-0.5410668358179975 -0.679657672565708
0.6569902343483225
---
318000
28
0.973414275653612 -0.43341594388974425
5.436961710050641
0.9940634362730709 -0.4536064852816911
3.700601458447501
---
319000
25
0.656435024127003 0.20805734881369714
2.2230328651544085
0.6390080525464513 0.19773905558002952
1.9656511177519091
---
320000
31
-0.5678249671071469 0.368697750931434
3.2045727326026503
-0.5710700060878426 0.3964189218221388
2.0534994985227844
---
321000
34
-0.7735954527753219 0.7466334823691373
4.02131841230742
-0.7895367598549748 0.7369002985130774
1.566972347485871
---
322000
29
0.4843942129440565 0.005096806957590188
1.836231681350827
0.5099537319575181 0.01836093384209462
3.1492621444049407
---
323000
21
0.5331562602608191 0.5738326836237997
2.155592046008008
0.5310120359235692 0.5787117727499533
1.9794893978514718
---
324000
24
-0.048105090882412355 0.9336415764053665
3.232812401390637
-0.08024402530555368 0.9259842351161793
5.463151333519941
---
325000
35
-0.4552779274857132 0.7378944723989598
5.058202668214349
-0.4600442141310545 0.7153108963462395
2.1324785567870235
---
326000
35
0.8333185668022257 0.43030360682910507
0.8482032121152201
0.8355706619408927 0.4612808837481547
0.8608825446265067
---
327000
31
0.5234401165219553 -0.07669354110959559
0.7884726396128297
0.5520095587123188 -0.09174963995141358
0.7944274157417894
---
328000
34
0.7957531209056933 -0.4455438651164696
5.165288667723221
0.7939508184558182 -0.44465095410701105
1.155190615067922
---
329000
27
-0.025899225711714245 0.5179621035049289
5.895490986256862
-0.02019272339811143 0.5434616229623505
5.368805106622036
---
330000
28
-0.5119344572678105 0.8624846832387656
3.9435279548484306
-0.51837379308515 0.8630612723187211
1.5207218607627162
---
331000
29
0.45035871565871255 -0.31545047458989955
0.5056770781506874
0.4599526082814714 -0.3061143149171053
0.11172324791797639
---
332000
33
0.9608934467158708 0.35438453679742477
5.492454140241488
0.9597486498638501 0.3327774552475017
2.7879706254692733
---
333000
36
0.2777929960187686 0.0962270949480335
5.465434308607883
0.3054123533030286 0.10355797694318594
4.631796724776589
---
334000
36
0.5644160006665151 -0.8117357804491528
6.159763644886731
0.5873979105452225 -0.7945931681762767
1.6777811961277531
---
335000
30
0.46483870447428344 -0.8299362100832679
5.783760596549311
0.49148292397841437 -0.8391249668163336
1.2771003338560076
---
336000
23
0.7204851953769775 -0.3217283434032875
3.393973125942833
0.7344774750349932 -0.34875329234071495
5.584744283459265
---
337000
27
0.6157253458060885 0.22202403664817644
4.156573018084469
0.6197386774944006 0.2179234794481745
0.26537386720806566
---
338000
31
0.8457825499781711 -0.3585751291351862
0.8991351144671369
0.8454246233366434 -0.3554599747069938
5.83692052282892
---
339000
33
0.6376804899463743 -0.06781636177794453
3.895331381296069
0.6461286185987984 -0.0934794777589871
2.1916569169864593
---
340000
33
-0.5495898517667556 -0.523077865615095
1.638894875788996
-0.5292433653197568 -0.49782992436870765
3.221100729433978
---
341000
39
-0.595970491246937 0.16509815271589318
4.244972664557254
-0.6189407748234758 0.1731294711996566
4.191817975781357
---
342000
27
0.19820960272597515 0.5212077247121465
5.4587848013665035
0.19510064728145557 0.5187714784496845
2.9498497167217597
---
343000
25
0.001686616860638826 0.1426021733347
5.180056786022167
0.010107140232831834 0.15612652208553415
1.3820472672134212
---
344000
31
0.720933546325793 0.963289646991125
1.116215948731941
0.7449900142135366 0.9759683154050941
3.469347234464225
---
345000
28
0.24005341724929016 -0.039333832548306955
2.455300132817197
0.24789714400916193 -0.026606542160969998
6.0870614348517575
---
346000
30
-0.9047834044406944 0.5341708568362623
2.423274714273507
-0.9029093149380621 0.5542883418793143
2.2482141894598047
---
347000
28
-0.36002369858297834 -0.015431342736611987
4.153787041289173
-0.3566082445265788 -0.0410341521629297
4.257171605925764
---
348000
32
0.8875979001511185 -0.8873475976800819
2.5225282028290996
0.8883843273916063 -0.8888384442857886
2.679050281160652
---
349000
36
-0.1962072002075176 0.5868515609146294
2.8227677013401404
-0.21177418753051994 0.6138205594780847
4.227473504108391
---
350000
29
0.6164066659907925 0.00037483323503362254
3.8116875072987124
0.6254853888169134 0.008466881837217978
3.376386628964868
---
351000
26
-0.6941090449970009 -0.0528727591698436
6.017132708545688
-0.6750967176571459 -0.06650429136052556
6.265319939798944
---
352000
29
-0.05741687214194237 0.5263638152904367
5.070607379259706
-0.055439285373059186 0.5642663361553362
1.1152309387467634
---
353000
31
0.3011756975532808 -0.9300484101860481
5.249094272545516
0.310485166319997 -0.9045823523732965
4.457448407342465
---
354000
28
-0.39193358615784457 -0.9066825549411697
5.683019082081577
-0.38868999840410434 -0.9108556460601959
1.8433731643511653
---
355000
30
-0.2281783556848918 0.15137904075865968
4.1263272876893975
-0.22190910075645046 0.1700650209042199
0.348459157035661
---
356000
31
-0.05927946164955913 -0.4086052398485805
2.0853213976179514
-0.07787360604992881 -0.4035442664066343
2.002671093766566
---
357000
26
-0.039864312490024714 -0.36910157888522366
1.4177128830204664
-0.018558050183699416 -0.34557154661376766
1.505880845578381
---
358000
35
-0.35261315706361374 -0.1180162991927943
5.948771558083001
-0.3561277324242891 -0.10735399613850234
2.721376710127876
---
359000
31
-0.2030093863115721 -0.49783542972629646
0.15475274569285977
-0.20113528936044145 -0.49405076780471685
0.0065127741762172064
---
360000
28
-0.18343918162327358 0.6696301914864171
1.538255730395904
-0.1815136053402265 0.6487692481598412
1.54000458601592
---
361000
38
0.27713893498073927 -0.0702463019239471
1.6523395632171922
0.2830167518034518 -0.08522406281619846
2.9660444694633457
---
362000
36
-0.5889775897747062 -0.6186200631748331
3.0997011984115894
-0.5759178406239058 -0.6234573922266916
5.890170328509404
---
363000
29
-0.6357001075709242 0.161506536317419
0.4020730162348816
-0.6342460376232725 0.16341405228049208
5.446517893836852
---
364000
40
-0.16505288994430442 0.751625565455491
4.051729036576802
-0.18037708956819365 0.7360527751859679
3.794668392948571
---
365000
30
-0.527952091366554 0.6761984792722171
0.5812510057577687
-0.5193717258218274 0.6839921563110902
0.8390720635929407
---
366000
35
0.6223386795816546 -0.48999950218453825
5.778934881477771
0.6386206896217486 -0.5062657679308763
5.338486222612642
---
367000
27
-0.09472335473030374 -0.8392918423015973
6.144341502677812
-0.07714963014446602 -0.82413442826176
5.2070295732259195
---
368000
28
0.01664452201600808 -0.7370615782106021
5.3591943684489936
0.027639558546969943 -0.7548546362743138
1.5077750985238039
---
369000
32
0.7291589610656197 -0.6524559176668467
0.5666996851147296
0.7449480494234155 -0.6569513870393153
4.022073265618394
---
370000
35
-0.17278608215276178 0.24624448943910687
4.66881599341886
-0.19719923221697688 0.23550170114801455
2.0412946144752633
---
371000
29
0.7606602831941489 -0.3467463888805995
2.3705695430495055
0.7677972610886717 -0.3179090062623121
2.099925627866255
---
372000
35
-0.9274407255144189 0.8483180060670188
3.541130741488267
-0.9340338480109136 0.8809170403627937
1.4243814556904222
---
373000
29
-0.34128024547723373 0.27034516687964893
1.8830261158526085
-0.35413491251423956 0.2978475109115641
3.9376198724950067
---
374000
24
-0.08939717585732518 0.206329684867909
3.37068430259599
-0.09702820510115928 0.19293325184450386
4.414709876218925
---
375000
28
-0.04709901214595703 0.965966793987567
3.4032272117601328
-0.05960421940350855 0.9368124545652743
3.8377642276471944
---
376000
31
-0.7664919926250322 -0.4226485479813936
5.125952730336234
-0.7694992885356007 -0.42691981640647425
5.525014739291926
---
377000
31
0.08078316875509335 0.6265364574522169
5.124850582053258
0.07858702181006491 0.6260996027658159
4.745168785593037
---
378000
29
0.30712229359580123 -0.22058820837200083
2.3964036593204443
0.3044934907865901 -0.22217732284614072
2.7688824392564033
---
379000
31
-0.44364028903428676 0.2745208389226643
5.533047477960869
-0.4645819731589946 0.255838628676675
5.616586282118452
---
380000
32
0.9980658307241828 0.4380579565393559
6.240188783574072
0.9977098136938658 0.4382683386124799
3.5827014524961234
---
381000
30
0.36842527678204606 -0.04425021765326717
2.989075618849774
0.3409412370505647 -0.06017449801386794
5.32238391937563
---
382000
37
0.9475249350953618 0.0013449767587373103
0.4052584851722689
0.947980638464027 0.00841981454747381
5.479468935793363
---
383000
35
0.3046764327526246 -0.7416221456736778
2.604790458672353
0.29610449013995055 -0.7405480041495299
4.362086023349768
---
384000
31
-0.3431254996831622 -0.6414319469650255
1.7758671687536844
-0.3545710358094243 -0.6311189383352941
2.5791226256271185
---
385000
35
-0.12115024298696922 0.8337589274770035
5.13567257305824
-0.12070074890056763 0.8343380785843151
3.622672118550603
---
386000
20
-0.7712381028647712 0.4146669157493427
1.330437546243677
-0.7937401809143917 0.4324678422906073
2.982918498512044
---
387000
37
-0.6592503555514428 -0.2923243867821613
1.2388471702288433
-0.6398731578246062 -0.2710546997580632
5.262341600467272
---
388000
27
0.5544209479614727 0.42631967992565784
1.972695414168951
0.5824817793740709 0.43796805355325236
5.952649106005555
---
389000
37
0.6638556068856983 -0.21787390126795964
3.0042625040961273
0.6531035647830066 -0.22550797957073687
4.871446125688805
---
390000
23
0.726044957335965 -0.7391887628116769
5.742738162796
0.7426129802111786 -0.732631184026746
5.1393164715297734
---
391000
32
-0.15768775390658668 -0.7929395348071806
5.2630020509327675
-0.1588092968353036 -0.7955634728098393
5.045364163927089
---
392000
19
0.04409668941453589 0.017954039993679123
2.4105057204388793
0.06288494104382437 0.0026164482841043273
2.1017475544276456
---
393000
29
-0.03485441948663358 -0.8807300200950903
5.639706834960223
-0.03518975963087723 -0.896463435869526
5.740472540865809
---
394000
24
-0.43482519558639793 -0.6746395307572978
3.9457908975023104
-0.44257934584217373 -0.6753454043274922
3.2898937215427777
---
395000
33
0.29211602603238923 0.3670853047796527
5.658056328709361
0.3163810042203047 0.3541006619217455
3.7672274752145287
---
396000
34
0.4472224164312109 0.6312284664296591
1.929723494412375
0.44833324791494755 0.6364973867660645
2.666591537123435
---
397000
26
-0.3783614247397092 0.28664441709051336
0.7522541737306734
-0.38120346330104443 0.2804933370798113
5.503249880783436
---
398000
31
-0.31169861612828537 -0.8963167643330865
3.503391515963967
-0.34085199213528916 -0.9068864441120679
4.706356448600807
---
399000
31
-0.6152761815964054 -0.5290571565427151
1.3137975029175313
-0.6151161545435185 -0.5343311924285262
1.8247886446580424
---
400000
20
-0.4601861715393636 -0.3098119848009555
1.6473175735925405
-0.4662409872391242 -0.3105822116488203
6.031216102653298
---
401000
34
-0.25018119977086223 0.32369674846676844
0.9347559884660631
-0.2667416590848307 0.3524495177552762
0.9494435751945685
---
402000
34
-0.20451496378152995 0.900566220775048
3.436731519558734
-0.20592972240315843 0.9012178479282745
0.02767540289332704
---
403000
32
-0.6354455185242881 -0.2714329966959511
3.926784930432438
-0.6557051049101905 -0.25772071204782804
2.471152345345007
---
404000
26
-0.7740759921450845 -0.2604081253216694
5.328801315619898
-0.7462305496735178 -0.268389846933481
5.424820273932856
---
405000
26
0.4061717283850231 0.9102242249851485
0.7407599849296487
0.39926201242040155 0.9128176179413026
0.787061659446678
---
406000
35
-0.1658738029219028 0.07507187469926234
4.280672606740472
-0.16261886962972064 0.08146862360601947
4.299663771496224
---
407000
31
-0.11933009251129008 -0.30835209042885303
5.7125414959663505
-0.133326644651898 -0.3056415094162551
0.26006845353412444
---
408000
30
-0.6734898332766992 -0.6042506179258901
2.55094377773788
-0.6681034816211464 -0.6009330538893567
2.835576143096027
---
409000
40
-0.7514978728248621 0.7993108746313435
3.2192631155378724
-0.73043847548121 0.8189701970636012
4.652851937887492
---
410000
24
0.7584705307895779 0.08125552715174265
3.676294686067033
0.76347303834077 0.07617426660783685
3.2250527386144254
---
411000
35
-0.6710267635461037 0.9079444210897523
2.632752935795402
-0.6713705571285217 0.9079124022986556
1.9751379509333908
---
412000
28
-0.14450863194997746 0.16956770275404248
1.021245882611185
-0.1453639117068384 0.17267736386189098
3.075123931569692
---
413000
30
-0.05334953926760316 -0.6861727388039492
1.9929127155273691
-0.07222208640083508 -0.6763004759095003
1.925157316637737
---
414000
33
-0.6545344773325539 -0.8381257049157572
1.897168454378542
-0.6593704230860237 -0.8658704816235694
5.264106078811399
---
415000
32
-0.05024130490609476 0.13846920338529511
2.593764213020034
-0.07253656305524245 0.1491614498612635
2.168244414432099
---
416000
27
0.8261732605522932 0.6456050959360343
1.0737936258194036
0.8401493695559643 0.6400648232890761
3.2660999428052433
---
417000
37
-0.7757540562891959 0.16267347168355617
4.755592580950426
-0.7566048503333684 0.15117038858935344
4.309356832190727
---
418000
30
0.7833207939461074 -0.4322587761288741
0.8057087905326379
0.7783975807949752 -0.4192854263345885
1.2463648201398572
---
419000
25
0.10720014448206658 0.26872141135731575
0.8314191000438342
0.1039548884790007 0.26582566488634424
2.346708685562504
---
420000
29
-0.09946593473761697 0.20407623880048414
3.548392087579817
-0.07208961404961389 0.21663459865158965
3.4497541312511926
---
421000
30
-0.584818190161117 -0.9304867636037378
0.5145894606519319
-0.5700019338005786 -0.9220105822780861
0.8033511170413794
---
422000
32
-0.7688529636937864 -0.40830904752020836
0.4704421327490737
-0.7810497532322603 -0.3807267223214868
0.4619638827586061
---
423000
28
-0.2961888764046121 0.9654922724761729
4.107067672947151
-0.30618897387583105 0.933920879251713
0.28863337477519124
---
424000
25
-0.5632018261173052 -0.3490533329810754
4.218252599869586
-0.5614392217500828 -0.3820663332240124
4.223655012876535
---
425000
40
0.2137438425560253 -0.46246415701815907
2.945503229704743
0.20077539891719826 -0.48499444047304185
3.132149176672815
---
426000
31
0.9898080911576297 -0.4877901959028061
1.045333866596236
0.9913443580705674 -0.4972929115116519
5.844973433978847
---
427000
31
0.6621030974171257 -0.43069695619785714
5.61068888953713
0.6595915447783172 -0.4426860938120978
5.714563846130925
---
428000
30
0.9182870563681427 -0.43665107648911355
3.8037836681712576
0.9105926372792398 -0.42837850586777054
3.7948961033853146
---
429000
26
-0.9317918824695777 0.15292293334699178
2.544970554586728
-0.925578421540757 0.13772698510014797
5.798905319659403
---
430000
27
0.714286158542181 0.8259836181397924
0.09477133910216012
0.7357225010858374 0.8204046226584772
0.5295197128111369
---
431000
30
0.5214164062461453 0.2872166378119687
0.7435122223044335
0.5430461885660688 0.28080760578456143
0.4667431335207466
---
432000
44
0.1739503961263309 0.7339276871373659
4.020039491350257
0.16904655159487936 0.7339995842002974
2.4270750068696136
---
433000
41
0.5065971029132772 -0.14738594559884247
4.758123825904567
0.5069632694975726 -0.17109251689084815
3.5722170829734656
---
434000
33
0.25891681757122126 -0.5955086712316316
0.49499410978317415
0.2823118185372069 -0.5821105488045656
0.6001314111741367
---
435000
35
0.38662952410816315 0.374670200108906
1.846633553862387
0.38272276802334465 0.37566079254921686
1.669427382318486
---
436000
29
0.05920488418431982 0.21117337051394494
5.828799066245252
0.06478885170937068 0.2146919968828228
5.453423737458075
---
437000
32
0.015765461583639614 0.9634290439412931
5.865183203256353
0.00792150289412106 0.993472812855808
5.207697144178337
---
438000
33
-0.15914077604487947 -0.15071744631352693
1.4808691793900208
-0.13849101785916637 -0.12512574554633654
1.3591388315192887
---
439000
27
0.8313223460816269 0.591764821543472
0.9067649942121893
0.8260412504125713 0.6115979679086461
2.2207079581189157
---
440000
28
-0.12080929101052586 -0.483119143004357
3.7601668139876065
-0.13552171632892407 -0.49630473509983314
3.5664743218807526
---
441000
27
0.2440097754029633 0.13527377602699808
4.284466342419886
0.24676952730453244 0.10988019113139229
1.7346621137837666
---
442000
35
-0.7142616970424348 -0.6745123194335488
4.230044560237299
-0.7397473672695858 -0.6798595430241673
0.22609300258771547
---
443000
31
-0.5701102467973798 0.3039183938755248
2.2120583438849994
-0.5777382722074751 0.2845373698538856
2.1476093939999203
---
444000
30
0.549023815552456 -0.4074379181092918
1.2134462698170287
0.5166139833910597 -0.42912183767122203
1.252581056301639
---
445000
35
0.07595870690565994 0.1435054870492531
5.849741941178826
0.09319014508670737 0.13086852616114697
3.240634050823142
---
446000
35
0.8541528796788354 0.15518184149448858
1.1922095287657193
0.8268885532260527 0.12092593578686851
5.263985323907944
---
447000
38
0.9980831709534017 0.09559402644293175
3.6296263670646653
-0.9843658196847078 0.10419857439170596
6.236738787121456
---
448000
32
-0.561725205004487 0.9011355983842353
2.495614734956232
-0.5814180258066833 0.8884286965162558
2.997944818192691
---
449000
27
0.04051247619384693 0.6471600764495818
2.2797390911507125
0.020098427902453517 0.6623271383059118
2.3938814443719743
---
450000
24
-0.031219189556445946 0.7461902453037625
3.919485985984348
-0.030809146895378465 0.719519502078387
4.295737075958566
---
451000
33
-0.3135854847601825 0.8120816947036038
2.173692647015426
-0.324952124788214 0.8156694907487178
2.25155378353828
---
452000
35
-0.04571927692581914 -0.3634074054569819
2.3666279489943762
-0.060042996011541255 -0.3628058186523109
4.750467374029117
---
453000
37
-0.6156910924819281 -0.03705148357426315
1.3815207385454757
-0.5998264080130596 -0.021339854888359707
1.5106426427808675
---
454000
35
0.8254805994015834 -0.5569318939327713
3.9687731847039793
0.8152747979157368 -0.5871644642133734
5.693381946038343
---
455000
29
0.8674584992082084 0.9251284265829463
1.9181934026750702
0.8667048740341485 0.9277174425244933
4.790258241331123
---
456000
26
-0.990588195989814 0.3358961920793477
5.367751383500032
-0.9879204714943136 0.33487192502101143
5.2393590685503035
---
457000
32
0.20088455340709943 0.28179902745352875
5.3410549396596885
0.21860317276287794 0.26485729897526034
5.28899611728689
---
458000
39
0.5697727413557879 -0.5573789379432017
4.864877878862862
0.5795492724608922 -0.5827313131546767
2.6828099502682683
---
459000
32
-0.6164890372002495 0.3405088942603307
0.09093524836217551
-0.6062641584270869 0.3421109019117139
0.3624950038902428
---
460000
40
0.8093747663674457 -0.28797717689097635
4.578021175629101
0.8024069626088621 -0.3055504995408879
6.111764463560424
---
461000
34
-0.6763348070911117 0.2882151687573702
2.313352851404862
-0.6816595362818711 0.27955157808418446
2.153983949192948
---
462000
31
-0.19910625249789615 0.7437973295458535
4.065210161607482
-0.19491317250801948 0.729239594483694
3.287155687141605
---
463000
32
0.08078331531019586 0.40773649488739067
2.196481679078414
0.07843158692375707 0.4123736308829463
4.577801507832316
---
464000
37
0.25457985837461716 -0.9920661168291548
0.08143763057556093
0.27080954590135314 0.9879229864556374
4.893124224788912
---
465000
29
-0.07347706163373983 -0.421284452968872
1.3815157561537128
-0.058918308364084716 -0.43959649442492404
0.42989007864718154
---
466000
29
0.6556678437549645 -0.7567610106774562
3.976755716026376
0.6647693180516544 -0.771940913394066
2.2544678143618126
---
467000
26
-0.10267705239563638 0.7384068455337935
5.629381829165219
-0.11231090850992254 0.733266661487816
5.91018004254173
---
468000
34
0.7577037702282315 -0.01382660919268977
3.6352267189016825
0.7634461960012913 -0.024302014913600817
2.8314378818547077
---
469000
33
0.26527619789527274 -0.36114891172484787
3.346475183614134
0.23590335596649487 -0.37149300348625547
1.5122644639989584
---
470000
28
0.1909523492456866 0.515786973686604
3.5564521896467105
0.18250272203338527 0.4927482517825142
2.1825423191051234
---
471000
35
-0.4968201361630106 0.9890640963531974
4.335734878942917
-0.5166177824935949 0.9802873741003442
3.9476466721357983
---
472000
22
0.3918222075134107 0.21458726492041663
1.970710075277264
0.39161212275403634 0.21037512206578457
1.8320004542274777
---
473000
34
0.2417936459521138 0.3877884620354491
5.816466822081349
0.24836690465730407 0.39083453111203864
2.971423855460447
---
474000
30
-0.3614869828647661 0.5439384855261109
1.0325988558100614
-0.36397740005294543 0.5728234283025188
0.9625010396107933
---
475000
28
-0.5164657233065713 -0.789042435282222
3.507099445913045
-0.5392964702643791 -0.8055726365267949
2.1951645974446734
---
476000
32
0.727424003865819 -0.157872841353879
3.366280044701042
0.7151564160590345 -0.14375908699512432
4.74572202746513
---
477000
26
0.6683963300000382 0.05205087632284122
5.44472543874501
0.6937407348849166 0.06094672940175895
5.523946593520705
---
478000
38
-0.01788032005823833 -0.7733161762279329
3.234272135512417
-0.012157108429945758 -0.7693677804425167
1.3042740285020766
---
479000
31
-0.14998348679014364 0.17772784240118764
1.290068726207071
-0.14932580734365172 0.17850305118834367
3.6325923800670736
---
480000
40
-0.2622479928617999 0.14407778200296137
3.002173047450882
-0.2744456357542653 0.1488593804857538
3.905401767332246
---
481000
38
-0.06615659550887297 -0.7980443809515924
5.581189950150163
-0.07947055983298505 -0.7937494285177726
4.330497516893372
---
482000
22
-0.3791771902637173 -0.9630893495818976
5.262058583072436
-0.3825320719608475 -0.9623692632943901
2.532349540753059
---
483000
29
-0.2200689232069347 0.8162052265279534
0.8640798619610344
-0.21185306367794007 0.8349976819654296
5.240760181151728
---
484000
26
-0.1386862649567333 0.014914249975930442
0.15363148872623184
-0.12724491802864157 -0.0028291692691048143
5.809017961053972
---
485000
29
-0.09456148140380771 -0.7991036208304845
1.500094294041413
-0.1120550406730901 -0.8160885643863288
1.5557023152718341
---
486000
37
0.7750615357134114 0.4355438946911656
3.797023195540021
0.7510101759504765 0.4391134576619573
3.4675017039548814
---
487000
38
0.8372454807531865 -0.7403136054772124
4.478373726668501
0.8242571152797249 -0.7538950498023897
2.168027169827023
---
488000
27
0.5426100697835023 -0.9044504169618741
0.8169255472411554
0.5333846124132589 -0.8968784818376947
0.5014547525925421
---
489000
34
0.995631843605655 -0.14757282431641958
1.238542146791976
0.9921982061377157 -0.12494564115223035
0.850770271865267
---
490000
35
-0.8176379900474026 -0.5610162850923084
3.340933246106618
-0.8147835329590856 -0.5424979033915688
4.418075503152113
---
491000
24
-0.7611006134062699 -0.6703727291755025
5.774310533638519
-0.773467728479773 -0.6643908849116072
5.719179731150365
---
492000
30
0.2545321066618237 0.2548302983680434
2.3376979639211797
0.2547064965720297 0.25178495155555275
1.4689708513889368
---
493000
30
-0.25033522387732876 -0.10908406920628767
5.355190399380162
-0.2583762579298081 -0.12860455966815992
5.284707334602576
---
494000
32
-0.6090515785214332 0.9765738371031669
5.292045043714986
-0.5888221997904736 0.9555836882119498
3.1216432311797373
---
495000
32
0.6604414861999134 -0.046064217583313624
5.577986629890435
0.6746766354187205 -0.027902341399054217
4.794303521291449
---
496000
32
-0.20239600379167283 0.7727816185901886
0.9555955126769249
-0.18993996536066304 0.7750937421162256
0.9745097589553178
---
497000
28
-0.18392602371698605 0.8456963435217938
5.44127132828606
-0.18274357009967235 0.8369863510620473
4.220987621142238
---
498000
28
0.5194410723806322 -0.9214855265993371
4.502223061790117
0.5366124025836323 -0.950027183496056
0.04697848139045924
---
499000
30
-0.3102824400393219 -0.9352498404653129
4.214982468639113
-0.3076352376353726 -0.9296564757963832
3.6529800523211575
---
