100
{'run_name': '2D_rec_10_total_boids_short_chase', 'annealing': True, 'annealing_start': 0.2, 'annealing_end': 0.002, 'nr_observed_agents': 5, 'nr_of_boids': 9, 'predator_present': True, 'grouped_spawn': False, 'predator_halting': False, 'record_keeping': True, 'record_frequency': 1000, 'exp_folder_name': 'big network 5 observed', 'boid_speed': 0.0333, 'boid_color': (0.8, 0.8, 0.8, 1), 'boid_turning_speed': 1.5707963267948966, 'predator_speed': 0.0333, 'predator_speed_slow': 0.0333, 'predator_speed_fast': 0.0533, 'predator_lunging': False, 'predator_lunge_speed': 0.013, 'predator_lunge_distance': 0.1, 'predator_turning_speed': 0.7853981633974483, 'predator_color': (0.8, 0.2, 0.2, 1), 'predator_confusion': True, 'predator_confusion_distance': 0.4, 'predator_confusion_threshold': 2, 'predator_chase_time': 10, 'predator_halt_time': 0, 'predator_eating_distance': 0.06666, 'height': 800, 'width': 800, 'graphics': True}
tick
boids eaten
predator position
predator rotation
agent positions (and)
agent rotations (interleaved)
----
0
73
0.5975027162895918 0.632845998109434
1.7309693628772493
0.7892544386890407 0.7468259144403823
4.213000674323791
0.42301776153859894 -0.5073238906197631
3.0673165672826097
-0.40528807381006166 0.869865382735669
4.747156806033704
-0.5872905741934977 -0.3332396031674906
2.060487412603294
0.8119942700635135 -0.739937754996754
0.33996695593049164
0.1049979147920737 0.5239241290434025
1.4327080025489773
-0.18078813084230058 -0.2785197352144029
5.801388522023076
-0.06260053400487857 0.25728261728040136
2.21040935169348
-0.6563181471764311 0.860180468210294
6.072256864099061
0.7006662721629434 0.7257591431499296
0.9814296196106721
---
1000
80
-0.3861882822761745 -0.1584474809614782
5.580040235603346
-0.778781655582047 -0.21404275966502567
0.4288114698338559
-0.8465020456246255 0.4150208206136056
1.9506762771778252
-0.6950268471983609 0.5273867877167366
5.887338437522402
0.2946741974158808 -0.9792977401256282
4.127977227928628
0.2886424119971799 0.8187918355012792
2.4287476502886793
-0.8783543719017336 -0.058131817280535826
4.272634315507822
-0.07478312867589394 0.4229295074989062
2.7214161868933893
0.22149574680901293 -0.5949677265610053
4.914301882458121
-0.8919169505279773 -0.05956261918606173
5.932542206606261
-0.7017699270415559 -0.7070057768149057
1.17793911178258
---
2000
75
-0.4726611529235211 -0.8851398750673335
1.2193757321855945
-0.614578801922422 -0.1288165074428142
5.683732494564734
-0.3835679731048686 0.2883429931908358
3.2226382311398956
-0.7498333504273529 -0.9647979269268545
3.158562802029489
-0.25192361696298193 0.3348241746491512
0.965887919674481
0.21956483145285197 0.18391585525638604
5.434206317935747
-0.3186102551001045 -0.23154164117511122
2.6860182943883313
-0.35968623961180185 -0.9418762755125112
2.6410992268960847
0.0829319786215656 -0.9450021798113043
5.062528449839196
0.9749227950419297 -0.7841873840734529
3.140982571923896
-0.7298960225666847 0.0987430244246477
2.876298768394488
---
3000
77
0.9271703656202228 -0.7890815614262121
4.9243285659667055
-0.928848364908934 -0.6524466799910443
5.164008711360543
-0.5275225855921084 -0.6023182769585802
4.852594303946639
-0.0882150347199111 0.09683342183402574
4.7723194356592655
-0.5340782273916636 0.5225759924088749
4.212525098796977
-0.645722176530539 -0.9816031816512705
4.803305087204964
-0.18622067063575548 0.3584775749851857
1.2011176046806398
-0.15478612507314765 -0.6020069124188225
3.868218315742615
0.10051917982711536 -0.3861579700327314
3.1842560413782257
0.9359778268683393 -0.4765991168922192
5.42968750157056
-0.21411217184839682 0.8932184124717352
2.0205377154003346
---
4000
72
0.23206694676769662 0.4428725680390009
1.35891138324703
0.1894347663981205 0.3405342554290758
3.257196775845837
0.3131413016339699 0.4797815043292019
2.3547377331319597
-0.6951697627514682 0.20502894866396015
6.203819153582816
-0.8210507496229149 0.5939823649290821
5.1216393608781905
0.8389645590087222 -0.5305049736711936
3.7414554028251965
-0.950651184487434 0.6558397600302126
5.009061631761725
-0.3599903935257042 0.10417784780022869
5.506638072444916
0.012267999527751698 -0.6679845531921358
1.6033966416620498
0.9422036801706901 0.2728049407104568
2.743495687143332
0.8394182344029875 0.6381466415379691
3.9843101627912416
---
5000
72
0.21633961828810244 -0.1351594344351069
0.22692673684164358
0.21860874715116735 0.32909916303521625
2.497836655077484
0.2190814172608556 -0.46685389770793007
1.4099387960953456
0.7934294791789104 -0.6812381976614599
5.653021061112916
0.43779301282052946 -0.8350023310573935
4.5211514453616815
0.425603641815388 -0.8573561115050744
0.6582746712491128
-0.26302748068930054 -0.6264991331178876
3.6650165311758363
0.7169739184340433 0.3750887419801693
4.95193107222608
0.3386698320610545 -0.15887344984306342
4.282337120335516
0.008357822843397117 0.2231106491827802
2.1811170449886426
-0.7423201906432951 -0.14433178790388132
2.398523670855578
---
6000
79
0.8601073752017777 0.0535917392861458
1.5427172699240346
0.9630576580100769 0.7403555539714551
0.3415780417929062
-0.26594520333392646 -0.4407375550289806
5.5821064090688
-0.3847362637814529 -0.6857157178918005
5.367357178802416
-0.8836908523246044 0.938183637165108
1.9740514386931522
-0.5160044968693194 -0.3140248898414647
3.419160443771392
0.7346491414486442 0.9756687123395056
4.352803527829423
0.48285608517369194 0.0930529470235889
4.189607992335523
-0.3539286221081497 -0.8787062688018725
3.6536745720082786
-0.36204820216398065 0.7607911623795581
4.51882130037707
0.6585043387752414 0.4669453590298801
5.3706065539995045
---
7000
77
-0.007452069740666634 0.9424635187742104
4.080411871689691
0.04850365066298351 0.9289434319203289
1.0972980428529384
0.767544238326769 -0.8370026322177375
4.033139889294173
0.12397983697109109 0.1758064565719855
1.649740097276628
-0.5335985498614122 0.3457151826625804
1.0479018126334898
0.6176563036247703 -0.90879447455492
4.714990628252308
-0.4126453393619613 -0.8951163819982365
2.1922685674777993
-0.6634840137485305 -0.06176034427098418
0.46150159234059984
0.3978093911542161 -0.04815212629132082
2.113381562952605
-0.4317284391886111 0.9824678051706492
3.9957068045709043
-0.9355585952988921 0.13770154280215813
3.4706353729480908
---
8000
76
-0.7278785354409947 0.09651815258525402
2.7231463110446588
0.04238017614947672 0.06669602799003828
4.584233641507515
-0.33921281258626895 0.040224929099883386
1.3614050288806832
-0.9935151629171057 -0.4575930170287485
5.525963041385562
-0.8272236683456166 0.354136436747844
2.3152373759054123
0.08126619042199998 -0.4204004390786905
2.680101313708331
0.9056601204624276 0.8523667105423108
5.07121461739037
0.83599694117879 -0.18326055953661033
0.3141300287295161
-0.725620097647492 -0.9263743763842048
0.9623886983434726
0.13253708845305445 -0.13165432184810982
4.9709411349755666
0.8420387024086746 0.14871686889914093
1.2268667471041148
---
9000
77
-0.9810655605849253 -0.8679632674363487
0.6489648630775211
-0.4866300133270324 0.726042971534551
2.114472985893591
-0.11935499793105023 0.30069808035318085
2.696790619222762
-0.3066839312861668 -0.13511282346897643
2.9820916828098207
0.5736283570110531 0.2974092616702683
2.879716841787128
-0.430216550228136 -0.6675047787984929
1.2557389977161026
-0.1517703682909814 -0.7418384475646627
1.8385957456108883
-0.6300479938103402 -0.7895746723971909
2.6762857959012702
0.870502227772961 -0.1254874098214758
0.30765764055949507
0.7049692460602723 -0.4569488772447361
0.7986854054406693
0.04467034206451427 -0.18567274057578875
3.5192614445741137
---
10000
80
0.9143537829759569 0.476289208795659
4.510079139329956
-0.9464933751973736 -0.9699483553369739
5.457123440612066
-0.7764774184061027 0.49600227384897155
0.5284154875536125
0.13400764676278945 -0.05611371658592207
5.427221560248224
0.828374904839276 0.27123908793236445
2.028363598981204
-0.029353533749698655 0.9417535922323832
5.342919786438204
0.47634298017303145 -0.768945633912578
1.5132663822111203
0.2753745489826969 0.6994464549294742
4.470400140985368
0.3408111492262444 -0.943765227825421
4.739598598478527
0.8458869041499721 0.5080093301533548
1.67272983778855
-0.15800245918366576 0.9477385618489057
4.943169090791632
---
11000
61
-0.6724648732047318 0.06186819971162607
5.457388936227508
0.6636541157184187 0.7908099371946545
5.201311273049826
-0.7991923899139791 0.8758553442447891
1.4407672795891973
-0.524098945360187 0.8027286984915537
0.9861884906077512
-0.975480048183484 -0.8094629668505607
4.728760897596878
0.7249716326878279 0.7312477654815377
3.7733489395868203
0.8221714127055154 0.1532364363001152
6.011597445209154
0.10555799732109102 -0.6959923764617938
-1.5233682629207292
-0.9221111109537057 -0.6443835269063226
1.7741716060029429
0.8431506870616154 0.7476333856772187
2.1811988738704784
0.6357178844395355 -0.894665108484058
4.149435025298326
---
12000
76
-0.11311662485910418 0.9361656258692277
5.538360169321396
-0.08323245863705783 -0.33344058407084165
1.93702626763762
-0.768473654683042 0.8355841799806308
5.943108901889133
0.5904389931534507 0.8337556017000374
5.879298670317541
0.15878485519145744 0.153547900010859
0.2669886268591215
0.43577227998497287 -0.9663668590082756
6.040924100743056
-0.7868830860420746 -0.3183641517980822
4.459241731738097
0.5013230827594751 0.1395768840326181
1.274293309408412
0.15307802367489684 -0.27651147627884515
6.089822018211384
-0.30817371961567364 0.7413449515815851
3.9515503163556094
0.023901713796996196 0.5635359264664357
3.093975799183295
---
13000
68
-0.4988067467908594 0.017290221748766696
4.887790194545999
-0.6062536290119392 -0.028261877241089386
2.174209955779774
-0.29990545912769184 -0.8002230346057998
5.343270899087911
-0.8850644512615881 -0.6970610469846698
3.6752877975306344
-0.15477295700972865 0.5225821017265946
2.489166897644857
-0.9351158921611575 -0.45078701782620323
2.31083847128403
0.44796177180960733 0.8033540300450266
1.9502989827803772
-0.35193769777344897 0.8219210213512066
0.3698436709629265
0.10557722681240232 0.3991016245304343
3.174852399307465
-0.027472523027590443 0.5807748802869015
0.2462235007464253
0.5074551761200466 -0.5377109322244158
0.2862490753152782
---
14000
71
-0.5890607024458316 -0.7866152056918299
5.861908447138764
-0.35002458056642527 0.9870834000933755
4.462827978418594
0.36595978590145617 0.6189888868136778
0.4630394163605889
-0.9504175145869576 -0.8078254133217706
0.2769940895640586
-0.5033414103028033 -0.30347800158256605
0.41497524833082267
-0.6478656412438165 0.6267443742116979
0.6724316481373815
0.08892094781424931 0.8534623637323304
0.46708278417632165
-0.5803461107029515 -0.8906808340907043
5.107548374727066
-0.9700145195390878 0.3425773328070071
2.051494719816101
0.3099467533753086 0.5175676483394444
0.9696831472796639
0.22504183830845748 0.9091047079911424
3.254315198390027
---
15000
81
0.28404495186056583 -0.3553009951880601
2.808437986063313
0.24902134998492503 -0.20969750136935844
4.236940473945133
-0.2414179415454832 -0.4109129702124951
4.600717801419014
0.9418958362679934 0.4805876615863344
1.2248803011095424
-0.5690997961459034 0.8515620172523239
2.2744252387009096
0.9797240287520046 -0.7266039968735334
5.581518264550239
-0.9271235072037117 -0.23035100935405212
3.8123225810672245
0.8720693543710647 -0.5446464020037561
3.6403374984494397
0.3173519599558915 0.06528831234092747
1.674091171964215
-0.5736037210209148 0.7129722512249118
1.8881467804902448
-0.5788826580624472 -0.7472618873912154
4.6778347095707815
---
16000
74
-0.9391240999635814 -0.9317645796947833
4.279464320603447
0.7649291761693437 0.8780071726150286
0.5334451625623222
0.3737792890339868 0.30613895669677177
6.16746128412066
-0.3220981252577428 -0.47865390677406083
1.2931553927578348
-0.20986752808501435 -0.5937528372178981
2.3721155361376596
-0.7795898128863841 0.39022558474576663
2.8020373251595663
-0.6496092685012489 0.14562961181889933
6.280177317464615
-0.6405706460538487 0.022486403687410977
5.047189488749506
-0.4193455398942477 -0.276430537713265
3.607302937576894
0.4344949762044528 -0.25331291029438113
5.231249098295101
0.7017640502685107 0.40942301101176404
0.6028316432853673
---
17000
81
-0.9303100047700676 -0.2153238407944478
1.1399250290650105
0.9991660956235 -0.25139752056761516
2.334637216009906
-0.6137551731951676 0.5626191823803344
5.273972633762745
-0.35362920711253876 -0.4376005465315672
0.18792693435307495
-0.9012170686710896 0.029748087389610184
1.29784203663848
0.9416869654456635 0.06000623483061825
1.7199879128493611
-0.11763337629756515 0.29102320310019164
3.6234902330424656
-0.45399451250459577 -0.9066996353192843
2.933015179259595
-0.9417282053454885 0.10108375800077782
2.3272519500720765
-0.2247590705215126 -0.5297810678760042
1.1286150533570725
0.5102313063276764 0.848099844552803
2.8724001940506616
---
18000
75
0.31337872543211864 -0.9517339057624996
2.217771381202346
-0.7352968810412833 -0.8899210779377978
0.674388573004256
0.7393320000894689 0.695415261825401
4.270608162898039
0.1367261441530725 -0.7264882348357269
1.4406549305995027
-0.9718611012984494 0.48512625444588414
3.5772804404860974
-0.08487087325311228 -0.14983104357741986
2.777920671349815
0.5758524115426203 0.14269294115324835
6.1739409422021225
0.20405076855565163 0.26475190248825725
1.102890991101786
0.5401528512187502 0.7144792120279871
4.489011430689587
-0.14297648247508604 -0.5743402766938082
3.5915677899338023
0.3317806774110566 -0.6243173560563037
0.7858262888536203
---
19000
78
0.642313897845263 0.5224023859379359
5.1245498556654985
0.7977023572946129 0.3510575351329028
1.2134213318355824
-0.29458062369854365 -0.17498999606349644
5.615423225151037
-0.5765740587916331 -0.7849153687793518
0.290064277335218
0.8743477176458763 -0.003189171547922684
1.6676796400545824
0.4558043094185812 0.14207425300088047
3.507421452912088
0.7140997123243575 0.11514144374693007
6.183490167264898
0.01730331498763774 0.3150638618137412
0.9346604453604819
0.8145472717499702 0.5816966979128222
2.6007805440213527
0.09837145060227508 0.270443915487618
4.955309406060503
0.7790523038802566 -0.025252003983780753
4.0345203820998154
---
20000
77
-0.5865213384042747 -0.32027067726110414
2.517016394976521
-0.08896081291030385 0.7103083978445579
2.224228807271616
0.5420196286050275 0.9944062872377554
1.3717119822453583
-0.5147170760563866 0.9019952288485946
4.885812331520456
0.2265728274198072 -0.9571731752484492
5.97130135702024
0.6058663291620094 0.3753265006208625
5.038927551138214
-0.3623789494308224 -0.7545658816187703
4.292496672597317
0.08692171849745442 0.29162800002646583
0.12687724417888102
-0.439909020256428 0.8569187681662124
0.3679138368349273
-0.8045508233831842 -0.3928544969693084
1.1216354443708934
-0.8833220649539809 0.20145168696284266
5.558257933803473
---
21000
74
-0.4284643423483285 -0.5418795798719933
3.5329724212856077
-0.37499761716886876 -0.6194501743110314
2.937296224913168
-0.49481378024137374 0.8679691046972333
4.792730841009668
-0.7191808833791398 0.8084169953761791
2.5123094354402014
-0.5649808482979131 0.7561924702879632
3.8331644863158516
-0.35682180703146843 -0.30174261224254223
5.597015738696105
-0.8672831271216899 -0.38373990536003
3.4645842170472694
-0.6962306681700139 0.7466227406128481
3.353542720798936
-0.58649673134592 0.3243529541461269
0.4300051277051953
-0.9536782107008401 0.9649613965904277
3.24415118830772
0.0031355840255370623 0.2859899847377545
0.7469557696985776
---
22000
74
-0.3407594365174239 -0.9775388111270223
4.376236610242929
-0.35854981305604305 -0.9815106218106877
3.64541588604746
-0.499874885038483 0.055844565811960296
4.982265075737097
0.5535300193312237 -0.4162634922875792
1.4690402673734297
-0.2773711885168918 0.4881067561702313
4.844751524938021
-0.9752305546758415 0.776300291946136
2.48873386754644
0.5772969972270712 0.7624329970790525
2.176761038680203
-0.868643522088256 0.9492886702400156
1.5902523212792072
0.8620519843107395 0.8415565684109881
3.581163264167478
0.6815227196916362 0.14644788054989455
2.075926602180197
0.12685518306025872 0.24562845416793458
0.2070749512633867
---
23000
71
0.5933861325742805 0.16718846966581194
5.3549854165587565
0.8019725876016697 0.049481223500315634
1.5749543532476027
-0.0353707724357451 0.19796573722550836
2.6209067874218324
0.4448808053887726 -0.8244587245656813
1.1717446288313917
-0.074530647159797 -0.7747083536331183
1.6346980344452557
-0.9084302025502068 0.7684767641531447
4.594905799201519
-0.56894487557663 -0.12253315455173411
4.178993345649111
0.8643865150570462 0.6930001758557585
1.7206007109880153
-0.15273228194710317 -0.0676639247171257
4.656618490646822
-0.5360883322949066 0.11768416425916756
4.155823344090553
0.34817031532934556 -0.5072164201810441
5.100640911839121
---
24000
82
-0.9302184564754515 -0.6224509163764286
5.504895118065596
-0.8256520505029263 -0.6430726184221667
1.552930602126093
0.9889735037580845 0.867704910661265
0.7813938991614622
0.05471051866933541 0.3797947841303327
4.620525617139919
-0.9966505654581654 0.09772393137581915
4.6543171515793045
0.14515417237305206 -0.0481512028748967
3.7371820354372507
0.8438813537842375 0.0373101644384904
2.8550339667195024
-0.7127482791040747 -0.5611813233302483
2.9680920095038745
0.5769207095818597 0.0963480321788714
0.03353255800439214
0.03882570557395905 -0.05923694658409625
3.1608714455582545
0.5532439429752971 0.6778194331961893
3.5679427536214536
---
25000
80
-0.5197335487263844 0.7112841903123341
4.068470679684799
-0.6540375629435716 0.38668178439374157
5.4954248282819735
-0.9832135251403665 0.7791814824303478
4.9347605097559475
0.11579320947593996 -0.5339609061972339
5.191039207587063
-0.3278657842872791 0.7634857185972965
3.425069900124311
0.3121994544970033 0.29320257948050166
4.918926919132654
-0.6203660531077914 -0.6258687983606823
4.478255282816154
-0.2651294176195567 0.34628916592563747
4.051071613831773
0.3023609326319756 -0.3198693428097299
1.611707694009887
-0.15739568763856673 -0.7975733333745378
4.831135201860355
-0.325565327698247 -0.99828617985329
0.8881155184618281
---
26000
75
0.4791304435128214 -0.4250008916841242
4.379565451916219
0.49965404018026643 -0.41540793495402445
2.103834760103802
0.8888554708519394 0.888717030493297
4.029363679788585
-0.4824918931873315 -0.8658746227479206
4.098105739126848
-0.7737261168001648 -0.11038980879289752
2.797781492276078
-0.9534892490061045 -0.9777616101153117
2.0379209237494464
-0.1666355505183071 -0.05941783053804196
2.23802521495939
-0.9176161737383113 -0.3330244520058743
3.278307977922919
0.4219047632867205 -0.47613165170451355
5.900400542335387
-0.044189112030623603 0.44371300962986093
1.2902840473283312
-0.713904143168677 0.9186200094067907
5.053640059828223
---
27000
75
-0.6872854872526067 0.6437371063173447
1.559280327514274
-0.5591783837737863 0.28110407960554856
1.4500260861507366
0.7868828263705612 0.8459443755865362
3.38399405653717
0.7119603283589715 0.14057555350897136
4.802885088614649
0.9924991208769033 0.9499051134529523
0.581006260364628
-0.9608311343648642 -0.7471273409160103
1.241507374014299
0.05257186700082017 0.28183523296268725
3.625368202081977
-0.6699673075895194 0.08547930879484135
2.362850929912521
-0.3992752331697971 0.752163912246867
1.460637593076049
-0.8793360114630132 -0.6339395170561929
1.1549544920751886
-0.282800139987069 0.15600602549823972
4.881782714550895
---
28000
76
0.7774481299486937 -0.3321379865878001
3.0281120586576535
0.8955365793439046 -0.4192307965380728
5.246025677568787
0.6815425793487373 0.4665253398072138
2.7134885179309975
0.8509124516521904 -0.7665471230037394
3.557814309153981
0.7881871783198842 0.26576507398341526
6.122219201474166
0.46471705174638256 -0.24582751982170625
3.0176517734998027
-0.7950168409830689 0.9282269136696157
5.773353555638242
0.7498925098523269 0.598604548915307
2.875333854454812
0.5541138937932313 -0.9559192199325623
0.017857928441679327
-0.8703800683236885 0.3132236749823732
3.8484403962786935
-0.893693660514249 0.42328803836683476
4.71683566009662
---
29000
75
-0.0464337249188196 0.9764905053560171
3.389375565993303
-0.2515357642391143 0.880336449082159
4.311769515597037
-0.08367318625169627 -0.9330572513819315
5.616888188867264
-0.6512830285072088 0.9936373721420626
0.45953154203725166
-0.660822926056984 0.7073755319604044
5.883859434384432
-0.908010676070767 -0.9238266260558787
1.1883154299097152
0.1631092498055412 0.15176838189574213
4.706787950367795
0.45041970717190605 -0.43389715561769193
0.7105639806798427
-0.10382665440309713 0.7283381146316203
5.792102858163037
0.548206350825393 -0.6878618939263543
4.248179076625313
0.6283019606393153 0.08628864922117419
5.539921028679665
---
30000
81
-0.42786860973254126 0.989814384001807
3.310535378660303
-0.7116643646170098 0.9672276725904989
5.941974649818608
-0.6206560252792913 0.8994221942278112
3.8827721062731824
0.5275171885108502 0.6858560577429434
3.8416412495675436
0.8148844378820247 -0.5439982974498031
2.868043442258714
-0.5427986969771605 -0.20610824175959153
3.7528115961651576
0.6739790285646257 0.012778254478250801
3.3336178726134467
0.7085716025515215 -0.6391742130229435
5.949904836103304
-0.24664130458002723 0.6950856968909536
1.0143340493094541
0.06060077242329068 0.41052141255905195
4.776634445185409
-0.7465623046633114 -0.7452674471038526
5.848302072431917
---
31000
74
-0.9404409742657448 -0.07046373592008368
1.3872993046463769
0.8121687644594393 -0.017032704142367624
2.0766618908651404
0.6654856680474839 -0.7649851754142369
2.3063800549493916
0.08501041076935799 0.6903995380715037
1.7734834361487533
0.19092842984030906 0.14510506869665776
-0.5146863203721782
-0.915788380143237 0.7744882548712437
0.06659351665396507
-0.8573918732865734 0.31885488885904495
3.392239995867002
-0.6184852132479329 -0.6382493946276258
3.2933957520855834
-0.9197286389203171 0.18950640790221188
2.69491865155815
-0.23900885350471254 0.2438241764821482
1.6230391122816012
0.9405018735302045 0.335131453773646
2.9684694660702373
---
32000
82
0.16324437194510288 -0.3645324425502792
1.5759252648240443
0.02461075966597849 -0.6129147747620509
2.0068655582267896
0.3991603009700237 -0.1706791824711308
2.386533747124205
0.4674909253549741 0.3090258882397861
3.3698150269419385
0.19154572818403842 0.13455939380874
6.004091374391209
0.7496534537151718 -0.42642213676472707
0.09946050376885207
0.8841144230772421 -0.4773334690834542
1.2390531780921608
-0.030303942747450033 -0.7633742027799074
4.378964173811724
-0.8930333367408492 -0.6583713827233186
1.4012436632648892
0.281345739778509 -0.8326400865238223
2.8626582544343107
-0.21410552287627874 0.14181341858372032
3.133352649398823
---
33000
81
-0.5042111510614066 0.2368576735606798
5.481610635349534
-0.4202204231115627 0.19105390168655545
3.7605729291381325
-0.7693838382076464 -0.9709247006846509
4.0488656317954135
-0.8773417556544286 -0.4721159075281148
2.5252461717129915
-0.702576469241344 -0.7964105453088935
2.12025422957967
-0.428093933698006 -0.7658489294630816
4.80301384635073
0.7775008013126126 0.967413094967783
0.385924269000566
0.9176009044247257 0.7421231347062653
5.715295636417778
-0.8945629178382776 0.8197882397077693
4.398483448172713
0.4581943431840666 -0.12761049029039534
5.894275925020553
-0.7519484156589523 0.7556413265530414
5.981660129886493
---
34000
78
0.7060755070515947 -0.9390377816395276
0.7011501446909122
0.5164863542065999 0.3790676596846596
2.969800545041293
-0.009833385335812385 0.3039527220929848
2.4508357598814303
-0.18615226026899453 0.9541961210519877
2.4561155108611583
0.7250260793624468 0.1904237940658101
4.273651213844526
0.012151368151412045 -0.4091165405467098
2.897949392438176
-0.29108295712684795 0.6651607382938824
2.982529559305407
0.9649131199013107 0.6203569023150858
3.392330403471604
0.4230655147320749 -0.869806710188376
0.7379710387452523
0.8773086341103582 0.511738608174633
3.132616272153073
0.5954440053633636 -0.33026384149570526
2.752214599555315
---
35000
78
-0.1875092043777432 -0.6544835922902033
6.106241527029121
0.3404685196047357 -0.9779383983653296
0.327327192521234
-0.4339669128581584 -0.647468758001832
5.477908464469968
-0.03455332680692349 0.8779644465552564
6.2552716050791535
-0.47137994887712087 -0.6741442908872344
1.6394119923676334
0.08016962577390055 0.5091476838328595
1.4389407473330014
-0.4430087679072923 -0.4994578715968686
0.8386014878474377
0.8539545882981553 -0.20778548486973372
5.122314109872851
0.5983843136106113 -0.19595406918099942
3.4646453879992674
0.07701289590997248 -0.3494488451941121
5.975506093247726
-0.9450931330122131 -0.8363148386383619
5.112969511242794
---
36000
84
-0.2769074975817322 -0.6405931341657453
3.3346498986722573
-0.24939056697605952 -0.7568373990982044
3.8104226627546733
0.0718733946510046 -0.6351000597439209
2.3314912498999174
0.04080992770136449 -0.8779651177123176
5.505658744919287
0.23852582592298033 -0.11539453943316519
5.704975551085335
-0.4788177390638129 0.5061910837814549
1.938061484265818
0.9432771740364905 0.5990665425771075
0.29065882942132415
0.2780144858352019 -0.8107768442599678
2.882756878880616
-0.9305220679109306 0.3963278547558002
1.9988795475261267
0.8502129222618613 0.57498391430073
1.861963657838376
0.5450339500848802 -0.9627025553227883
1.293507774177023
---
37000
81
0.2594764783331096 -0.18782382724879293
5.814054428043023
0.4698310165985169 0.15796621475101125
3.654935964966328
0.07364919344278834 0.7088534787323469
1.0241742767477247
-0.606227943984422 0.6062041681110562
2.227906580682423
0.5577654849262061 -0.45813921502369037
5.295084054532731
0.5005490752689088 0.5490845043497516
4.6644791547664575
0.4141525013663589 -0.8079376296984583
3.0571283886733687
0.29762584123780733 0.04187400550529599
5.54586126965059
0.5061680664539051 -0.7779384281000977
0.2952198394457026
-0.23736457847235481 -0.18720685279706115
6.166634623258873
-0.4501395358822286 -0.0032339535209254394
1.6783090517892951
---
38000
73
0.9158677114094559 -0.4098500917395697
6.015794443289802
0.9677288681158457 -0.29960076753978415
4.814808982066444
0.7905775178473917 -0.6306026460063997
0.01610726124352979
0.22989321076834926 -0.7510005996282049
5.922735548271642
0.509110752617609 -0.7664342485010612
5.957718962339689
-0.3953501226402399 -0.025972051647996996
0.7594322036819587
-0.25133627701293515 0.8242907210611733
5.002869664269364
-0.7696670848806686 -0.02088580536261584
5.052685651160512
0.35018286360787304 -0.3032222863024178
0.3155712969480273
-0.15432239217461632 -0.25982340944213944
4.8245767455764055
-0.5591415107557148 0.9933157594176736
0.20968342343794746
---
39000
72
-0.7653467868567001 0.7137350978947093
5.478625042303364
-0.9910727520671971 0.7530663073327757
5.937349062164115
-0.974385266158322 -0.5253420851475493
4.438171752232056
0.04083807139446456 -0.7118258174496499
4.811270761241874
-0.658096103319843 -0.09451646003823422
1.0279968433898548
-0.7591851658888276 -0.7416969208498805
2.444370840149287
-0.5967352165730788 0.40526702622357735
0.16235677155784778
-0.8586399329552954 -0.6481797176476475
2.964321932840562
-0.9132043913578876 -0.6307245835428272
0.9104088030603261
-0.8190852472528445 -0.8417616819965924
6.25572353154522
0.6133912402535224 0.9728961855565448
0.5199096065021784
---
40000
74
-0.2021922513697133 0.8313238425775882
3.183643112669245
-0.38535062448391466 -0.9928836334541609
6.00538603174904
0.5767460247059307 0.8608257168570411
2.4446064072889193
0.5551264787126766 -0.7437456813005558
5.725469600382114
0.2383430813083424 0.43930461155193423
2.5694655358949747
-0.44201649591242037 0.5713607876412528
1.5390413798680358
-0.8381437513584902 0.9576393246013357
4.102311953555959
0.4032322696639013 -0.36150804672040127
0.8004061163344804
0.12523333456607705 0.06703424228997991
1.7923609155820754
0.7311652996667495 -0.3102032992198835
3.2351360229602877
-0.4562401438777972 0.4137519126061278
3.990033014477957
---
41000
72
0.15061161994248842 -0.3281605654343291
3.9337190956118255
0.15298402260876517 -0.3680289516857866
3.4641478812954256
0.6948584601193647 -0.7736148957315077
1.7783731385794503
0.9490564982907449 0.509190568649209
0.5337670919181585
-0.09493949001934968 -0.3674700929744516
4.088424712439052
0.1608181704946139 -0.5995039629238101
1.0287252681783734
0.7791662051682631 -0.8673335362223151
4.455614838842635
-0.46007157281225386 -0.7627301009412303
4.266087141889246
0.5234385851773216 0.9069624448317508
5.9784414572280244
0.9078603374918975 -0.664928351801339
1.0698832519119463
-0.6133356955866671 -0.9284302682456991
5.9981272350684085
---
42000
72
0.09802227679153638 0.32296319066446466
1.9121531377698187
0.27855543580179143 0.24040400708793164
2.197530559098386
0.9421982365224975 0.8439727870444786
1.5794631796527412
0.18365918770081863 0.8937986826924947
1.5266903961115066
-0.49938493151179425 -0.9981628779623588
4.527919190282169
-0.5964602468679017 -0.21865704572068695
-0.5634173641412532
0.8077026115466374 0.9365264529722874
3.7241319499628505
0.8827254210233989 0.8289134526849533
1.4452295125309211
0.8645954945101688 0.06121822497115145
1.6545612183523701
-0.7595106897657538 0.9104285555737891
2.347239525652995
0.5338067308965059 -0.8786376963091872
0.07566134150746606
---
43000
81
0.08343788913876479 0.2531010978711752
0.1772136083006064
-0.010139470099258526 0.37162251841371446
2.0595539438699637
0.9845866752516449 -0.5761547717183236
6.024108558404585
-0.8748572941970582 0.117091792375275
5.418008156873665
0.2840882505863299 0.040687723089801286
1.1387371869700855
0.09836680206651693 0.40929396653093264
4.807113896454418
0.8175136727943743 -0.21552614876043164
2.989671155543724
0.5852552651718994 -0.9037458327769579
3.5660527276970795
-0.24425702705786229 -0.41691476318912596
4.163554759195287
-0.6775298289913249 -0.6880018783292463
4.104345875402099
-0.13853925259026795 -0.7877838199268223
5.3376840201988776
---
44000
76
0.2083844397347402 0.7039879570578255
0.5047247227489156
0.24108059794110304 0.6716540467047224
5.516253961018439
-0.11959039735535384 0.6984945031474934
5.398793272287074
0.7449305260916697 -0.40979292989575755
4.873913565475709
0.8081011226360576 -0.32670252551950557
1.5489194198476817
0.714656884078126 0.4558315592977926
0.5199844037121553
0.6978361299605157 -0.8310299145442436
1.7437467096357118
-0.7757468404039972 -0.42532952162004417
2.920039109797639
-0.5359988173690698 0.7282154781056419
3.7139337347956465
0.5040127009321465 0.9651580270327172
4.572662517493581
-0.6030448667199884 0.027182337160279145
4.665510536211403
---
45000
77
-0.9309435860023737 -0.11667860938306705
2.730085051178133
-0.6883264831663621 -0.037663329093782255
0.274331925021432
0.24715559315855667 0.7382052094115069
2.680795432372701
0.5243464084518692 -0.7248190584412166
4.278437897368433
-0.6570398464712996 -0.5676169633206412
4.504462665118563
-0.004148549144644499 0.06384044704666356
2.4387338274038663
0.05642015696106524 0.5933590091408478
1.328774500333301
-0.6467551584950599 0.9570342184124868
0.9199352654414357
0.7368506158595319 -0.03925383570482692
1.657980507901164
0.02960380436073674 0.21601476102695633
5.141811667458726
0.2523148076501981 0.35654708240947
0.5599426125688423
---
46000
77
0.04894189185108668 0.34696583357622146
1.9384953475974238
0.07221556715777805 0.44916084438878057
1.7155307955238825
-0.6358032760399346 0.7470288127196706
5.072420730299795
-0.6790304118987831 0.6248476320651987
4.259560003599354
0.8934302471461438 0.38630006991134136
6.066382073476661
-0.6223211762334871 0.3068211650326136
4.573218891792602
-0.8341626947708239 0.6571604252874689
3.891310516865368
-0.335486438008294 -0.3942904235308654
0.7393613246016582
0.003799114263269107 -0.16286235282680167
3.3040998210042405
0.8901941188678646 -0.323515770078424
4.815379288723282
-0.5995696165450437 0.6760380573336751
1.191527760123905
---
47000
78
-0.8091806572036677 0.23238660765139896
5.930745867461658
-0.9323905842416934 0.2552984596582506
1.626659612294973
0.2150783775759435 -0.3572430249654933
0.6756775323751567
0.8784051133796873 0.39351787541855876
3.7147672425514973
0.7567898530780608 0.23063317568549413
3.6489030638814564
-0.9323424811782245 -0.2715396647469569
0.33154279516158525
0.3522604618972733 -0.005319563533569369
2.1704788167292888
-0.8794727096416151 0.4979678724460004
0.05970535495313278
-0.08052555736044116 -0.15752332582337103
3.3839009026467295
-0.5880389072339334 -0.9304560794135639
4.368832006986781
-0.18082093524858384 0.7572451310244256
4.986137245184755
---
48000
72
0.8989779621471597 0.4188319742184473
0.48515087303121535
0.9544536123021935 0.028989283585899812
1.657700911562861
-0.4851619777147942 -0.593778384021318
5.518829609487882
-0.13331662576560807 -0.6996063560342447
5.627036419226866
-0.35736086683041485 -0.260410707236298
5.048804554775785
-0.4911105863497263 0.5472331706461809
4.597708628639595
-0.790048099713908 -0.9654272584621102
4.8280872237887005
-0.4699334190972124 0.3706880041953009
1.0932745971745002
0.2888681944382464 -0.47566765841998393
3.332813257931841
-0.0034455825517735877 -0.7423705308281335
2.7285145325389815
-0.5784771559599664 0.9439557099645974
1.783872167019247
---
49000
72
0.264236220874866 0.19962443360090074
3.3995099598629483
0.37881001036304646 0.40428938572597495
4.7323634600006175
0.07978979517434745 0.9966972418633221
0.2969255110312261
-0.2976790320477336 0.30420068810184575
2.9070855743526547
-0.5533077599968771 -0.6971652959546812
0.14910410194219814
0.09204983083460883 0.3687384501268451
3.349420480318882
0.23049606948423773 0.7756625145115672
1.6567983257635213
-0.9452761718782028 0.8411338310476382
6.268182873317084
-0.8041977523605017 -0.7460050905667353
4.418290670663979
-0.9078839847007105 0.6563367836729933
5.0660722101806765
-0.5813341710131988 -0.31866907750139206
6.102870051647415
---
50000
85
-0.5854670636457995 0.07881615109791945
0.4913886301501262
-0.18115066967322288 -0.3599633930300884
5.245066332157253
-0.844394603333415 0.8890088242010041
1.905032612650353
0.39702703345552 -0.3554195946700792
3.231093139218678
-0.11262228284425028 0.4850208489474797
1.2100872767886095
0.7915453302420243 0.49131297980231403
3.313489833237485
-0.9860093985913145 0.9276014655164286
3.3804408957832166
0.06294030136577994 0.11291033378296796
1.5292761853428303
0.40653956040945116 -0.8034779294227381
5.4838260528498015
-0.7065111504125126 -0.9250314526903121
5.871187122075085
-0.8545992293650012 0.22832957901293172
3.657787112244165
---
51000
73
-0.1598854781393359 0.0836849478359639
2.0044873961439706
-0.4960636884857086 -0.04071647667223517
5.330774585545868
0.6093099182084152 -0.2681251842267425
0.856862547784627
-0.732712300989553 -0.8988195768293344
2.338248967695792
-0.9184691901018394 0.4934550052963069
5.770700790445639
0.0785474072549935 0.682423731039434
5.11650820677174
0.2779131261567525 -0.8995180771325146
5.730626943692846
-0.23742011206640123 -0.2803641819397779
0.5352584322436664
-0.18290458018256128 0.8754629537608346
4.242605094098905
-0.35075751634528923 0.02567393602425429
5.458990342321752
0.3326743710175639 0.9344157111715264
4.424430323754288
---
52000
65
-0.5764520020692201 0.2804407483630865
4.680078009417159
-0.5786709821225837 0.5470218977967503
1.4995541744538574
-0.5239087097821908 -0.9413990395965807
0.6240652414969166
0.08310282056505744 -0.04816344703755391
6.067788618856638
-0.0037584626286655044 -0.5074806316588684
4.773305845852463
0.051512897220304485 0.0987810826695048
0.040357381396292524
-0.760924103939803 0.8090789574998019
1.0933596715948504
-0.014524446302357722 -0.34263213892272887
4.510358892109746
-0.9380814455937784 0.149139193898848
4.86408260284952
-0.054998848533055644 -0.6755803084045295
4.630763753368895
0.12126369979503134 0.14724815183841067
4.022559232221623
---
53000
80
-0.45983624445023985 0.5682614499305889
0.9723743229594255
-0.43942588452141645 0.5310419302697097
4.705956206356842
-0.04825041997375581 0.1287377691407929
3.107342347547224
-0.2860122923937863 -0.3836402842502747
6.275602659925044
-0.9358439433749369 -0.18730688122549358
5.371579007585299
0.6050860417181191 0.9292061677102708
2.8921737137590604
-0.83998421186861 0.9394933076539024
1.7474048444801857
-0.5552450336062157 0.4986021444715776
0.23410342030436038
0.3759881477849557 -0.6660686564230953
2.6353606930675406
0.36702262110453693 0.10383882294364215
6.147991042669552
0.03236264217215838 0.10252287171463939
0.7026735733635814
---
54000
73
0.7128361551717808 -0.5446190850148137
0.9451334109378979
-0.4970095393370143 0.5999640961261966
5.935336825127487
0.10740899562223295 -0.7861495557260668
1.1836428045815914
-0.28987331663998134 -0.8552485332703447
3.2451320821270677
0.7785467028205951 0.7042601583083312
5.479275402401578
0.7465382110195257 -0.8726400084132426
4.349221340835626
0.8147515225743942 0.8594228394398525
3.0131973484923984
0.36688456141539866 0.41595614013257975
0.014543892295421301
0.4842852760087858 0.2173017552620574
4.832737043695587
0.10110606528780781 0.4876064320708451
5.187582476365795
0.7360236614601757 -0.02035751290948494
4.241869297144941
---
55000
80
0.16630488792288356 -0.783012333035015
4.155520427487096
0.051355262943795284 -0.8084231138846582
1.182110481137939
0.04297317689298762 -0.007935565469054773
1.388578889619751
0.7906040533624148 -0.8948582539013296
5.393854907794409
-0.12811595289034397 -0.9243657317765
3.437711691636733
-0.9029437331338588 -0.5839720471050371
4.1814184802737095
-0.5344339926355315 -0.7484137143021802
2.5741063465203826
0.3111277517938412 -0.9538124249124796
4.879462865142205
-0.03892343437672054 -0.37520595971927756
1.8071106130133048
0.7159138226914421 0.7908149712998345
3.1714668980575316
0.9784263312981375 -0.735613158497282
6.175781273677709
---
56000
71
0.026743271543150572 -0.6078753457372069
6.08140368526264
-0.3969502595656075 0.8828339194793384
1.2550953382056438
-0.8730963335899744 -0.7023330961204572
3.435333632102119
0.6838367757219304 0.32035966597702314
5.8915741687365175
-0.5690245367795971 0.12364128155581015
2.923446620367052
-0.5224079643137662 0.6245495349590016
4.139053855843613
-0.5865595971113707 -0.6219154655165121
2.7327500747907774
-0.25324735610903853 -0.1615665496637671
2.444802921386101
-0.27934868453943 -0.20822507799908344
2.8779201102324024
0.47229141025591437 -0.9085410795723693
3.6293956093116035
0.7289760073851489 0.8685819678769958
3.065588556784965
---
57000
76
-0.5173341056598892 -0.9068186835058067
2.618043661210503
-0.34395820371715796 -0.8360341860078002
1.9822235705325832
-0.2662424727887882 0.7002014616620091
5.684812559333789
0.3083296832097135 -0.5540165205924021
5.16961584796646
-0.13397993297095434 -0.5419420974760905
5.073147369831866
0.6275243262755773 -0.7807397704847254
1.411346298999602
-0.8878431196189995 -0.8603758968661345
5.628921229937724
-0.9134774858241531 0.3826092305107515
3.51663761771946
-0.47899303103436125 0.7525926589473069
4.893858689262854
0.05750817370941588 -0.5173618562984217
4.975434076860696
0.7545522207297934 -0.8562776515159939
2.1786762295073148
---
58000
83
-0.15196849618001382 -0.29047540780728787
4.829748182530799
0.09027119301301098 -0.5524956133511788
3.0648333963033796
-0.35633246661811524 -0.12570047401575182
4.937697350874547
0.6625465947290323 -0.27189388455602015
0.649861450991744
0.4694022985854637 0.933613739270036
0.165883184281145
0.0023806898736789817 0.848935148093698
4.048538747904254
-0.21465860950976173 0.5422956681429214
4.420816784234579
0.22307417460901277 0.02461120411291315
3.2900026311633632
0.36972752062860925 0.5741647127755942
4.413806990869384
-0.6397922458666868 0.41373137954014344
6.032051812429392
0.8622515049389808 0.5077734645649119
4.473595317291762
---
59000
72
0.04651329043861042 -0.16306465400036357
2.4526568233190753
-0.5478560662985521 -0.08448618525606479
3.0354897762604907
-0.22311261082264047 0.02994874981145294
3.312924209175377
0.2657304050907155 0.2640184433042748
4.8368950792873315
-0.8738045329609809 0.9676134801919645
0.80202315997724
-0.5125422028975127 0.38428693826332105
2.832375628247681
-0.8815600468977668 0.9637640621325078
4.399910066273947
-0.9439819237955798 -0.7708798845029062
4.661607155609402
-0.8117796334513708 0.42598143020418344
4.676371007908693
-0.3155007355297629 -0.5224592058843547
3.318793358765343
0.07399749664085162 0.2019251969608256
0.1395937249589264
---
60000
82
0.4042717392347868 0.7702421831554522
6.035507088142242
0.5356070000827164 0.5806905830894508
3.2400713527500464
0.46913223505841173 -0.8109372709180341
4.9914553390680725
-0.6735906716980223 -0.47245418456258653
0.5143520050423573
0.6340692497601804 0.8045229494193118
5.423835097423235
0.7315843535962138 -0.43838608363564724
5.660415555444662
0.7845257906089187 0.5018878461906208
1.9894700580854119
0.7970400968437271 -0.40834204178253536
3.378640510134569
-0.26173595444936887 -0.40922432072196085
5.945761722700578
0.9863380716756468 0.7783202310239521
4.8839235294037655
0.9956713953521215 -0.9546075602544727
0.1064582967506027
---
61000
84
0.781681277440304 0.8748786483834189
5.714976825059587
0.7042746788921014 0.871799679433332
4.880252410866713
0.8622030243762656 0.2575289499387237
5.818266172247554
-0.941374204408835 -0.7964813571243554
2.8948417356708944
-0.15213598484554458 0.1313910439111301
4.635586715765679
0.8929525218932779 0.19112075925734004
3.1244365312926323
0.18579532918518177 0.03779790404219627
0.4378725335598963
0.6880335527284419 0.8738708019625298
5.682753625601566
0.49197214970217507 0.34088379328156876
2.2993558378945904
-0.013804618544506111 0.5740460153417442
1.2828673863858349
-0.16382789481019835 0.5640298257520312
4.928420326177165
---
62000
82
0.7944908578237204 -0.3636584594557357
1.1876901730342093
-0.7903503488005877 -0.5628359270484252
0.7000969980515199
-0.5260837725293248 0.4135520313490063
4.543949365561957
-0.04333070167488569 -0.5733894847717034
1.8372912876600465
-0.8777285594259123 0.8170838507904086
5.931533118041379
0.492792566542174 -0.6664477371568466
3.867594526361419
-0.03057773555603794 -0.7967500801026944
5.108168112718133
0.9320163880646992 -0.8549459689132629
1.9471172316459233
-0.4748249891972885 0.6166987094223028
6.03473321802668
0.6297801502232591 -0.5350206239385826
0.6179303441134847
0.7765662349454108 -0.9007648854717393
4.008542674381927
---
63000
74
-0.6630061653293682 -0.1683680610535378
5.893294642050094
-0.7709369562683279 -0.08234790612448901
4.282821495244563
0.4217328416125922 0.8663792920843432
2.3260300708618926
-0.7551433900859834 -0.8425659134369663
6.239216000881082
0.04366350411473684 0.6748380217910114
2.7623397355954884
-0.2910454058320009 -0.18793110514333408
3.7326255599615026
0.7348872360878264 0.7143592162180848
4.306394756453018
0.41787719610904894 -0.2070860626339112
6.043953280397923
0.9806384798688992 0.3023985333484832
4.988542932580484
-0.9574947658736661 0.5053735802411482
3.572520753621859
-0.8341868901761934 -0.5414647754987485
5.265628180901166
---
64000
78
0.15975764571072634 0.22546283274480267
3.8500122316216916
0.12011162083020471 0.3003170788169034
5.755584066208719
0.9463710981506707 -0.9564211021169312
3.5684962253997643
-0.999516675939099 0.8543773791132039
5.429409447718426
0.2556257539040878 0.5575197086895265
4.950090384778488
0.17064255588079216 0.4066141469458421
2.4904008905687913
0.6322298226210197 -0.03137447588763691
4.09728980429285
0.5259749799544207 -0.0015871244878001636
2.1894058461473587
0.15418406029739257 0.10304990166797098
1.703790220582527
0.8881971986980096 -0.39529968641751745
2.437501796538359
0.6970220639619256 0.16625153220381028
4.299583480463837
---
65000
75
0.024390664099670535 -0.5574066639058372
1.7344331407693514
-0.32574775805515965 0.09697714956828556
4.282376193833463
0.7082997082244298 -0.8476570212806558
1.6158185485641718
-0.6413577874865913 -0.5053520072506692
2.3266552447317066
-0.33596177673219224 -0.485490062756085
6.1218130394805
-0.32208901423998876 -0.8397301236165973
4.9095513878444095
0.10085843068170638 -0.6505453968645059
2.1703545702040508
0.825806630213646 0.1693713139797336
1.647896097579217
0.9825569678631252 -0.6879365917088739
1.464434226457275
0.68676868942149 0.40301439858565624
5.998039287045459
-0.4950507470932839 -0.6185335093658308
3.875877353118825
---
66000
76
0.8611544912593101 -0.9901664665942103
3.6488339888638417
0.9566806890188579 -0.9776179434006927
4.887271211317872
0.45123247239620157 0.9036686714687778
4.285501854704904
-0.5496033821589411 -0.6789642908813068
2.564078857172114
0.7664275207792516 0.32352439013403067
2.445550982755135
0.2260064480775603 -0.5289606879965467
1.4271029297850477
-0.6023675478648367 0.4462605033005137
3.093687267867325
0.6611231709984015 0.9428113983895867
4.064518634302439
-0.6970789424550882 0.619891995331199
5.63850721351259
-0.35764595925503284 0.344206313933194
2.1887018853118603
-0.03879434256104462 0.8869938742067343
3.5945498233906825
---
67000
82
-0.34105882542501575 0.24431631625127948
2.928720279258292
0.9694786107142965 0.7940171827148903
2.8269299123757925
0.04596862069780559 0.42366284970760837
5.518446577731504
-0.3203468690857404 0.21661805279292845
2.0498214090802422
0.17313442867384182 0.7510372308786409
2.4041721100102675
0.9949286119052151 -0.7457034793719929
1.2183487618325275
-0.46575939636472763 0.823552560121959
4.959290826685052
0.5309505030958518 -0.8239543453430054
-0.7670983367165711
0.8502507689428219 -0.5022190198429597
5.060512596878125
-0.47865029033763573 0.7882047247259366
5.66726242612577
-0.8029521968948677 0.50483451813545
1.638858114252451
---
68000
68
0.3228671564068586 -0.7411487826628615
1.0163710134957373
-0.034989932040550537 -0.5579163915533969
1.452709246486335
0.8781316488960409 -0.4254258889091305
3.753496268429208
0.230687702895851 -0.4505598979682888
2.8645625133773267
0.4505579245750575 0.23829748728988714
2.6319393777086963
0.6016201614899458 0.8153021370366996
4.379075220934714
0.4645790234691427 -0.057965360270146565
5.29892804664227
-0.899335495094691 -0.6848691592557301
3.240788594733103
0.7109192023909475 0.25915484663776794
5.491766218676822
-0.7920249161346913 -0.7864821397787984
-1.5749770932682254
0.15537468427488293 -0.6913489857371051
2.845169769380105
---
69000
79
0.8467069781188615 0.2395749290050396
1.4956458724218862
0.8706909250177837 0.1892519596765288
5.499512143693336
-0.19421466593222686 0.518650718597081
2.1164646893663246
-0.7851324583178538 0.5010817947322059
2.677320699308412
0.5649108776033354 0.815308359920155
1.0555215205791564
0.5335656699201674 -0.39061305980549643
0.413398536882724
-0.8100555188176061 0.6260345188132574
6.247226997564694
-0.36248881594047516 -0.08184770403266015
6.122461812793957
-0.9148525949444517 0.13204296520093073
4.003584151057608
0.46039833456049056 -0.8250962392319091
0.28131957888137205
0.9164854479710084 0.6297945273158492
1.3834351343718891
---
70000
77
0.9718209100358289 -0.5727827537654577
0.5246501076750453
0.8601802592823861 -0.4129911465711737
1.0948029703895354
0.8241276805485744 0.5138629275816056
1.6428358867222368
-0.5816997895117872 0.8077158570360892
2.510981282056762
-0.2808649692623078 0.05786258010897052
4.220484528283751
0.4089723715308388 -0.10750705578570938
3.8821652355537175
-0.650070567822989 -0.9075417803560993
1.8944165919263423
0.7370298211933851 -0.12186494914607948
4.472175506952846
0.6621095872193606 0.20995591451453655
0.9250771102519337
-0.8757088301844517 -0.17200130737881678
5.580713597065058
0.6385657920579768 -0.17082255869395788
1.6995974645476712
---
71000
78
0.7788731892946772 -0.8282493802344594
3.6330904348772832
0.7467987426514457 -0.5660708827754072
3.1352820616863255
-0.07768994935316283 0.44473752289320123
2.6420280131401945
0.5115252570769594 -0.8292493749236425
5.024664484646073
0.06855027472231497 0.469859000977035
1.7297683593855266
-0.304362145828723 0.7065848088943093
6.110866965907804
0.1533340162045228 -0.5353956455307167
1.728732028016454
-0.2987502787503472 0.16728078890936945
3.688504826059668
0.4559862175113144 0.47109781017801566
1.9047845912081467
-0.6893315441693907 -0.8297285672139512
4.706681512041024
0.9702345069204661 -0.028011963356908063
4.597910155803051
---
72000
78
-0.7126954741145424 -0.12540400580104447
2.374180596568979
-0.6851163674621605 -0.12011045963695285
5.033075751398692
-0.6444893829268611 -0.03515238672548471
4.265358911662676
0.845922328439087 0.9966888975490091
2.984705608201292
-0.42835385158203043 -0.37531366658621046
4.360981438757368
0.7953668328443181 0.8661413461086265
1.8741331951157205
0.3856731022963033 0.19288956517702677
2.6735281785659755
-0.39492530187740943 0.03168993279700255
2.972497406298296
0.7183397295091827 0.24248959156769828
1.5514692766878317
0.46637472587079626 0.12551268338339167
1.3504518346308263
0.9161468519385364 -0.7971055553482961
4.16740365945282
---
73000
78
-0.3392279859819751 -0.5933018370356864
4.402349845951362
0.7413702355923284 0.01091905545756576
4.96820708160599
-0.48724708264961203 -0.5965625623425665
1.0416149666456223
0.4216661341267529 -0.15923248259710918
3.887373692176303
0.5752353258608697 0.6518253265324468
2.4748683163628593
-0.9578946728543556 0.7738079449707304
3.067243036250815
-0.8413506661694523 0.9974105922542477
3.0097031138452985
0.7988657015276839 0.5374657726346703
1.2914988908899732
-0.3942575517468498 0.9975893793718464
3.670436092703298
0.9666334758520128 0.7694939481589071
2.7763680801001174
-0.6510671063983102 0.9330866595306069
2.8821157649212505
---
74000
81
0.8174905874069487 -0.6601985773226068
4.799466248970182
0.7422315703537457 -0.7100148882137584
4.3325255789363455
0.8251735262303569 -0.2818474134838828
4.620230176391923
0.8756330060151722 -0.8736824631270675
4.057781452590394
-0.7437545788841312 0.19331278889877382
2.1106826803545298
-0.37855752571510715 -0.3848332921030751
5.162219973752885
-0.49924603174151116 -0.2841456749904974
6.025810591038207
0.8939532046353134 -0.22205060475502644
0.48334287442405977
-0.11967526093019576 -0.7930561503079535
1.9433653331357608
-0.5237079049675786 -0.31429748514821904
0.2361861457324732
-0.41649745161132 -0.9458351784443417
1.831973360897459
---
75000
69
0.979484050507966 -0.34304686290819253
1.7436707854016484
0.4543865669549011 -0.06257922857259696
3.2940551495642074
-0.24114865380444858 0.17298827310085899
1.9396842491502362
-0.8263489228369686 -0.09052089838275174
5.840773464920279
-0.2793073828886778 -0.4248349822675335
4.5662658411291694
0.5886994174645552 -0.507391340897948
2.0512732940477454
-0.13974697729063632 -0.9562038901668762
6.139680108121764
-0.4729988803841453 0.03674674237891212
3.0054038238122223
0.015446672466594785 -0.668526365059675
0.40616868288891794
0.2797431710938633 -0.25695725333779895
6.023925731825163
0.7106268701453308 0.4601513604106553
6.000753850559165
---
76000
71
0.7899766116750635 -0.1335329650839005
5.537613922881625
0.7602972692453347 -0.23444097392527097
5.0406471274145295
0.6867846104913383 -0.3534079966830997
6.160403285155684
0.847722099336509 -0.34142102059331536
1.8055341751065521
0.8369120203090099 0.1491860455416898
0.7311833854923648
-0.45546688516760536 -0.25017652672944574
3.3664807628417392
0.1534438903131469 0.20441018351332382
2.131625264694687
-0.2843782219411292 0.5068137596878033
1.329723829002111
-0.41409214167114505 -0.60100221736871
5.046360626756631
0.9479810470123718 -0.1134434101623838
3.475325314235416
-0.6794314867534552 -0.7850819317477696
4.581382594327254
---
77000
89
-0.6931235726839511 0.766489911055064
0.3870100395283158
-0.33093416819125454 0.47039860039907044
2.203885121671843
0.7710984604267785 -0.7466560029089087
2.792605401152098
-0.010969765619694332 -0.33007898327148727
4.711423585880754
0.025045836882467337 -0.3414965888547629
5.3255177042950255
0.8385799037365372 -0.5928335317469299
1.9520351658949728
0.9357447588539058 -0.5987354298959048
1.4238772151465948
-0.9195979093676895 0.43551116711513627
4.419058036872336
-0.006405556867901046 -0.8702574025477977
3.151837162880714
0.1544701243369823 -0.7967729911210637
0.3935018615908712
-0.6558794805917146 -0.3042388650006061
1.2393820459191396
---
78000
77
0.4516823266752794 -0.05601583768538983
5.132317677658419
0.5813267065979627 -0.18698282744331216
5.510178509189099
0.3683158521860086 0.3345863513026971
2.937191602491178
-0.510583779416212 0.5213668554913907
2.7347866627025024
0.9662570630757843 0.8523697857075957
6.158653101967612
-0.38127212818103595 -0.31942635507057243
4.131206616754504
-0.13881637816247136 -0.7305828069680836
2.8769958233046546
-0.7421687492108613 -0.6546954052404428
0.5252489056116829
0.8783058818301018 0.10803366369703979
3.5400936837438772
-0.7614306250956798 0.02771675629839278
0.9834693247077633
0.3002958461185007 -0.025561606741968168
2.5796687572548445
---
79000
84
-0.3041378308194749 0.1948640659387701
2.1447015450998914
-0.8435293389063764 0.38034107872629463
1.9690614275380351
0.45326189143339934 -0.9687076968101597
2.016197418714823
-0.8059120279953419 0.18465024800820654
4.3299356468829
-0.9947450764138224 0.7524350967582778
3.5343173040226885
0.06775486051418 -0.8176610857099182
3.112469195264553
-0.8659639957155452 -0.7787682642295423
0.04355644656857294
-0.8645412490381205 -0.44166926500257275
4.128472079054375
-0.26557930672753555 0.9325014886128036
4.257880296146038
0.6764310396477424 -0.7890801884567357
6.261835057611742
-0.10242831965940295 -0.5087070334657666
1.6355108071857751
---
80000
76
0.10679603043758279 -0.48567521713306117
1.7339580070355438
-0.6736834112887411 0.19177159216462625
1.941809234196585
0.5350668531542757 0.8422496417918346
4.346042353994374
0.7553990269291764 0.8546524088788578
4.4073698635601595
0.4611343379365776 0.8778947288902178
5.600256211926518
-0.5620709515055201 -0.8139162561813793
1.559397228137212
0.051678875180022496 -0.6932123969693915
1.0953366544533152
-0.7375555519138353 0.15844720727845607
3.1082984394975037
-0.956041318559946 -0.6492155303437768
2.37998666580662
-0.8054292598114186 -0.36928792371172225
3.813470711893371
-0.06550062180449953 -0.9389631430628869
2.4774819494565765
---
81000
71
0.8486326649299594 -0.30413214027336666
1.9634103710773694
0.8858117420940446 -0.17470815053033617
3.7118590321085545
0.4216580436824217 -0.23289500939772104
4.772040517267568
0.4478344895776033 -0.012115868401426618
3.4270683584797164
-0.7003992321547079 -0.21455442190049018
2.1192335915195617
0.803051504636257 -0.7602336727355448
0.45697559766238616
-0.602184351007053 0.49807849389566056
2.5498183934359115
0.47300443331560776 -0.3122053548350209
2.9288357044347357
-0.9529471480336084 0.1468416274642011
4.731901657804322
-0.9745327339081379 -0.7116431055694669
3.619665347446036
-0.5139902600108788 -0.3196868246142667
6.0280571228908855
---
82000
75
-0.4729143393433239 -0.6202466887466682
5.857882444074975
-0.8269513180789743 -0.4204283450139533
3.042940197003295
0.5784259170304782 0.4202051045950396
6.15004231068906
0.22564950875158324 0.2926834971624996
5.2302459634914005
-0.08368931380191319 -0.6656617625417569
5.490625761558649
-0.6784702834295592 -0.9034580114950651
2.7054715180797464
0.7486604372621841 0.6018109585339231
4.09966453683383
-0.6989386454047452 -0.09172298385797481
4.298217676075409
-0.7519196703027615 -0.9000801936401892
4.553156396232748
-0.3890263975720333 -0.6546026766058236
6.099652349036128
-0.4560348012056057 -0.9791712174558075
4.439654942181092
---
83000
78
0.2706156859181382 0.3214033555065824
4.432829293550163
0.7284742048431914 0.714454801258309
1.7020366405027607
-0.6661935371440464 -0.5005198764095901
4.181747882531327
-0.34314171119854153 0.6445049488729737
4.212090400468252
0.03534499859629642 0.588815729125999
3.5979635371599477
-0.4088105142581879 -0.2196412302154491
4.28579236576074
0.03934451200082714 0.00025364315372890245
2.5997745055349153
0.27383630668426207 -0.9318477761437126
3.5232292755996495
-0.0034857311771661244 0.9352195847608455
3.72378820865689
0.3076407126621561 0.9715782239458451
5.714884508691793
-0.12294360382313818 -0.47835652727089684
0.4075741397087711
---
84000
82
-0.31641939744291764 0.20321436657369138
3.007535277486407
-0.22470473775671482 0.5343990523382024
2.7306648399701317
0.8695159471734206 0.19679003131046122
1.0807545571868866
-0.11135383159102313 0.004251839650416429
5.555635841720694
-0.9666153817997262 0.7543064994271713
5.247949272346173
-0.988871192397089 0.5422079698185946
4.712613530756233
-0.7333611829149218 -0.6767468159928428
6.127426483808542
-0.5585664907648727 0.3997134389065431
4.069538696752512
-0.41636461815265496 -0.802192388871213
4.227673188060583
-0.4048707624340206 -0.21235626914820224
2.313148568123684
-0.15156384965253833 0.6133874995819995
6.112514350503425
---
85000
75
-0.3370623980346669 -0.7621758440437456
5.736987244574824
-0.47797989042123784 -0.7550405902593185
5.6950175604353825
-0.08835194070448882 0.05655656682398844
6.023426797781984
-0.5246442878952443 0.2563853043879174
2.205772057733978
0.7468435639577221 0.7495490161193646
1.873002841822391
-0.38656095715425987 0.15429195865131645
0.8379778708427743
-0.5757040502898344 -0.3785294176032182
1.8487536350119838
-0.7578619976863051 -0.8357437218406887
1.2927179724971705
-0.6675457386999547 -0.7060929252999402
1.7222548867023395
-0.36295341637188594 -0.17725674012829706
1.9305753700130461
-0.7652099818948626 0.9069680547485064
2.48190245611367
---
86000
81
0.8516274119105282 0.2502942696639935
3.3225385584089704
-0.8246487130718194 0.19589732279119257
6.194964794138024
0.6833416445692179 0.5075042731801315
6.226422779639596
-0.24975478184054373 0.9996046084301184
4.362491960114539
0.5444427143708559 -0.7181474802998546
2.8738684758304105
0.1672894793162339 -0.4904910410494459
4.0332026342604115
-0.5872463386108319 0.4648384563539607
5.500280629881144
0.47621619859701375 0.9081658135957543
3.333712351176877
-0.43441250153464916 -0.5940181255822885
3.475787506392667
0.945667202491734 -0.9366137250765659
4.450567111255488
0.6263661237961162 -0.6132932585209033
5.593649197659696
---
87000
73
0.35454906346992154 -0.8002411757328285
0.19821202435879404
0.2335424343733455 -0.4474646985413776
1.7282435860899472
0.9534467265951508 0.22230203439778043
6.1038110172003694
-0.887625131169342 -0.49584007262727137
4.5340376033632355
0.5562507507693035 0.127798017525027
2.7269148244273733
0.5335979071169196 0.6532387390871749
4.797296086183846
0.23108401212218224 0.7597453103086876
5.258653574778599
-0.9309938550158485 0.33490599668578064
2.6442758078647985
0.5465938617568977 0.9286931235680351
3.069103440377784
0.08396530978393679 -0.4881362998971151
0.432631401219048
0.7188023329006962 0.9712698728607301
4.225278327429914
---
88000
81
0.5787724131321806 -0.6051139535658555
2.983337137271046
0.82243773272703 0.916198050072762
4.3781276967869545
0.6743307939801563 0.5527695603317218
2.833215698446427
0.30121366993726406 0.8183148503624835
0.9018439307155086
-0.5707418035231034 -0.9601393281763038
5.20169355172083
0.47944035732391055 0.19548421051708315
3.621210482758366
-0.7892700446954128 -0.28709359971497833
5.024559300210858
0.3116374897609002 0.5551808865941525
5.857165831556149
-0.40037404397951154 0.06772003265216617
4.522543249253504
-0.5283785379146767 -0.21325896678532652
3.776054838407667
-0.8549556456278338 -0.5647026324788176
5.064732714266811
---
89000
71
0.5117947169691103 0.4857044705953312
5.349656270508982
-0.23858964341942956 0.25965906204998723
3.0884714697590274
0.012844766875957772 -0.4482848569097558
4.356603596531124
-0.20458640514273774 -0.06923373846956854
5.538496860319825
0.7520324839173459 -0.20745559843335487
0.25012031117880973
-0.47195284846721147 0.11526900673475789
4.247461886736284
-0.885140074815161 0.08277613554405996
5.2943524830203
0.5719550996576281 0.1667218060891068
3.1256099945773324
0.05878122156675593 0.16630694252038636
4.784227193520619
-0.02306851335858001 -0.008918927521781916
3.8480836581542093
-0.29011395480038576 0.7095728872602701
4.3437749408531845
---
90000
69
-0.8933972747211107 0.750830564456014
5.114297909715961
0.5212635220242886 -0.6190800448913164
4.714840391313269
0.24849116565241883 -0.017774405216239436
2.8991880199221924
0.3035903719342322 -0.699906778846435
4.028418445312381
-0.06067622338662825 0.9424236025134383
5.524642132022025
0.2520447160994141 -0.2885515081395789
4.44894444284148
-0.7108842594934973 -0.823504330240491
5.687964835548486
-0.7318469111935733 -0.17346412220035745
3.4809596939476144
0.8418271302742559 -0.9689708166957204
0.13277707117357807
0.49689806954143384 0.9358359554267794
1.0976177233294386
0.3572586492397033 0.8565341981158496
3.2551205678549957
---
91000
81
-0.5496460531483414 -0.6540435998545123
1.5406394983153169
-0.6468479721754451 -0.8499062875775363
1.6574681406099216
-0.6077505524625689 -0.5241702061330213
2.3996146664403604
0.4113432814343926 -0.07821181522057623
1.5478065329306654
-0.409464061477507 0.5953951739131734
1.2382761271102156
0.6370471162318904 -0.0201850447240041
5.952506420621929
-0.4897642476972226 -0.7597379679678029
2.392183320113534
0.5499904506490152 0.45385741628461135
5.466825049277343
-0.15991273928562283 -0.48755755347025964
2.1828486630734076
0.539158041086045 0.9353465482459506
2.4496346088313867
-0.6565250363089989 -0.4954896958454596
0.984903291643648
---
92000
78
-0.2846411297854091 0.7822250383382068
2.7356643073654974
-0.2651638052794426 0.8432541861027059
0.10822537550869438
0.8332005864148807 -0.6384319982440019
2.2473955264902754
-0.591333575313733 -0.10600533519099796
1.401723571075454
-0.4738617879372111 -0.6932002945302606
5.112485539363525
0.3443083162358459 0.31334343960487626
6.059445466714589
-0.8442728493180214 -0.9934438080013335
4.567952558461106
0.33051691407253886 0.7801744701010433
5.486182307682609
-0.2288982476070745 0.09263920587099411
5.705102607058264
-0.3264409375323364 0.10518650209527056
5.294482230907752
-0.08618018067086333 0.37047957140616133
2.0447800417963533
---
93000
64
0.8781564031313437 -0.041193981443650114
1.457105066630924
0.41891380145048096 0.08147512611749286
6.081285594989733
0.22446248943296257 0.0717297486787433
1.1632476251344492
0.4299390674207245 -0.8426626245496093
2.9214251296790907
0.7249238891876365 -0.44449580693722734
2.731184142077104
-0.9446817112091754 -0.5168119102941311
1.4870754425451018
0.7641499459425158 -0.6321542048569632
3.3611643984068325
0.517273184096838 -0.21764610291932335
0.21379254439587214
0.6899481322754004 0.04480052205680676
1.118508662518975
-0.9484179198317784 0.3070907854279307
5.0405829763662755
-0.8236201000149022 -0.8224560285811318
3.3678434103361345
---
94000
71
0.8788561506602166 -0.06274780869216696
1.5194952191667312
0.42817213660500075 -0.13995583999219605
3.2227435900618238
0.3153103317881757 0.12964678465689827
1.815563085499896
0.3767052287880828 0.722539585146169
6.000817896378689
-0.11789249504464043 0.20889888744775104
1.4095895625890984
-0.9769349191867136 -0.5419222764351406
3.342777079073828
-0.6418333870702467 0.5056843773090542
4.591049550080259
-0.2534056620057204 0.5995346710286578
5.261000820888839
0.9361637079327287 -0.978951020360589
2.9442270595734454
-0.34434498780366196 -0.33811443040693523
6.173744582945935
-0.21550173611382017 -0.34919897793973215
2.045125453076949
---
95000
75
0.13616451491943454 0.4756634878043323
0.6194603258660447
-0.028528274785260075 0.07499658921055444
2.5021367757161563
-0.6358628759581504 -0.5366631351931817
6.145507854266036
-0.29437182127429723 0.5369744170282091
3.2161121109805872
0.8783112164348396 -0.20558493801592992
0.7110696719559426
-0.7423586384062467 -0.19959142536945113
4.166929606501449
0.05571267736974697 0.21837800151030567
0.8695608286764829
0.9683737814480597 0.5844567638373876
6.280163376040122
-0.27128686328270313 -0.25779706307488653
2.3618895033962968
-0.06623522507011018 0.2879172437296583
5.285593067873397
-0.09661347713393997 0.6635977135352643
2.255510540953673
---
96000
77
-0.15667013976692756 0.5325985221835158
4.410779760327899
-0.4705758165163636 0.925789033671689
2.2407459555455906
0.8031332499553632 -0.4977932936311761
0.9154620222240402
-0.46486560914788455 -0.2432878294790851
3.0862142725917447
0.09392347846640045 -0.5635957667451693
6.102276236283376
-0.399652137632967 -0.34854959316639966
4.530739680298463
-0.3607135444787686 0.38320691169531107
6.176516233290742
0.5361263796194777 0.530245691486607
1.0141202804249234
0.044109610132665754 0.763582908840859
3.0815470189648115
0.1597875297306368 0.7199903883038429
5.6488593531059665
-0.3179702149135015 0.9991573169396846
0.6861734205734047
---
97000
66
-0.3375338680867401 -0.4889746207984157
0.15155364917100939
-0.07750011583508201 -0.6970175787310557
5.043342503732496
-0.19960910152079744 0.564224578731053
5.530782750641634
-0.14133163874738297 -0.2271267625451927
1.5900229168239566
0.17337026862540067 -0.9477091403434337
6.094075049903543
-0.18552295397857255 0.9115282243706084
4.3129069122458095
0.7810186589737879 -0.5454314312291978
3.2579784782365397
-0.060407851280332554 0.950210346301507
6.2390874748627905
0.3831357592852752 0.8221734268421835
3.8075926339981923
-0.09596233475379735 -0.24191235075220854
2.6691663781668558
0.1875410855327064 0.9883220469805225
1.8797900088050372
---
98000
76
0.2799133375579267 0.5122316063767604
5.433706755458751
0.21736949801598643 0.7997763088455077
2.5353285373751806
0.18787267903416102 -0.7489562035504184
1.4016321596591244
0.39354628034012523 -0.669963645040462
5.261777251945797
-0.9000237240431661 -0.8977612720216821
0.18315185109652976
0.9301191408982661 0.8691147469656153
1.5999138022514385
-0.5644309322406496 0.1693947829222304
0.27647968186799154
-0.3523351287051191 0.8102396544572784
4.38666987715656
-0.6137110875816195 -0.1398495792274499
0.49435544532149134
0.9099123410607093 -0.5684889866849974
0.33639805239435105
-0.13250213272115557 -0.9565809737694574
-2.346342353006023
---
99000
77
0.757727535770274 -0.3433252639070634
3.3314905979104132
0.8339344194613596 -0.5837403824734818
2.4866670385906113
-0.47921478128415057 0.6067126464987022
5.182021338472199
-0.8980271637913377 0.8211159982395497
3.3952959642282856
-0.4911722794906925 0.690749659118254
1.3343208976680678
0.8274020239299961 -0.6582950571437586
4.459594558946851
0.31531290507039206 0.16033696540634185
0.07731362775180717
0.6012552017913307 -0.15829044327445005
5.960268920050201
-0.43715914240879256 -0.34537295046669586
2.0789291530874596
0.11224255598446571 0.7237897207577522
3.7217240321935705
0.894050844031056 0.797261889795314
3.9927768128486267
---
