100
{'run_name': '2D_rec_10_total_boids', 'annealing': True, 'annealing_start': 0.2, 'annealing_end': 0.002, 'nr_observed_agents': 1, 'nr_of_boids': 9, 'predator_present': True, 'grouped_spawn': False, 'predator_halting': False, 'record_keeping': True, 'record_frequency': 1000, 'exp_folder_name': 'small network 1 observed', 'boid_speed': 0.0333, 'boid_color': (0.8, 0.8, 0.8, 1), 'boid_turning_speed': 1.5707963267948966, 'predator_speed': 0.0333, 'predator_speed_slow': 0.0333, 'predator_speed_fast': 0.0533, 'predator_lunging': False, 'predator_lunge_speed': 0.013, 'predator_lunge_distance': 0.1, 'predator_turning_speed': 0.7853981633974483, 'predator_color': (0.8, 0.2, 0.2, 1), 'predator_confusion': True, 'predator_confusion_distance': 0.4, 'predator_confusion_threshold': 2, 'predator_chase_time': 20, 'predator_halt_time': 0, 'predator_eating_distance': 0.06666, 'height': 800, 'width': 800, 'graphics': True}
tick
boids eaten
predator position
predator rotation
agent positions (and)
agent rotations (interleaved)
----
0
66
0.35720167059636615 -0.18375963931473777
0.05653831386561514
0.44438444920844733 -0.14725350282413355
2.8118759960102753
-0.1868838900679099 0.6983795272091662
4.973654096272784
-0.6450148892022745 0.7451045312557186
2.0661833592152727
-0.9733665830056449 0.6940464724091621
4.779703782759447
-0.48821408329595434 -0.38700324713602174
0.7557095007593805
-0.4531412647052587 0.6306920904404456
4.673222431624234
0.9012590816076218 0.5623377895303532
3.8871002243812995
-0.9195266655054363 -0.6385606346705075
3.70615407130198
0.9294813626002165 -0.3101070938973996
3.8049194205380723
0.04890848118084701 -0.5813084134761866
2.401049225392735
---
1000
85
-0.28276950528355427 0.18527478848716158
4.570177630769837
-0.21940848254580106 0.2509814628742225
4.832984305034186
-0.30040546277443153 0.7538172685399445
5.917319185656612
-0.4159826265724865 0.5490919272085402
3.223436209498601
-0.8704489431598519 0.22892369701469342
2.6744147841205326
-0.06687833183343772 0.9750783770734515
5.3116061087541
-0.8760320566651165 0.8908470438162126
4.839500104833511
0.7725693595091562 0.9388086825368503
2.9510748133068767
-0.6241739784619824 0.39370645094114753
2.378525278704008
-0.46997949277314877 0.2982939732759395
4.802960904828891
0.6033146329084653 0.6908564964786907
3.1376077610901802
---
2000
83
-0.14929444835610578 0.3804390471105307
1.8429833547449805
-0.1820984988312777 0.40775441274039076
3.0170779992745356
0.12390162236761643 0.46011345157845024
3.272839946889497
0.5577920205549822 0.994479409497302
2.752950981318305
-0.9968804449991473 0.8351738290203461
5.269698243057641
0.8787794710626827 -0.10698104320925148
2.510106781239485
0.9453793966683407 0.8222377452782239
5.713187546128783
0.804449612001443 0.04301845515941003
5.773906603122585
0.7583373833786936 0.7113343097069947
4.192230470928404
-0.5437430935158474 0.4888930422960247
1.513928622863716
0.9230271773603641 0.6031080964483431
5.261754266671418
---
3000
85
0.7836265166366011 -0.10598595542330146
0.5573475049018848
0.8263257639508229 -0.1009703346115283
1.1325558589026228
0.17945367173301932 -0.28040836530970314
4.480099632110204
-0.6512756788270067 -0.5597188335819056
6.215075258647225
0.5884729549462221 0.9000785782322918
0.12291083119390223
0.40262672293642543 0.43501385534997156
1.0495900969334713
-0.6643411885576822 0.3637200000761803
0.5137633016803038
-0.3014784496875571 0.14313834533573153
2.6191100960103615
-0.153931509562063 -0.4736834477781977
0.516248835412835
0.22586128617959883 -0.8585026094981697
3.10228291741201
0.32317793659720573 -0.8481725393135796
4.552666372767254
---
4000
90
0.8595465295545495 -0.9183172327744191
0.4347803334097107
0.9391772267204522 0.7974102538241056
5.901495603924374
0.6319155902211132 0.04468981564013299
5.70720749391146
0.3357993929652591 -0.5261010077013787
2.6398037028968795
-0.9408588834016507 0.11020241323307013
0.5875423138282843
-0.9918328370323728 0.011486039583941024
1.374899240990917
0.31139572509601726 -0.05030987075364582
1.5479956729279074
-0.9804920640247228 -0.38621654741664363
3.3535479024018526
0.26112252167537536 -0.313126854808119
1.464554526667552
0.47181434318338966 -0.9516827841361125
5.718505902129722
-0.8298677687684411 0.10416267451417906
1.747543906396265
---
5000
80
0.29180502625759897 -0.45910879600548055
0.6523886982434521
-0.7210155164198899 -0.5188470935608489
2.5758591582274484
0.7712904398808499 0.5292767380592358
2.4542236766045233
-0.3459300527690837 0.1842807402103886
5.729919495544398
0.8688395765203799 -0.9568324403293152
2.8453940945623835
-0.9932452193348507 -0.2795976396702204
2.926921723371792
-0.04818494629841479 0.29971856962797394
3.1213837737724823
-0.17360451382675485 -0.2603852306905936
3.198376967175362
-0.7025924468639263 0.29463856203506245
3.1691521852722264
-0.894245380469927 -0.5339173132772574
1.683633232231255
0.9454146183221002 0.7909218767924973
5.356421210299482
---
6000
84
-0.6522083051086033 0.9881278420432653
5.8368727534348634
-0.6693014020488677 0.8511483836264673
3.8218825136521426
0.8452889963612383 -0.527169324623528
5.948513738406259
-0.14965846264849778 0.7230231007507314
2.3887295318166126
-0.6170313844205241 -0.7998640436379691
0.22143641979532092
-0.8505015996285229 0.31428648187368746
3.9278802667087573
0.8626950304163413 -0.11407777142671437
2.6166948287232223
0.3655944602929807 -0.5415775515183121
2.3590973485547737
-0.6071656231252094 -0.7687723447984429
3.2594386370330826
0.4882515553608638 -0.7849854827290028
3.2732614337339285
0.6364456641802158 -0.9212992745661428
1.2390667463567753
---
7000
93
-0.8865696084469831 -0.8685628130804911
1.8994476627593835
-0.8086127732683215 0.5326053372050977
1.2592921276255833
0.22062609507329733 0.6927728045065831
3.1007316356020125
-0.8476511891088727 0.3585083347217479
1.7200088755487428
0.6716501542186792 -0.6363947383740202
1.1631645390440157
0.5008628500523589 0.18572371862952586
2.343049679889634
0.2971488718370761 -0.8849395555069074
1.3720721848671378
-0.8747317135872827 -0.5671819648442726
0.8482111939618608
-0.6094637868655696 -0.34655978257056874
1.7047007473466538
0.2806757637473395 -0.2863697404107608
5.512882342749669
0.4409000402420546 0.5241447427544634
6.004567517106652
---
8000
74
0.3405203558459108 -0.3870140056502448
1.3714471266486101
0.36062697717116077 -0.5203857474734936
1.2296238430873467
0.935354309154843 -0.47548603943217416
3.5042666625972467
-0.15016817404525798 0.22203898390717755
0.032599563360570016
0.4217917770686848 -0.449621387718547
2.7381304344059094
-0.9196213480543556 -0.9438751897753082
0.05333922076590358
0.002967555399605283 0.259111955531992
6.092252437090517
0.7649204645886927 -0.3431555133132708
1.9976774664237213
0.4188959232278119 0.6615880674914475
5.866859445550949
-0.020387742408808387 -0.10233025589763892
2.4525770717834217
0.06927974563587758 -0.3582553921242092
0.9414976592579842
---
9000
84
-0.9576699727912652 0.819579304738924
1.1996142471394227
-0.17864691845475672 0.5442299311435043
2.2279612464211276
0.4184688528777999 0.693817297868466
0.9388624656971203
-0.09933351888033372 -0.9824621169231085
2.396598969723558
0.9688559007870483 -0.8472924222564654
1.5253428411271592
0.812991558219506 -0.583397554460432
2.7033951610947744
0.17683235683919443 0.3614020224699231
1.8919335782723703
-0.980063162577154 -0.023766361333626945
1.5378033048461592
-0.6117279234806972 0.03566973326363289
0.47220554559448313
0.5893276660683704 0.39772989521070945
1.694002770330135
0.6728886053985215 -0.14733760491983983
2.005766970154597
---
10000
92
-0.4701875099119712 -0.28878453562462725
0.49144124399409117
-0.4952506838085081 -0.5775339836100822
1.890885584397041
-0.5092730220231267 -0.7883763107683486
4.676644345874905
-0.5668045813961978 -0.7601505449763896
6.188577058126245
-0.8578597556687092 0.025179665105559235
4.1752550160481885
-0.7643385645285614 0.5183324106163469
3.660765072361018
0.7213953269104886 0.6308541387815814
3.2189041768256548
-0.7055679635010907 0.6360261592246471
3.154527439595755
0.9017547677029731 -0.31231573206891355
3.253286506159986
0.24651274236533224 0.5653381442061335
2.493156460463224
0.6802390927949182 -0.7802638615802666
3.7502326140207343
---
11000
79
-0.6964782350786268 -0.0982299539450667
4.292360677444401
-0.8683556681498822 -0.6909655833894226
2.9389834427989614
0.9759333946484439 -0.7455396444897131
1.5048771654756568
0.20169312909565815 -0.19005606261906535
4.759452748415982
-0.6323567222761158 -0.7672765040773473
0.8168794636929455
-0.8020543418387075 -0.627044044481514
4.864081501260971
-0.5427519369856485 -0.9480522681112585
6.010463769187604
0.8077473766905225 0.09906318371503352
2.7168514970451865
-0.09766450665337717 0.4580295521221755
3.6973500399649986
-0.7381445651639303 -0.19819593424152634
3.8715249030272982
-0.5036779216068676 -0.9065706259172333
4.7594210268989015
---
12000
76
-0.8265243787129375 0.5115076110304572
1.3734376654754148
-0.14254908405504124 0.29212945180240124
2.715739577412571
-0.012144761646806675 -0.1317002852101196
2.9866077582164916
0.17507537221190578 0.8851859393555971
1.0588471179066945
0.5622586192385612 -0.7056655603881484
0.02966147135435815
0.6588865828696433 -0.32898767971309084
0.6851430119009194
-0.41121407689795864 -0.02950521974221852
2.5501048882558743
0.8381399473075343 -0.7743807454251852
2.074988638678583
-0.08327405346099992 -0.999337652663363
0.8262130881324943
0.957535744202001 -0.48651246992100844
3.0900109681826695
-0.7723454899376692 0.872474902924364
2.33097806056825
---
13000
80
0.5762251107461418 -0.29188674508622614
2.1329912010436454
0.5294157725331338 -0.4202530737278381
1.4993072407601735
0.3138985611954659 0.6723246248675331
1.4632490032332743
0.2650744468314633 -0.02642297430595774
0.970515516497259
0.7280274993822515 -0.06197922494816171
3.303615161516799
0.6419598711364676 0.17915460119156143
2.8230154354671306
0.502343648768228 -0.4378241653434344
0.1629535814394023
-0.04115895874717189 -0.9972297094290613
3.998745974514038
0.2802814232531535 0.30620879367415293
0.9833222913293538
0.6569878730997704 -0.08830005009133829
4.096917862448815
0.5571299822327325 -0.2372274556428365
0.4526030017725189
---
14000
78
0.3928846756764911 0.6860612532611338
0.1384192791740157
0.2645445161362557 0.19637098170158832
1.7473656339198342
0.016057953812429297 0.8693996059290946
3.9736424225659475
-0.03417592813365477 -0.029312702390165337
6.175891246189311
0.6447776490463673 -0.30579219750933556
1.153630061312207
-0.14808907945892558 0.18868592126109648
1.4773332350813089
-0.22154297334065642 -0.65297637047343
3.0904386809692745
0.09523210419031075 0.4071978173951707
0.11385020540242508
0.7186701171001082 0.30462109934284975
2.280988388150826
-0.3143985216558412 -0.1067079516475338
2.110712638561413
-0.01692656251449042 -0.2500321378001584
1.9567200626227015
---
15000
80
0.6026449200342837 0.9139718564275071
0.44208280115357734
0.5749689624529424 0.9408385512762099
5.124596470223788
-0.13337912066739635 -0.1904550598893891
1.40278070866448
0.9575000566936869 0.22436285312370338
3.607046643163483
-0.36009927187543916 -0.26075770749445837
5.487168662708745
0.6973166821623332 -0.7635470725226813
1.0140922228814855
0.2597512123905905 -0.7968872837983862
2.313397219170051
0.452431785848898 -0.10631450154385202
3.7406541266231983
0.024198992139464887 -0.16714033053350522
0.9593078038340401
-0.9810914946765631 0.18099450749276688
3.189500408502581
-0.5915259784730734 0.162022297355248
4.56063433588435
---
16000
87
-0.29390878802002907 -0.6531586444860864
4.427628251626631
-0.5963755766803479 -0.7536726933865737
0.5059512706386098
0.8179289535201433 -0.07958782577583458
6.099761984335162
-0.24649532713108854 0.5884241641305832
5.0574663621551865
0.5234948353789532 -0.7513111156531462
4.576550484970741
-0.1783475825318015 0.4330131449945099
2.779750678876062
0.16320191899666445 0.707331920519273
2.2799505387677574
0.4404930200465695 -0.6698432631073181
1.7818636844364102
0.8493457436023558 -0.0015846193152958266
1.348563763005525
0.0731740135087389 -0.5282919471524755
1.1769939883434626
0.3258123161677263 -0.47041559566885127
4.4472141769628895
---
17000
76
0.9782308143141916 0.10062793083080884
3.9507169377885645
-0.5883643001802331 0.7036058055119266
5.618774041197727
-0.3341345406371422 -0.6867707528250149
3.7572149481420487
0.07423200266386565 -0.7391396820490038
2.4196814439949987
0.06919302536988495 -0.49984724315287826
0.7525354295831601
0.6670933745407311 -0.25902012125051854
1.3926982307533144
0.587801830277418 -0.4420389821282722
1.1279145685778849
0.3415435225539152 -0.08348608939362653
0.6803783014163445
0.8156725324115286 -0.7959971441956674
0.5406289468596128
0.11833326725242596 -0.4322260370844402
0.24648836339156954
-0.8435741725486248 -0.5664717998343921
1.0284173290649399
---
18000
75
0.4506107339751542 -0.09709549657475125
1.1463355741389842
0.21077202294727201 -0.06524984427934125
5.535744915804044
0.2440827966862877 0.16288351361666029
0.36570467408787
-0.8520628713435272 -0.41441021788207866
1.179183795236776
-0.5919210912944368 0.782659269447635
2.055986633998229
-0.4358251316519169 0.4008001623965208
5.288708492401381
-0.22020580508680812 0.9968367216527634
4.174981386671436
0.29108561670981414 -0.2337658194900843
4.977467476591747
0.12181798133276986 -0.6179352404507134
0.538417308488218
0.5529449134159008 0.9101019496834151
1.8937796453684506
0.7132817742041979 -0.3299571277876251
3.971418271546388
---
19000
81
-0.3716929705117401 0.03016030544851464
0.017371405109621207
-0.4591088846597484 0.008299101118004817
0.9414346663685293
-0.14065305736138425 -0.07423738864935531
3.5089592078344927
0.24795445475819222 -0.2097274178590895
2.9118658054539353
0.0690158906451015 0.6378614365631932
5.9413724031605035
0.31679176909441875 -0.4736531753541489
3.379232394690468
-0.4975369981857445 0.9565876354791991
0.9570147491220631
-0.3257074169636203 0.26361797263868547
2.0345403880123794
-0.16513365373337974 0.34985133723242007
5.235366077606686
0.21688554507740992 0.7372000045754571
5.325852523420293
0.14341417684675442 -0.7377876530326876
1.3079048225668464
---
20000
84
-0.39394827304488883 0.8641466658736535
2.8210047928649553
-0.37401795805864446 0.928416316571305
4.548124952538055
0.7201454693877368 0.13040164526216258
1.8228434442129835
-0.9365145433685799 0.5618934797603603
1.6414562770777943
0.6612610281708734 -0.9706306477433371
4.577742284725424
-0.7554290327787776 0.3138927334150008
2.7070125052387803
-0.9946867277530469 0.6394696092483017
4.961055554081008
0.806988833756373 -0.9366048540709212
1.5945608505034858
0.8548964142705144 0.43555543230282184
5.252848673952289
0.8274690510293852 -0.9838853649428099
4.735594776567348
0.5202428756623416 -0.8681162373598745
5.28132417428548
---
21000
83
-0.3471830037989453 0.01911147632591493
1.9944917704469192
-0.3242953334846293 -0.04730427254947445
2.1762341902017157
-0.3083972269337849 0.8037973381828629
2.282405992740393
0.635112064874231 0.25213919798822715
2.1445207896732876
0.5070882982387347 0.2977052327229082
1.267157814577974
-0.6003728815531684 0.7343854279213821
4.8814256311763415
-0.052773859838492934 0.8149067389573698
1.7989458097740831
-0.830261142870197 -0.7957374229590214
3.4230586957501243
-0.21970887047399743 -0.86456420865583
3.4738123816857254
-0.37902273774830075 0.009345757595606411
3.1605351695002977
-0.6550749466793172 0.9310824046074584
2.1767791073351495
---
22000
72
-0.5624380217224594 -0.6809183520968668
0.9183209718899503
-0.5379279452799275 -0.49946429886197524
2.5456083486429977
0.3408597748013169 -0.44909068456066914
6.088639172508249
0.5336346672795647 -0.32709924385854916
2.119982189533041
-0.7847404760069463 -0.40007812992332226
3.594358088263264
0.0320658579796022 -0.163221262167421
3.511193401037139
0.5670912245553565 0.8223259600929405
3.589520087524952
-0.05519569889916933 -0.4057171182930347
0.18231680469066092
0.8427830410606109 -0.22794631128689033
0.5617750554513332
0.6342952632645055 -0.484736618714735
5.049820457645775
-0.982320830640369 -0.5702903994155698
3.8163568926496714
---
23000
79
-0.24861400096869868 0.190262529601691
2.1881668895901596
-0.6062104405478963 -0.03585714668289877
2.6718791063154086
0.41975173628099216 0.6924059379037655
5.883543697812491
-0.898323445004608 -0.2879826639593108
0.0932174885734387
0.16220969068220437 -0.0018244755495019447
5.8203282194484665
-0.5850786356371833 0.855014843942882
0.6468602237911094
0.1887900399825744 -0.2689266525417972
1.5882429620978158
-0.3629753661492519 -0.4966897153855679
1.8362942047917308
0.03568830872642115 0.9164606213799735
0.31456688920542586
-0.12968536280115028 0.011370529371078464
0.5186148936974879
0.6227247409456778 -0.3677255570547323
4.01210656286463
---
24000
81
-0.40659431563679477 0.6862567250545724
6.09820109268868
-0.9159838949922353 0.18311512744319214
1.704737057467093
0.6270054835502555 0.4646994159155925
1.4280358736148449
0.786498690860791 0.11515386330322422
1.4802099519414567
0.9136400487605122 -0.6514564140977714
3.1616523699581114
-0.8631284466675361 0.3193782272362093
4.324421965639981
0.7857099005564017 0.4052648366876891
4.412752309166361
0.940581446026003 0.9471351341808357
3.183336572223155
0.025265483091243802 0.2887952961939539
3.7888640804032567
-0.17857852975570337 0.026803211753340245
3.3659911262507665
0.40727264475384656 -0.09777616934669939
3.280319416168636
---
25000
75
0.5172822052146823 0.08930467852315684
2.9500731874933535
0.43240739969530956 0.37624845840450105
3.5553382168817915
0.4686477890303914 0.32065194157972654
3.887465313053834
0.42028639317068356 0.07479494989339575
1.782785829355805
-0.030004927650109946 -0.7740550824434301
0.25007340350486373
-0.775953127773566 0.5522596825599869
1.1906248893050027
0.9874902173821498 0.7194066347950969
4.32453857677366
-0.467029569090331 0.5369071692293873
3.4532014863571985
-0.3174238005735046 0.23165732690066954
3.2512678982022525
-0.19989757921096013 0.832726867850304
6.0944468736634105
0.03757564651146546 0.6698151650289242
5.403416720530001
---
26000
69
-0.6095650865878363 -0.7825453766151552
6.128280148940753
0.01725157698683239 0.8470618735172648
1.2398110849910093
0.9940081982031059 -0.4556165900474801
2.0464700966733362
-0.6660852848809862 -0.4069288566870134
3.3040747319264865
0.5127695237709006 -0.4617810572053054
5.029196128269846
0.17049280577523465 -0.600650597814705
5.549638556418579
-0.9047563212174523 -0.6364314619100172
5.87836661562647
0.21560234405666595 -0.6682622476235445
0.3936661864731965
0.5722662093598504 -0.13010706224339472
5.839273664378366
-0.6898366436339455 -0.23901803180620923
2.13883535204313
0.025469483863195745 0.4075722008308056
3.0076347691064953
---
27000
64
-0.21741867275486687 -0.35623935133227247
4.933445046944642
-0.7634573936544105 -0.7638364621294984
0.021299603436540693
-0.7309594278803516 0.9476122903555253
5.574120163667335
-0.8374296508325312 0.6880018920533157
5.894351074364182
0.3316123993958764 -0.7229010476326477
-1.4295702709131672
-0.012895487922875367 0.8255258489029956
3.3135737824089073
0.6716798747477953 -0.787183049229486
0.1722893933304679
0.10341826289796173 -0.26483194037518537
5.0405896493959
-0.9430445494108429 -0.10895159938945376
0.3647967549482154
0.4386106881367865 0.5961304638841771
0.307932383679673
-0.1483599975772252 -0.6768044336749887
4.138556252552513
---
28000
81
-0.268468691127023 0.39935713217227764
5.334817758646605
0.5502381363314761 -0.2633321551892532
4.0003749971319085
0.7277073271081842 -0.44564833804002346
2.0640203553542635
0.5524326976823253 -0.6707938216714713
4.1927723495415155
0.17387409224870837 -0.6966222459588135
1.556834476296789
0.6144402943185397 -0.8840771684455646
4.891224126731445
0.14777583707622163 0.4290954607150276
2.1358596349292585
0.022422848219661895 0.5739969907273748
5.036691270887373
0.23219043946907486 -0.7444438797143845
1.6201056287167201
0.02974953404138806 0.26117205965224366
5.265235357560166
0.6651982770238462 0.5188486276018961
3.224690383492132
---
29000
76
0.9310489651502746 -0.9841544207839223
5.6930464941357775
-0.305938399106313 -0.603045577378069
3.92076825949864
0.024656819906103813 -0.2424925788525736
1.2948976973242559
-0.4063814539122397 0.15227223253941494
3.5295992596472807
-0.8248089897334557 0.7730913175326377
0.7742177436814872
0.7624502730577708 0.9038647327432424
3.306425497748351
-0.7121343006250669 0.29353300195129506
1.6497586365657506
0.8118342044207237 -0.46023373434902926
1.8732444821936278
-0.5570676096099166 -0.796385748953726
3.610445012655994
0.0368929364062785 -0.35669802403415096
4.4727585267223455
-0.08982846235780158 0.43870048683367474
3.814174310939821
---
30000
71
0.7428242476334003 -0.4473204413825306
5.734739511505248
-0.5166504279191131 -0.2042727577103533
1.9046358139693647
-0.11838493519903655 -0.6007973508667019
3.56394019229585
0.5904357658094357 0.5329526825911377
3.995550876882203
-0.46657166793876387 -0.3015583112364622
5.879755064757957
0.7083547346410456 -0.5723301226484037
1.5800383420129682
0.4539896933216707 0.7033757072387768
0.9429394231124855
-0.7375511104587945 -0.18844305522139737
2.4252548551093316
0.46323182497617266 0.5096536465783827
4.385220778413452
0.6798012646479712 0.5958227499638977
3.282466028490327
-0.34867415089956155 0.46430231520412113
0.7741101715941072
---
31000
82
-0.5007121092179457 0.19033941184274136
3.4221418619881256
-0.4363653460913843 -0.2797612138671609
4.331687814087894
0.22217783032247296 -0.9772098259762435
0.6523278774947121
0.10714865791996434 -0.4646837692746131
2.490638691691208
0.46707971849709984 -0.39221448322649805
0.3768626758410871
-0.0011872662563179887 -0.05106957096270917
4.524410098420858
0.10562906998298528 0.3267619981149869
0.991375178363783
0.9937185237216943 -0.9060824567425099
2.0853307140126542
-0.5278381525175351 -0.42042986229687834
0.3860745124961138
0.6572152112729959 -0.5189998414611802
0.2678089466665954
-0.042547941595132976 -0.39473952738181717
3.6537847061231883
---
32000
75
-0.45479568520897407 -0.5103093496864933
3.242878095707497
-0.507128342482932 -0.32471843186005034
1.546504385774373
-0.5348062611322554 0.43540482326371405
1.209168002987564
-0.5236640158104544 0.10997881355654797
0.20927460862979608
-0.18000778063653272 0.23980118714486176
1.9362410311067357
-0.8267657900380958 -0.07259743083516068
0.8881534823403747
-0.04453617434583607 -0.491208548943404
0.6315695547532938
-0.38300932691786743 -0.6792031036070588
1.4144311122850137
-0.12282213832234525 0.9394642930988816
5.509264978248379
-0.2655914924049598 0.9316239135322449
3.1468723588722947
-0.31125076083370035 -0.875127231375326
2.0153845380564324
---
33000
76
-0.557617292030213 0.35638716329853104
1.2713262126895428
-0.3308796579636651 0.19544093641089938
2.458341661121141
0.6043242103366241 -0.2904918076515471
3.004122157684751
0.4422801568889036 -0.30732860675107543
1.3456099946092444
0.6186277712936462 -0.05084614275122644
3.2129569727295353
0.10186423925960186 -0.9897090558002761
2.262310761938795
-0.9678269723929516 0.2984390334980617
3.8590315130850037
0.3613491942198157 0.10216296396552765
1.3907201888344218
0.29315463375266604 -0.6191087870267986
3.2726191705767276
0.10834291126480765 -0.2085393274326307
1.1368840864301664
0.8594064622055982 0.2016197523353607
3.7123770384561006
---
34000
80
0.3554173093984629 0.19567195577884514
0.9632125975076925
0.41186979395345036 0.10381883651218934
3.2574625309778966
-0.21816375119311604 0.15595672107429187
0.15428164376220188
-0.9987126436178706 0.2770779932530984
3.0394873640817854
0.33667417895624463 0.3447767749581818
0.6455322248462565
0.36384629283880066 -0.3491945313732042
3.9164242757378336
-0.09432827288118625 0.436793597274956
0.6854501407907705
-0.7857744622468876 0.45513896458570635
0.6693333551489022
0.4623908163895063 -0.16390700292308252
2.496861574346452
-0.6754813325209871 -0.2145993414471482
3.2560682966620336
-0.15933522836510627 -0.6479877375637308
0.6611080420558819
---
35000
77
0.3425964928211054 -0.42032207738978067
6.087907202410737
0.8851214055396082 -0.4288624187183956
3.39133464506196
0.9981414494924321 0.8680534838534527
4.605401416621994
-0.01906246230007698 -0.6865715690505444
1.8595751346743175
-0.6000523050265247 -0.7664101080752853
3.564895813381952
0.25480036346461005 0.18077395175533334
1.9178088321852154
0.9337186930222049 0.18379062711015356
0.121679895894097
0.6608908447068879 0.731162367016381
2.066500044509066
-0.2683961768384501 -0.9969277230789091
1.3748218211237786
-0.45649297493584606 -0.21020197735799406
0.5040150111315027
0.7830631705733722 0.3059412810706025
3.0027956429547253
---
36000
80
0.5807151885943435 0.1999769155846395
0.21812943532057572
0.576216983645592 0.19899745116111361
0.21267418135114724
-0.17043169219557827 -0.005931596985364822
5.0387953859970125
0.8902438971686496 0.5941897078408633
1.2585381550355859
0.039589943061606236 -0.3908955561827819
0.9494223024787409
0.8516838392001763 -0.13554154226385565
5.243625017051827
0.40397335967355014 0.9253632740865543
5.360079371731616
-0.02853273366212007 0.002050861309372161
5.422821528015915
0.8366469482977237 0.1285786858807206
3.0329953518086326
0.5497235629079966 -0.2458569253420471
4.792145445889859
0.44835460304994 0.11315344491196688
4.633120583594087
---
37000
80
0.0736922262309512 0.493062647154908
1.3541004366032146
0.24101934308620585 0.9707185640448146
0.7680281341605815
-0.19342590518631017 0.11311465308551409
5.530242410173628
-0.015299840302152984 0.8751119021250826
1.9819124365778267
0.0012342508404967016 0.23413813921008436
1.6150131384292878
-0.2902662647019527 -0.38053424384252776
4.127851869134341
-0.879063686644229 0.7009669450495724
2.571394985290673
0.3081349070669524 -0.5442915925221811
0.3759438092741547
-0.9669610846611273 0.993857308892309
3.351689058904671
-0.683379918136724 0.0017634751250611563
1.9721732429399266
0.8915668157729392 0.24784827195375497
4.402502833497927
---
38000
85
-0.8761096678347383 -0.7805888079225327
0.5705747741527655
0.34363877681784044 -0.9056347177038028
4.41761565102963
0.5830725136600934 -0.80419545989987
4.413589683711846
-0.1909718393695759 0.7314874060348665
1.3383996533598452
0.1995616240632 0.9754380395711711
3.584469395199089
0.7016895710572749 -0.8884476880962014
4.090736258447796
0.42066807379386495 -0.6597268785597062
5.148955261680484
-0.5204196229700028 -0.4760137132611995
2.190230079076038
0.47857537652526894 0.5681599550707495
5.681469370189575
-0.22341029692674488 -0.37893387722597055
0.5655426162553665
0.8083922343632085 -0.9594012581064336
4.914269005286029
---
39000
69
0.36357832850267874 0.7243325840751468
4.583116364650116
0.391977798785745 0.7005205274255161
1.533011785380256
0.0843935098308462 0.923347374784857
0.07103656807847347
-0.5627452111107965 0.8886022954191809
3.0490406152216734
0.5032073845909636 0.03491196080271099
6.1662068572649105
0.033848418822199286 -0.8566825029590827
5.798883221529886
0.8541948813992024 0.9933271225316205
2.251721418994582
0.5960542251896288 0.6754835805945324
0.7181177908010854
0.15058754945727865 0.4218408033506287
5.5365924017719905
-0.3981692840881048 0.2825652452760495
1.9282861917571426
-0.5026239702878976 -0.07833727842390045
4.6460477487798375
---
40000
83
0.3595283750082682 0.9286903669476404
4.183795626136985
0.9638959951252625 0.6022191849989296
2.9779135247254453
-0.5085969638565472 -0.8151506570925381
1.519282390353335
-0.17742894265605874 -0.47303513697815347
1.2843028088594535
0.6336072883670565 -0.7837445632288372
1.365526717031889
-0.36193958108342433 -0.3525324450134474
4.294281522355331
0.29114991743796265 0.4747679760458987
5.245439839657507
-0.10220888517965088 -0.12701250104957673
5.79534561472495
-0.7679193140678987 -0.806789367743948
1.9190527909492037
-0.00541864375701525 0.07245628819312885
4.206298102353193
0.8993566719727715 -0.3716838966289448
1.0040752205260075
---
41000
80
-0.6208415135167046 0.6882747908717305
1.9054333371642027
0.4655424831729678 -0.7538449076708609
6.254561702239605
-0.4424417793499786 0.326614784735551
1.659092915909623
-0.6221233423686152 0.07530957864741858
4.895290113921949
0.9792066236575483 0.5201920434993275
4.768524548969083
0.9293239200222918 0.9002122337163936
0.866741732795071
0.3516966097895072 0.6255922942015334
0.1932975422902059
-0.44481481045217464 0.6708097879759384
2.00579003384704
-0.7796428146356043 -0.6435981971408604
3.6085712573894346
0.6428499628567331 -0.6902489737335264
4.766083542618071
-0.7360489182186164 0.7128234379882388
2.9818893218350384
---
42000
75
0.7597955848999762 -0.9342470714319414
6.152749217395105
0.8157771206549095 -0.8895693926161199
3.3849829829634173
0.7516525327246468 -0.8656909926128058
2.541995789966564
-0.18894428406054029 -0.14888018528943095
0.20748979685607782
0.538351247112794 -0.3683975773917589
4.1510144487559
-0.42412823642180314 -0.23309344372108126
4.068275069472248
0.9867265316346594 0.37259077011373365
3.5289470112979346
-0.13498798588950714 -0.9548017012859049
1.6284042475655243
0.37566024698249645 0.8669106722305284
4.5216416274248745
-0.6682324205897193 0.752621568018243
0.40973096396375297
0.9033709670380382 0.7640610231634849
1.5246400663827435
---
43000
74
0.8938859956286066 0.7230079142962519
3.1842573630652002
-0.5919152068608464 0.4758964672653535
3.46961550087664
-0.47985932072962334 0.5776497677745663
3.3715794041924596
-0.5950594405682997 0.3342547464875185
4.299368918746389
0.7388982593304892 0.45949766429992256
3.497578132953671
0.21800550205798996 0.9620923771754792
3.041384294497816
0.09140522467033749 0.389285894836225
2.8314271617803537
-0.9353639449382632 0.349330105390902
5.3614843684634215
0.1882313100768666 0.44042954326612666
3.4520962835935416
0.005271793272776645 0.8304967893079018
3.7072875493142448
0.2110796244297175 -0.9512540548256779
2.1611019587959452
---
44000
80
-0.12643098598641442 0.8626466337086028
4.692149516266628
0.7686216648724714 0.6756025935720588
2.457122456211322
0.4133936571831539 -0.7681249345344986
5.94935988777042
-0.9505380287335696 0.9385675154022143
0.4182939378222983
-0.18746628894530815 0.29991472555605836
4.651598893928101
-0.385435728093256 0.3922440531735972
2.47141901532666
0.9558030037683521 0.42569220363761257
5.2454603483420446
0.44768251994291985 0.9320227935933005
2.5485576083761394
-0.6924217860684695 0.7520019595617703
-1.722855107550904
-0.18489955814629 0.9712368365093174
3.4898736629399876
0.3633244164108825 -0.6422640228143971
0.7707107264406314
---
45000
77
0.7624303489437633 0.8523326718748571
1.883491123260454
0.397271082796669 0.3591176657070392
5.141427254881481
-0.27546124885906953 0.23993733373647344
1.9180914302222867
-0.9406696295230564 0.2550953845836756
1.6211253427474572
-0.4577176731092656 0.2815601291291442
0.4323580156010924
0.25854621999819744 -0.24244333519294123
3.483186254118107
0.25956009841859085 -0.21373144260577615
3.384521713549784
0.898457976814742 -0.8326935373494977
3.2684215396306344
0.23587178834423042 -0.0362690349249476
0.9095244735331969
0.7841634335387306 -0.09642740660631591
0.34951930803332854
0.04306510626713744 0.2211391739484727
0.19263082069641602
---
46000
86
0.799943430448525 -0.28067679910464655
4.625003360133159
0.2511114739422464 -0.570843074934315
0.7318345037070113
0.7437367339293689 0.31990856714439586
1.236996141196986
-0.555857168473257 -0.33504173361659345
5.7169889851132
-0.5319054293012941 0.6554077260723594
0.5686423593085657
0.5220231335401102 -0.7561901044400031
4.191571426403595
-0.06805194706051376 0.01070633918309902
0.10104612556775372
-0.4807274740727261 -0.33842515472537793
1.1191775889452185
-0.2268857917994901 0.9779630343721039
3.492783037820131
0.8328127548726009 -0.9046668586282536
2.2669420055791116
0.8991265783837301 -0.03478158024218665
1.3265703412826024
---
47000
84
-0.7418949233124204 -0.2556309471789574
1.5348829412693523
-0.41970494764383837 -0.38713779904419765
2.4794345128918147
-0.6249155993408495 -0.2977966757403574
2.0249504358885284
0.8876153174997924 -0.8967508088127635
3.13426902012708
-0.5703180730096 0.5010649683369897
4.042783344478535
-0.8835120731213507 0.5955141270969629
0.6486600403555727
0.5376625460661673 0.539821969866449
1.7925881430229271
-0.5512972227890898 -0.40415742334938165
1.3236958186885088
-0.33058653733546695 -0.12862702054912747
4.285164769832385
0.4358361377626278 -0.6101389242008212
3.9465958246309554
-0.6068235765816924 -0.7763716074873663
6.125977494163076
---
48000
80
0.9448621032168071 0.9453691067935339
3.9400455137193764
0.713245371336568 0.7942359600684589
4.019919555699579
-0.7406540589710653 -0.5997726358904741
0.8855875331225169
0.791178738732172 0.19843406470688996
1.6424636061674347
0.30445401662118743 0.11974667194801011
0.03135307514329888
0.5323454229564596 -0.9574212655176476
3.460623363520722
-0.6867543612209377 0.37212836075962086
2.3516432928248614
-0.20685335484242917 0.11257939149798854
0.35839005390275225
-0.780417205434105 0.3006655554136148
2.524810320053824
0.41791146833432347 0.4769629375130598
0.5373968188278742
0.4628311552411644 0.6302049115650297
3.4109547848069903
---
49000
81
-0.6278595435966078 -0.8419915517963561
3.37903340288241
0.9874613146852682 -0.7815517645360479
5.174701320751629
-0.31454969996323456 0.722984398745908
5.55871205573353
0.6045347015193829 0.9462783357689877
5.566806521893528
-0.25200553590881164 -0.008212307963637866
1.6411394275125897
0.4214466057984247 0.10686498381368749
3.3697436629794755
-0.10939265373802563 -0.4807548083450006
5.682257043588396
0.05340530116955042 -0.7969036964734253
2.027306134251898
0.6864186484409887 -0.6569603403057629
3.4274097313270007
-0.15513854364209215 0.10802598759460758
2.088840981365803
0.20226490787072332 0.6588088906555992
1.3830149402400052
---
50000
79
0.7358638783416902 0.7264892031049421
4.941123051236521
0.38465835165168516 -0.47311705570171764
4.81344158515948
0.9724991789266691 0.5278477271724402
2.1321265973605774
-0.4309698039740084 -0.789618723546864
2.497571210801077
0.4769273931763639 0.4738926816354897
1.0207113414182274
0.6851008147842899 -0.09502426415757415
2.778755689500564
-0.24692589489417593 0.10184713336213037
0.639011423900806
0.6968706069359384 0.4626610681516569
1.5767942383323312
0.5532690613768728 0.3947310236112865
2.917165953607938
0.12947256419007686 -0.04190964346301613
3.0980851211979585
0.21472303597275105 0.004989593040714148
3.8453142742298185
---
51000
77
-0.475690803820431 -0.38854416676620296
3.8328108768458855
0.6356482448941716 -0.0576888219754654
2.7922528390021206
0.4501564056918953 -0.6422331257171066
5.679561692207696
0.6306958007776233 0.681187956542514
6.082763866829723
-0.6359717334773519 0.646232984129058
1.4204319562264773
0.4980068430006781 0.14627387854005214
0.3479860547107032
0.26121044986476677 0.3029359010596965
2.2460919381793385
0.9580787092375852 0.7971721867097709
3.823878452853595
0.03300281950880311 0.6183769484206165
1.6000866340518884
-0.7321091943782544 -0.9895546481246649
3.7418134741115887
0.09001169610169336 0.45421945021703003
1.8096901928956752
---
52000
76
-0.6783665869513931 0.9546758056962822
6.282449395480732
-0.7725663066318994 0.02159335470815739
3.510299373624682
0.6419476850303228 0.6947791313414088
2.622206667444817
0.31046153894166245 0.6777000871647396
4.294617450575835
0.8650739524264389 -0.8497609549133681
2.9160424663499516
0.32888898763082836 0.30686001855278167
1.8051520141947845
-0.4437939875246478 0.5863289974846345
3.1082768245072394
0.5232239821136413 0.7588614960572848
5.514337351527547
-0.8145057157804595 -0.002081495923316478
5.525957524051919
-0.12757371867380687 0.2799080704509941
0.3597092721978967
-0.8147058343624463 0.8155245158668132
4.454381281062315
---
53000
79
-0.12578857794591283 -0.7005498483332178
4.279556859353937
0.2658020740280273 0.21231384446411172
0.20297111938410417
-0.3003833021999405 0.13981594321636887
0.22502189867457822
-0.6049316153737071 -0.6096262067800725
2.457135744459176
-0.6107373406876496 0.7376545881883176
0.7487362010612104
-0.24121452561902504 0.554260593662439
2.7459189405399362
0.20437528894194024 -0.37150898184156483
1.0974271799756892
-0.4381028824174314 0.5408295244853083
5.520827002731378
-0.6997657450475504 -0.38666869039331603
2.993199274948032
-0.24367748241284448 -0.837744809000809
4.567409071126724
0.5604293611482224 0.3223439906368381
0.8832852250579881
---
54000
68
0.10506334054027397 -0.6598610029304114
5.418610547986986
-0.9964890570083842 0.49936667791950856
0.6836763639567645
0.04268185560505537 -0.4591904057488011
0.8820477641024436
-0.9336194418408161 -0.695592262398494
5.547310398207218
0.650379477246793 -0.9082378228736817
5.479805002702735
-0.6228588981197489 -0.4702200857452772
1.6595108204717208
-0.8958955122418585 0.4812496135942731
5.963029284031832
0.106788271620172 -0.9191420190792576
0.9767001832533275
-0.2863988920514374 0.6866891408530654
0.38571839714435363
0.014829937649743268 0.4033137044355106
5.633840955315898
0.6844047878137572 0.4699988703183447
5.971314768924814
---
55000
83
0.7441370618606374 -0.7598352047660093
4.1584126383138855
-0.8764867975690023 0.7128384726668754
1.8081853451069767
-0.7058322168346004 -0.9725541459805084
5.225261856866402
-0.28297209104427273 -0.3203385151469376
2.0903435426418904
0.0694841952891576 -0.7140999328182118
0.061987138123872576
-0.3368954981388199 -0.8544982552417774
0.4204799376313071
0.48489839306275834 -0.7569237295606692
1.0920289359780657
-0.47413021936411676 -0.49769698981394495
3.4063660642687674
-0.3548121021755573 -0.7958482958567115
0.8986420762695788
-0.5381469717924202 -0.5901061758674769
3.0594855819570883
-0.5883229497464968 -0.940896915948113
3.1614662576240855
---
56000
82
0.6000947236997575 0.6484058683288693
0.7016330156439068
0.2724994881782886 0.23568730915733452
5.582191740305095
0.9428270836585156 -0.244955647904623
5.277820940287901
0.9104806418335072 0.022243486962832532
0.9634694283854719
-0.4954783713791769 0.35858077782398845
4.533424863361775
0.6337159330200028 -0.4626703810700158
3.58632452420081
0.11006630293490044 -0.13046146946605996
3.348015302994705
-0.16710623696381968 0.6551196863399282
1.9841370506265932
-0.23891973026540309 -0.2502030521028514
5.45732266443041
-0.7977105518387307 -0.1227016611176975
2.3735266217267093
-0.06754867087673094 -0.5672118844082281
6.051036845982048
---
57000
77
0.9276055545407593 0.5898805018596455
2.7424584053498564
0.3096672823254986 -0.275795866587385
0.8139803479145442
0.46764988088612147 -0.7679532919686572
0.7331065102065946
0.2774434485861604 -0.9424817722539672
1.1192539969637583
0.6140200399205917 0.30353331493650626
0.49487999313162767
-0.8320750612085703 0.4746419562017019
1.0084427060965355
0.03411883475095748 0.018883194905361937
6.268718399584819
0.6212471967202604 0.2437478654268734
3.164684671541549
0.04008026287863546 0.6879688266553432
0.03860273105098688
0.050279985945496666 0.41220621375719035
1.9740911215444656
0.34254888915184956 -0.6524875654653036
6.069877592312312
---
58000
86
0.32279791255728746 0.13238756971506976
0.09330723590849122
-0.18736549093562244 0.4265942662677357
3.9041707064193822
0.23320685252016812 -0.9671565349722827
1.2497253792385843
-0.2460259280243663 0.029917633045208836
4.631907634439853
-0.1174271724001403 -0.5850977629342544
0.9547237136127702
0.020440708064670465 -0.19639806790011788
2.575761253021481
0.11641546709798901 -0.6084171190142939
2.0163948418509543
0.11483283023483754 0.8175172533533571
3.6951019869799664
0.7614305208276625 0.18002597205975304
1.6367012539426957
-0.3859369901003155 0.36057415613140703
2.153156313932225
-0.004837140458582339 0.21804893354810329
3.8094527005948597
---
59000
81
0.9874888445466751 -0.39597009666430827
5.872245553323529
-0.8903461494981855 -0.3174571387060141
5.922591967971468
-0.6448652905967208 -0.004723840578290065
4.767602959074268
-0.2774704687992837 -0.5305474454926052
2.144978023262496
0.6790007590216458 -0.10413460445031536
4.571903854630763
0.7945757225450693 -0.5930462921582623
4.2448007123021805
0.5184388575026522 -0.6586320022383685
1.5143700792488284
0.46540482795232113 -0.8901206328864087
0.4228416998270079
-0.4780483406849066 -0.41563185724098933
1.5180660267575536
-0.8563173138362089 -0.7536772513270958
2.672720603685973
0.4755592512446753 0.6870172613774439
3.4279211568495667
---
60000
60
-0.6936147842193164 0.4824215451765842
5.878096655798934
-0.8479899038767664 0.532084442752078
1.4347677972846933
-0.2526866716402323 -0.6655440822851916
5.803008987526548
-0.9530583395060729 0.8860028028093709
5.9383768137887
-0.10341476253800613 0.6242006330955638
0.6055762877773212
-0.4567202030598853 0.3266685308962002
1.498226258370785
0.7407601931414807 0.778303449776453
1.0873218156955469
-0.5012798637203514 0.9570211382642664
0.16123533781445332
0.04044627467417536 -0.0733695294955273
0.860046520005108
-0.017858145853774807 0.6184688741031724
0.17554024890565234
-0.8802644136447143 -0.13851941498952194
4.348128825930918
---
61000
81
-0.7728718983213126 -0.5054701193103869
0.9317040260886936
-0.4979887182248488 -0.516939453594487
2.9105747969207068
-0.8782716083046761 -0.2530441215287853
3.7991627727697503
-0.6869069716803144 0.0420796460014965
3.154356346256753
-0.6047982004883523 -0.42668129398879323
6.1095673053110975
0.6461805504409688 -0.46081441883029534
4.323895539834158
-0.33012982162764987 -0.08740318861678437
0.1885602766459087
0.5111919555002236 0.9850661454596421
1.9353349561629143
0.2180722663311285 -0.500331643835898
5.109155689836109
0.4607831339268375 0.43494465368212937
3.4946345592294525
-0.3637784056644294 0.9054406995537031
4.754238195214744
---
62000
71
-0.2229702254289357 0.917739897976844
3.052068443901401
-0.28033189601053593 0.828371240588015
0.7197278183272564
0.9643232908666604 0.6090578861856614
0.8417273054835954
-0.338428922191997 0.3950120291851001
5.573630189236655
0.9993774587710222 -0.6450560434913091
4.313947595326729
0.8864095420494154 -0.059863470436725026
4.638618014090821
-0.18718923889843136 -0.41508038104022965
5.318700855571198
-0.07783170687299024 0.2948118784660677
1.9337163941993607
0.19609497497671 0.27236805554906635
6.044245500352104
0.15406419888482903 -0.2876664137827232
0.39697604730030456
0.4613961383564561 -0.374340289424112
1.057031403147496
---
63000
78
0.5579303448506808 0.34627268996682814
2.4846386288569353
0.5466651624450124 -0.06677926633350456
1.9416712979278392
-0.2310289089221725 -0.8099847364554054
0.9544767678012951
0.5296632322415025 0.31318206856468667
0.5579747904042236
-0.18498903828054597 -0.3234173534150783
2.2961643223663604
0.3472247726704478 0.03723222594657804
3.080583417134492
0.6609383761871072 0.23446968451645103
2.103366923181519
-0.4371871742147264 -0.43762393017397483
0.1561216030068442
-0.7323413389824024 -0.3010772338434773
3.9087046297677173
-0.8666870011219994 -0.3831729892078526
1.4518607335411664
0.3776819398539847 0.33558438773050225
2.8648581486876603
---
64000
78
0.9633926834397858 -0.38792546897034863
1.9521075543711917
-0.02339029278000731 0.8922162122940411
1.739426395164318
0.22656981569797374 -0.017026114509942902
4.668863210006971
-0.8986397385547585 -0.02657681546076661
1.7007352327879142
0.3294681549532614 0.6532210189441686
0.47054528427444176
-0.09885283062547678 0.33774418251373806
5.38794446939311
0.8242036505106125 0.33199190740467
1.6735135513805073
-0.39098660395393126 0.2868189654368196
0.6288161569040858
0.38714691370218024 -0.31981901955480047
1.01825994488269
0.48166087625594517 -0.5916365689535685
1.5680194113075787
-0.6526697633137591 0.5037385785812031
2.023387237681738
---
65000
78
0.9138592041778444 0.1381139697537927
4.425079543767227
-0.30126563957042096 -0.28800720762881393
1.077147210491641
-0.006232202156556163 -0.6569159630963954
0.6785879335621132
0.13786464635328627 -0.19449809902767518
3.0519353816558583
-0.40507037601573004 0.9855021815763512
2.6795955580537587
0.6082503665856291 -0.19484613933749542
4.843492701673057
0.27446263119193487 0.6585341303337655
1.127924658883475
-0.1662764125246859 -0.46968939896170775
3.8710562368832964
0.07086251941760421 0.9048940115186506
0.27731282295658755
-0.36124143162632183 -0.26143872797830753
5.119174814283713
-0.048741312205984065 0.5747467459335284
1.6450295692298544
---
66000
76
0.7669192658622241 -0.005453325308362469
5.699452782251831
0.33685505555078804 -0.07442517691697334
5.6096321594643825
0.3929760467552516 0.27135625793653595
1.1901596003921089
-0.48758290281817057 0.6256002882166163
6.15116813807529
-0.6763379663076052 -0.7144653597604569
5.867067767783775
0.14181098441951695 -0.24540031083597727
4.7494360144721615
-0.42736133060279585 0.5285986472535802
6.136601034651073
0.9704928462727583 -0.49132655165614203
5.043967347855673
0.3465795415083961 0.9581253893023669
0.8630579304479795
-0.6975409431699767 -0.8352855133648548
5.9769461198783125
0.9200939395446505 0.2630523512236365
1.738648392330579
---
67000
89
0.7113525273778444 0.5161368767875398
4.561517043302077
0.7078366629667027 0.4990731510288373
1.4996772783050796
-0.439890780583665 -0.05987775737646227
3.495420683144359
0.09276377605194608 -0.906936382124477
0.49903506534725306
-0.5256099901569831 -0.3383260655451967
3.0242432707957434
0.05886730579567148 -0.9621676506228856
0.8653671120068998
-0.03165991698824796 -0.5616133657191243
4.862378792978184
-0.8708815864063064 0.4225771748678159
5.332832894937632
-0.6555972918367085 -0.15152357518108595
5.315069757660265
-0.006824428820880392 0.6688543828632513
1.105316551936233
0.20489058126152118 -0.3100121604152629
4.172645799122374
---
68000
88
0.9401651824090397 -0.9334872886192682
1.1961865821843267
0.9718458469595705 0.939901525459401
3.362258477247135
-0.03382046006917301 -0.9007066212867134
4.470118894091853
-0.1365924490477532 -0.5387849226655499
3.8247864798235636
0.49362521097486634 -0.9242564660445676
3.3326418875583608
-0.9373369968783278 0.8116815622863025
2.2264781991784437
0.5608635795881318 -0.37719246276736396
1.8040730136935945
0.03370564567352727 0.5817371000286412
1.5447618372040033
0.06102981534862441 -0.5955951943853715
2.0509806912444537
-0.7675987112814491 0.8253264015839008
2.4374583430000625
-0.3803691915103518 -0.4232541135587655
2.917023945542973
---
69000
77
-0.6404475642381088 0.871032415531022
0.022577742074999078
-0.49770077289672676 -0.9555569466049398
0.6821209287517522
-0.8598752946703545 0.05155538623989606
1.0404652022522738
-0.7281148552205813 -0.30652491038909885
2.4802194277446077
0.9468352614256771 -0.25649404830710154
2.5650147764357936
0.8210186892277194 0.5542943294590745
2.765731930739621
0.40221237762830037 0.0438375283184856
2.045785371400605
0.4053569970650084 0.4413091059605579
2.6138737890717723
0.8004146369877191 0.4467649617972153
6.249784739256821
-0.7849109950467061 0.5936962987683747
5.902107727429837
-0.7654601597615099 -0.3273514393005127
6.181516917352982
---
70000
74
-0.3877816045158468 0.25631962289192955
4.09826051582109
0.7602750517269449 0.8868004687830264
2.682346240169058
-0.7204114737973415 0.43263626942210065
5.344207334672828
-0.3208817906392614 -0.46281222405489925
3.0534234048691875
-0.6027610008014969 0.35508610349212394
3.9407250330636625
-0.6019549474083188 -0.047166825191519796
0.2952052938504268
0.5093381992401592 0.4792532496953433
3.791328777886453
0.23058768063656443 0.28494239036313923
0.6412319956529524
-0.1252666831684303 -0.3580909884003288
2.248242184471784
-0.0632697404415131 -0.6611746460383506
1.09583580518723
-0.5192508817297804 0.3549772856699035
5.476522426679776
---
71000
74
-0.31068897820527347 0.6214698640789241
5.792305010296059
0.9726180251982338 0.7594393489469893
5.901166852903593
0.06220826853766307 0.09842676333674599
4.312217479720224
0.7168458531870807 0.6527843751702193
5.706583156750774
-0.7812373863603433 0.9469749877200675
2.4144152117588242
-0.29122304760916107 0.8221098691740735
4.316892944474558
0.04841267574003251 -0.3887541312969416
2.547355911388898
-0.8851612837367622 -0.8164758574609801
0.7306200520937951
-0.9455900445906026 0.27611000651293616
4.566211957734675
0.670946818614739 0.16422338642300655
6.047700864033787
-0.02011436832991497 -0.05990520451588302
3.2083066086511076
---
72000
87
0.40204037271320187 -0.5489370859222292
4.846944219878737
0.26805364976539114 -0.5398673641163356
0.454780896541946
-0.13303623589226082 0.9423451791765068
6.183608161448742
0.13475993778512607 -0.39011701003863114
4.2824097118765945
-0.29397529005413087 0.750884121768874
4.829807315287056
0.7367574315852835 -0.6479416930744862
4.491401598067737
0.4029586069028948 0.4974941785513329
1.69059108935127
0.5962362783022731 0.6028989051238587
1.1576356226155413
-0.40347918655333187 -0.51498744989094
4.2998670319620045
0.45396110187826033 -0.7520486209835885
4.002395536053783
0.8219447418707359 0.6138237279575741
1.1142101958375736
---
73000
71
-0.2622136023993236 0.2802196297574406
0.470495285513962
0.8552893388238436 -0.8297393920090929
0.4040649539386667
-0.6352414239669809 -0.10229325339726567
2.914402886908035
-0.7663935151012201 0.7500230344211671
4.258017866160509
-0.7650326638997063 -0.5311031006748157
1.8829334638990236
0.18608427744956293 0.3818988258592342
1.1227879322042291
-0.9614594290532337 -0.09101272011462885
0.38047041445872143
0.47876487910843646 -0.6255118003293089
3.0961717800219652
-0.18505972777612412 -0.15727883375083354
1.4457303246515671
-0.14927908503273007 -0.9585235833285916
0.18789720465131676
0.8616204076777708 -0.8761738438376019
1.9689295371337776
---
74000
82
-0.44772535156193977 0.6069745066196734
1.2351733572426413
-0.21285156904446245 0.27599885457683254
0.2601157376256502
-0.7282191572088745 -0.6872498402883801
2.477348597066431
-0.30574983032325487 0.07845010959187286
1.1305863827807414
0.2899831555742851 0.12297700663817265
1.5167708692081865
0.9886439605762644 -0.5995349609866011
0.3268068013050378
0.030819164735725914 0.9015992679129295
3.7470358956957854
0.02379466732037096 0.22252656478880545
6.116872710111118
-0.23656910971256778 0.8238622108470671
2.920567999497182
-0.3698497424999247 -0.40760185052070536
2.035823319792402
0.9854649586295978 -0.8122499316209663
4.451150741492125
---
75000
85
0.7758566363791416 0.673045862263058
5.730888194203158
-0.8936424643166726 -0.0020584381251592433
2.7227334330349846
0.6514498725223481 0.5854162389811004
3.8843648082962323
0.6041417587037641 0.2528020126703048
4.664395901290368
0.34022145503006845 0.3075853008745514
2.9550830300258992
-0.1377527768092468 0.3323762590964493
0.12937438978423277
0.387398224915266 0.5282207865416284
0.154017424263869
0.8120161750141086 0.8348414819213604
2.465314657359409
0.7687771161192394 0.4488395187842466
1.653238275634913
-0.8688921062409013 0.6875030809005311
5.453767023658519
-0.37430439374652463 -0.46215860462880265
3.1380615997385295
---
76000
88
0.8876263195020726 -0.1544537379909901
0.36154627606144146
0.9084812358708722 -0.13342173937725763
2.3261723584265104
0.4908478594519127 -0.7402305348097379
2.046543452864017
0.4280372903217633 0.21733805314395263
3.549521672251097
-0.3955571039610429 0.2599442348261969
4.507473462521845
0.5048824563581146 -0.6363768406192788
5.164924851595438
-0.18390204907330643 -0.15330471749017913
1.9895018256005121
-0.2871669409235828 -0.5047643001058515
1.2913913590716026
-0.32305504375794813 -0.18281247473835188
5.4706154458438405
-0.7913413059099687 -0.9539422812352413
5.019104992951555
-0.6673329165813391 -0.6581959615558808
1.8195535077593226
---
77000
83
0.30204076621523357 -0.848900566263724
5.173433020545613
0.236932886094522 -0.874907000065473
4.5816619365035205
0.4894219083992295 -0.7671484240767352
0.6995158393637455
0.7172541200839107 0.7732097112743334
3.0046862662689415
-0.6811942484670092 -0.5586582259674535
5.544473712137961
-0.27333356833428324 0.9367212016680941
6.170881199974464
0.6022174523158697 0.24780840699885667
2.4795069497434348
0.6084399459788014 -0.5531085623441435
1.7913039055409525
0.05646482178052445 0.9956218980788383
2.7078553277400994
-0.6967161480211461 0.5020219303223954
6.010859008810811
0.4989686926908884 0.41078638365250975
1.0373188656208558
---
78000
79
0.04234373645187714 -0.6301638330939224
6.084793711921614
0.21622151599995978 0.5690113077700389
1.125803726488682
0.8224169448991099 0.084560368617321
4.70232196467372
-0.8151940368396625 -0.8940029438512715
2.8091124502789713
-0.22680690707709056 -0.9036523628975164
1.5553836371446463
0.4959173476669523 0.12758895499643233
5.3779409984549025
-0.5207501728014572 -0.09699976661043339
6.157696431577139
0.39099848814100335 -0.06575067447575
0.615264287655632
-0.004836016967517613 0.6708827420783648
0.6909039487014326
-0.09948298103088764 -0.19567087298060534
6.171073818120028
-0.5714387641065615 -0.2495123402983873
0.676935603452983
---
79000
87
0.16639441740858366 -0.8008113801855806
5.265611788671556
-0.07541895904489485 0.6967306046803793
4.404799172581513
-0.9776774960018324 0.5184670822640532
2.9299213032345106
-0.5897869475326499 0.3386500594113907
2.1536863230696115
-0.706084055635915 0.6770369969831042
0.6688040772885442
0.045347947346560544 -0.5951536832934472
3.5775194252966402
-0.5428177843997549 -0.2624693907170516
2.414806036351302
0.053419835554118826 -0.06633268652082651
4.585084342489635
-0.3869827701849422 0.6927165023683091
0.943765784343336
-0.47078248588796356 0.9558456116707716
3.3282228070675597
-0.37461051930531747 -0.4779950890334357
2.46967533185812
---
80000
85
0.08239428906439121 -0.4848019342047914
1.1188164872614108
-0.13065659605600566 0.7781969186429896
2.636230986254896
0.1574818044818087 0.9947666172557987
5.93820093403348
0.7390978067544804 0.5880371939022757
2.5427515649443375
-0.39378536492816363 0.9518163507866777
3.0035494728812475
0.3016188014371712 -0.09165739367149667
1.098460449768759
0.7368627920985952 -0.08337739896838431
4.169935880010663
0.5595312520724888 0.67975331073804
3.796450229537797
-0.3505324908647881 0.7493987759534066
3.483721785354775
0.3122825450926333 0.4309909042617408
2.8573473511939
0.7116181598344348 0.09457452831703195
5.065212654449887
---
81000
84
-0.6895264058559202 -0.017692386801594302
0.9190122300896799
-0.694513255042302 -0.14476669464659686
1.8874282622546454
0.11538123250978574 -0.8136115762114039
4.623196908084666
0.8405207097014146 0.1650009166017467
1.6652730234599238
0.8268856869740698 -0.7580505836375703
5.585283190626076
-0.6082157018438243 0.22928388631188032
3.6806972404065608
0.23329388369214396 0.3555695645154022
0.6235473997893441
0.6335802080413173 -0.15082103725931628
1.484954241284342
0.4779259257527195 -0.48211594045161993
3.533360779172434
-0.7788327532356936 -0.7739158165202833
2.6405612523983324
0.7888887291305042 -0.10786476750551433
4.816149428791819
---
82000
88
0.5035249499678359 -0.3390644170739013
2.481024987888058
0.5410231656243635 -0.3246695725883838
0.9804970043440573
0.2940676992626434 -0.44183607111621265
5.85635094231949
-0.7373829063572037 0.79281891083725
5.33705467554856
-0.7133952892874542 -0.3400406151152525
5.294924511316601
-0.8207596785216503 0.22330542142619453
2.5031481114416954
0.46539243611343906 -0.33863079141990987
4.546920088817038
-0.11924007065784771 0.18243424211741346
4.228819820117935
0.611706323076402 0.3498456596438854
2.853253501976094
0.025176085025196426 -0.5761505566610257
0.046358893520503486
-0.05656236955105999 -0.7394176231108001
1.853556162922489
---
83000
79
0.924707838857005 -0.7823472669714931
0.8830124772872638
-0.5217752884791467 -0.627380560042216
3.735555946697226
0.3514720843967524 -0.6495381206534356
3.5668441224596297
-0.8457832180269389 -0.8974752017595662
1.8645580918485969
-0.5073650394247405 0.0013616462405194735
4.610532111649883
-0.05524653015848256 -0.8192028199853388
0.8953315832731521
-0.6751988533276814 0.9537353584725865
0.5427611054813202
-0.3285300881992418 -0.30830215540696543
0.7698727695113323
-0.17929606665053155 0.4215834730400412
4.991594765593603
-0.2717870000052675 0.5749563877328623
1.0697773062948688
-0.9435544365348052 -0.5314732206383282
3.1418871799525325
---
84000
77
-0.56696162176564 0.6098944572230556
0.016706391530333597
-0.5080554770688186 0.5987534252647625
0.712912602536159
-0.4060165474350938 0.9750849218753762
1.1763658919068334
0.8705864383757604 0.7677584572928027
2.4916906207535225
-0.4933251908395673 -0.8126777954862434
4.0132177422049615
-0.044152460834371486 -0.39226301856232354
2.812112740862288
0.33421471018284765 0.44407490985112574
2.1983267064217245
-0.57738010597651 0.3860352378445172
4.944273689534882
-0.7907319111477958 0.9543097485106847
1.4954639028899575
0.08955476740831773 0.9081970551682947
5.15181299908221
0.5516830939678614 -0.9179964098659261
6.132895257407631
---
85000
78
0.971132157062082 -0.661324266113245
1.8950362374891894
0.648642733926241 0.7990680526513412
0.1205607699224922
-0.8252274456449654 0.1345979476811574
1.7520139936907793
-0.9952314878690829 0.40395861242064574
2.7905503710959634
0.8881422432981859 0.39945539115316214
1.6799909789910599
-0.812161798282972 0.377116577340589
4.504679575116061
0.4283709337141848 -0.786746398024515
5.892562223962159
0.6123989080004273 -0.42541779269609964
4.986180192306854
-0.5753069762977001 -0.7568950913314042
5.398640663113647
-0.6647311028385078 0.1984383351957974
1.8643774616473339
0.9088486181890714 0.5964682765918566
0.9146959633134921
---
86000
73
-0.8847954279291922 -0.4294956035415754
5.809377365980833
-0.5487853627322267 -0.4458510345049187
4.6597611065053774
-0.3268192804634576 -0.4286822532709663
5.682609893195196
-0.8697442805669975 0.8395436601473795
4.646456714688154
-0.48435392708441305 0.8346180803464169
2.42863316140847
-0.20863000405692947 -0.5114233118933861
4.583376429109328
0.22355047640413925 -0.7503777644971928
5.675620876153641
-0.3188934077726088 -0.1584319710964443
3.4076387545600078
-0.34508246461881265 -0.6308148781071468
5.249089729644859
0.9119165144977044 0.5140781425527567
3.9533336905646763
0.8032287642400444 -0.725063134925527
5.667639498684806
---
87000
76
0.6549846351546044 0.25427291245039596
2.9404774331208636
0.6900758407261302 0.16132720364867342
4.614518784873249
-0.83201170292383 -0.3484759466097039
5.325471465846573
0.5808990480645267 -0.49597300631284036
3.719512318358115
-0.970288615606132 -0.34140613515235024
3.167460113144097
0.6229822881839172 -0.9791833519355502
5.5171491940754604
-0.34403714893062 0.22597859905148227
0.07304115002822886
-0.225695336512171 0.13756537287327042
6.074891085455105
-0.7316677271228414 0.0031014515045953202
3.4272311901144903
0.6770338393761679 -0.5724985048571815
1.9531608127034419
-0.08130681910548679 0.2240085494519514
2.9260210055330216
---
88000
84
0.035106300694755135 0.7081800661881381
5.855083137238443
0.10253512851993209 0.8232791955261648
4.180293440929475
-0.6074559650684921 -0.7911560371014176
0.5889316974308372
-0.08697031119436666 -0.5801829032447486
5.821486090394479
-0.5585988642453047 -0.3446776036764805
2.3074024203686783
-0.2854540534181027 0.8334160010085282
5.946178172696399
-0.1951388720863915 0.8313225810277844
4.900978458540612
-0.8140945235029677 -0.5834008413261035
5.871020987370308
-0.9078995826855305 0.19596075406510333
3.1522606793482923
0.33115084927716726 -0.7007388077988062
5.304743463405085
-0.9877934609224512 -0.9197216356816494
0.7769452468016862
---
89000
85
-0.6716639413276919 0.6176127239351542
1.3152001767112067
-0.6470378745647966 0.5113276897613034
4.311767580505221
0.8761252403361078 0.6524790801303583
1.5694853146940542
-0.6907223001222608 -0.3202049118184315
0.15818582129083136
-0.23997879429194485 -0.969278143118087
2.1238764479846477
-0.8398752611454194 0.4904858452078917
3.289444725654544
0.35895475770872254 -0.3340430129132342
5.161121676100918
0.005395332932955403 -0.9232776403621644
0.7825443958986149
0.14182991649572396 0.23151921537579367
1.6820917583391015
-0.4933340363598103 0.4098965331887984
3.985283898310075
-0.8520129799388229 0.4694095725915607
1.009744079442374
---
90000
96
0.301496147312417 -0.06041044662320002
4.503476663326477
0.5301982768831754 0.1101777671881665
3.112551738954105
-0.7303809994894818 -0.01140321288257233
2.136241484409404
0.952782889857719 -0.09639350560861654
1.7699974223343897
-0.21536487816607752 -0.18168083761989595
4.068615352906538
-0.6881597486641059 -0.47726900008835904
6.178011524112267
0.7954179977427431 -0.43667256544224525
3.12939196275628
-0.8063250191112167 -0.2764683961969121
4.471430660444845
-0.7561325983399374 -0.5494479234329583
3.257189211629692
0.9585222921012343 -0.9671514278411709
4.036193049715813
0.5750900871061615 -0.9942747942660339
3.2385205502810495
---
91000
80
-0.6987666340254636 -0.5277116861946293
4.212309455196706
0.49809436737582985 -0.6303521432837114
0.7540648336333957
0.222637298441785 0.9361724444622876
2.4325397902975014
0.8863602644536606 -0.06976502755655462
1.2402333035027766
-0.42440329044002384 -0.5782783165439543
1.0962361240073282
0.3907123215863241 -0.9525683120661476
4.0301324522141515
-0.5050949004187542 -0.16127413204520963
4.615545910162163
-0.2608140628707144 -0.2483796862025432
1.132168768771166
0.6762935955033352 0.007954230060140136
3.7885885988116987
-0.6365601079244433 -0.10802569874370627
1.5883228353531855
0.629956660789123 0.18762576498750955
0.9318339780344616
---
92000
69
-0.09839708348387621 0.940120960435473
0.6091665251598473
-0.41585271083697195 0.4076117573114156
2.0808211109409633
0.014177475462554977 0.2711307601550439
1.2538328335088593
-0.607898856068049 -0.9749363187162544
4.259217470519259
-0.2954122300262333 -0.09169864956957126
1.861246047621198
-0.5227160648627318 0.956624760156428
0.4257371812164985
-0.47351347728758736 -0.5196593580747917
0.3309117307968483
-0.6706734169953816 -0.9909218976221232
0.5723012485120096
0.43067198365385934 -0.8081912024187775
1.2218306459816741
-0.34525153633705224 0.33314098134557524
4.736204392819367
-0.3691694400903241 -0.2386871230667681
6.155980946745943
---
93000
90
-0.6572538102927423 0.6807828503868308
5.594336351430002
-0.5447343435430245 0.46409670627771904
4.951267290394703
0.5264787548828982 -0.9642598563945258
5.841469988151097
0.513579283103104 -0.7296281747999199
0.9625362723510111
0.05438568026489068 0.15596844237479818
5.824392451575608
0.40898393608969763 0.9686000312415185
6.024026580956189
0.15691487958691308 0.7000801320147632
4.345787299742464
-0.28836759281440283 0.8982732957680333
3.9499375169453055
-0.6792249847771269 -0.7132108082157935
0.512860656734178
0.3294762875566706 0.2028910672192322
1.9603487934020807
-0.4902265547555216 -0.4208279835187877
1.6746641296379856
---
94000
79
-0.626616715143796 -0.666468791478086
1.840009715531976
-0.6601954239165453 -0.5302731257303496
2.4685552443111414
0.3813049222463057 0.36923691302720774
5.617635036563804
-0.5553049256514149 -0.4084627967764806
4.469696561929051
0.26018493197669373 -0.632512703930109
3.495175869770149
-0.522575907988356 0.8853837763919804
3.132619996432621
0.8263826057047247 0.7037377605382759
0.50008397513378
0.2539178539701662 -0.23515452105948423
3.5106898901796404
0.6722938011654872 -0.8652762858118531
1.173987562777608
-0.1735171021349168 0.685718466219195
1.0957398480352074
0.4198026318891856 -0.433759295674042
4.119232537898462
---
95000
76
-0.7714249397773827 0.5561904921857057
5.59199827448551
-0.3024074673340252 -0.244856196148101
0.45109700324240176
0.1799846065346469 0.0727721878322029
4.804585355785317
0.15612320387888337 -0.1883064671472017
2.9944105069309694
-0.9347880379977804 -0.3094078000912601
3.7904567189669844
0.46422908146229397 -0.25936251951100664
3.633698048576453
0.7215740202136033 0.7755496751310654
5.389541832898435
-0.15955661953792705 -0.1264706087471008
1.2211855669053575
0.3531718132907882 -0.03223594250414752
3.310482164964071
0.8810789052858944 0.6614296894682131
4.233125709601005
-0.8345263542663867 0.2343802390050052
1.533137488591609
---
96000
82
-0.9767416332579792 -0.4447195704225272
5.9001823288466815
0.39015614616700384 -0.23870139011331432
2.323717650267352
-0.599445310016715 0.45496748387964414
4.076995151029636
-0.5029287633936979 0.3568863938545734
1.1544396239154073
-0.547929147551231 0.9917998404449266
4.744140204068098
0.35711580662657805 0.7738084785425116
0.5260180203710467
-0.20634522129721516 -0.12121572219545662
1.3596794814657942
-0.03330666936262011 -0.8357711600904932
4.903929542202187
-0.82249784328661 0.8386450753257083
2.9221738559573645
-0.771539095211977 -0.9388468809777135
1.4447765345687893
0.16041120788367016 0.1606331700905085
0.008458553760619658
---
97000
71
-0.269571476604501 -0.6081714433995151
5.558009285997006
-0.44054793204834464 0.5634528505371389
5.993863883281144
-0.07465279063223304 -0.17035082780003338
4.521983336856084
0.6894994421527969 -0.42106019749886825
2.160309635429198
0.043162867289469393 -0.4391568398864731
2.968041749626625
-0.8950064922788188 -0.31489821529741163
2.745967612525474
0.5612772491053082 0.6901944022333484
3.136643930203123
-0.4174451961249715 0.5298844504155102
3.181416429454324
-0.5056825382089216 0.8494626494724037
1.3849011280094983
-0.035845818382074734 -0.46890339585562346
4.828542348627456
0.7047077699620818 0.4938345819513005
5.815972231291256
---
98000
79
-0.5030627416524228 0.05188971661962231
5.718032819673788
0.21923530293265808 -0.50170261530276
5.2037841147102775
0.8024910718070418 -0.3322688701100699
0.2932157540595135
0.45175943998595813 0.07709985953037374
1.9617347491716766
0.6791264473626546 0.17469068866584886
4.509636503135873
0.2677889051450381 0.9781239187143185
2.692498982574855
0.02497068501476723 0.8869957250117326
0.22746898485134004
0.9798372148346541 -0.6302316061157215
5.905028519931902
0.06559879255678547 0.04191637896589784
5.106995494022781
0.5670977038470872 -0.018387854893542832
0.37479865259488054
0.9158153654764084 -0.016650106021807654
2.027165339586552
---
99000
64
0.06924719440299039 -0.18514630631467255
0.9629587117492151
-0.9825083468035045 0.5127447962051334
4.006303023626773
-0.6227932901470503 -0.9774795665348948
2.2602023489006333
0.002705737831158822 -0.892259510486975
2.086261943904403
-0.8393125995807569 -0.18519941859779157
1.1243416227214222
-0.9290262056939541 -0.5655961336105506
1.424944208448057
0.9330426090426874 -0.5927884328711291
0.21909753946677313
-0.6629133475746163 0.38823821499566447
0.4046971550908811
-0.4242709167775697 0.796639311995899
0.49277895074129496
-0.05578440813271793 -0.46484923490198565
2.747045766756897
0.06250734423532485 -0.7110232220450549
4.783676207398633
---
