100
{'run_name': '2D_rec_10_total_boids_short_chase', 'annealing': True, 'annealing_start': 0.2, 'annealing_end': 0.002, 'nr_observed_agents': 0, 'nr_of_boids': 9, 'predator_present': True, 'grouped_spawn': False, 'predator_halting': False, 'record_keeping': True, 'record_frequency': 1000, 'exp_folder_name': 'big network 5 observed', 'boid_speed': 0.0333, 'boid_color': (0.8, 0.8, 0.8, 1), 'boid_turning_speed': 1.5707963267948966, 'predator_speed': 0.0333, 'predator_speed_slow': 0.0333, 'predator_speed_fast': 0.0533, 'predator_lunging': False, 'predator_lunge_speed': 0.013, 'predator_lunge_distance': 0.1, 'predator_turning_speed': 0.7853981633974483, 'predator_color': (0.8, 0.2, 0.2, 1), 'predator_confusion': True, 'predator_confusion_distance': 0.4, 'predator_confusion_threshold': 2, 'predator_chase_time': 10, 'predator_halt_time': 0, 'predator_eating_distance': 0.06666, 'height': 800, 'width': 800, 'graphics': True}
tick
boids eaten
predator position
predator rotation
agent positions (and)
agent rotations (interleaved)
----
0
77
-0.8517908774763995 0.2138979614908329
4.506909615478481
-0.8928554782153505 0.20364987069148047
0.3171083145145115
-0.7845724841460127 0.3901804767654605
4.979846212433172
0.6731516887797553 0.39181279096462923
1.7601586225432262
0.8237228134230195 -0.5799464691312737
5.120049380067384
0.13394307991750043 -0.4734558984667223
4.621971437243015
-0.013109870926267019 -0.645012663123732
1.5967491813901642
0.596299327581711 0.27855444947379626
1.3277052243375977
-0.4987421260070863 0.7089427803615592
0.7907215842737346
0.8079334950694758 0.7784190331056944
3.998351073290916
-0.4250018603680455 0.2615317215385134
4.355068878437701
---
1000
77
0.6379664518976874 -0.3533000423457211
4.762342881362233
0.6310654632525331 -0.5379151940470711
5.206204115630986
-0.8313784217070271 0.09898830319404323
1.8205065585283489
-0.7920784061959549 -0.5626009722349063
4.478998459556511
0.3319708554796467 0.9659808616832749
4.872808000521229
0.5303007447867568 -0.6648565501225926
3.666520743139639
-0.9557373381605153 0.16954230231092268
0.5278149283148901
0.5837156821764962 -0.5012760266856712
4.778133777042426
-0.7420029869606576 -0.04410083767745504
2.885811815591521
-0.05415649781541756 -0.01480097220799962
1.9032087140041893
0.27695835056330087 -0.21902506572110536
2.527978648503008
---
2000
81
-0.7159888756607637 -0.843695672924193
5.152389820570551
-0.9014398760957818 -0.7349535479007965
0.7237966572960657
0.8419474393389555 0.4519190695665303
4.334571294450012
-0.3586623288917401 -0.03714172135657269
1.8899104071688209
-0.7370260807076301 0.9446481189762883
2.1531052003594837
0.16706847556478038 0.8657477424004735
5.554787546306477
-0.1068758850883241 0.967075328944298
0.325706746493573
0.654376733706776 -0.5824110027335235
5.14131472485159
-0.3101230178228324 -0.034408032951762355
1.7686523492795656
0.645819605725717 -0.2232158705550851
4.673337587557513
0.08887963528762528 0.355662909086199
1.8731340981153588
---
3000
77
0.5494812793583392 -0.4714914756412879
2.5507773153358397
0.8673542779879334 -0.23925155711643328
2.1155280479935747
-0.6060749527495043 -0.4523666116926611
1.915839777831545
0.6728286487110531 0.9193078112487588
2.5696351595449274
-0.1300675532209374 -0.5886622146802687
5.857062611708978
0.7110582238969614 0.6900241128050777
0.45311309225501795
-0.5598813939050952 0.6269542366112725
1.7645157029123286
-0.35296146284273805 -0.47662523974378945
4.758703922166719
-0.5500730094802765 -0.024197792846233215
-1.0441217572727255
0.6777285120103237 -0.5535966385544124
0.7567055454420686
0.5902775184362585 -0.5826754868604098
0.8667446101034617
---
4000
75
-0.08018060010384273 -0.04899510412012899
0.48801889512918323
-0.7078179226917044 0.49124615311331277
2.8864619712194974
0.15945597496961417 -0.3261457662641949
1.652217997103727
-0.035263004214948455 -0.8088195956111992
4.603268717569961
-0.9000372884728866 0.6442023291696094
2.0690438272212424
0.0968996818207295 0.7835360105057934
2.6807895323797215
0.46271425645500447 -0.7824380672350194
1.8289909407667642
-0.27487997497331645 0.7428257780456932
3.873177814686146
-0.49495744397991664 0.6653242791226734
2.8389693683019672
-0.6526395482982018 -0.48381379447494205
3.315196586301788
-0.6156608265607655 -0.9039681296557988
5.080565613023313
---
5000
72
0.34553577485795856 -0.8110232263248564
3.9214977582409887
0.4729856179884969 0.049842913513350365
4.233397185591372
0.8449241889168572 -0.16102611559940086
5.12046435200184
-0.019891816910271306 0.8923882708158071
4.607347961300915
-0.8586516123666487 -0.25188955198030427
2.445880599023157
-0.6436807630750575 -0.7659500392008789
5.72404647786206
-0.2820681211115437 0.3123631921310288
4.871178201174346
-0.9319004047243745 -0.09823428935939924
2.76639771445908
-0.7836494143310825 -0.596970695361474
1.8514777518223147
-0.9235153668818574 -0.24734340856576872
0.008464136357139829
-0.45872689531790767 -0.3784275878509921
4.792648639132705
---
6000
79
-0.8657128750608301 -0.05519874585187945
0.11097367755105747
0.6273797981913164 0.0703821132847095
5.090668698427576
0.22575150937598834 0.3302648618421879
3.7455902291375383
-0.7287189502872757 0.8753229385241352
3.708115240684263
-0.7335800813877029 -0.4821657754596024
1.550296753493778
-0.581207821728739 0.8412564357982288
1.6393995761495326
0.735829832063074 0.09858301144075238
3.847510262998303
0.05467560245114092 -0.8650491820634202
3.0960064750531497
0.4105494731693497 -0.41688204642429405
0.6690629515516724
-0.507087565257129 0.6196346770787184
2.1387645020408685
-0.720728189650642 -0.5394253949328095
0.962697808942556
---
7000
87
0.17831241574081094 -0.17101937215467194
0.8799002578477236
-0.41955921488711956 0.5727902428463062
5.158688552782405
-0.5954641342255665 -0.9333017355630967
4.582804648557049
0.5047076388671959 -0.3507877340061533
5.939509308920536
-0.6073339725389048 -0.21140080896289326
5.423674508949238
-0.4893315131700418 -0.04475104877146355
4.524827336859784
-0.12337930807557074 -0.032264691447950376
1.9034095514226617
-0.11348181120853423 -0.8031837976851764
1.0408871289444068
-0.7779721724168354 -0.2470871020656708
6.221542639364016
0.5728792028099424 -0.32320165421535874
4.4912796047770716
0.5996352155301201 -0.10972481967412609
1.4771702132010747
---
8000
73
0.4764863945860356 0.9017873133481005
0.5237981380585958
0.45614144555837005 0.9367122103093074
0.7788652945831203
0.2941771369275641 0.27323217708607783
3.4078186023374792
-0.7956421865684242 0.08412322539749305
4.69515639940675
0.8845526727097802 -0.9156063933654423
2.37626827087227
-0.9129801949838909 -0.5412822399820876
0.11781045030015047
0.7760056387473262 -0.433002487204498
5.18958914383049
0.6446814810837058 -0.015425429315511874
5.683914965809246
0.5438218502483101 0.6768400577849394
2.516714498101196
0.3459710827622286 0.1119526434799221
0.16857503107391913
-0.9703025510682897 -0.5882789980063557
6.126362256860545
---
9000
87
-0.1661093075877796 0.31453813434068045
5.062970387560356
0.193727956895944 -0.7152727376038903
0.787752983844479
-0.41473270822799 -0.5335202392281578
6.0689913047738475
-0.5575026196906709 -0.7799966792812915
5.699701511435773
0.6240330958073924 0.9472555360681694
5.940090501956327
0.9095230119691109 0.3145892230439208
2.5018110213287503
0.10864419073719062 -0.9737438599033809
0.0880225621049684
-0.6003119813679075 -0.9897553019885956
4.807268926359341
0.8073314549381403 0.9043339047138175
0.7884320122704844
0.43589163834017725 -0.9043431647366956
0.462939627847728
0.9566927244723508 0.6423919469958245
4.31377165208744
---
10000
79
0.7566382622898045 0.7366416519029535
6.277575863003901
-0.8184225279174377 0.5283556575474395
4.536131381052599
0.5208256500220282 0.7129812704546108
6.200023003872935
0.5784784384517558 -0.12732368876648448
5.447761285681645
-0.694652261389926 0.8996760733908038
3.9507697336451884
-0.1614826800755226 0.8931369075714198
3.720269753865641
0.895789174995246 -0.36044114559219187
4.797294025517367
-0.8353319404682429 0.17743531776118246
1.9115915534855388
0.9739934184109205 0.860219014856309
5.824400756985277
-0.8488510829021583 0.6636166433364037
5.27635080564636
-0.418260983140864 0.7446297410743876
1.4607079158664833
---
11000
69
-0.3446372094421093 -0.7546956761387731
4.148954549279243
-0.347329796139681 -0.7419031442541543
0.5589114025297217
-0.6168653162331429 0.7251381425587362
3.6746736695398665
0.6385768224471342 0.7636371300853727
0.637769316383368
-0.6994231073947648 -0.6235359549127806
2.3147382346547625
0.2540230606863335 0.40720696174706167
2.1621420084351683
0.5918106874861875 0.8518927081473118
3.577522705727186
0.28206400847024593 0.39500261083164206
5.779073705542756
0.600820374495157 -0.9990412570186101
5.9880978813913766
0.7579193504014401 0.3170707414523632
1.8288230930487828
-0.3272806810289865 0.8543658902261857
5.177021104101368
---
12000
67
0.659452915654789 -0.12968393356907218
5.413145352932522
0.10992480873445723 0.2201525178221628
0.2981214308264617
-0.05954765005989028 0.1693852345032424
1.7522462021578828
0.9266272167900077 0.5834702029965146
3.8362576938036197
-0.9473083722009672 -0.1906284664764712
5.534956915448903
-0.6699234350047701 -0.9926969424027207
5.224014194435215
0.28909441878324327 -0.47103437246722973
5.764390712207611
-0.9917319883330431 -0.3999773551617561
0.4224374361771428
-0.5962443190848025 0.585818545281043
6.071922134701948
0.18087121315455867 -0.34826027192780235
5.937478689959688
0.7776610701015831 0.8561556195640208
5.510409217391493
---
13000
64
-0.9452896370119782 -0.5575560906574725
5.376685810970524
0.18920423023861904 -0.1544846746847635
6.237588425438759
0.13258110654825644 -0.8869306662047387
2.808878519073634
-0.30288917731187426 0.12278244965472715
4.307227845762463
-0.7364751543174054 -0.7532792060963707
0.9925349741035685
-0.07548637077793 -0.86492457099319
1.5251374292829487
0.4156181273743569 -0.363806116196372
0.17500708586644453
0.040342882932996454 -0.7071519458499506
0.4983226294257159
-0.9818702727153396 -0.31842003714748845
2.361003903581768
-0.3361618908265255 -0.6105006132449051
5.20460489127069
0.03475043797405268 0.2459173185117376
3.766293413264684
---
14000
72
-0.7905663274446105 0.37783973501145623
4.884156869175594
0.8208606533619013 0.33915883558677795
5.41946794712421
0.15366924737237567 -0.669169962207052
0.07378420332260571
-0.1881462505629075 -0.8719488072278136
3.5988933327354857
0.09914873627916382 -0.515106113312877
0.21921658745171424
-0.076384789930455 0.7595720483537197
0.004462847252842295
0.14097964770305965 -0.35449089568192776
5.90917002935111
-0.13598759885995454 -0.39517537566383343
5.632119918515011
0.33058663067825983 0.7950042236898427
0.5494598170621101
-0.8678453286361345 0.3517135432018242
0.22726121410933775
-0.38500830287210197 0.5217591211478018
6.2666217827109065
---
15000
66
-0.2696172892288377 0.6024425622091693
1.856298766227625
-0.43416451167281145 -0.2702106578503681
5.705651273241995
0.38462893652150465 0.4238004719497509
5.491514443488557
-0.2627152729847173 -0.878393967884726
5.827017897140406
-0.3171215978998665 0.3963886480409255
3.384852096382986
0.7205221500541642 0.36096895750425995
3.8541657681648553
-0.05603206965175508 -0.42179159076314354
3.565457712953071
0.024573113691759855 -0.29761055121810803
5.366360390020374
0.24207287389023138 0.5509586973860305
6.14432905819736
0.037989537124744656 -0.625889669009821
5.019825286161831
0.24480855209984775 -0.676162436625591
3.916991903479678
---
16000
57
0.9704526466194248 -0.6688868458408713
2.585108045148484
0.5358478294275221 -0.576339488637634
0.4297033676750903
0.6036553716412616 0.046245765429313336
1.2341045196139824
-0.3593357680232762 -0.3321755616097783
3.041435642872563
0.9085272078090291 0.005122455546936831
2.242206967780172
0.6713674502302327 0.852137186089248
5.748816101780845
-0.858485152883993 -0.4952177217173626
2.7927200680315387
0.057763583940887556 0.08348429634966949
0.5073670176469172
0.10435134966771743 -0.8607827063776888
4.5810070906969
0.37042184721662597 0.047195047600150364
2.7176868536925687
-0.2497451331837508 -0.9758886577716552
5.519474175607574
---
17000
77
0.2757705653029957 0.9858902590221763
4.184777952413798
0.5260812451172066 0.5902237182248888
0.05807125846461947
-0.3408680995668979 0.585803429686001
5.841754679870875
0.7349349224363152 -0.38459383359451277
3.1786330674713392
0.39776681559672555 -0.09601282584187182
6.008404804283305
-0.9365045529414442 -0.8234062773317955
5.059717707466289
-0.5690283846141027 0.8920849001447166
6.06877635201496
-0.726651821708482 0.7760064864166245
5.269107301688522
0.7799959306531481 0.37622342770025075
4.765654100758441
0.9916840262440627 -0.6313895093301044
3.5426534659563425
-0.1098944365625524 -0.8249581731677353
5.792354819135151
---
18000
63
0.5580583663168607 -0.15163633192704656
1.6696318315116632
0.9248197968170504 0.1514329276897767
5.161551073836165
0.6260448687062177 -0.7542353047800812
3.5036453592264363
-0.6345767304270975 0.5176360496018648
1.5083997289738775
-0.4527579067705113 -0.44698732156443965
1.943126650030917
-0.6230966205366953 -0.27376315691831166
2.3182585608985473
0.12166350814077635 -0.205679398330572
2.190294985475126
0.2997222531692138 -0.6344806253712243
2.5040245746878362
0.11694440989203583 0.7569501461838776
5.363728052083608
-0.7705063043192185 0.4910143316250857
1.8840149287552304
0.15072616286489318 -0.05427753179645668
6.197612780018558
---
19000
62
-0.5009766198436076 -0.6710703989818497
4.312006938611006
0.05166239760340871 -0.5825299673233232
5.017029093455322
0.25458162336849444 -0.10787193016998203
6.253943482371424
-0.04814754699527128 -0.749319629894623
4.490954493316795
-0.3146591330701458 -0.7516301289769721
5.170498836948112
0.3037835606794649 0.7539135094417353
2.1540106806737374
-0.4810824659955673 0.15997618140854702
4.1810196056343125
0.6109928359425265 -0.09182351442685861
6.124083043872557
0.2539038221457537 -0.48092340394805955
4.937810760813211
0.36361669868521485 0.18279721176954744
5.398918112949299
-0.33115315108125143 -0.06955038292299232
3.2720834951972027
---
20000
69
-0.8619543390405554 0.15901694379737744
4.516711832075945
-0.7811929933869408 0.4179664537533996
3.3057591644582933
0.09830605905180406 -0.6854610395162063
1.3459332533527144
-0.02516446151977223 -0.696873591743215
3.1002119263485994
0.6131409958921904 -0.17974196759321714
5.8955701098546545
-0.46597135801070716 0.9794333450142575
3.3267776055007916
0.3649212853287589 -0.6601112332630443
2.465239063717089
-0.26497007168056075 -0.6904044678291522
5.242135937122383
-0.8656953734517734 0.05083960329713863
5.7242357226686265
0.15267381738458813 -0.776682567312206
6.101928452428623
-0.4233285662366238 -0.35548348320342466
1.6902988969174944
---
21000
77
0.9647371678415316 -0.7341239725025555
0.10226844218273298
0.5359622877463116 -0.21260579881739688
4.763816973756283
-0.24739900549422086 0.08281079592078258
2.5111558336845032
0.5695930334097101 -0.052919155506258586
1.6815781958027456
0.3158943003761669 0.5118993451786203
6.02248515642076
-0.35205409396270815 -0.2383432796345305
5.659040235166823
0.016641635618291954 -0.14487765819543946
1.7730087210752643
-0.3955096728768722 0.0695310805492688
2.131190223695521
-0.3059601957487615 0.6785556480246375
4.993139579771715
-0.5517162575277991 -0.8687318623731622
5.590076375967502
0.13718025353583763 0.10065911205994811
3.5375344603059595
---
22000
63
0.43598279814659013 0.45905582169921905
5.789495054599514
0.49012051473708595 0.48320166180495705
3.2699817741448065
0.43804735569459063 -0.8075899950538927
1.2409088496463951
0.7857679253777747 -0.23060717239516018
0.2742702963812125
-0.25317588377099887 -0.3458320069805163
6.235669834576837
-0.45792259580599237 0.6719782319012054
0.49210013222399707
-0.3985432254825494 -0.7296210472471911
0.886218198741366
-0.45117754442244085 0.9845161678214662
4.188426675115188
0.3137888902421485 -0.06016121297432088
3.939114591328922
-0.20542822951190817 -0.9131496917176888
2.89749340197974
0.23136337362429701 0.030665798836946256
4.327843662007899
---
23000
68
0.30488229094284747 -0.9707962600601927
3.4726895954741464
0.1499735494294312 0.7391192373477287
1.9455457873222768
0.9897071726609632 0.43935218548734695
2.617811335811921
0.48484381491778655 0.009995813689073745
1.6911966879183478
0.973687029762523 -0.8206070581476685
5.458229696825496
0.4319068952641349 0.1582260591710005
3.4742055717847915
0.10072142161401454 -0.9791244443853937
2.4247882947297947
-0.7507195458646589 -0.9562938681991748
2.30686240176155
-0.5818007481782642 0.14868858315217032
1.5369186387530345
0.2982832641402179 -0.9162532983477624
3.4424434883608095
0.020308810849705962 0.5534285185984705
5.0386744812892506
---
24000
68
-0.13116380371382766 0.5210352358559265
3.994556791845195
0.1616656583623508 -0.31127547680808226
0.6015475576482281
0.21927370446338315 -0.8498695021164321
5.530383124694706
0.6418039275976524 -0.9738764425207426
-0.4251645722799408
0.678649705171163 0.016684923384242857
4.908030069210835
0.13686080024641517 0.9731145460652713
3.2441743225261455
-0.9013025633301107 -0.6955655230482297
2.7386522800676643
-0.48008797071858467 0.11990001792169468
1.4575807984237734
-0.3089637076979724 -0.5300849615228184
5.845059540780006
0.4825405353323578 0.09834691464504347
5.421161726159958
0.7190277839945681 0.6107386848581743
4.8196434994544015
---
25000
67
-0.6708588051005335 0.17086373154879034
0.2117664607805117
-0.6940488219899265 0.056231591838403226
1.4960954273974707
0.6337305729210443 -0.5764731836173985
5.646970829565061
-0.0947326248493694 0.6331937432867685
2.713572112069503
-0.8784779800197063 0.7955077816444589
5.962401963525241
-0.5394711718285758 -0.0027797465895047476
6.057523827212197
0.9200225996987099 -0.7734870847069266
4.0381470879656565
-0.2416536967282744 -0.2850162829582924
2.40297891268494
-0.1327627634467321 -0.8172341864425087
5.88247855587084
-0.11209374733564083 -0.5285393267934189
5.723475367986566
0.021481842633541873 0.5370701548358134
5.84295196897647
---
26000
79
-0.7979285254698085 -0.6894462898750998
5.343439682233894
0.5663572823274786 -0.5999223963329238
4.609841827232756
-0.054017123197567074 0.12518275433187556
0.34350675112621953
0.9043315587545039 -0.9878166787580734
5.3942148435532005
0.9025667006501242 0.6991326575314156
5.783788511210257
-0.12610021001398075 -0.05376991673233453
5.001025730677452
-0.5615718906590813 -0.253651810842646
5.471149787515757
0.04719214117147114 -0.5593551860605299
3.53913889909812
0.3663604292299263 -0.45135688353327397
3.248409120267662
-0.20248005156945273 -0.0986066104235761
5.8606445622139365
-0.7974918283956617 -0.38225060564583785
3.8955109948710467
---
27000
74
-0.5383297095010736 0.6793818556102456
5.13445125339789
-0.6897356642128294 0.7870579113400404
4.402422505060923
-0.7005282783103193 -0.41164565484671223
0.24038110192491757
0.9200397396339354 -0.24050223048774894
5.758110994951284
0.9298531152810647 0.5451521468708317
0.9586477792717973
-0.7436675744379949 0.8299889244442067
0.3226103079175955
0.8451557289502578 0.7362526844111827
4.395031029373674
-0.06027181591445056 -0.7117322948892568
2.1681850681695627
-0.9202366535060615 -0.9997830110188911
4.703811502786463
0.7415748802906084 -0.49306655957133455
5.91158492493995
0.7312320464263247 -0.5052633384733655
0.96257647586524
---
28000
83
-0.6688523834800303 -0.436218351914884
5.472507558114254
-0.7225418919944689 -0.15673565697148598
0.2951346618621926
-0.1477566755021656 -0.7227750053744993
0.644897722481736
0.5159080119821774 -0.7902728247786471
5.4525775100156055
-0.05544088001162445 0.4642925553526447
5.340271396947724
-0.8421736377586784 0.8082966098885168
4.188929491676897
0.8245315239010323 -0.490277134908798
3.8290176503799813
0.6554323184270483 0.7137314897470344
3.09359422870474
-0.5593342165382766 -0.2927177611381708
5.552522572654145
-0.27926420782457273 0.16522095016948807
6.070862458982131
-0.6930772531835909 -0.8781408889325757
5.422071369711921
---
29000
64
0.15868701850665945 -0.44499352486140903
5.364168226193678
-0.7432672102203002 0.1510708262992901
0.6223338307476762
0.7059523439504619 -0.9477998025775972
5.1061686504644745
-0.008047197310030313 -0.9202846344408321
5.753314783062615
-0.4584563885403477 -0.09479046651054601
4.56253970901322
0.9890899355357311 0.42701380713646525
5.939217203794483
0.24317102725606268 -0.43856245796524884
2.126979657562
0.780763407386292 0.7843806199006192
5.779875334881969
0.15692903341224643 0.1527832086359396
4.942464735796617
0.8789264274651931 0.4514593360379406
5.985865941016461
0.6184973890054767 0.6409189790601374
2.248594679092437
---
30000
71
0.9394747953761102 0.28621035291514246
3.0358033112810534
0.15815130500186236 -0.47237166766942984
4.0384856635610715
-0.591782032235231 0.6024065172566939
3.858472797013131
0.06643112133429324 0.5485828173412101
2.8121041919267533
-0.10159521869010207 -0.8241530789458087
3.0441148545909558
0.0059556702359881905 0.25715544436680027
4.155732983333123
0.3096957669372199 0.5412827093908807
2.4018798937507366
0.9804861807166823 0.8131857617294203
3.0178257071091217
0.3435445410232935 0.6965372549735709
2.346819968152208
-0.7051433610216099 0.09325664243510984
4.0384676810189735
-0.025920982843792455 0.4830689542169947
2.067355582488055
---
31000
65
0.3590014262757184 -0.6150637685407063
0.4075641906138099
0.14923119205171492 -0.622749646882694
0.2719096648165795
-0.331054670710854 -0.3714453723638382
5.500314645355383
0.7834483838169737 -0.538694302209602
5.32788630736253
0.7587399713218724 -0.30924833155233544
0.05956229469789154
0.8198189178306009 0.7029866005067809
1.3788398173011647
-0.9783652686727353 -0.815192307417163
0.5899046466744142
0.7072418988115181 0.06604825925386046
0.012512111810011994
0.4960540455120431 0.45936065453325725
1.4249689226092581
0.11741923307542257 0.43443782917605633
0.3239977082713601
0.08449614983842157 -0.9746351602977653
5.8488886028182
---
32000
81
0.030823084900024764 0.540983977632594
2.483994627919995
-0.37274837439634484 0.738213251579417
4.121202088097878
-0.2913081154653207 -0.8950928053270943
5.602389086092113
-0.37174741896727975 -0.45168030787911984
3.4631691451428672
-0.9806359734744288 -0.7621911474323484
4.7156978902510645
0.5498860483837771 0.4446769725356948
6.17553747236317
-0.9466650205834936 0.08005040721906052
2.314436105482378
0.19407531120027577 0.3598583544610195
0.09983261765526041
-0.48986029749497645 0.025124893972737858
4.697094724433332
0.7898527313295468 0.6623092094044417
4.663174482367902
-0.09872255201276908 0.19490357823087623
5.926055336870702
---
33000
71
-0.40194608276486965 0.04623627345063054
3.523629773001757
0.2966864061211428 -0.6758396331437865
5.294196803343059
-0.3831163484463487 0.5247137638188037
5.398797132062492
0.76527326420917 0.9690950291592314
0.12744929912854364
-0.4547355289826933 -0.952008666400212
6.2214286371039025
0.10463549310965986 -0.2121180616535198
5.310080149119693
0.12381831818165989 -0.6854833952464445
3.399857500777366
0.2139618480192147 -0.003717309953844547
0.8832458586584959
0.07632181328703821 0.7849504243205555
5.1514078107514845
-0.44349554717894457 -0.7030620037578661
4.4213958830425835
-0.2604943816324458 -0.20974271972234754
5.09066899132458
---
34000
58
-0.40194608276486965 0.04623627345063054
5.282215283949493
0.8293168811731391 -0.9899091432340912
6.079594966740507
0.9976769834213424 -0.03386562556099497
4.837864429716815
0.4119579392138358 0.12673822259372228
1.2960253501911732
-0.13414103526617316 0.5893994031450085
4.0689902676331045
0.8324964290296317 -0.3148221369938296
0.4907167124428782
0.3785122144641426 0.6050631576505126
5.19528528173935
0.6183136223937269 -0.49272715353197294
4.302340919635736
0.3693916888578207 0.8989020681898696
5.844492164171546
0.7349562958373661 -0.2359305752885587
3.9846728812093533
-0.04785809859883779 0.9068743148119843
2.43527443520807
---
35000
62
0.4850313414366074 0.18558366824255015
3.060734764409221
0.16671603722795872 0.5514601720086457
5.662548225289663
0.04868741421512458 -0.22483579188384573
3.77655644045249
-0.990559272225034 0.6706948684802304
3.727124359732748
0.4320177014115679 0.046353327202967906
3.8878832558751864
-0.20969928574985025 -0.32197430841130714
0.9577590240934564
0.28791164811319553 0.38426052134716127
2.1638503686555604
-0.6822664385863828 0.85586523475035
1.627093223497317
0.13888605667287152 0.8917513400873027
1.2834274512402661
-0.3260416855240678 -0.6206890154693755
3.8335264748649562
0.4473860760968456 -0.030765020300051262
1.1502992726869499
---
36000
56
0.3617386070887883 -0.9997247564473425
4.063025577110606
0.31566162905992157 -0.7013532551532236
5.657530584558572
-0.0344941689920452 0.7628103521734827
3.3159974009777073
0.4728698146930946 -0.5972757705236176
4.745651591359554
-0.25131874121385256 -0.9828234901097144
4.756636894409574
0.14636402840620588 -0.04864724518169007
2.7144219807036887
0.4184357190170228 -0.9806509886077673
5.111752882922467
0.5715661634483677 0.7682480510322833
5.507507902788153
0.30418763143930716 -0.45655479072740984
5.659933418713971
-0.27751609178308023 -0.6998370406019674
4.322870979018936
-0.20278004246972553 0.7963888413231796
0.3171689687911492
---
37000
76
-0.7831813863296166 -0.8686465981615765
3.2430667544030585
0.01906017729490382 -0.3449598389346571
3.4395418612819624
-0.9265578794636808 -0.6853379182923391
5.898232554318108
0.10079912425580718 -0.12304752207031087
4.657607186176038
-0.31759888164425293 -0.6156904870771502
4.606144153218425
0.6212757328332232 0.24537821209293734
5.506759751681507
-0.29383601924236447 -0.15329862916221973
4.485092095430344
0.1411121489338512 -0.015874467921950373
4.1660046832832185
0.5964917390354914 0.31344725239685844
3.9334319369334247
-0.1716357115427464 -0.449633491191463
4.91820933679292
-0.047273357741819295 0.5053224396166588
5.729560864956101
---
38000
65
-0.9685097492031282 0.1941945707863736
4.709158639230679
0.8360389279183482 0.521665198139161
0.5378295025634232
-0.7929333773145816 0.9662689922455621
4.073909976931471
0.19645974242053216 -0.21253182578103547
4.378104508726165
0.3374477766307518 0.47920727186225665
6.040769695899492
-0.3694935086063836 0.823280240780744
5.863889823035566
-0.14124300883807256 0.769007946256623
5.7947652355973105
-0.09933552335223475 0.49522337097881086
5.623623977457567
-0.11882192688745573 -0.3062552079812282
5.972542467613595
0.37400900652469315 0.794257653299528
1.0346741520580345
-0.7328672553666814 -0.3324219652136194
0.9553917071011231
---
39000
65
-0.7866803584822949 0.2691495661437853
4.891001462855831
0.861383043908877 -0.7886828726769601
5.539540194716296
-0.04657103811574776 0.5423072918495013
4.308912780578201
-0.8382247899998415 -0.2896901321523619
5.87491982699514
0.9391517484526904 -0.8508967514575273
4.699054637303005
-0.3441100923789591 0.7645712910433022
3.6560667584407787
0.7297895013461576 -0.03338103783909399
5.705414037713648
0.32870663966507796 0.6047230907114277
5.977488664120063
-0.8623251656548896 -0.33469106571452134
5.5289788485548
-0.7360962343193082 0.6343930930488144
4.064532393080467
-0.1317517605980368 -0.3465837242543163
5.308346772677054
---
40000
88
0.671125052721047 0.16310415062847414
4.187169665710176
0.333771512370038 0.11513169556747031
0.0625064698316411
0.15984283698096896 0.2438935264634608
0.5635966343074479
0.07417321280926702 0.4495812434507592
1.7193621718637644
-0.35345663251372006 -0.3061130257983086
1.181003321506136
-0.23302433521070728 0.3722307482122484
1.8147523144794313
0.37469647438735404 -0.0048956810050450675
3.534714081298593
-0.48946451108795097 -0.32614004701549254
2.3814009270232654
0.031286765014070385 -0.33140455509059724
3.139692454687146
-0.18216922217212572 0.8989411043844358
2.0785625991860543
-0.3699993156633331 -0.7808687409630773
6.143114168275453
---
41000
64
-0.33076611834445335 -0.6020469068190847
5.64413628778669
-0.3279475084399887 0.138494591394874
5.6028707414107535
0.6893892210481147 0.32902193383609196
5.652614663184256
-0.8455500330377136 0.9109486957375255
6.263808205685263
-0.663301527263569 0.48250236639035476
1.8278561859687787
-0.21111216888464177 -0.15005942175966047
5.872360804231633
-0.3590028596606109 0.12405296849962763
4.911055096657493
-0.227535565163544 0.3314387558034695
5.814613801570923
0.07584556446381094 0.8921969361065992
5.2717083631659465
-0.1437925484970624 0.3655554913364867
5.254892387422024
-0.9853767512808602 0.8496219594592674
5.642501199959901
---
42000
65
0.8614494514414444 -0.3425209528797664
6.045452890957407
-0.8638360831535883 0.783402971656749
6.025523159736456
-0.6586478148515019 -0.1318200182460902
5.095215643177084
-0.9519751626220475 0.041041238570456745
4.360552391248429
0.9256616622883324 0.18109417599889394
5.18861985619579
0.9702062775925582 0.4540319133482257
3.786418639795336
-0.4738301918519763 -0.9142290071549446
3.0976228690419036
0.16743241048526408 -0.32091320260697725
3.9574790480322344
0.25170244890060545 0.9102656108428466
0.20379104466765252
-0.8168082847230743 0.23980109394334995
5.1725962798974345
-0.7769274948625037 -0.7331200278734806
5.476121875095071
---
43000
72
0.9238858793113236 -0.7628794645129737
3.9010726515142147
0.6510715964107272 -0.13169339467567073
3.086687159741773
-0.8462314453341541 -0.03264698171024327
4.890192975258629
0.3617005078046967 0.3745263442005901
0.9391173205034811
0.4421713930399453 -0.728565567791581
4.9004435541488744
0.039681146344651114 -0.18155321246891276
2.0742589751163543
0.441983935031704 -0.023132732591954926
3.06537033653719
0.1803440125991591 0.019372913063205932
5.918231669996596
0.7328908599537619 -0.8756490774223527
4.021567936109432
0.8027992514751717 -0.06390666623600512
5.851577067951163
0.4266110962411593 0.9487228867473532
4.692707917143819
---
44000
82
-0.26670822701738583 0.6307621247852642
4.282105527758239
-0.689043365595025 -0.7476487950036993
3.656583711044152
-0.9372611757061763 -0.8698714924765378
1.6596778828962213
0.5249358919419357 -0.062187566596489476
5.182515935484593
-0.8085066583416005 0.9304674042298949
5.487773217188381
-0.5840997534029556 0.09743007048943232
4.409900577886303
0.3764695660733807 -0.8120199961009786
5.537526050969367
-0.19187588930517313 -0.6755712743566895
4.8563622526594
-0.9272098604956164 0.01253372202890414
4.167357056395346
-0.6175831385574073 -0.09752258890335005
5.555029754344482
0.44608825239421457 0.6968842523192369
5.5530942719892895
---
45000
66
0.5489648953889337 0.8767548557336717
0.6563476359643845
0.4210381734879753 -0.8779404832483054
4.116301942239226
0.3738643656771505 0.26658940693435645
4.9046259581284355
-0.6650328148053647 -0.7127059938834424
5.129480785585531
-0.775258523621989 -0.7644213756872137
5.523897221103507
0.7273263295899807 0.15561164739810396
5.344699545475198
-0.37509408967983204 -0.8991176154640226
2.6085530741067737
0.6733548504263726 -0.28448311874113386
2.5870864273407177
-0.3027271976071901 -0.49839173987380386
2.0600739039472553
0.3162745127570285 0.3066653997935576
6.280216501248265
-0.574787215428306 0.2959866962531328
1.469522066458965
---
46000
67
-0.2709497205589484 0.4773378223811056
5.851632160363634
-0.09720599462660703 0.3064619016027864
0.2912815477690831
-0.5299412969996419 -0.08821770814653493
4.200472828142477
0.9857620613673201 -0.8084629894801607
4.700396563502904
-0.1465921310098886 0.5865174159005039
3.461785599382403
-0.31779580094656523 0.9487352964362756
5.9466894773769585
0.4733340262226984 0.27763944080654324
4.92044947158494
0.8984525443587416 -0.1863188189970251
5.13382435397403
0.8844286145146356 0.3270295043561665
4.5975687228080515
0.9127633939547678 -0.3074293951938554
6.014759064014974
-0.973314004569659 -0.15819168039424603
4.803256265627143
---
47000
71
0.1701147437274044 -0.9765768714325451
0.7083907621677943
0.3163584047268426 0.9747560368664916
1.9496319424156052
0.20384711596863858 -0.7629814030879123
0.46605131623117124
0.9242219044928099 -0.09880597200304819
0.9104002789430181
0.554045524854763 -0.04709772809837896
3.099795304608203
0.7896198046257268 0.7090076306537338
3.8661270607099603
-0.49522037930691676 -0.3773872978522632
4.566754587589336
0.4339676356305695 0.4210342692907447
1.9729270739061135
-0.6624192563174713 -0.4484001677262278
5.9729264446705574
-0.7447259563723219 -0.09677062063780957
3.7194695615238245
0.4840130385847607 -0.7011890530473877
2.4032847909516715
---
48000
80
-0.1261710604112207 0.9962648601347195
2.177190084373721
0.0009863063773715023 0.9838834675738699
1.6367759000215507
-0.8904279853804005 -0.2885223361292557
5.549116912961391
-0.2925564717839023 -0.5050557584625226
1.395642034223723
0.4315572755505255 -0.8233710125234143
2.0890698014643307
0.811911587143585 -0.6406592770098892
2.299771566620684
0.913235680551219 0.6600254671475789
2.6639338500565692
-0.04833653462686614 -0.14460754787120841
5.573173197196425
0.655468705936747 0.24492224806892535
3.1870986114061237
-0.8353840445067251 -0.7228565174629639
1.932821308099835
-0.5602365853882664 -0.3836376953368756
2.5344377643224165
---
49000
79
-0.42885828248322455 0.9767381224729231
5.4605437525710006
-0.6740882796579063 -0.9939642282500645
4.0498388864781
0.7107046741299495 -0.5848737138329761
3.5556367495612315
-0.7808252020193689 0.4423923710591142
4.752466807550013
-0.8311727458736952 -0.29590219997372447
1.1656657751071737
0.31856664577848093 0.4015810762174079
0.7862469742852491
0.3495379717670381 -0.3403161053555914
0.6399135947022847
-0.3211994537601904 0.8063171889385771
6.194434358577057
-0.7533135133290284 0.7241495388439629
4.068835362335259
0.8123718857581171 -0.7814487528008011
4.891894049629285
-0.8672207055025024 -0.6435517477371218
3.05923868330643
---
50000
74
-0.8927852007550643 -0.5375988503746151
5.333719953638589
-0.7022068606750329 0.12700534599663202
4.344134129614773
-0.764082958863568 -0.27166413412001367
5.0766986782080386
-0.7355870527185409 -0.09418583949467511
4.879711773784966
-0.11806482807347757 -0.7231340741705932
4.13034166968163
0.9477840509955417 -0.7686980378955596
5.625852773760325
-0.9113861269721084 -0.9906824989678796
3.597537925993745
-0.9254923212073357 0.44091041830671013
5.294338176900423
-0.3120407987207363 0.7221074912232142
6.144116810509373
-0.8737534075518351 -0.46183853154893206
5.383065314207152
0.6240102188073265 -0.0014634079157382907
4.915340636964951
---
51000
62
-0.6838078605710219 -0.5092482474178011
5.607655229047598
0.5688679422662746 0.7341053430308172
2.556151730093097
-0.10970820266571597 -0.7976219282189219
3.9661343627362378
-0.69749901319218 -0.07866583615885223
2.988583546942192
0.3217469883605691 0.1362656026433981
4.862374349107232
0.06656639635227196 -0.8252610167256407
5.490776797675762
0.025449888651441488 0.37825776500953534
3.2583564512230545
-0.16254045813472517 -0.9787721551422243
5.713306294356592
-0.10479665552229343 0.6828823261615999
4.0954288350413135
-0.48772693382970067 0.28849653079303295
4.070112415011874
0.6110688853188956 0.7409635650396806
4.6754412602509925
---
52000
72
0.13553817547970914 0.3390561227973432
2.6151091638032544
0.6761273553550348 0.24536926828126387
6.246522444870809
-0.39664244855562286 0.6156929718313185
4.148753563823946
0.5181186985805499 -0.46942958577610683
2.252226151492007
-0.3674888606280572 -0.8694082140366022
6.0144067961618966
0.8637167239208433 0.8411797610765736
5.942955121664886
-0.868385684583207 0.29367456043545215
0.5887794492675154
-0.8357537220235736 -0.729933165373586
5.675151197952038
0.8967613176264629 -0.5427858443304976
2.5494296751282413
0.4180275566002403 0.4068253892903428
0.8126473840618003
0.955096400504577 -0.28419534981749267
3.350995780970239
---
53000
73
-0.9559632592489916 -0.4180220364170929
5.556374311903227
0.3588129718947012 0.22238792085184345
5.752808443226477
-0.3110282635976355 -0.5214841816659505
0.23988281332095873
0.7234949504099909 -0.2731695969785845
5.772113829192857
0.9570372443372448 0.28538019439438905
5.777640084407188
0.0541115916571194 -0.774312016335833
0.7094843464966516
0.45688142523842057 0.736237824229902
0.4082018195268935
-0.8390442239521768 0.8981118661287665
5.891280440201246
0.04036443456912818 -0.346535094403018
5.748469449632026
0.1820365369382868 -0.3020180160937477
6.07589475521923
0.29038178031411743 -0.47809921610037437
1.4175163595787685
---
54000
75
0.938292885658436 0.518456007684853
5.70601835967328
0.8287857003163087 -0.060417565969719096
4.949238357024164
-0.30493016075296314 -0.7945580343359705
4.388930513313907
-0.37316938133609173 0.5432058017660257
1.9007415245449018
0.10238248918814288 0.3919036746179504
4.4759207115958475
-0.1503038865626497 0.30565952261007634
2.8662986266147756
-0.0829866195516321 0.41912991566267055
2.804374717294597
-0.1602007822665495 -0.2999787797330323
1.7108722076278706
-0.07555216857427166 -0.587748149322993
3.5283444693138373
0.357253015358181 0.017418248187760273
2.867228838853787
0.4850864835524639 0.495965706391131
4.340499547855217
---
55000
67
0.3668851478703574 -0.5678796944035563
0.8056912278765251
-0.4635831816954067 -0.02579894476616115
6.225598969834426
0.8056898364326139 0.5424341263927724
1.4502560283230297
-0.7590782945557589 -0.4804992368053359
1.186055531223352
0.4505327823641202 -0.6505059732607296
5.470876126265057
-0.6031072252991099 -0.10148827255322597
5.966922317953284
0.12765362705788974 0.19951360015843328
0.3355366974185401
0.2570877907889478 -0.49337043157088656
4.829165406228789
0.28886300723329406 0.26161042695552617
5.054423882777124
-0.44606548828091575 0.5923989127475924
5.90537504858124
0.6122259917107721 -0.8448317911376722
1.2687163973936375
---
56000
69
0.18300988783169148 -0.6812874252617303
0.09051742418509584
-0.3817414251187833 -0.5921671230191128
4.47361574643007
0.6922804433188632 0.0635109332141325
5.207948866667356
-0.1583925409302084 -0.8511904878614384
5.615433253349394
0.659005620057226 -0.2391295942920026
5.5046628315038255
-0.9418663659340276 0.024422582110304514
4.760007918620236
-0.7110237347878323 0.8560045255593454
2.6199713340499917
0.7711719326165861 0.33363268794985523
1.0036515621967572
-0.7059277949229842 0.29853337841475225
0.21122521455922172
0.524249843802393 0.029112391388930202
1.048228987453406
0.9169356804548958 -0.8184351925469795
4.659188016286725
---
57000
82
0.8623176262296367 0.3469561036956282
3.6454602187582585
0.8242189092609744 0.33792052069889983
3.2987807655743753
-0.5806070051342629 -0.9050837163341071
6.090952938008846
-0.9802891973080643 0.4331191613704187
5.973722704664685
0.21254618029370873 0.026593270074611708
5.899677504196621
-0.27217546634845163 -0.4759161668207604
4.0721404646344705
0.30002632184164685 -0.7982603279963472
0.30409088394434747
0.5880216282025255 0.2674695194856451
0.061739803460667986
0.592835283441106 0.16544066318951545
3.5436404416818332
-0.2820260322057325 -0.7676488469776696
3.3561034733710358
-0.40832653741721525 -0.9671206725041861
1.9641398538783639
---
58000
73
0.7260776091520199 0.3267372611525229
0.04093125788905816
0.7121697105263864 0.44932085787202025
6.087601031021749
-0.4466560625925893 0.8266617768725065
2.799573746293543
-0.02103701167508857 -0.27934080955479196
5.941784936545278
-0.8885944320441428 -0.5646945543409034
1.9309084116249782
-0.05339619925452309 0.556575911575226
1.2314300733955337
-0.5838026702399423 -0.5847970472794369
2.2974803928890815
-0.8985128934834039 -0.7369736737488354
2.0867094471813594
0.9803857990605335 0.003184791333752067
4.423562053064936
0.7448970222233221 0.9409748691274683
0.5836415294855763
0.7537941408111108 0.6824628750190184
5.61879001820498
---
59000
71
0.42739364482638315 0.4638167045037402
4.3384050333456186
0.2543063904892991 0.40360532079629685
4.141564913109983
-0.09107720409309958 -0.489015627992362
4.160936984711337
0.39078410456008905 0.7600045630945815
4.094911990430827
0.9942033832457562 -0.1158900345962533
2.8066050944469145
-0.44809825961844835 -0.1588752736331109
3.204581855380452
-0.4654999239337645 -0.02772750206588609
0.7579658077096783
-0.4419984070308264 -0.7552982425159319
5.740496476479189
-0.10588711989890162 0.1727047032107116
3.3524471994871683
0.6725399487391454 0.3347737372717617
2.386579134922596
-0.37494234634882023 0.05607843556176863
1.5063191881494866
---
60000
78
-0.8417937414511866 -0.2997659599639192
2.728448134957949
0.911158271398377 -0.2421547651239771
5.922441935531912
-0.49541175137081783 -0.47606719692895644
5.545921678997798
-0.38161732871840526 0.2338624701805691
5.783138399446967
-0.3301329280224043 -0.48637476438615285
0.38199338426173224
0.9675005582265382 -0.7232039045289037
4.645070891171971
-0.9526769358105777 -0.4995019487828649
3.3025550914556083
0.8563976005762083 -0.7980961235212936
4.202256381204172
-0.4932186803033173 -0.014878416138061342
2.610507239232618
0.6966408059104223 0.6297974985128793
6.170577965997279
-0.434183127642535 0.6121635290680357
0.6750665757588772
---
61000
79
0.5802373024659787 0.20985843559873932
0.6723913143775416
0.5112519463485213 0.1579674894792339
2.1900199149184107
-0.6743316505315576 0.16840939649626818
0.5225707601969631
-0.4674344334132955 0.34549696068865227
1.0899888312654795
-0.008899517781342493 0.985205658564803
4.54920690607676
0.18428840477948272 -0.26716555685269183
2.5805583880763927
0.6349786001925414 -0.7293474576533866
1.4348776278721802
-0.4626074014756456 0.33070293095714437
4.396377850744928
0.30572092796943817 -0.12496692503573395
3.192632105666304
0.08143450420486716 -0.11944078291683134
3.2531875169241045
0.4325452165336374 -0.08143883746024895
2.479530729494198
---
62000
78
0.22500560885269244 0.7269444564371137
4.166256442370763
0.17534380085487752 0.6050015324939259
2.2763601429275724
-0.6110842183615304 0.8382013886759236
5.206449620404414
0.818596116770619 0.6497064115254695
5.700643473155198
-0.029534487471915227 0.4941322901577061
1.1891863339738729
-0.12918396372943086 -0.013405814355889535
5.428961173084758
-0.30939743537688236 0.8361285304650343
1.1986270495679117
-0.38227574708818673 -0.20565461414232927
0.0854466588194116
-0.5279083697513558 -0.1860604477012802
4.148657517996296
0.4511945553357137 -0.6784937033391509
2.9488677971659794
0.2074870585723888 0.4469330640803725
3.2580373884036433
---
63000
74
-0.5404966276230548 -0.41516764127511807
4.029347596697832
0.5607704920223293 -0.715440094011592
4.924016801031566
0.8614313782979343 -0.4442961313449735
5.6484591202061525
-0.2985155353273916 0.6636372415174037
4.635938027790662
0.8286741015833268 0.7867866047184083
2.4355585886373916
-0.541815470424837 0.5246028098213283
3.728683312889255
0.7591710776768599 -0.022365241645340577
4.05777442070027
-0.25680645692011916 -0.6097923415194245
2.483049476623245
-0.18115845585343174 -0.2604379508261483
3.2163783486160407
-0.7404429234128249 0.9782699046080052
3.3743307963503195
0.18939084768016556 -0.36603441193518765
5.880705122753568
---
64000
82
-0.02672640561070557 0.08019933200730146
4.493869162590521
-0.11620819714348102 -0.020547561486467632
5.7812370311522745
-0.7931203986417796 -0.6552231516362771
1.1033953426958991
0.9208288336635153 -0.1921369291252402
3.009994717283141
0.23285312080015336 -0.6899894603684649
5.629596794050289
-0.11818669295450396 -0.7677213196875811
3.8798264415803514
-0.7842087905904862 -0.22651128968663997
5.79655250670567
0.7396539289070159 -0.8802885670775223
0.4173729832650155
-0.5904175046290606 -0.23267328682643254
4.227453186775429
-0.32140134925165736 0.9180086292942822
0.38419487451926937
-0.8769391153728636 -0.5092852889148128
0.5850046459899829
---
65000
71
0.21093461934661534 -0.7695752903294895
3.0701283495618505
0.5258978911076235 0.5873753361632573
1.073978948704175
0.17916053899065335 0.8330502986915707
0.9612405660577465
-0.2336733856614865 0.8450102265435694
3.513630959389512
-0.02312543734729379 -0.4108474103655253
6.147622629537276
0.4071173693514223 -0.5148164422630478
4.321599897805136
-0.5372440688286428 0.6850652174119014
6.089494432739057
-0.8419629648081196 0.5732807015675577
3.6775970028328775
0.3896107984841253 -0.6614986811147496
4.675340253539086
-0.19339752617034117 -0.19625383424028903
6.245443851157208
0.9597756016949569 -0.44270302978600806
3.554000127810105
---
66000
78
0.2347147174576143 -0.21242581990370915
2.146727453702953
0.3959075353387687 -0.2813248979641605
0.18459209667721144
-0.9425044235629854 -0.19165083550835119
3.6300121226923077
0.14094180136027343 -0.08706965278421075
1.34131761568982
0.7300717917477575 0.060385826500181185
4.44637902783256
-0.19126243238714186 0.3804414037378512
3.9222050946783344
-0.8282833005142816 -0.1188399186581045
5.450352489468782
0.11588272888968498 0.20556540030181408
5.451277373709201
-0.18404011499887196 -0.02741191525053082
6.225105619180011
-0.005250260518969686 -0.7356983943074442
3.4598403780837197
-0.9295914232475758 0.07243987418234978
1.7455605508834964
---
67000
67
-0.9832431004318207 -0.6890693563074151
3.016051604515697
-0.8512874418584229 -0.5645637405728213
4.366548035868303
0.3999954424518396 -0.8902250840617166
6.197417800314945
-0.6464533918537 0.24738239484299082
3.0418075778778393
-0.795303286792239 0.4597459084828607
3.0155685508341166
-0.7772317504458512 0.49745818112256973
3.855581344675789
0.9841924637256423 0.9314042377137739
4.8980964460493315
0.3980511064150119 0.3931742404666242
2.2986035687252193
0.7517335872006308 0.9082393654397393
5.747506109317197
0.4102702269407377 0.5355668741323021
1.9899799003285006
-0.20389963542599987 0.36540581993448007
0.8497165696083049
---
68000
75
-0.319671558404341 0.8163818649320085
4.154669135522367
-0.6418510656458036 -0.8874381385169335
4.506366713463803
0.09286659199411738 0.7551308985557867
4.0185597477203645
-0.13575197640270673 -0.6866142679512718
0.8521786800452729
0.7919590178234789 0.2938642313689641
5.297178112652334
-0.8040051885915803 0.41235581567023405
1.2332227706386476
-0.23914589198528474 -0.8669560653965063
2.444427252946652
0.34105976372154057 0.9050141005319255
4.31214122714945
-0.7313598003051085 0.3893740240577707
2.0304112138419823
0.4891038751167719 0.5787410555028321
6.194434136026382
-0.8815273701971568 0.3401328744373396
5.2701638294165
---
69000
67
-0.8179961753521398 -0.3521849087133746
4.186080157013098
0.5143008842898626 -0.032669863291046236
2.165233843043543
0.4807751940657514 -0.3668774607011894
5.195902772341475
-0.613358817088237 -0.03829881768066948
3.971194871481968
0.8745572802726768 0.14718953995669104
4.929403484357161
0.7320444581253667 0.14426989088919362
3.4260979963973193
-0.6421555269483428 0.9465961703782448
5.479753679759028
-0.9027494684533903 -0.2593528837451262
5.743759407710314
-0.6340554641963129 -0.9206653230201225
3.8428363278968787
-0.4930115031602858 -0.5958241116075628
5.5315005467887195
-0.9766541537430432 -0.3715504253391258
1.577283275809091
---
70000
67
-0.36053506102916333 0.8868799049890042
4.674490347876846
-0.07848277971125843 -0.7721154474919699
3.5717386054169333
-0.5938527199778484 0.5326562317611923
4.39369990605761
-0.42262059937033547 -0.3250154394887529
0.017574923281472365
-0.5163586634958427 -0.22841109555586633
1.0261462278124167
-0.14029468305228418 -0.9751374630228119
3.5268952819714228
0.8469302556691782 -0.028194751727988007
4.556699530493093
0.5566192174046611 0.5091190844015268
5.391264851764985
0.4272499510268907 0.13038834129389965
5.250168938864067
-0.5666498032790185 0.9737608940227015
2.6252726630898136
0.7150435841099347 0.3543266204987755
5.00189886132078
---
71000
74
0.2678837573763697 -0.05517861970271528
5.486788358707223
0.2664349424053461 -0.022692086576413216
0.37559962105009603
0.9518387618817724 0.8767173064471928
4.592576149534476
0.256969774273089 0.19246849004548114
3.039763975812594
0.416329307148929 0.8633743020108293
5.394799558123385
0.9464085216354684 -0.06308007806381725
0.3423265795772883
0.2286231657655359 0.9752372798047564
4.451446060053905
0.6713323430402689 0.6624428466085539
0.5762051698163235
0.8015744237378462 0.8638280157821913
3.2425428184772507
0.5780473126038844 -0.3695683614645137
0.09868736874559225
0.41239237299776527 0.0655842402401495
1.0141074713428013
---
72000
76
0.4550546466746379 -0.34570167253573997
3.4582919729326127
0.4292614620933383 -0.33565744135078046
2.7863494774735402
-0.9600612961670542 0.9935272420750934
4.061814468361377
-0.8376351732407374 0.4001327192536913
2.837216728025045
0.7144073134852036 -0.1533898877460042
5.703097915718869
0.401798853993297 0.04899724483031903
3.4067947341773497
-0.05649120530604801 0.062161572928971814
1.856792272610007
-0.09329175146771428 0.6836072746204765
0.09855674264641268
-0.9462376680097384 0.48546694939550566
1.4389698981824548
0.7253734285866278 -0.4358519743505465
5.7931007682571565
-0.5087950727943685 -0.7246971285839324
4.772078574069096
---
73000
62
0.9324275986196283 -0.39511577109111806
0.9867445803700639
0.6918299165933839 0.15370937579522032
6.104778016597471
0.6170141098382043 -0.4705625005104668
5.977771953191072
-0.6846456884682 -0.2681421470321656
0.7419938651005635
0.7422024712154216 0.4590756532712083
1.6597501649368835
-0.19696144885901956 -0.20234594479700688
6.175728198013447
0.554659057696716 -0.10678082828384054
5.617673520988371
-0.11153162997885284 -0.1356218334224574
3.1504928814465503
0.06078741302513285 0.7241754055820487
4.826925077030603
0.4896133617305133 0.5458906278983853
3.5024108847670394
0.2740685096957132 0.03035698736287858
1.1164388598279196
---
74000
75
0.9202944795871202 0.5715980357733874
3.9507341576423616
-0.9674942252638796 -0.15829769602063196
5.533166606071194
0.8809363093946105 -0.7234077914163898
0.19021589830558128
-0.4357723409707925 -0.7329996753731833
5.1318620139863125
0.8188090183639729 -0.48531271813363336
1.010826838953605
-0.9200615219417553 0.8766623069503854
2.1627200403340314
0.9832549534712369 0.2479982958496453
6.12542679978307
0.8526697114678228 0.4261903298601215
2.2569604676303454
-0.187867721635778 0.46399921738549804
5.854453235252741
0.5875721040304414 -0.5350489750455949
1.8092450491783936
-0.30116794249619566 0.31797556006500755
6.001946548241409
---
75000
58
-0.9995625030384354 0.3134127979564375
3.2693123931601367
0.9284812539029066 0.35933675922659386
2.6647174169925565
-0.940521521987895 -0.8690307833831269
4.623206662014376
0.5683769541070177 -0.04996979586482987
2.883928760099768
0.9485031781321718 0.4958744185416455
5.145488174457006
-0.03456059340502871 -0.8972794771208477
5.699125049878154
-0.03187594960279922 -0.9916747365136575
4.8362845288299745
-0.014516428507466976 -0.637334551104831
0.014769118411094517
0.32637893450438016 -0.9733695483221341
5.978794268839785
-0.04102592388576272 -0.934397160128936
4.2666309788731445
0.932027697639585 -0.10300286832138816
5.073216836953694
---
76000
64
0.7864440284193578 0.4351786449510359
2.8605487606014464
0.4525713965727934 0.3630266879262433
0.5002222406816088
-0.34574638254688234 -0.46831335134663726
4.380006939184096
-0.48331235193648237 -0.6803916230755167
2.2582591796238587
-0.8451818482837716 -0.3527883824427005
5.506963803024874
0.5447028902013905 -0.07258185251707201
0.666637847867281
0.3554257607872734 0.4059250832506671
0.9942141984130508
-0.5665576498404323 -0.555920205850619
3.755847105904383
-0.3952378785044637 0.03395251756200163
0.3676045898340341
-0.8039003821394866 -0.14817921740874762
1.858641635636614
-0.5743218319871654 -0.4084437562875237
1.38236430158927
---
77000
77
-0.13563525492840045 0.07613715361690002
3.7546600425151766
-0.5806434421875412 0.6512507916939352
0.6679527792201814
-0.5746981983363415 -0.43224000529122975
6.1952856878541755
0.3553438846429953 -0.7974858687015682
5.120781060836186
0.7053822810906832 0.39985018071997824
2.8269208152573393
0.45080938296756806 -0.13223156135560857
1.8876153851219062
0.7842506371470814 0.7839427376913329
5.50061890950871
-0.4662903125279243 -0.20652622939491272
2.2907127485269916
-0.8497905154518763 0.45431341620521914
4.306349364329247
0.9115344507785909 -0.011620864184581414
4.128069709139722
0.4480429394100002 -0.4237937020587528
4.057737121817962
---
78000
71
-0.8757945963520657 -0.3998825748205046
1.842175528999466
-0.7864284111163855 0.10159838914413817
5.169238801113272
-0.8786308952618157 0.17812567958482234
1.2483419777339746
0.09019531556945425 0.06604857921291304
3.7527395660750438
-0.9622455110699896 0.7390082543388278
2.4788568336665557
-0.5282161641489425 0.06571947302757987
4.7385259891712295
-0.1486978609735793 -0.8285351801160612
4.309815868599984
-0.7444102146885752 -0.9484985943490304
1.5275302463858225
-0.2508301724054229 0.07518467303974279
2.986286472799109
-0.58359419155875 0.5211164035203691
4.521036823849607
-0.46710017655651487 -0.9166369404548822
4.627810596226411
---
79000
69
0.10932328303536815 -0.4070792169605617
0.7094929745667325
-0.06709746555224838 -0.4749833082507198
5.1616233034155385
0.4941778835120895 -0.6904663230976561
2.8067793381536816
0.6955081346189229 -0.9921496678632975
4.6512460559472455
-0.11038340209945721 -0.5309293889491811
2.350596324583954
-0.011417229360923702 0.9604931636149968
5.55847116143083
-0.002573055922260443 -0.5713801620590304
0.717878576019582
-0.2018673990250187 0.1604290559239663
1.08359249372411
-0.2801216979694119 0.6479427338295298
5.737026499599145
-0.018805769900325245 -0.6906914590464986
0.027198762926055053
-0.0011725903662666674 -0.7467979118434858
4.188578610028385
---
80000
70
-0.3203392212885808 -0.829720896339072
2.0410312836135045
-0.493868000386577 -0.7786380776737601
0.5612905173784224
-0.6398145007664713 0.8502329775466244
5.931266110260667
-0.24249066671298386 0.8964660577973071
1.2534403335354822
0.4804407224381127 0.3419999134036955
5.644280411207427
-0.13892181011448784 0.6496203224791521
5.920654433001384
0.31827835416638484 -0.1526874941406784
1.0218189415198689
0.7374566493129739 0.34245829628078595
1.4498710110170965
-0.5007758851465633 0.5221588601932868
6.19483876380237
-0.9853833440255866 -0.7916025312288657
3.674775195253657
0.5268404120171953 0.1324992531761331
4.222750648446728
---
81000
68
0.7837572244685929 -0.4514833417291119
1.2699387570988587
0.8498634042637856 -0.5022293379271663
5.873288142438488
0.3226919454856447 0.6812285345940565
5.024980999911451
0.13579890940150538 -0.7711977576748927
4.059859193545567
0.246851691306809 -0.6652952171016133
6.0615088311779495
0.569463592093888 -0.5759338731042205
3.626343180754488
0.8964967486091253 0.7167071869283335
4.536256961198542
0.5082049007005012 -0.7107162803542437
2.5575754285389234
-0.10559767342745703 -0.7064579473054037
-0.2765660147605831
0.24141586402353934 0.8425063010421255
5.904440663174446
0.2632069321252035 -0.341907156711428
0.05259699123254613
---
82000
63
-0.3142888675243441 -0.39353479854333506
5.913647190773299
-0.3537565543144656 0.35477326441179036
5.909878801843786
-0.5050503064100078 0.7184820504358335
4.130917442551182
-0.3901290721009586 0.8038742419267498
2.1131751166197477
-0.44990326924593316 0.01967897969754157
6.116314890559461
-0.5452244322687078 0.029525960536794005
6.072808604725173
0.8659088630720491 -0.6179119365879212
5.221565950076103
0.30995096083608176 -0.22679325129251626
5.196631211200388
-0.43982583896377614 0.9413665371680591
3.107519938242258
-0.45798114882989527 -0.6820901256310907
3.0575211797748585
0.07988936967524993 -0.04255081864631574
3.584258730972272
---
83000
77
-0.06809361221169263 -0.26187281487372627
5.345704452941705
-0.6690250492542757 0.2631349902819489
3.117077584034962
0.3902854066039539 -0.590295173456787
5.023684317592063
-0.0018361618629427687 0.34661067510167143
6.158240840559484
-0.0886306622734542 0.060464916447490594
5.006801400416359
-0.8509832875951078 -0.059406206146774235
3.1575976932851426
-0.7245618665921322 0.5064648353230157
5.470501790513658
0.14505788897503014 0.004589926526398447
5.214222590048025
-0.7236212925542345 0.8654073980770256
4.402017000986391
-0.2848440652745015 -0.025586221551886074
0.864802185696453
-0.270537723179034 0.061006848003503096
3.186766440445817
---
84000
71
0.44649860273184305 -0.4815377930251708
1.525499976589744
0.3043619969921712 -0.42449645538404446
1.2383042156305386
0.9292369375834897 0.2694023820628461
3.663218829963925
-0.2882104651733564 -0.10358325966963176
5.511959705002056
0.9322817257870148 -0.3849453972013834
5.944855860549837
0.39100285212984176 0.5224921201937792
1.5270920760410558
0.7672499430873269 -0.6416348224709447
5.611232938837647
-0.9332927775112159 0.39655873844472567
5.677928989904181
-0.6432785856298162 0.0813395475470183
0.7329763828265303
0.25082016583890515 -0.5810029271330558
3.994912204272527
0.8839433978721036 -0.724366469821953
1.6293751926790927
---
85000
68
-0.9163361362327918 0.5286294738614594
0.8629143763284923
-0.8972625119818031 0.5033810923328608
5.332055624007759
0.7292288115260414 0.7348602430428072
2.1951437974577823
-0.19599949580432968 -0.11225231493509027
6.0659809095581645
-0.5188666759439612 0.5865241058779489
6.1110793051256485
-0.38684969449138146 0.01066186936035593
5.121178759659313
0.15870363227805345 -0.44387705214890794
0.8199781809961699
0.8233384556026456 -0.6298140345748786
-0.8332719908550175
-0.973041349697068 -0.2355389597219658
6.145972671239912
0.31574909527391404 -0.10074644672116308
0.8281108252719225
0.004173255381409398 0.4690281435220067
1.1416447419130344
---
86000
76
0.9149413246271489 -0.2477958444468086
5.997284975657543
0.9189032876256108 -0.2760993009831651
0.5714783854082741
-0.5598473147920129 0.11854194949471213
0.20542836879165183
0.2580677519393602 0.4179660142175825
5.5303865065235245
0.021882588688977682 0.7873226264183809
3.1348034913157417
-0.08503230083204857 0.9240523967701672
2.503492122666737
-0.25766752951793964 -0.1749776323665061
1.0813784582574346
-0.09082507263752342 -0.41508142664719266
0.26802855530567626
-0.031812506368598746 0.006736699633106434
4.977528229259668
0.92049403996288 -0.22306236830083734
0.7400068059718636
-0.8429583591539039 0.3411294661527575
3.1421181787501515
---
87000
74
0.47771651543766885 0.7183204987995069
5.858584340286084
0.5288249548369675 0.7180033948194638
2.3843603163038845
-0.22273233535082554 -0.7193084775350831
1.2267374238299436
-0.5465943767327697 0.7747472486824218
2.154837553685123
-0.8799759110524898 0.9680156540131488
5.004334404773571
0.6772478656020631 0.24815146862328977
2.589751241595291
0.8545448608659975 0.22229068572043176
5.759210956233194
0.8174386437635595 0.6872904715971797
4.148208355684194
0.7695438778229406 0.9813149137522934
3.1538225652490093
-0.06517168560192832 -0.20101580110284847
5.6161055849680155
0.02943512678232451 -0.9966325208375304
3.1130208792821996
---
88000
61
-0.12584155759752846 -0.9801198726800899
5.654248301772771
0.09424705148589341 -0.39631495581470866
3.699189308422546
0.18463624782107213 0.6383538316405002
3.0027688111385356
-0.2183758874486052 0.005031633394991186
0.3337722127489231
0.7939770096392756 -0.3007092849156404
1.6824491588791801
-0.7397389470822577 0.21853520228923917
4.733074899561428
-0.5309446246407251 -0.38810344364571453
5.221413203086214
0.6730154041346063 0.1722462701089669
4.130717974636857
-0.843979623504334 0.49342283169751067
5.8658832657083755
-0.7066666373192207 0.3802246825286561
0.11343765016679974
0.46354204001066746 0.3659439003565767
3.6527347734125053
---
89000
70
-0.24070606418291493 -0.24249097793328975
0.8185586507653043
-0.5797222751831489 0.054386148273600124
0.16198907517830374
0.5440793491226303 0.3514418814656615
4.090574649845765
0.8705464161327691 0.02737676747404274
0.43771829526447714
0.371915977263723 -0.0695109271399941
6.1235947470728
0.1701194792838719 -0.16289519183375825
2.1198504519282144
-0.7907749624502131 -0.6360824041289223
0.9241543575938032
0.9047709434953692 4.85660338428659e-05
0.7021729659017106
0.6301986664143233 -0.31791867862692563
0.7451514338409098
0.16481160579620496 -0.2506222672590224
1.2071981168182102
-0.8893673629776442 -0.46518203726750035
4.342252074976007
---
90000
65
-0.038586145124450806 -0.49052347486796655
5.365101114341035
0.03165966607767427 -0.12092339280866185
4.095745124278226
0.029903213271023688 -0.40547529855397757
5.83046362908408
0.78490915482455 -0.24087717970032538
3.3240555451915332
-0.9937468974220571 -0.3546616144718959
4.9399741292817625
0.16121262805338574 -0.18662602801958714
0.9643685191700637
0.5414372772197212 0.1569250550877714
2.7682045627394727
0.9719621987367384 -0.22210439734335888
3.315047950023538
-0.3310489683235127 -0.20277412854287127
4.888091084960483
-0.9397474359104621 -0.2756368120084604
1.8241632004809443
0.3587659886241141 0.4654780332863185
5.404552448974017
---
91000
56
0.33372555927955677 0.8413855069071934
0.5915855334585846
-0.6253788744874078 0.669458792626753
4.781054447038415
-0.7639976756587802 -0.6193525214004076
1.7977212130710027
-0.8439044081718652 0.972968971275451
2.927925970168345
-0.5057793210483901 0.8673414147022549
4.874375326628405
-0.4383132393354145 -0.5907331785092339
5.153995765823119
-0.8214475585942682 -0.7789995533195584
3.2729703065600226
-0.8800362992959406 -0.8072908687855281
1.5272292834864123
0.8033039779427459 -0.20926276035688973
0.6276295974702171
-0.7263281316503424 0.4275194677050407
6.008011265148908
0.05863485075160799 0.6230174950833185
5.832656933385272
---
92000
62
-0.04323223960427836 0.06113626437612601
3.9091905998820984
-0.00392713371112376 0.06586536361026173
1.1948295709419758
0.7501301955325046 0.6130578443645138
2.0519124275738863
0.41886920386089305 0.9859357564983251
4.693654104061787
-0.7596438760498758 -0.056096983695197375
1.2583906058890753
0.00931671642627381 0.38875980769357255
3.34261617581209
0.3288890808314631 -0.5461843813834142
5.554096212775868
-0.522273105301112 0.8414516101718598
3.6582437068251625
0.5020071260996147 0.21582341416100073
3.0459927626465704
0.7155908034235214 0.20046657018053832
5.13898505130796
-0.047451188402689304 -0.8158343500496572
3.4138244846978774
---
93000
66
-0.8763903152290313 -0.4973678887431618
0.19719451406570176
0.7855010577218102 0.38776509270578857
5.962714217757946
-0.8096013021660463 -0.37760116543208355
4.7503195086895555
-0.04109237240874308 0.6667678467767668
1.5679838763597234
-0.8904726879264863 -0.2572768783029336
5.8484954447464
0.8403763685488375 0.748769802739799
0.35383480172738935
0.7569725733840308 -0.7918473051645339
3.027050614911044
0.5723276160523991 0.9951316783259729
4.2988515330659425
0.7838405897853687 0.27961476583316835
5.590761567443141
-0.9387149494343332 0.43563951822915703
1.5239730519402048
-0.5554516057188278 -0.5671727860357871
3.9474736795803542
---
94000
54
-0.7095681203520569 -0.2706710679364903
1.1386420162802469
-0.5478073363979025 0.8655307638835333
1.6522053839166873
-0.9210174022579081 0.8939560192221752
3.033514002254213
0.8431267153697716 -0.19127732705074052
6.258575674149633
0.365986953494355 -0.465921068191385
3.9188227943234066
0.15307445610631887 0.3683130358265004
4.3846228164167815
-0.26120673242054976 0.8501682437411486
1.078862084522446
0.5097209032143697 0.3973492660630068
5.630751487860581
-0.21485550185929875 0.7105339971624788
6.049341433828783
0.18798697686171686 0.9519505351844036
0.46438924940277193
-0.7327200252714148 0.7851368065760146
1.0802508724843483
---
95000
54
0.8638386896584778 0.8710203207485415
3.242774858055668
0.1730031695654765 0.3205686086353167
2.6360888189418743
-0.10411955763464856 0.13389582727187888
1.519989404058224
0.2093165247536923 0.14269991115744207
1.8200500284853272
0.6289035977939244 -0.9180075466377738
5.673769220799387
0.41920554391362175 0.4238400473853962
2.531416095151215
0.0031662829563315863 0.3770203565956585
2.1845341412811647
-0.7827120919977024 0.591603284336377
1.0521875961267728
0.2567746312891117 -0.7022264254121562
3.6501726175466978
0.43958939006121756 -0.44856935467618475
3.3633127546103365
-0.8587207426601953 0.10829960723301034
3.3430137911799704
---
96000
58
-0.3784497414409703 0.6751449066383864
5.834244783013921
-0.304264354706407 0.5769382073571088
4.24264970941568
0.13709827830476182 0.09818032245095534
5.191917326657843
-0.562331005721116 -0.532754472487233
3.858615260590608
-0.03319517351657057 0.5690682867811263
2.315754120869401
0.11385014965537782 0.7268771747336588
0.010585646292847528
-0.9277106293949438 0.5187517705824615
1.1235646458084894
-0.1715036699768352 -0.29392896464009777
2.6708855947833268
-0.865218324505038 0.670219938152409
-1.808865555961256
-0.2879247521373435 0.35895637692485316
3.3706586171858337
-0.3950447418745081 0.3417446550468715
3.5213995872940984
---
97000
64
-0.4901117737651053 -0.6751679259960077
4.32521482574959
-0.8545063427659119 -0.9011403581207794
2.1177484452705695
-0.12188009725624728 0.18431812376690349
2.7448126584677635
-0.7900657346742491 0.8448862233521665
2.110617148472733
-0.11810393372323774 -0.16940521972256045
4.0941478339192106
-0.1844326039020829 0.8715991163061886
5.674750978851702
0.20985177135071967 0.7086100985826624
6.066013276206899
-0.9456378270432594 -0.9116749806331678
1.976948064701613
-0.28412653107428276 0.3398406715645781
3.908565655418145
-0.5604734598931405 -0.3689064742192646
5.36810112910131
0.14322590641091965 -0.3239085659911137
5.094820332971607
---
98000
63
0.4218090836486766 0.08660609052706583
5.698229780533337
0.6161409887776133 0.690051863027797
6.237170892755069
-0.09288862107425416 0.8981428960391381
1.6319623546887287
-0.9973331002642154 -0.07067473491192053
1.3498465639513633
0.671950351218466 0.2079814635479707
4.261372004431923
0.5048068804083675 0.524360715260181
0.5622125895612733
-0.03903125376101808 -0.21217168521817764
3.478835990231702
0.6113857923339164 -0.34149687532404727
5.030186661610013
-0.24386864743058978 0.45871185540512827
0.5738273196488839
-0.37244341990062335 0.9112294199503491
5.943425239969453
-0.6467281974791397 0.20635033914697104
0.1809244147367508
---
99000
56
-0.567686216215057 0.6633457829638729
3.1664959029047544
-0.32740960342373826 0.6805264792859278
2.499823646298257
-0.013529966493302955 -0.9048292799984309
4.036492306080785
-0.20374934081887341 0.824977720121927
1.7911765213118525
0.7034450026406787 -0.11627621830574857
2.5223309895992205
-0.09175172736768791 0.7087154710797661
3.3552795909809987
-0.6460654839305998 0.27679716641493257
0.6089829675216012
-0.42411831788774274 0.6457757302626566
2.405348076016719
-0.14349735381108225 -0.4639721971988995
3.3683473235129995
-0.1417970977942449 0.8551054768611951
5.254864866880508
0.4750637262388967 0.059466629719358066
0.3802123532317978
---
