100
{'run_name': '2D_rec_10_total_boids', 'annealing': True, 'annealing_start': 0.2, 'annealing_end': 0.002, 'nr_observed_agents': 0, 'nr_of_boids': 9, 'predator_present': True, 'grouped_spawn': False, 'predator_halting': False, 'record_keeping': True, 'record_frequency': 1000, 'boid_speed': 0.0333, 'boid_color': (0.8, 0.8, 0.8, 1), 'boid_turning_speed': 1.5707963267948966, 'predator_speed': 0.0333, 'predator_speed_slow': 0.0333, 'predator_speed_fast': 0.0533, 'predator_lunging': False, 'predator_lunge_speed': 0.013, 'predator_lunge_distance': 0.1, 'predator_turning_speed': 0.7853981633974483, 'predator_color': (0.8, 0.2, 0.2, 1), 'predator_confusion': True, 'predator_confusion_distance': 0.4, 'predator_confusion_threshold': 2, 'predator_chase_time': 20, 'predator_halt_time': 0, 'predator_eating_distance': 0.06666, 'height': 800, 'width': 800, 'graphics': True}
tick
boids eaten
predator position
predator rotation
agent positions (and)
agent rotations (interleaved)
----
0
97
0.20567438543444239 -0.8203029264933213
0.6747438888637836
0.028115229864074893 -0.001552578734200949
0.5073819764839962
-0.6853845252565206 -0.9615965472495047
0.46395888891467507
0.10662887960108239 0.2869966902576163
0.017728545820576144
-0.884274087356699 -0.37261567986338834
5.104450400350518
-0.4493854476411947 0.2222117389265042
1.8037487156107197
-0.7264733314051554 0.061752449191218806
1.6354244245281189
0.8812911092460188 0.962604767193911
5.693792497275199
-0.62294300889026 -0.8206521804816156
4.37558673594382
-0.27395816968640563 -0.8359789726856327
5.791799655840543
0.879203984706534 -0.6920004870259178
2.6522360981223057
---
1000
83
-0.35327372764002596 0.7254166683582247
5.945414945987942
-0.42080243242043164 0.7311869938916986
4.686956082131716
-0.08949815021287857 -0.32111752312416414
4.960779742294112
-0.951611838221539 -0.16968036534443803
5.88212691311486
-0.2012387129860717 0.12377047338350969
4.749570134423975
-0.4461211242674983 -0.9930543215184677
1.8214448442375044
0.5544414623991628 -0.08943656321064569
3.7661119271761954
-0.08067760786759284 -0.2971293717301246
3.0710804973387145
-0.326207745900404 -0.5880925818934505
5.635034158106343
-0.6076983430896682 -0.052887264340756884
4.458683040536222
0.7524846808676979 0.28427320742360346
2.414219722632957
---
2000
86
0.10683274199758303 -0.4851079990659766
4.258319613890324
-0.5242754804259349 0.17956916417989022
6.2112260013615
0.4132873329417227 -0.32024404702081927
5.908909133825684
-0.012833747805656846 0.9435690651543442
3.0161695014379584
0.9095516666461005 -0.6782908030876937
1.7264509321429906
0.7333675417152035 -0.3575987872537029
1.9526682599012606
-0.6942700242249407 0.5867413748709294
5.237589592777012
0.7988160384768783 -0.7022731335248436
2.077170407457925
-0.009270385538669528 -0.0813971545363328
3.7576907380095443
0.48666368588946407 -0.5216886975657735
1.3539376250277453
0.0017146312918573815 0.3253394157940357
1.23271814801182
---
3000
90
-0.03529633361632552 0.2882861711709752
0.3001285254495357
-0.09422858451448243 0.36969456554367075
0.7934706972298793
0.7214032678044082 -0.5093936126885789
1.5597611933788418
0.6513518394045624 0.37660799386261523
2.0950461912550757
0.05209667013568377 0.25140375268072046
5.036659716685825
0.07298908154114038 0.03335296585985228
2.2279291321753227
-0.04482409353411233 -0.8973263537314733
2.4637672634101673
-0.7724901798180216 -0.2636384519986883
2.612886554334141
-0.18033458822477513 0.1530814826773369
1.0286433477181385
0.41117979373109487 -0.006017686018852955
1.6822032205480264
0.535436676335919 0.37446991164279625
4.94011461537777
---
4000
91
0.2502288420122365 0.617214644002532
5.946460576296279
0.1849785028002957 0.5120649513088573
0.12936075538906255
0.9653797123699762 -0.8712077041562379
2.816138946504071
0.0670286893055594 0.338159475963756
1.7246759643326648
0.3688866259584478 0.024078837897805988
0.8376402007369101
-0.2827039026861854 0.4433364487030199
0.3146530071714615
-0.46008986702134 0.638932922907601
5.108897441374538
-0.10692302819147094 0.7654114678027872
2.5667121174136867
-0.21761568626753858 0.18605821909147785
0.2756611314421038
0.7107032833253681 0.3831263613328806
1.1985390176886819
0.030255004879795405 0.4702978073103523
2.4737671549185816
---
5000
74
-0.19912909207059953 -0.44785545153880996
3.2408306974592582
-0.16089579237821758 -0.4670488679573176
3.7693572265059396
-0.7528027883988148 -0.9143725685549466
2.3168141577780164
0.6530919427904688 0.041023667926118806
3.52014553460776
0.9817976385996015 -0.1753684395667254
3.4722452427941493
-0.5180908191171628 -0.7612513921449398
1.3121572851839431
0.9454817740096054 -0.330251613094325
3.7163090119105204
0.13068912731121185 0.7640469591039485
0.8306920922734466
0.7820012407762741 -0.5487703780193568
2.4182914659911834
-0.8577336632645318 -0.5730742028584251
4.519532115888218
-0.6625879250767741 -0.6570212980935508
4.285057015479114
---
6000
84
-0.6678153471521078 0.5821050688707653
3.0041456739674643
-0.33376716417618874 0.6399994550841039
0.43050021134154104
0.38829036657898597 0.743142312988721
3.7035252016448577
-0.7656397868495634 -0.07959376549182101
0.8988107557660872
-0.537647046291388 -0.07003043130007891
1.4408494340374798
-0.7358011837061462 0.07186409504954641
4.641376378832652
-0.7138545893775302 0.2800794869143695
0.8007968276381741
-0.5025866738298382 0.5272499348860236
1.0365014875773868
-0.991900420164465 -0.5191623552789306
4.330557060382519
0.465285171792033 0.7595683126830346
2.191455232050197
-0.853390705097242 0.31594610758656044
0.339772370407478
---
7000
87
-0.22345203363052427 -0.7725140546158799
5.876485888868188
-0.2562786785408041 -0.8573220107161535
0.2871451330747945
-0.4887370644423384 -0.4847577362969729
3.363632438221833
-0.12311020356893136 -0.5380015041583296
5.7017838456053385
-0.031408475021160356 -0.7758562862002364
4.963423880111105
0.9991376625479451 -0.8073866237442449
4.366151375354885
-0.6981578385572863 -0.583286282080219
3.0480584986374124
-0.7940265287197554 -0.9159325609605388
2.1959560535031466
-0.6051867929774174 -0.96060211669865
4.657888939336174
0.18643250935054065 -0.2530198117544502
3.417006617373132
-0.38347897555225197 -0.74246040500144
5.119808470722221
---
8000
78
0.39930923164970383 -0.994408492807332
3.001594972048245
-0.401182585439132 0.190803536843636
5.5610353981481655
0.07248488363298644 -0.049089906948778794
1.51300567440392
-0.388055455099937 -0.2276504242140037
3.4117973643453743
0.1634343495594222 -0.1093585845443866
6.110954352025221
-0.7549031367750136 -0.17337928417094878
5.958304662642946
0.18863469467660882 0.4849599506615276
2.6796806714761408
0.15107080069431875 0.8915868074531509
3.4035447150216234
0.03709722514147834 -0.8457585758499225
3.2683623253770744
-0.9393206375258751 -0.17082007821826573
3.689501130286999
-0.4319945671887197 -0.21221345948919002
1.9539128438922848
---
9000
85
0.017679168054568546 0.5389643704157371
2.3112837752209954
-0.0003248470453422682 0.4423350288606328
1.585479254272948
0.44050528175264936 0.29783521301375676
2.6296806478498524
-0.3338810826411477 0.5935960509018298
6.235704352329125
-0.9182319116164132 0.22713825523832765
0.5111824361768607
-0.7676340244884367 -0.565355725212403
2.3567296743374655
-0.8367661088450791 0.4170498714329862
2.1525020320470443
-0.6403100322995268 -0.17116882035566403
3.040502646406156
-0.6994128453446831 0.4866243736615865
3.9006586951585636
-0.40647151622604044 -0.034329787397477676
1.4906538548674808
-0.22362923285096184 0.6935127215683269
0.9972311840895038
---
10000
95
0.7851755604643524 -0.7750569425624945
2.771733971570674
0.6509759039062183 -0.7449168579236284
0.6138021927322006
0.019289771535029015 0.8140773135235673
1.6346149980245457
-0.8435657132541414 0.989415103497781
5.830497592384634
0.8340501429324845 -0.7603621220882467
0.4761496737628441
-0.21080312910712962 -0.7093796960202492
1.0671757956802805
0.27602035886929716 0.4399423387104363
0.42370677640436316
0.18125162646158158 0.9396948173195756
1.112748152319675
0.2834636003761432 0.10631056620223339
1.2879178044252892
0.1310612051124125 -0.13262060607475468
4.902126533640403
-0.4363379599670801 -0.402396083771734
3.5941300884705223
---
11000
82
-0.21197587815972357 0.9116000526924022
2.757874692693516
-0.05902177616993451 0.4918064545116592
0.4449305760216484
-0.2676231961096648 -0.4984995241204826
2.9632189049644726
0.2058602729017942 0.2508235900670297
1.131052949506162
-0.8076669026100666 0.5686771985228611
2.463309123258165
0.49550069978832173 -0.6338029235291349
0.718303941823577
0.255566357997261 0.7762354455638798
2.638648944087638
0.6867298937700927 0.8570315984034038
3.9654024044120284
-0.8456582871010137 0.8038691249160366
0.644483232103108
-0.9310388109507424 -0.5813686440424701
0.4894278016814573
-0.6063493474216 -0.9579731962653296
1.5234807810783604
---
12000
71
-0.09805899977858422 0.6756985130913117
2.0001703998916205
0.06886316341349596 -0.16082155696468725
4.352665805428094
-0.5629444081644854 -0.2091509502229338
3.134749275474211
0.7365449523590971 0.7970218191924142
6.031315120964809
0.5755588279924707 -0.4616181304708652
0.6950386267725639
0.3276056865689208 -0.4436700167395925
0.13169348074339382
-0.34765544176638574 -0.6636425838765722
3.0666973785590566
0.9075191343145477 0.8412617086586536
2.974835197741303
-0.8248197255440283 0.9028667450194297
4.159627546070497
-0.9931338431762597 -0.4510322225250648
1.6125625121267682
0.39762278967649967 0.8861880096684278
1.5640885503216477
---
13000
89
0.7975889623375796 -0.922586155466283
4.9347505706087365
0.9841176604648525 0.7594777787059678
3.0933298895471255
-0.1584196189844955 -0.6926004514948289
3.7171223798254216
0.5713076376157383 0.2818524909543196
3.828538863107358
0.22769598909680205 0.7050765745253911
4.752236750474317
-0.9426857350764957 0.12258248532521913
4.483742319902698
0.38816338134867157 0.8954929739480175
0.2704992271534732
-0.1617586107564302 -0.010815312483522362
0.8747187742308293
-0.46562635477351955 -0.13760332738482717
5.763815725810125
0.4917261696100078 0.7755062756313187
2.036536769667449
0.37976135397545807 0.8648768897178996
4.34827256607892
---
14000
80
-0.7814335171710035 0.5924717730500292
3.6044934822710517
-0.5184027169687694 0.9016388434733343
2.9646305304601235
0.05674885308828846 -0.34169401296821444
4.165899159146841
-0.7008827155862416 -0.12595075742180328
2.0271436956265756
-0.5239023089541238 -0.7366054660371185
2.5388596896724085
-0.013319640200735762 0.4627187079992036
2.548642004843545
-0.1720943739800622 -0.031818353242311415
2.721913297019845
-0.20779888746137531 -0.41142077867860677
5.1319303000799765
0.9272453118020293 0.947817300448699
2.3647242675335036
0.33594895799030733 -0.628213839005304
3.141121770782665
0.3889396362298321 0.4026627378122672
3.581601746013791
---
15000
85
0.47525830016337905 -0.5709293186315928
3.6077007049963568
0.6534346022146696 -0.5571804595532094
2.3574158389537643
0.8759398033440134 0.8282157433352303
2.2642579156655076
0.887369464298861 -0.529168782771788
1.2100347402710456
-0.10833466568455857 -0.14288961489169466
1.6770814930611966
0.8661889792794145 -0.39553048984459915
3.4803923623448902
-0.07338425218679989 0.441373758071243
5.1999939365717145
-0.7546746574853015 -0.9930115713079122
2.8296678311573134
0.7476256775730437 0.1870546799050916
0.8428348644628549
-0.4631184383102957 -0.18106050638369836
5.548883095631545
-0.7933247539983144 0.24713369604248636
4.316115729734729
---
16000
78
-0.486095660145402 -0.8516531134012078
4.4428431449530414
-0.326637025604934 0.3000065220191441
0.4377660065131188
0.385432323018973 -0.9277134148183658
4.371214639540362
0.028217843746762325 -0.629960084889409
3.3679163363330007
-0.02783061676183632 -0.683937624268068
4.204296736362967
0.47423634785265606 0.880234484033691
5.677339769641441
0.17629018303201355 0.8115281308092872
5.041104143634486
-0.601282941180608 0.3870510505198228
0.36766616483041226
0.05472349357893481 -0.5953696858987789
3.3263168286627103
0.33128407089911094 -0.3674381960240216
4.77292166514849
0.21119825714261264 0.9048629535287682
4.103942971169195
---
17000
72
0.6684109965205951 -0.8216732470249938
1.5738062662192718
-0.9655220133289839 -0.3722202084568877
1.1018469697169877
-0.9890368906832261 0.5748179300026194
4.2131794418514215
0.6389780411762414 0.03908772349476543
1.6291504461042754
-0.8509434809468096 -0.3717465942202056
4.744721672374306
0.9227125038049611 -0.18407169989443517
4.45981349956462
-0.9807060678431332 0.044296407151779016
0.3174321861081051
-0.015841378020191667 0.5554564858277365
3.362021676717055
-0.996637651001947 -0.38155384728883734
0.781363927824744
-0.6287906603106836 -0.01304101613512601
3.659609356161268
0.6762269605707949 -0.5177694401008391
1.5023266989659891
---
18000
62
0.9858957387890546 -0.7011184009237056
2.724930571267261
-0.9323815900919864 0.5749608390658758
1.8052075340531815
0.9807221342099729 0.3841377122840205
1.2675637267217619
0.345347193685828 0.9147460158766502
2.1898018537624857
0.07204963687722815 -0.02126660025062674
3.1564168798788854
0.6148937006425422 -0.6945842209969478
2.888559009692149
0.9918703497329354 0.6107025316115863
4.561675831079775
-0.23298514552883637 0.9505111952747465
0.1394790879466994
-0.5006818370230363 -0.4480221875713315
2.1807709908247253
-0.00965473513092081 -0.8370517863574469
1.8721198237365755
-0.5960621691822674 0.7645354743229821
-2.637831804399285
---
19000
81
-0.8552576809660446 -0.4440899761677482
1.9899362483269596
0.023952444974494152 -0.4859140854890839
1.5406868792106039
-0.43433174406285735 -0.9691999719948381
3.170892113584417
0.3175612148701563 0.6081674800932493
1.8989864013347932
-0.8565629469400918 0.8891275336562277
1.0776607764002373
-0.3670270735954494 -0.022868243122113423
0.6581962144424227
-0.07514401980929156 -0.09141076865371175
0.25811666312274717
-0.11100160561683196 0.8190071829387299
2.7887536686456533
-0.696878287264902 0.7607172784542889
1.5168961288948744
-0.9427270609813467 0.2211644348486561
3.1198606980329275
0.8399262376435073 0.5112650786877988
3.377110182949518
---
20000
74
0.7009497959891872 0.0469996575791652
4.207486872749867
0.234186967129571 -0.47815202725903216
5.295982766430077
-0.8085490898593132 -0.6676188593213536
3.155950549489776
0.07423433219861349 -0.8599583076002273
0.23217635964715555
-0.7672287907022861 -0.836271163298672
3.004177716603211
-0.772874247894703 -0.4140209623144155
3.0922265879361346
-0.8030899577278603 -0.723287272929926
2.973262127574862
-0.24982165735509881 -0.5824329616314559
6.075724249207119
-0.3845870303502674 -0.6000037753318055
2.660791076075821
-0.089964913387778 -0.8644419075164144
0.7156648659078089
-0.7979421272829097 0.47928467837091826
4.487687151811499
---
21000
70
-0.3646267732043686 0.8310446955221582
6.034113542555041
0.26579598003018323 -0.6992596395914192
1.6737930642578043
0.4399129308483942 -0.658525256737342
4.878025266684244
-0.6075932526653133 -0.9564352113399163
5.968453559955179
0.22402869864888886 -0.6056778168766417
4.9274211541189965
-0.8878184661804164 0.40292650094164567
4.375828083738524
-0.7722541638467654 -0.8143167770404889
2.552656479750971
0.8458091847046302 0.952933392251741
6.144719943353632
-0.9404243177616927 0.20494896286193307
5.729150210605979
0.2550630137277263 -0.7359016627708805
5.062074932449199
0.09742388739026733 0.7604771960747359
2.699658655749155
---
22000
72
-0.061581250457426365 -0.4680766395910628
3.6838061002690585
-0.434926324770485 -0.42324316306716375
6.27156348907629
-0.9327531630768042 0.8943402157285869
6.142455823480277
-0.7167058884345685 -0.2842717276194488
0.8941246000014118
0.5370539948994622 0.9139511157139015
5.61985687095715
-0.7298837882599102 -0.2527311529039168
0.8743206041933167
0.6007262839644941 0.8791284335619004
2.856322562868195
-0.5734290316690012 -0.39907617915545746
0.46180755713808264
-0.6404581263695526 -0.3471903898826305
4.142925215991608
-0.6133284524447907 0.8741881084897725
4.427260806446332
-0.9306107765329359 -0.24675321593604477
1.210515324904893
---
23000
78
0.302575413973215 -0.8428350650324039
1.375880771124999
0.8794257017688736 0.9207794883139209
0.6430564670426575
-0.43407951513127674 -0.7760735457517565
4.097328288959317
0.8485961136768692 -0.8395704044549159
4.305237896739074
0.666785466386751 -0.32873605682831275
2.521816152535364
0.8992377951959896 -0.8449523920331595
5.718838645227821
-0.5312679515956106 -0.5792093835619861
4.323900927663351
0.6467304975847127 -0.5982648522738542
3.9907033708692756
-0.893864704590419 0.08331174836015054
3.580492667490442
-0.7875900734911073 0.9388026494403393
1.7985982024125207
0.44099461432743275 -0.37597593560103193
2.8475531764813518
---
24000
66
-0.18507912935532433 -0.9624265234088676
5.817969970529366
-0.22792619563607558 -0.9530751867079791
4.9989674438962055
0.9439541803243174 -0.6833271512000544
6.117603551748411
0.578287431608641 -0.8266971742267564
3.8351056455499863
-0.763602829176526 0.41782530932599277
1.2380617400850351
0.7553478510732143 0.5024526600715323
3.787549551941667
0.6359299062191338 0.25750143095210193
0.5211758264386157
-0.33000800529624197 0.2286288686709469
0.4645292005704382
0.46695454375760803 -0.584167824104719
3.739851541362021
-0.5627686389991008 0.48420713663227655
5.395998758132049
0.8243776957057526 -0.5864526244490962
1.6054913787250138
---
25000
67
-0.9039518931507643 0.7091171648837609
3.2901137078052436
0.0665940213638696 0.9303113314339686
3.4524469822328188
-0.3980686891684981 0.32710357930671485
1.9130486333599777
0.4673845175507598 0.9606161432637059
3.041579351861949
0.015157556587133414 0.26254339364109747
2.843139140188068
-0.8801627218059825 0.7054500025917868
6.037097809105066
-0.512182800473554 -0.3050406592988227
4.8914509274190285
-0.8249159396551989 0.45467421317590856
5.5908014220219995
0.7475802683805944 -0.3083486255458719
3.381012702750427
0.01663216341325001 -0.44257137051402573
6.177824122160019
-0.4774231044589461 -0.42114499179914183
6.130788784123697
---
26000
86
0.3075507901570913 0.5813280055686292
2.4343886528992535
0.5781436440516301 0.3935470318484969
6.163975548018996
-0.06044596717645284 0.15363290884982367
1.9145600680158736
-0.64337573494009 -0.29682697969594407
4.425655394443453
0.40767555837574143 0.16799834178532205
1.8337618909959934
-0.010665049906679505 -0.5063022046865544
4.240694820555401
-0.35032607749422057 0.20480582361255695
1.677069112694376
0.9829169864109998 -0.13287621566869243
6.1169966541965985
0.22923211644227043 0.16654335822377161
2.2643647507895173
-0.04180615456593976 -0.49142219755160654
4.4065435342552375
-0.10457383283964736 0.3922223480750526
3.417881565798668
---
27000
62
-0.6599052263849567 0.7364333149792838
2.079235079298251
-0.609098708858862 0.7224937996921357
0.5362873714879681
-0.3740509341407645 -0.010094621510812134
2.1561924116100997
-0.3913573046810816 -0.3315548156327859
3.3892957127647945
-0.7711477015487689 -0.4381377578553519
3.1519062406889953
-0.3706706230024849 -0.7215035410079269
3.5237062648996638
0.2214113530939491 -0.40887193070873806
5.191992716361702
-0.29835163566043027 -0.412297113180341
2.3844270372786074
-0.5817553630873191 -0.18738685073388908
4.295840460905331
0.15150316902135075 0.28279713938465983
3.567424742257482
-0.35622012616527 0.07952696831129846
3.070684598067155
---
28000
89
-0.32100569712664145 -0.6212341352265675
1.607905313205229
0.060299059600159986 0.6663452166966061
4.847068803724397
0.8259343772810184 -0.8824216965668537
0.4403926362747823
0.8534860477345758 -0.7817554095725929
4.796613118460639
0.6966792285588584 0.6626678379589093
4.863182961721372
-0.5091601631227769 -0.8430457387270537
4.503476415471372
-0.565559878287787 0.5045511285574503
3.5148367178417805
0.08171745032178956 0.8772372071437288
6.114502662819672
0.40732333344421223 0.9697469406722732
0.043215987832568636
0.9445600453977381 0.6510505230252919
4.235899090358777
0.2806209842247232 -0.9055979149539233
4.564486986598686
---
29000
65
0.9412425750115407 0.735835413725614
5.951382701918417
0.8348347516036447 0.5104898083654433
1.9389330627847237
-0.7917199226246933 0.8631642609726763
2.196688148736132
0.48906590609040274 -0.28692270342193066
1.381172338989403
-0.3967671603697835 -0.3305170317677025
1.9465357365569798
0.8892724637473925 0.7050537451522931
5.648233360485651
0.6309240532362946 -0.06359199388745795
4.15381154679524
0.11132756673304782 -0.15284310295329845
2.277258580065766
0.6280767555812837 0.3382564309532451
0.19692945706791942
0.8392091118200551 0.5087226283786495
5.8366520782292035
0.5088731913084112 -0.2049517436103981
5.604875824427138
---
30000
59
-0.8263324730937965 0.9874223065751156
4.951926739959025
-0.9264608705708196 0.848232982810816
5.407311713711366
0.992166262067551 0.2733886651085673
5.477338999141729
-0.16562097392104125 0.7060928905134686
6.1669393075702015
-0.4822643721535293 0.44650300259524806
6.05219323479086
0.010601436197599276 -0.9411771334926691
6.184101967040645
0.05876703454232622 -0.10465346341442588
1.4407188554511459
-0.7387104948687023 0.5418131582062238
5.999357038796522
-0.5746803487540877 0.15103744874960745
3.7785837988966113
-0.5768124309787968 -0.8583257336078735
2.8351138091486625
-0.15513328034250717 -0.9657591033735862
6.146947311209383
---
31000
96
0.6483034396639624 -0.8435821552900397
3.1305576025272566
-0.5794354259649342 -0.07407822200475819
1.5453999135723633
0.5121650178036646 -0.3295306017302785
5.827462386480797
-0.42384788002049933 0.944121887500289
4.14513015246858
-0.053894513125913576 -0.20243658281892118
5.552202044166284
-0.638928398552497 -0.1973136640391323
1.9323023770225483
-0.8791387047719001 -0.11444934481090559
0.5486312809892055
-0.17410331444849414 -0.5395482137068959
5.5209114099619505
-0.4384968391053995 -0.2215517757688782
4.761941560612371
-0.08910846592399413 -0.2827611927801646
4.041610328429489
0.02347283579262307 -0.02919789123227972
4.617665267662494
---
32000
66
-0.8810028961462082 -0.6816292615752471
5.5610777493390176
-0.8370580022184225 -0.6911656910292331
3.851707459522605
-0.6065403549098756 -0.2503328768677929
3.881022522924316
-0.022909462395315647 -0.7358274309215234
0.6621217890042255
-0.07348390203359396 -0.3790688496975661
5.365419764015717
0.9547988120443697 0.9550659458274715
6.130627018795003
-0.31907492114772945 -0.7482934863564787
5.756617518610347
-0.8636965497960103 -0.38265450424031844
3.801655848975863
-0.7183480911594853 0.6053263891918345
0.5576718998683949
-0.3489520403514991 -0.6749544929769487
2.3094797665818447
-0.5207029211412668 -0.20105695840767793
3.783907744246405
---
33000
72
0.2724039458263575 -0.4660733713455143
4.511840889165569
0.8459455000022195 -0.7011588992827962
4.352177126300449
-0.42871957909169084 0.05650348840390801
5.5741226631239424
-0.8755291814547337 -0.47079875359831536
2.5615896011605725
-0.41262687792161656 -0.2534116546016614
4.03604788507819
0.02277224829099661 0.5083466378652446
4.870384564990963
0.0016249264384721462 0.9311780980633216
2.948280816174867
0.7148225400863646 -0.08449068875321568
4.009067999914261
-0.765721448947443 -0.9419378871403523
2.8067266799342434
-0.25441836998745115 -0.8052210770853953
0.37124005040293184
-0.8585983164266586 -0.9932037996743732
3.2884384231994694
---
34000
76
0.340770945625201 -0.5443443752765627
6.265160668001823
-0.8178015940608556 -0.2963535302898729
5.81521973684685
-0.6288347292256641 -0.07553693450106905
3.729255025462078
-0.7337550798801401 -0.5684956129867921
1.4339972530372487
-0.6830168893441877 -0.19480921700874704
2.1964541100116888
-0.489916549441362 0.9553248668089614
0.12808824950572184
-0.6700771387795524 0.03256666492572722
5.436178420962087
-0.917120687192672 -0.8568641066874529
5.473231319948138
-0.3802811686022053 -0.5719218121074667
2.087161122553277
-0.748863092492226 -0.6939178590154783
4.366810634303731
0.5667292042845842 0.4883988778342883
4.913571181290098
---
35000
58
-0.44220295726575654 0.39552766999780237
6.039374228416984
-0.5420730346235361 0.22183253762023353
0.8918004862901165
0.3813200981068472 0.7117679712085901
3.5170646284703553
0.42987058591017624 0.375790710638332
1.983411330354321
0.5493204937204367 0.4943005067299529
3.9535321901994713
-0.8563086687817363 -0.6798000578515535
4.295388731711279
0.6432314177624692 0.0726030151311523
4.98648366196463
-0.13828118939864678 0.6550765406908707
3.5120705968856134
0.8689961373649583 0.44092361734043256
2.757013950430313
0.3374010406912198 -0.1995225404190963
3.9029281074847573
-0.5365964041531089 0.8849943834555322
3.2546164684878063
---
36000
70
-0.09114695549700673 0.20909354697370702
2.6529063190821516
-0.21105843070874236 0.3420280689097314
1.1625569563349138
0.07026684682109868 0.9641926563693114
4.2379400884269165
-0.6391742501344769 -0.6589629900071188
3.220733959646827
0.5374799077319486 -0.7092681065180731
1.828369492564276
0.11420546799009201 -0.5227252816614798
5.881639181562954
0.6719401833722427 -0.8600277755165817
1.128483086249286
0.31836338518170315 -0.9346177743136047
5.851127439983015
-0.36518493758388776 0.7004591268424838
4.541286374334552
-0.4244380889952014 0.9260070276777033
1.8782343441966614
-0.7487008356310022 0.5119452531166093
4.207575579988774
---
37000
75
-0.2950319924316411 0.8574010126320584
1.419812600310911
-0.6875805654467216 -0.5647848256608249
5.117728254057116
-0.3378686013995373 0.32896905011092314
2.9954324074461196
-0.7066564321949302 0.3735504701519368
3.489768062735229
-0.2752840934347086 -0.1669745061685876
0.9938853703010819
-0.10520688972649572 -0.6702674319432677
1.4923020858329217
0.34631639223791966 0.3067494352174786
3.400216614288179
-0.6219152067978319 -0.4702641119790573
2.1842325987565863
-0.29570918450365036 -0.8564008064180666
0.4176889274868518
0.7096873658919557 -0.012631771723461013
2.9518801504276
0.08373550692273904 0.20076028714973992
4.749093084812421
---
38000
81
0.48442042930485346 0.3312736881706823
2.557603329150684
0.4250659649935833 0.39323025207865764
2.7519351219543244
-0.7887381071955718 -0.7313927623935361
3.9139554992267804
0.894444400473942 -0.013841168128703792
4.800344007713044
-0.8958255200806697 0.5158283988317498
4.352152912016794
0.4234845024688737 0.8410559801804491
4.603881129406496
-0.8343728748122134 0.9740545404349554
2.248612117734324
-0.2577518327212671 -0.297610421006156
5.994322949790376
0.6453555733583041 0.20441849755990132
6.215483759138052
-0.005737663288469891 -0.893861768506284
6.274303033490409
0.23991705465657093 0.7993871275919425
2.7077799500790345
---
39000
66
-0.2735328857161176 -0.6403185651777263
4.525872253870514
-0.30699799928380095 -0.5745407122377372
3.8372772902924392
0.3553536381609232 0.05642435261800483
1.764157172438522
0.8174527333307826 0.14473606233089442
5.943529291285742
0.8218134883063454 0.12943547641906067
5.562183251563636
-0.6420231878446153 0.8141249745826439
5.730401762701403
0.5700069010208564 0.8195267017606982
0.22437556226795952
-0.12609472397475596 0.5531110573874571
2.4887197664710303
0.975093718575946 0.15465067894168638
5.00407596581208
-0.7489071216485177 0.5045580874612603
4.999969182236838
0.4847091458379146 -0.031307207672112244
2.514124444573379
---
40000
70
-0.0843555378114563 -0.6519196214585025
0.04761153415211835
0.5896035654299793 -0.26053463681353894
2.9279771398318006
0.023536540077305775 -0.13597896322295097
5.412724108568834
-0.5011745804036251 -0.16924520188923886
2.8566001197254733
0.45966248480945593 0.29132139680390806
1.041072336015036
0.36840047850496127 0.009778430968524827
2.491448102345318
0.3675298439668829 0.7949246918445305
0.04118231826638219
0.40448076338998634 0.06670930439683946
5.547799015069962
0.7471351771919986 0.10530186432050107
5.178642471222219
-0.12484014708680358 0.28565504758645055
0.8712261419072549
0.03347267770098582 0.30805385550532377
2.254240865093478
---
41000
73
0.6731342455902208 0.4956647487460826
3.8386245131143286
0.689692662855298 0.4059665423042475
4.706370617839304
-0.6514963674388375 0.13711088577625608
1.443990378173539
-0.5485444756421142 -0.5973585604075049
6.205676644365543
0.9770422356247924 0.7386115827070244
0.9842572216899725
0.35596180845509284 0.37498422528619335
4.11057369649056
-0.8090654272282874 -0.2640712343734955
5.8097235664595015
0.3861907110843669 0.8539321794747682
3.451816201349817
-0.9380610504235124 0.35316222327264785
5.598422179442368
-0.4384883329984555 -0.44639746269021807
4.295981563557635
0.8138409711807506 0.5313335651449547
2.897367024411613
---
42000
61
0.36606245102064966 -0.9704139696130262
3.377922638553554
0.7170435191641891 -0.5251264562878212
1.5625206199860786
0.7122711550893094 -0.782688460637316
4.654720722499574
-0.4557624311217874 -0.6021950765022852
2.608525233249199
0.8718471613675868 0.0881702613701387
-1.124276505902391
0.02680532821172415 0.19324741374677423
5.226939257653758
-0.46724228076042695 0.41658905004534724
2.753335056424117
-0.5877612241132961 -0.41250325888085265
5.302416912037035
0.24678411214795284 0.8800072097198707
2.5181142193039197
-0.16884836102698933 0.10817751806477416
3.2169783059875243
-0.3661114725559455 -0.053116810843842094
4.186997948731586
---
43000
60
-0.9217458351439364 -0.5034837690479345
1.8062331476790703
0.3761242190939205 -0.7459831580254611
0.7638004467282729
0.14816796833638454 -0.9264061466678438
5.914890061760985
0.5844133497823355 -0.644652318102483
2.8821762232198322
-0.2684244684187477 -0.43387603690625964
6.276330625547005
0.07709416617646551 0.6716227535374247
5.5220544280925274
0.9108512378401743 -0.6897875777520075
3.2720211950757685
-0.9778655789714887 -0.4415461342455658
5.511943195725736
0.5920306501121314 0.7660167872847379
2.2303728663044975
-0.6973141327214601 0.49547062104044953
4.388781048603816
-0.22440573266419514 0.0038669975095008344
5.827497952241151
---
44000
76
0.4990552226820274 0.30822745242910765
1.8223614180930148
-0.6453782735343271 -0.40755966707133523
4.302753531611234
-0.6049079577758897 0.45446312865054955
4.93196684654209
-0.21015991359244754 0.5743273235042365
0.18688704916583188
0.5291378034839085 0.1594878997821915
0.7194526432154946
-0.5761144039969364 -0.2780505546334856
4.8634474989638425
-0.2923787762367478 0.12018462300249211
0.03794039131381388
-0.33024455742337755 0.0970776648908563
2.036704610215205
-0.4789134159646494 0.9268284140892245
5.450814226191375
0.9343107659226316 0.8020798686610967
0.040035229626412594
0.17889495063412406 -0.4733367057337476
3.783886254400869
---
45000
66
0.4666219467194055 -0.8013244252959022
1.7915393880216404
0.6537290450084674 0.9274074618228211
3.5719000256164817
0.1804784815479023 0.8871368866628272
3.4933952258843437
0.6332867641110478 0.21304715276957797
1.7056166759424238
-0.4152365830438582 0.7536258340801871
5.856937984424056
-0.7025121834058854 0.11816493230393271
6.212335547830163
0.42290555900181875 0.025097060582181103
0.4552702107779387
-0.737215741182943 -0.12902677805886373
2.09367765980885
0.7119050974207386 0.7059893340224033
4.307157334405467
-0.5551031002533817 -0.8426374146466159
2.810725844312967
0.1710121291339382 0.06602391708260344
4.692441013231937
---
46000
77
0.07941387749402466 -0.21129607156733737
1.5967030563449904
0.0539576773311926 -0.25847810785446845
4.000975651717637
-0.8071556638498146 0.2716407355869479
5.077161431798748
-0.6983780013863551 -0.828820879793646
0.6205954550126318
-0.5800221912466226 0.10737078186018584
5.116087999578877
0.07280702796480418 0.8168578181295097
2.899041969789714
0.23083480127354486 0.011832866038065989
3.0221228759479057
-0.2781847678759735 0.006419293748314299
0.9780194233358008
0.2058233276932269 -0.8973530693037536
4.742591399320172
-0.03590160976572843 0.20049243368785746
2.838585769779482
-0.657329445809213 0.6281098823204888
0.6474673652981258
---
47000
65
0.6440205078892596 -0.25606797356417293
4.710368696153646
0.2616869644242027 -0.6474425787727823
1.6972656873875271
0.6499367938183085 -0.10216182205770606
5.134291679385943
-0.39563980230227874 -0.17907008531959412
1.837550358758409
-0.48615321199669154 0.8426361368498226
5.68859378275107
0.6880217241358692 0.5361957405357957
1.5396546346302449
-0.5041725179196052 -0.990175652488794
4.80565679102479
0.14075278003075042 0.14022545715961401
4.211115604987467
-0.6164687108596745 0.9337621792075194
4.6830242318202915
-0.7808494841551805 -0.7285662326326137
3.696876281988442
0.5282874765015385 0.215789472834616
5.588307356952066
---
48000
64
-0.4501715612035917 0.7029546593876709
1.321543134814791
-0.47023894089437995 0.7276963398958571
3.2477343319697294
0.07849051034369334 0.4254262276445846
5.817887763154823
0.9827926371311988 -0.9037039887299033
2.1304397797852603
-0.32005287932961424 -0.9506819650158177
0.8304529909191016
0.6499362048945672 0.5311397568787584
4.092184615686515
0.5931380483937151 -0.4255607024234542
1.462115692349471
0.5742705278840632 -0.4464562931813373
0.6436418121029739
0.16838186021042065 -0.936026270534008
4.840663812042692
0.19013252289354687 -0.48994951985618534
4.095376874944664
0.02693682083824091 0.9330579942227908
0.7505881883402816
---
49000
82
-0.636250250335392 -0.7394267834125794
3.7779164917382673
-0.020086903153519797 -0.2923750431658296
1.9073372806673723
-0.6489557588307479 0.052937071461347164
3.5458008378448835
0.35241503723516454 -0.04767251427692823
2.4547661198291815
-0.541053828154389 0.7389316001862721
2.9360801048120635
0.6472034030170661 0.791753170871709
4.009510588242254
-0.7500416523539112 0.21607657609447778
6.074407450695522
-0.8356618123211723 0.06149146426711505
0.40703518396430716
-0.7574709464891938 0.4146147827356609
1.1678535215912305
-0.7335514239221852 0.5011227707163215
2.2196743174599316
0.14711183701756197 -0.8563295242723968
5.32705548590225
---
50000
74
0.6290157534810209 0.23818597128207175
5.0605657152920935
0.9379603575673753 0.7039560300090435
4.550545603898347
-0.7091481118832981 -0.3964287184947878
1.7740416749559431
0.232609146602611 0.7036917484781157
5.029829390756997
0.7699928449765673 0.6491456404051936
4.87646521469825
0.5506617151023344 0.9565229907355326
4.14068142007959
-0.9084086672407852 -0.9178080495536931
3.4377968158293575
0.42007183523083186 -0.7177947314022471
1.6245495508138168
0.7018107118232555 0.6711986899105922
4.440894687032543
0.31798916025482743 -0.6908771128927784
5.814688265616763
0.32600545756090377 0.8395778892092318
5.810605029708252
---
51000
65
-0.9181630738650395 0.15835055780028887
2.2246352703089105
-0.40678272314800934 0.08142857206597791
2.8663172017891654
-0.6190701539277175 -0.007620904509341499
2.6882900145445126
-0.16359585710614283 -0.0427392803021695
0.9157589044231313
-0.9288007613484236 -0.40890570349925687
2.4921886155210933
-0.5609307172211765 -0.4560967105183965
3.925459225436599
-0.9682335796290589 0.5642444833590167
6.05005430226548
-0.015794868337359234 -0.3457644871978014
5.406406722920237
0.7815959852189898 -0.6845993406419563
2.2140516418729677
-0.5003018447197933 -0.04922293067187489
4.480653635496821
-0.8722598238629513 0.7689190839106276
5.25112707131034
---
52000
79
-0.22236769291531586 0.5774219541512079
3.190702566980258
0.4790205836069516 -0.9111732654747031
6.119183112038229
0.5496815683078784 -0.1461884591381778
0.7985097048571355
0.0713404330297277 -0.5272227387249395
2.1838242426367858
-0.9929326129583274 0.6625587213689814
4.111658747931797
-0.6102823232930481 -0.3521737081883268
4.364682700662662
-0.01809858953508956 -0.056405266520419155
1.2302776096385015
0.3164670997073488 -0.8085172360003978
3.0284437783453955
0.7780730056538693 -0.2132891820862707
5.938374110627828
0.7852032315791839 -0.6208213110310108
4.323615321296543
0.6640621212903641 -0.4380266229042712
2.3620561829945945
---
53000
71
-0.7468289872778234 0.6228173573835742
0.8349890378088972
0.720887415597365 -0.42759012867860996
1.2263049184087773
-0.7743696594198639 0.8025406632453482
0.010820117416337366
-0.4445318320319269 -0.4581687036392986
4.515975173874117
0.3412767383523933 -0.16342352018059103
2.3457706044180133
0.5827752748253696 0.8723369654585789
1.1912840319385594
-0.8636372156893801 -0.5176946739431221
3.4053392340197863
-0.3449563472085346 0.3263899750027037
3.9944830680989662
-0.5115110015854527 -0.9635885961508887
2.0325556214161757
-0.8257343030889622 -0.46847206518944823
2.5134333308618606
-0.14918712042767174 0.8093104445100431
5.154676222136421
---
54000
77
0.33366191621525176 -0.051666790707839035
4.207973411592285
-0.9394572218452446 0.4527010063794491
4.061974880511659
-0.7913342217619206 0.13065982587333708
3.0135092899381215
-0.6433581658652939 -0.9646329913857614
2.1608806121228676
0.5826817170158335 -0.3232716052553688
4.940495968108454
0.7186744071663804 -0.9495314839805269
5.356635833070796
-0.9131836742288242 0.35593356870239035
2.874104579714201
-0.8449372743376026 0.6316561636662207
5.544171449704118
-0.727636414015298 0.3832483679448808
4.511462668994286
0.928370530721417 0.32060746166348325
3.253665792813325
-0.05153434080362336 0.3736171078560397
1.2842009732991286
---
55000
67
0.9328864095535425 -0.7081086745105879
5.002272965441152
-0.08812329086693449 0.4519174229559215
0.08150296474954999
0.7128627677256598 0.5473385481406052
5.617700130640384
0.645346929678841 -0.6473136932057252
1.9124302544059777
0.5976518372032213 0.1417998647711393
2.7576033114529563
-0.6413261724050545 0.3290062921445141
2.8243287731958597
0.3823572124822502 0.5580575089321371
3.370896047464206
0.5914989940167389 0.9050461124875424
4.328888631643639
0.8636918257681042 0.7863163586679142
0.2253037500315509
0.23114214586992238 0.9272741218339147
2.676523310967685
0.4923841171639331 0.2747752586786619
5.0329708903758235
---
56000
85
-0.7910943445244576 -0.7473092442286138
2.525447515691529
-0.8469502969747618 -0.7525618698798886
5.703017386369757
0.42591522922366437 -0.9062565991363535
1.309472840389323
0.9416462040563081 -0.8586998128199815
2.997000361872063
0.07083602941629065 -0.4435285488898509
5.470871270955142
-0.4243470075081994 0.7918212947441655
4.6867224696844
-0.4364039468828258 0.126348851883484
3.823807543422129
-0.7842114338936483 -0.08826567579497628
0.5906334455641415
0.037237200789742214 -0.7969105210272349
3.6271044017747496
-0.26037262231268316 0.7642490844531444
4.506411118377722
-0.7454367621483571 -0.9690656279959151
0.45275532958443154
---
57000
67
0.5187632373687019 -0.5516858737520202
2.9553353173359516
0.5589035777390055 -0.8399875700572691
2.800944592258367
0.45353350527618985 -0.4881561117790072
2.827809389304427
0.681893564287657 0.41093395435346636
3.6880042012174856
0.021602188579744188 0.8978738654954158
1.334142343145027
0.7936552629454524 -0.6503174173301604
3.6727853585987296
-0.3959175623120721 0.2941442867589055
4.8460070205129915
0.5779254639124952 -0.9354651159755831
0.44124788713432306
0.9262919874937091 0.5835095152673819
2.228732779441295
-0.60162124727052 0.43013425924059767
2.872571974494927
0.29501300866739033 -0.7227801940150858
1.3298960195069238
---
58000
80
-0.3259147981617528 0.27822636848513554
0.8195527184692498
-0.0934378691585637 -0.14553486278786382
0.8362958130184941
0.264667648069274 -0.2773538094279835
4.624745963419022
-0.6719855334091605 -0.22513447443881537
2.4039275761235466
0.5192096371968635 -0.10043259438965947
5.677373900611058
-0.6872532872710009 -0.2868597472723955
0.2984832088296354
-0.03775089274885818 0.16188482347254368
0.7589308152528469
-0.27936516529907374 0.9221293289691495
2.559807347331474
0.7725999191065173 -0.680865197516439
5.249299394797766
0.10538155097856935 0.337676543135334
1.4271325375584984
-0.6843989661628928 -0.5186640733409689
5.608345325294559
---
59000
75
0.8841333332230946 0.3695395240761523
3.0361765023743836
0.8316490456930895 0.2048205486129259
0.050397537770204615
-0.5377957847717468 -0.2858724425695905
2.7519105992183954
0.7270644492167277 0.05047065988207733
4.485403522341193
0.6148460437390877 0.31763491024706586
2.7282063375382153
-0.3556285248177724 0.1834643649603029
0.9200609552851065
0.8512630599541224 -0.05951463033524243
3.1150071022169747
-0.6564624465908608 -0.361572949564841
0.935237358427246
-0.4358408696306435 0.6343049699264887
2.1208558318239596
0.5774408776304337 -0.2394840896054573
5.283231735999235
-0.588280660603586 -0.8305836073300167
5.4206871707428474
---
60000
81
0.8641829112558548 0.03267546686990734
1.1782091021375922
0.7666734133634473 0.018137124034310177
0.13582790962838232
0.6696030211907555 0.652022507560506
6.084581000615496
0.8698368160944954 0.6648344797574299
1.9464199246352898
-0.2680434120474476 -0.062344060534476844
2.4423785767608637
0.0023084037045176817 -0.33382846107476716
1.3811319698724152
0.7793148109553965 0.2515813021244855
0.296529902979735
0.11281710044535334 0.04797643378845404
2.1862870456874752
0.21769744756701145 -0.7332687135120439
1.2042794611750347
-0.900367319984392 -0.010044837069309786
0.38929123878090466
0.9876026387683412 0.27723065846989564
1.3219666151568958
---
61000
75
-0.35985133534256414 0.8754909451671228
0.39806542438363185
-0.5221633484960528 0.7888628161444142
2.643071004739901
-0.5796087090277727 0.09860217116567918
4.5121055111238695
0.14435379950494842 0.5531320287957635
3.078733062701515
-0.8822022271981265 -0.16854864077397283
0.580397017919025
0.499004405095499 0.6140272229953635
3.6425302408329987
0.12751612384994138 0.2943349285748805
2.091670155456674
0.808086787077713 0.04213821521034159
2.683424795008709
0.07749834683886757 0.8938289649262907
4.552276187590006
0.021373438198614206 -0.6840631480132935
2.366340486787923
-0.9564229114012531 0.7598801262981691
5.574104062818714
---
62000
78
-0.5184815684661069 -0.7652125838784719
3.970858945081446
-0.6542083153768817 -0.6618503998851177
1.014020477240508
-0.6563744225239534 -0.790601608778653
1.6318603307109658
-0.15108916101127728 0.8985437137569812
4.791556071841382
0.40965677534707895 -0.8996194340589452
0.05763126264425811
0.6132929612887199 0.11702580356886698
2.7096768529706523
0.5972323821059277 -0.7259643357829658
5.8860550390884985
0.5157651127527946 -0.005515310219338234
4.058366638400027
-0.6356554194752704 0.37912826693062684
5.154885361152058
0.38886044067505576 -0.3503436273809035
1.9241393503226014
0.6618397628172026 0.1951176145753697
1.0113396813858522
---
63000
74
0.4393621228492276 0.9648284155740848
3.068570238612396
0.10708097408450992 0.8283373925888011
2.9424664531245117
0.8923637714151076 0.07989810860984578
0.7674660095603976
-0.26986124383986126 0.05604259112973457
4.274836473247268
-0.8375481159933336 0.5835052735133005
6.144358011888837
0.4274441976015978 0.38205811410330104
5.510314433651884
0.10649474734804253 -0.9289886298850658
5.69810726867787
-0.5808936592895463 -0.876158003419567
1.6441445542576263
-0.43686909709650856 -0.5458510682211494
3.20948373472078
-0.2780132110039992 -0.8410297146389621
4.976079261276466
-0.14794133071358773 0.807506999741697
0.005440740183024317
---
64000
86
0.5021668505716504 0.4427879933154262
1.6502508606259871
0.7071291674183774 0.6773468832933093
5.226395670080821
0.6549209236500706 0.36784635127397486
0.002670991005404133
-0.2822626884184006 0.6757174384225864
1.236828372784645
-0.022245694090445883 0.9847157237325124
4.376368336251844
0.026398801203085374 0.11366000225869966
0.9095167226406566
-0.003362321793865926 -0.148901087106299
6.116791426872744
-0.6921176893392151 0.26931943730068475
3.7438362823185525
-0.4541723853828518 -0.6734184158646749
0.8468690108516634
0.22576578291994465 0.5291296774416352
5.314618840542387
-0.8883824921118469 0.21046756748195333
4.573124651268708
---
65000
88
0.3179934003111794 -0.42894560869236203
5.352004166578788
0.44572167542192975 -0.514374314919042
5.180147932194739
-0.5513779703406427 -0.3158059809261167
4.169384304621728
0.7074277633576388 0.013168628633090571
0.9801512496167746
0.8493359599112512 -0.06573858089074328
4.059737019711972
-0.6878204750162866 0.003956998968399456
6.197046199325161
-0.813555462356083 0.596764132469991
5.5817441172902615
-0.9859441818677057 -0.6776267354987757
6.208223485394613
-0.13229067896113078 -0.12474192466906243
3.175648252014245
-0.014338506062950188 -0.45850020893671484
4.072150223443179
0.8808895859687419 0.14330803768002992
5.813599419482533
---
66000
83
-0.9440118437594632 0.18859377320607232
2.2766555376322777
0.7659763732879286 -0.2844220485731967
0.21953815172510094
0.7615405645074211 -0.6415161323472974
3.349735378308587
-0.5520792868904167 -0.9185705397131249
3.080507992779695
0.39591574635247523 -0.29195401046642205
3.497416334648248
-0.972263751936799 -0.22489609821703171
0.7907889602867977
-0.1703832951298493 -0.9557342317656243
5.807351372629327
0.5508087715187586 -0.3963870922587708
3.211710083385653
0.5280117632112569 -0.08838322491054743
2.3774893919855167
0.162261787688666 0.8599565459862041
3.2530855623030996
0.6685575939365275 0.4109129923629138
2.2211748138930982
---
67000
63
-0.6542486159910137 0.9227087530513468
2.5794649890243173
0.8264298697222451 -0.42478174457294104
1.6911893044435553
-0.1850657556728788 0.33971899973964015
1.408829630933075
0.3576273348845388 0.6706034121430448
2.8796573413379773
0.9202319046479805 -0.9396814631201742
0.3943414170837176
0.26016100968040823 -0.7320100755511297
1.9463811273102056
-0.2671514627285561 0.1618412295676098
2.0614626485929604
-0.8750500376859632 -0.9398007644792921
3.5915045794281184
0.8727831885349604 -0.3084669001280129
3.344850987749103
-0.8187120865988198 0.6410272293214015
1.6452111762837776
-0.13091512158941257 -0.8598867284788656
4.6619523664817155
---
68000
75
-0.9806368291812579 0.033688699272877626
1.5998068614266574
0.8461602033162714 0.03603067097109626
5.815270926665304
-0.12891749766534544 0.9207133249867836
4.205367821110159
0.0884508979332695 -0.9385257222323011
5.52833437352971
0.46078897826391635 -0.8316574241934684
0.7797747126678098
0.068363468563194 -0.9475744016776069
4.085766588681149
0.11417067670470041 -0.696315921652612
4.639654001866096
0.8091231010481202 -0.41715718211893055
0.1446168588421619
-0.2520906321464341 -0.7675426825345864
3.4556070846070215
0.8798492590720725 -0.436807868201836
0.7992514686260277
0.2782529109218742 0.9143096854201866
5.235886926563484
---
69000
71
-0.6344971315571567 0.10417823656113663
1.6813205884411937
-0.7215267023166932 0.6741140264922725
4.257731146149206
0.047026609384385215 0.14969794037044581
5.973010462702625
0.32868758901079764 0.9446625752389815
3.677504822493833
-0.7181514770458203 0.8637047277817372
3.1558005883665174
-0.6029352797548515 0.7123760508790417
3.7859183331191284
-0.8122390351871748 0.825327859907653
5.399601230634121
0.14671469087840372 0.5112240228530105
3.496011423658156
-0.6017023876182143 0.763574874763156
5.056554824951507
0.1642079889057553 0.32632139324402365
2.6201820140586936
0.1544522110493757 0.47693562992070104
3.3877877219506276
---
70000
68
0.09392985845228666 0.537354657267184
5.0888922870946365
-0.9505467659935694 0.5803586517430382
3.0810014567611237
-0.7435856292067297 -0.7319972472369913
2.935237109215894
0.6545351659234153 0.26840311399756767
2.5464901172955496
-0.5691333686269214 -0.1293613099014836
4.17162435253465
-0.5705357194671471 -0.4533843834876975
2.0299469051519465
0.9505968131699267 0.6427307082293225
6.0942271584253955
0.5473376591800672 0.7492434099799903
0.481124328089094
0.6791259253043842 0.8403438811204598
0.4024033083823877
-0.5850997521877338 -0.940282247673637
2.3979698891396026
-0.49669035565838 0.10803215956076487
5.5343980603303375
---
71000
81
0.20144410110913125 0.22112912224374948
0.6972472449648671
0.3487863730010235 -0.06573686061154574
4.257597207565699
-0.9768061129539938 0.5164472901631868
0.7515651734026934
0.7598727313840005 0.7273764429250517
1.2084944593863858
0.4990512574386538 -0.176271444805283
4.040748349866372
0.07689046317629533 -0.6914035477226363
3.1487440721500723
-0.45207200749694865 -0.0023879892533613736
0.5815104965213651
-0.6293894130274749 0.7499268046029182
4.5956563304166265
-0.483964264943695 0.6822432114184519
0.2408155789078954
0.15677136377479428 -0.7029324304013579
1.1080815936437345
0.5406889928394985 0.5981641243598208
2.2228632754185718
---
72000
83
-0.134175304974942 -0.6993849732431235
5.889636963212944
-0.14998344512563966 -0.6932877294016512
2.735555465304138
0.7208224878610352 -0.6475290976469051
5.026435273703934
0.4450281234221357 -0.5219049164487195
4.255766478388965
0.32903057421321324 -0.5952616403104827
3.271491152929122
-0.8137154562922179 0.9704566250434494
2.92187406799704
-0.7354543671672538 0.9724393161768518
4.050778631424382
0.7057895544038864 0.7389497783101605
3.9195101800073138
-0.31140240173635403 -0.5040466073308273
2.43378002997418
0.23379835798373422 0.045704571538103145
3.2319128810069673
-0.06336531647828265 0.2599258120299024
1.7246858546775954
---
73000
71
0.7878242648237794 -0.22343243182880185
0.7745182192618789
0.9303821241396399 -0.8731132891373676
3.8254630192174437
0.7115458896997111 0.9255339787002528
3.0010328162609685
-0.8966934070003757 0.7760693809545455
0.39891974198728164
0.0749725146107707 0.4921606627681357
1.3199741809343468
-0.8385446429496192 0.8413285143650823
1.4016764685248058
-0.33282578077249525 -0.39289898733217177
0.5594062783300142
-0.62654698285993 -0.697692745167993
5.507404741109108
0.4940854904515296 -0.10466905890100703
6.071718316717806
0.5204065467652789 -0.1777748449677786
0.8561450689223733
-0.3887377588684684 -0.36869429826922967
0.23622278771709215
---
74000
66
0.6735755672586051 -0.7819553740767248
2.5779638176900748
0.8533949852359805 -0.5684781171474478
2.443137123768614
-0.2424250652437419 -0.6865490362334816
6.187401485423433
-0.7883034167077904 -0.6264806793784611
4.181912627507105
-0.5683055605764638 -0.9376560196034953
3.399648084893867
-0.28136399233080894 -0.9606891301427742
5.917980429372227
0.6139562338592005 0.42082450364545454
1.5031037902926936
0.9049826640416333 -0.2134674122046466
2.8580221388459073
-0.3997830224931621 -0.8514726188537058
3.8366753056763505
-0.194684589820824 0.4489963556426046
4.181234659785828
-0.48521316829512223 -0.4906680638304106
0.8704426744753704
---
75000
85
-0.7497675750563246 -0.10884289552841692
1.5742501874154236
-0.5945383625745224 -0.3854389013994527
2.2913218198954377
-0.8494593171363338 -0.20023564676505265
2.018913058608793
-0.5755901791759408 -0.948642244434785
1.6294091737803003
-0.600899907978627 0.29950617308412025
5.285075973841347
-0.4046230450543742 0.6865440819817799
1.4659802606630272
0.40898991190009315 0.17545309561678774
0.20815244494045704
0.8859605429448193 0.4945430498810502
3.8923309306176312
-0.5913311866826624 0.20727401725775527
6.128914899658822
-0.6852021007977653 -0.7399923200330848
3.6357888032923267
-0.5706083218034746 -0.26088683460260986
2.8809928764121118
---
76000
70
0.8451803460922858 0.22488430712492952
0.13852298591739842
-0.9728736963290634 0.5577648241638741
-1.0871602516909
-0.40798200618064895 -0.5561046667687625
2.7362643315602506
-0.8101437330373027 -0.6499751057797245
4.714147907893078
0.49891901277409295 -0.3040440971152457
1.698677801837234
0.626322218583737 -0.4451744728423801
6.02359902688396
0.9296652177295839 -0.47059400765085313
5.823062671971746
-0.881108295662343 0.912980753029562
4.100579891510177
0.43319779935296027 -0.23291578099072976
4.57051754341098
-0.3668717303487977 -0.5833286017412035
1.5146475434733482
-0.2207436808780044 -0.30762852851833633
3.6333229755070198
---
77000
78
-0.11712143190369811 -0.14482423728847837
0.7786484746647508
0.1864372417020253 -0.6588105612833286
4.1736137330539265
0.7942221861701202 0.8732949966018468
4.290535911347037
0.5077929267375229 0.6120608852408943
1.8243633060258748
-0.02571699526890788 -0.1616667173773142
5.995587436079134
0.15189665133300723 0.22458992002882727
2.9131323420029833
-0.593285198563742 -0.05494703438757424
0.896291396324643
-0.4155883935683895 0.3445510754944212
3.5810269222800706
-0.950974945348343 -0.10811685286528042
3.5440730939965075
-0.8610148594710865 -0.49456119645320196
1.9251794941616103
-0.951800803278059 0.6904892426514109
5.671562594997564
---
78000
95
0.09847537977245768 -0.865565077866046
3.4126284659482624
0.09691995763398056 -0.8961496204631487
3.8801894879906422
-0.9696314334985145 0.8201740751741446
4.136333236358754
0.8300672887683515 0.575481172966651
0.6156801515452743
0.7730568781585028 0.7255293225535024
0.4753349617457987
-0.47345561242920897 0.2077963988236889
0.8505281886112774
0.013042540985629437 0.7883544259264783
0.18009056235568277
-0.37256072026352244 -0.8492077739030421
4.406801109986703
-0.2613342888827863 -0.14098394830959718
1.6006734475624071
0.03695563373506688 0.8378857433233544
0.18778604297306245
0.7693974736122244 0.5926117919339433
2.4650806307586146
---
79000
92
0.7809160123821882 -0.7537108705898573
0.21181721599379255
-0.26878311857073084 -0.352043534928253
0.5804871468765198
0.511761791009009 -0.12184276111054371
3.8187988294988946
-0.9183000094622695 -0.14362179932503066
1.3782822067149993
0.5947501510019125 -0.4338137475995242
5.871558465314599
-0.1447509360703868 0.9561268430438538
0.6123346779680157
0.5159196088068686 0.03497106665603963
5.007973897167656
-0.13541771140568554 0.9484912017841649
3.9932277939309344
-0.8399265784146895 0.7126843621606046
1.1248666262315838
0.1630700756906204 -0.7459047611801086
1.1336236325211022
-0.40988829790452797 0.7068857374081575
5.035782929913533
---
80000
78
-0.2963697643118096 -0.9217319292624715
3.7440327696334292
0.44831376571385717 -0.5466964117587084
4.057547610854372
0.1872331719164954 -0.5754984456028229
5.966320193071056
0.6022557526355455 0.12932073739857122
0.1814048139424278
0.42908517489108733 -0.9992923882518818
4.368770768450343
-0.267789216256961 0.22978813245679625
5.002454718877713
0.5465884895229073 0.5329292963802563
0.5186898692376323
0.9603221402833897 0.3201954941394414
3.114921430434359
-0.46509857954212463 0.7499168354780303
3.1453024201705686
0.2538842623650728 -0.16775854537067675
3.6407722363978223
0.3547043638446372 0.021390510528069485
5.607297728816145
---
81000
73
0.9989166067458053 0.447380471617639
1.40109194496636
-0.8400468487393551 -0.7843874732488916
1.9710121651378136
0.30624349777732923 0.1885910247158363
3.6269820225498437
-0.9185096569039884 0.9079653471673712
3.80415206132537
-0.21014619581541236 0.3235203474223184
1.578917138507241
0.8527105206214312 -0.9273422126409069
0.7644339530970123
0.20251426242379922 0.8667304519725385
3.3153780511358715
-0.9706397812026738 -0.6370296184703796
1.7139749631610242
-0.6592718338086025 -0.7237876833269133
4.147953142292458
-0.46853086671596833 0.8060074440072788
3.199928269697905
0.9071801750610634 0.7171295601197988
1.1802543775818553
---
82000
82
0.3329418128073649 -0.9078993750716385
1.979026724615201
0.186316848551714 0.4395936717601695
1.5604652030285662
0.7504766616736537 -0.6251114210389053
3.2615625559006975
0.6567198849165828 -0.8727096066640745
1.5042357451860981
0.47853808462013175 0.47858920408896494
3.906353833701454
0.41225849253583763 -0.9291744046034893
0.8936130975848355
0.9316432646122869 0.7504197745429444
1.021139566841248
0.8105389929030585 0.23919862295479605
4.60846210393453
0.3192190765884243 0.47453375119686697
4.870772990596132
-0.5693400875770463 -0.6765981895270294
3.972372497002631
-0.3922003215479531 -0.844960179599706
4.063052018516672
---
83000
75
-0.9693419530715676 -0.9980239676665295
5.06592403661671
0.886365564857005 0.995471121835394
4.416850978759344
0.3811499971174447 -0.7322489471757525
3.6633409843104543
0.11723625283041333 0.28447918732041944
2.2534581353879464
-0.31453652309336533 -0.93775821868954
2.5865735186834664
0.1901658603232617 0.37740818820668515
1.3673340680006696
-0.004921920824972975 0.15152227617844724
6.148493553186501
0.5232314916767962 -0.8162797315554406
3.1607927021485365
-0.4961258329271618 -0.9614445978591042
5.522924588781782
-0.0905381563863178 0.47497246159266027
6.097503521658186
-0.6097545210322307 0.8575415468864279
3.1777960020301994
---
84000
77
-0.7765872741100283 -0.9251822880676392
4.765089950286349
0.9398532512550529 -0.15962901246852695
3.5500251571911585
-0.08129560967956537 -0.20357737623056799
0.32015465767090845
-0.410542471626462 -0.5596326336058055
5.958841092339064
-0.06878717981796 -0.9608266186702958
3.9340421236114347
0.37560200050259296 -0.7125521983636729
5.5723256278336075
0.5713740083630201 -0.419904500047559
5.96079481934742
0.05081820666336191 -0.5238294082064724
5.338509369078491
-0.2418204868873542 -0.7587626513780933
4.586424647194084
0.7532487622600388 0.9539205856930688
3.535433378546842
-0.42715257205937585 -0.8356464713887408
3.2223472750281763
---
85000
74
0.7549721769633287 0.6526934487451017
4.872022131094493
-0.5860361883657096 0.43583859309693135
1.2845051792003046
-0.8726403180304465 0.4595969332124348
5.602153990079505
0.8847119366491988 0.5629483646126362
4.240396885072356
0.6465012837999031 0.9074881677928857
4.702037102852047
-0.08764404425827171 -0.7356230937386724
0.6345881964198785
0.6690930624099163 0.3815011209718042
3.778883547057161
-0.6666301960119234 0.8747774521863613
3.411363399938529
-0.5595905514207536 -0.04007105741974375
5.99946325754093
0.5086512438830562 0.34075839775789407
5.807402390130835
-0.8730672843289619 0.4453854920473109
0.04863173147977573
---
86000
83
0.48263100514743074 0.8297150517473476
0.8169720254383108
0.5444757866709179 0.892537921366499
5.4758553763112525
0.14163709504655503 -0.5049039485191419
0.7821058796425131
-0.5978626484057616 -0.6998747530525297
3.548539727968296
0.5295671348836868 0.14117558447422277
0.8375857433724191
-0.6492908586626377 0.7329869553056088
4.49585779104992
-0.6750686505412926 0.9642733671666835
1.9460066886163592
0.7648944816290162 0.17374299151946992
2.0100803142649273
0.927327525773534 -0.2864253470834431
2.8689524992819537
0.597278449311796 -0.9311712557205778
4.5041452480246065
-0.36959616386262517 -0.38055854502218384
0.1402876260551995
---
87000
85
-0.9277147288951999 -0.8650594237262093
3.4614063339896406
-0.9169759704123925 -0.9107836469014623
0.9730326070191273
-0.179134603399184 0.46871487747370977
4.04058346134135
-0.639266691682677 0.5895406851366243
2.5213851741508915
-0.8030682705669981 0.33311996118667275
4.776273854423932
-0.1600291905094523 0.5983768601780695
6.112470903945519
0.4653984494380183 -0.2570701630514669
6.093275295572035
0.33431698478842087 0.2660931527759764
4.181279400634163
0.1570812340212841 -0.5207887225645673
6.0887327079248
-0.1380282252730728 0.3647021107777361
4.877312784339396
-0.28871639218131606 -0.820524504242096
3.5611340221939214
---
88000
81
-0.6175231390550202 0.4195830644267817
4.086458155375042
-0.7041770740406009 0.34603874641709864
2.777438884247754
-0.41562071201574885 -0.8504381021027082
1.3501392977537705
-0.46771298069176903 0.7251365639954135
1.698363705794904
-0.3167648435537159 0.773427734461485
2.038490622269829
-0.8558708077673797 -0.22867475469230264
0.6112805513878223
0.8277712201779804 0.08688090509668452
0.5110220758901347
-0.7337682004300364 -0.850030876052136
0.9169790157950741
0.333583526093614 -0.43675082287237327
5.315355448943478
-0.6471129513684443 -0.5396063720366052
5.7222561568202295
0.4809531129887322 0.026792332840185763
5.495928646554749
---
89000
78
0.5043876194920935 0.29969747468530683
1.9799355550025628
0.5155092926023344 0.48161378841605484
4.80718212604745
0.7589008176622127 -0.7084577651068579
0.656018106875818
0.9088438380164643 0.843613828034509
6.101385715542264
0.4728068288604208 0.47353721898778617
6.221024887086927
-0.6356324448757928 -0.08818263726957293
2.5090115314021344
0.4448342137057092 0.6991527700720379
5.944693412176571
0.703174471258964 0.4996266423397495
6.268510278623173
0.2977371369305399 0.5523607724497492
1.6008500152198182
-0.5327664117366553 -0.17458782832097844
5.8093567548255205
-0.6748199125304251 -0.09239412013469134
5.711017340333442
---
90000
73
-0.11834857199139891 0.3447067732925212
4.419845272486877
-0.021852515451724366 0.3369541523556993
0.8012887571093197
-0.3597051183849267 0.761100440834235
5.308415869732639
0.23500696269592763 0.6376623292630246
3.547952174693509
-0.28147485332973776 -0.07562852049959333
0.18091943113256903
0.9588291019415538 -0.4416610629835477
6.272596056698152
0.5500189735500254 0.8667699634489582
2.355933575480017
-0.6189666535290262 0.8710736516789048
4.450841509927183
0.8636110540441929 -0.742293953929872
0.0983262346781748
-0.49163925088769644 -0.4117533561200745
0.45599731909223773
-0.6299937863016455 0.916201168035038
3.778913198895726
---
91000
81
0.9335006060120427 0.5813562926721296
1.3658400189447433
-0.36011311611888897 -0.4792129663390756
4.677962130738532
-0.3060606037314493 0.3417574183810883
0.7308839389142952
-0.16326537811402136 -0.43993644214839067
4.184854535193538
0.4101160391394369 -0.5770383143971402
0.31451313979418405
0.6969575059811309 0.7383346639258535
1.338037986760087
-0.37970020203315136 -0.42768632635411263
2.6199308733136517
0.09259594979944417 -0.19108510506975873
1.383715230112367
0.3755264527858653 -0.1738388594648581
2.3931091958630812
0.4881778266876796 0.24780768963173277
1.9110723137223058
-0.26215794384439906 -0.033756215997609626
5.300575993610129
---
92000
87
0.2449712575992612 -0.6712590653415376
5.845788208153197
0.5479336627270498 0.7064723546641549
0.5605680148956074
-0.7163847260139888 0.8402076704469285
0.7515646254856474
0.6818492807892391 0.9191771456490562
1.5178598073708098
-0.15855976807090358 -0.3215080071867315
2.7113709209214294
0.3899715939560089 0.07299306182236509
5.439897925045222
-0.870667873556519 -0.9163483251305548
5.850516473754202
0.07955116749407677 0.5471147875740279
0.10794751423895477
0.6953708361679214 -0.5453785979556574
6.062135933279871
-0.4873227207234561 0.7672044771556633
3.864062943237296
0.45636939599163523 -0.4403822499272098
4.250745272570093
---
93000
81
0.5146339617403564 -0.7985779373358104
0.5700899191967743
0.34849695686960475 -0.9244977250702622
1.1626129262830762
0.9815803336815558 -0.10749403649961073
3.6814792850871996
0.8447643748991328 -0.7634697291597033
0.15093241142865033
0.3624805019313204 0.6173462788914037
4.229634732582839
0.9663634563685777 0.781059090924949
0.12240495312631072
-0.558638912901588 -0.7347385789823483
4.440183441593778
-0.22727627458679647 0.432440350495297
4.443468238261694
-0.253295107125758 0.9469002417085463
3.617213507970747
-0.701878135814811 -0.8050378953371681
4.205822826467623
0.8991494278898599 -0.6901571897619861
4.032913346813977
---
94000
71
0.9526902142797682 -0.9967141100335699
3.006133124618405
0.054376732602358514 -0.845812435128741
4.460085000773739
-0.5702506659210711 -0.37031301898409524
0.9164897328173369
-0.2677358413420968 -0.1379182298820712
5.952984818531766
-0.5851723820171779 -0.5029694311290274
4.624497122637438
-0.1571499731808722 0.46335532667220647
3.4503456160052792
-0.16785753105632875 -0.828920870910876
5.176031305239955
-0.8561982132099957 0.17417073210172895
2.520683850107777
0.42306524064450607 0.0017099560559422763
6.102716511652975
-0.38050606988747077 -0.5373300036143175
1.6723564898652716
-0.7036609633847484 -0.25739258647932806
1.0459247528438613
---
95000
84
0.5909708812529308 0.7576018376739913
1.240702604454588
0.612107384300155 0.7470422478426857
2.4588606914818945
0.255236204747571 -0.2075708302236227
2.5069444081056123
-0.9910458584314024 -0.5562103612422468
4.12960276815447
-0.26124014072274465 0.3766818494907632
2.8396726193374917
-0.3611786470381684 -0.2823035648621436
1.022628255602286
-0.8784349798708594 -0.9232486638133477
3.824753658619053
-0.666164660550583 -0.13926246977581708
1.3409461029476688
-0.5520375453499174 -0.8910855362419349
5.946341389114637
0.28158973595850756 -0.6777166981482633
2.2823159044387467
-0.2941787689338793 -0.7696223507672171
0.5051472190862967
---
96000
83
0.08506012541061084 -0.6878821247958691
4.207476956292922
0.022683807106371454 -0.6708601130243009
6.0339893318574
-0.978955022926304 -0.8631308606588342
2.009515753355232
-0.7160424213971464 0.30046036457623565
3.1046666598465578
-0.6462400371064447 0.6580744796137381
3.163313524521845
0.6254958732255922 -0.39877768218471693
3.3600902209033325
0.07930916034426373 -0.7389417209304394
0.0480356491324585
0.9283335334682857 -0.4271251195547492
3.6676554080435624
0.33833311021965456 -0.13471574662761612
2.4251165016852454
-0.2206454390567892 0.5103250107245769
4.140180129845139
0.6258816591109235 -0.3881188071337769
2.055890655457225
---
97000
79
0.6204523208051403 0.9794835925585821
4.357105255617331
0.605622536636678 0.48749835364946437
3.737323785674624
-0.5039568616238324 0.11863835725800316
1.0837615342716598
0.505677262215871 0.013923768018328772
1.0466319383831166
-0.5838693955563493 0.22326903992479735
4.628453288890298
-0.879564540450181 0.6794772302625535
3.363047610322761
-0.2734205873458803 0.18691987013707312
0.15198213240430025
-0.05184158600440393 -0.8952837406676466
1.0404580608538145
0.22222543754470925 0.5212021705783636
0.5262187587707521
-0.3196265761854026 -0.3968275935168438
0.12624513623860256
-0.4482479011680291 0.35855793552866133
5.674323791934554
---
98000
79
0.021130926217310247 -0.7785382186660704
3.1346710442692736
0.009769565596289508 -0.7038972335263461
4.1167132891883425
-0.12879110243923025 0.4370770129882531
1.3424478669020976
0.12760824744593355 0.6360864341354492
3.6417500548885577
0.8936157087407497 -0.07076799210476588
5.2325029199443795
-0.32975514963305863 0.5311108693768677
2.3371762289578886
-0.1542351661700283 -0.7070506120651385
4.082792192826744
0.18887195192741188 -0.9287045732939829
2.653858966548615
0.1274000282187345 0.9528732457445052
2.081857509271779
-0.3949015612749793 -0.6606946824893587
1.4031988778873457
-0.10599280519595 0.49294159180004715
3.2953072699431765
---
99000
73
-0.7788696573246354 0.516440521057405
3.0156054798748446
-0.6681386842026937 0.17961630119995298
1.96956016116678
0.7561861874864015 -0.037309026877835993
3.1614400192374754
-0.3148827094496388 -0.7966169205683503
3.754736909535173
-0.6827326880142195 -0.17187161355234504
1.3484486097128565
-0.5000899524695505 0.1514806445930141
2.3190565625358976
-0.26787615202302023 -0.3594532747233226
1.058410035382038
0.20818883029442517 -0.428197884916873
1.37556408734123
-0.8139058767940052 -0.02195708521338947
4.154448732990472
-0.19583552043296748 -0.4233513506660987
1.6944178016362512
-0.7294847007094303 -0.49006235889700833
0.9109644400335739
---
