100
{'run_name': '8_other_boids', 'nr_observed_agents': 5, 'nr_of_boids': 8, 'predator_present': True, 'grouped_spawn': False, 'predator_halting': False, 'record_keeping': True, 'record_frequency': 1000, 'boid_speed': 0.0333, 'boid_color': (0.8, 0.8, 0.8, 1), 'boid_turning_speed': 1.5707963267948966, 'predator_speed': 0.0333, 'predator_speed_slow': 0.0333, 'predator_speed_fast': 0.0533, 'predator_lunging': False, 'predator_lunge_speed': 0.013, 'predator_lunge_distance': 0.1, 'predator_turning_speed': 0.7853981633974483, 'predator_color': (0.8, 0.2, 0.2, 1), 'predator_confusion': True, 'predator_confusion_distance': 0.4, 'predator_confusion_threshold': 2, 'predator_chase_time': 20, 'predator_halt_time': 0, 'predator_eating_distance': 0.06666, 'height': 800, 'width': 800, 'graphics': True}
tick
boids eaten
predator position
predator rotation
agent positions (and)
agent rotations (interleaved)
----
0
87
-0.7690441002112137 -0.048271202814994064
1.2789904094896027
-0.7536957333067799 -0.06118078586816031
4.693808563372108
0.9400870927578762 0.31849281196589013
0.350601412669446
-0.7062252277980721 -0.93009061116186
2.7620783952362764
0.8059232001987341 -0.6509050655920355
4.046128517701801
-0.4789536235604851 0.9543938401727502
5.704189233084534
-0.24289296133415075 0.8520188425545284
5.868333615323424
-0.16215182592399408 -0.21479780588532266
3.286292575575411
0.40482558339147 -0.6940044061588238
4.270117666218784
0.4340911831260878 0.8340473202410553
0.7887566680979023
---
1000
87
0.4211231895395234 0.7398507538423306
5.647420091335461
0.3723968719640411 0.7506209908990117
3.3456016323308315
0.701337960923117 -0.07158180670803678
5.486467684481697
0.2422191261238673 0.007962579964524031
2.7537083873983663
0.4812284461050094 0.2560255529424683
0.6426990875500058
-0.8700825196736856 0.28934007569738746
4.5012222880532535
-0.11233794716723024 0.13630023772621275
3.019644639870898
0.453259633453318 0.6670420285616468
1.4248541338554457
-0.9774124923946732 -0.5500933588865128
5.932670708035725
0.046196445050487804 -0.8729664397512825
1.1224042670954004
---
2000
88
0.8411456258582105 -0.8928367344665619
2.225371522986829
0.834735905176867 -0.8867111464873441
3.194946462308568
-0.5312875930590041 -0.021847568396763523
2.3649616172764443
-0.6215523550874209 -0.5999212182200965
4.38911738657211
0.6185516737742593 -0.0064009438189601454
4.24823578913073
0.6275456168170519 -0.5322871762259156
3.126855319286583
0.16893970718337545 -0.24154389456911116
2.871521419834127
-0.48153296331586665 0.7307154534507886
5.793108850188075
-0.9935322385668247 0.8769950527845355
2.443862322464023
0.8959588981890717 0.8652381183671397
0.031865818731490414
---
3000
75
0.2944284902895406 -0.9769354038214549
5.981287590780181
0.29616732764567993 -0.9911844995909738
5.698062499070629
0.7844799171565624 -0.16300578965439078
6.047895964281345
-0.0995522688639453 0.11673019488016333
2.7952871019422867
0.27101982168566463 0.8575641659678652
3.6585625931075327
0.22649286231127913 0.19003392074002795
0.5060046369148061
0.8447596831976503 0.07813353850700011
1.564119432811653
0.8682700791431315 0.63991975065617
1.7022082470038136
-0.15383716766740108 0.43663877389226724
0.6317393892077403
-0.7907505883885637 -0.6530362370838606
0.1325464256952431
---
4000
82
-0.8461843804440601 -0.7712331549945753
0.07490363253736643
-0.8469715327577005 -0.7655729149816415
2.5785197693725372
0.2055903608663401 -0.32903619420578206
0.3289464361993826
-0.7538561697656931 -0.8177880197108232
1.2880508982201357
-0.06180952400202597 -0.9157161122291726
5.935221242356395
0.09347947571843486 -0.11775410756311558
3.3029926931625093
-0.3081113353173294 0.0825423780001894
1.0919829931940228
-0.6399772386050793 -0.23714024563623265
1.4151501699485616
0.6266177015880529 -0.5528331342600081
2.489997573944845
0.07433760617089333 0.3908986074937742
4.044418469452208
---
5000
79
0.030516919065152276 0.666296112330758
1.3758585749903944
-0.01720721033752058 0.6946042824585053
4.140939973394887
-0.9946745579878429 -0.19885477398170937
1.4644265683145825
-0.3054759077837999 0.5746797890437716
1.5391542708936718
-0.6705762094313553 0.537106918728683
3.9038879200002308
0.6220775027518588 -0.2473609384091734
2.736171890264216
0.18857235161490252 -0.5786182414161888
6.282729670895337
-0.061190558232148216 0.9570532075738836
4.668950681978363
-0.44193766138284657 0.6985850390759252
1.8232346947258184
-0.4868631488103372 -0.012698340628971808
3.167664551975732
---
6000
73
-0.27361235954499236 0.6472178393352167
6.063441725277414
-0.27468867091999427 0.6658092009040348
2.6435570403548887
-0.044495403851769755 -0.7378435465082226
1.70537383974656
0.806457228538602 -0.10567956283238741
0.9530567885286407
0.5663565567419143 -0.39768475177806106
2.9850177330076137
0.48323236795510105 -0.5854479676305235
6.210863895269099
0.7192103346502875 0.20024466675199923
5.445290528851986
0.33984768084554545 0.8133814127641211
0.5081080973274439
0.3634497791204097 0.1468034250460611
0.7183089837108261
0.37445652130729334 0.5501349646016384
3.5563310813602413
---
7000
79
0.3750368820513677 0.503182080124307
5.886671831184561
0.3922712432948891 0.5099310609964266
2.7691963252661846
-0.5721600406692594 -0.19061427097792805
1.2230918093932157
-0.35494601288462696 0.697283759833326
0.4516416737591289
0.18674267659179528 0.47434686861230085
1.2269843145735688
0.45264865726712655 -0.5042328398637893
3.752072832707287
0.41655823174223017 0.9826222895014087
5.380243680171468
-0.09959186309384294 0.4892894170076252
5.363674674494075
-0.6810874334819785 -0.11117705469380817
5.159279370696375
-0.8043311665871345 0.4422965601671637
4.849719197933867
---
8000
77
-0.5506898471628981 -0.389866388886247
2.8887900714488732
-0.5684519393677495 -0.3779494352443567
5.716006946357891
0.07409324649070895 -0.09058030687730301
2.2126344318023596
0.8263402709371204 0.6047078758565453
5.228666058263311
-0.07946976596627477 -0.5048402717887417
3.2203093652800883
0.048746627640644344 0.3151209666567639
5.779344012598956
0.20153453542210711 0.1270349395849381
4.723975208127795
0.4532212088332986 0.9942629996256533
4.404903057605599
-0.025741637546363706 -0.4177426287988283
1.356321672630278
0.07214091489347946 0.8414611796657407
0.7360546876810874
---
9000
79
-0.33685970810239607 -0.9451865193866604
1.154539108358899
-0.3100373906770424 -0.9525212501398428
2.972511585212917
-0.26082894197100354 0.6254351169216965
5.513643519225401
-0.7556951162881078 -0.2572689670666663
1.0667291128812852
0.5954687563530567 0.8226809921964329
2.6083423894916997
-0.5830605368770606 -0.6805405240507346
1.3290633988660616
-0.14888947507199207 0.801686609197731
2.775566149145275
0.4066022816558941 0.9696108281941803
5.65144346621583
-0.24288413049190863 0.5588912899986278
6.063626400035115
-0.837608115943025 -0.8377331793224353
5.357753438783442
---
10000
78
0.34751134502160386 -0.7497564685293304
4.169258238488169
0.3478011841482811 -0.7499252839018051
0.7759672615914699
-0.5335834730154192 -0.855525339353203
2.825723055409596
-0.8142836900055066 -0.3343930526496578
0.2960305216463981
-0.6976729187431028 -0.1530545805128136
2.3157568162952114
-0.7149324176528711 0.2336312403242042
4.783773294900763
-0.6087657504847883 -0.9727253932495206
0.32301378576741335
-0.7196882819326766 0.20468778437930618
5.238688700338729
-0.26490780300946565 0.8197429738297809
0.6296628198291536
-0.807338390660566 -0.9539313641475229
4.540445857210851
---
11000
81
0.4380825862912006 0.7124812643745765
4.101694356121616
0.46790443600129905 0.698079519425183
3.172114311460561
-0.10608853948136075 -0.22471034993869893
4.78126688580033
0.6708733473219152 0.6055956241560512
2.4004663158567627
-0.48819052643713146 0.7604260849638957
0.7680113405550557
0.2762769163942216 -0.1701652838648252
2.953178128175395
-0.9419692194148298 -0.34455100300314856
3.052938118971362
0.5976358612042351 0.5989296693486464
4.560966603980486
-0.8817562397036066 -0.7717562104774232
2.9365046466635123
0.2618715555424336 0.3756133703053587
0.7152608009164094
---
12000
84
0.5105609746264956 -0.05531536789695474
1.7922386442117746
0.4800917156919921 -0.04193887792109546
3.0239611824314174
0.032466316353141636 -0.2445511707260551
4.108777877414231
-0.9711073169057951 -0.30633662594329547
3.1380396754103277
0.280908107129733 -0.7375910060753258
5.0121984086307885
0.18530828025483087 -0.5943786541064864
0.08470170655211451
0.23669841100932978 0.4525583188680061
3.709083677102451
-0.3454797574617341 -0.26476374745660547
2.9616280233517314
0.16637216732954457 0.5521591219694242
2.1316194445105676
-0.051598343954107624 -0.8756682308594579
0.4314776652592327
---
13000
74
0.11517936143807475 -0.1506506824374998
2.817965748107175
0.12013614325579976 -0.18247198953339838
1.7455184589250567
-0.6847752148883771 0.5292804782916374
1.7019355290195415
-0.8208178249125595 0.5950512696526673
0.5403782192932525
0.9826581040851678 -0.6728272790588615
4.1120172743423815
-0.1863664266353639 0.1928451778398245
5.9927192619997545
0.8892014408004075 -0.29230491207461246
5.129427681516504
0.7621169999598301 0.6304501787864812
3.071105793619992
-0.8572591737622478 0.5782776766575924
3.6831104317506167
-0.6964610725905147 -0.7204211594458315
5.497573825739707
---
14000
75
0.4634544348458265 0.5815112783060794
1.8796744169566013
0.4429414230495614 0.558023015041351
5.595865544721063
0.3442319451944271 -0.7742829946666807
5.141698488146278
0.5667108218553988 -0.9137193962148027
0.5548626675798012
-0.781365897405921 -0.664059918626443
5.019115018258902
-0.7114157828266324 -0.7285472521441035
1.7721146456683599
0.7409797289016558 -0.5167685952070804
3.061580173720876
0.5961982867300102 -0.6102542037068122
6.061805243238844
0.6245288514044365 -0.13482475256213627
1.6478688916851238
-0.9488280610419205 -0.5260168462700742
2.8459097304820453
---
15000
89
0.6324707775356422 0.8109969758115867
5.958277623710288
0.6174456630453599 0.8216164219195898
3.495488537398437
0.12027450131673677 -0.6863014199255919
2.4624332397782354
0.9510673153478619 0.45166729436513997
1.2810868623959069
-0.37911814035366137 0.727666156761624
2.638537611583984
-0.6855135263107534 -0.33766223888789504
5.783865255927978
-0.41161081451843 -0.8818499081620182
0.9379242214587098
0.2103055361270572 -0.035277106686050524
0.43873167147561976
0.5845082030870137 -0.5668116643135493
2.394411634585718
0.4127581662963994 0.882306924607879
4.909733780291662
---
16000
83
-0.3983737004083752 -0.09420143912658333
0.9668662268432855
-0.394922591390024 -0.08216947901545313
6.255385836112822
-0.5894547326740469 0.3549111926169237
4.025858443986463
0.45017943043882014 -0.2826321146474766
2.832396250412506
0.7787790305338723 0.6309209705543947
5.882929165658475
0.8219128151142141 -0.0950148985081399
5.05506218735222
0.2522493118045359 0.9059196761711866
3.3266438928315942
-0.7243305796398037 -0.04116892856877197
1.207470105373
0.3182865341031623 -0.04890159979392982
4.633252188389232
0.5992464666321639 -0.07151879946474247
0.7382359063235171
---
17000
79
0.6678249554791268 0.7616709718535187
3.2590534309246473
0.6681528772038069 0.7615976023823208
0.6722671808192597
0.1838936262026397 -0.5407009770540869
5.735348226931734
0.09562233420662238 -0.16975100022805514
5.891240554503515
0.012361412144682303 0.6092364675960192
0.3819025965802174
0.55610531801237 0.762114179466861
6.24207012794322
-0.09758533152032467 -0.4372961829711539
1.0561659139939463
0.46857298958303945 0.20244624232298852
2.8239692331315114
-0.09817753551180161 -0.07526086838975381
4.578225491753934
-0.431057084627332 0.25214948064565135
6.104970977003527
---
18000
81
-0.8467465512385001 0.41879788153189235
3.2806882344331205
-0.898679444415086 0.45183312137501686
0.8998190517054478
-0.043114701917570046 -0.49159080136233013
1.8871696514695868
0.097847824850791 0.7299461633388908
2.530594268725115
0.7300801251734517 0.6377630232246627
3.330592907802849
-0.9427733928272498 -0.06036898690858514
4.86303599713574
0.6846846357247208 -0.10418198143286131
3.390635644749593
0.7036727735832318 -0.48725310698750823
5.610329505868294
-0.18355951418047375 0.5308387059725798
2.974617480444521
0.28620493112237877 -0.6135095309929173
1.6725840279510944
---
19000
88
0.2791408737071919 -0.4892732267465713
1.8772369357647098
0.2919590790899919 -0.47815480429298896
4.856973940852186
0.6510518299300373 0.5366691437558798
2.299856544473573
0.3359628932749339 0.9984266433028302
5.005340171865889
-0.5792561625751484 -0.09015604892919664
5.254250738767441
-0.4107258368918302 -0.3389277539923409
2.0942872491261006
-0.6852086079404606 -0.660109713743486
2.504519240321791
0.929139255912912 -0.35926032351625026
0.016838509674277802
-0.7086768461532004 -0.18000084739027475
3.9743431189347893
0.8864363095703706 0.200173518061193
1.2758769480211445
---
20000
75
0.9875681366733644 0.3454190602153423
1.9044050269898507
0.9838099293562359 0.37221461339443057
2.030177809391459
-0.38694814668718464 0.6897752703664399
3.668053856319456
0.4274488733726309 0.35830026874035686
3.246581080215152
0.585642482955204 -0.6898754612552604
3.1430800958898972
-0.11955068826478572 0.7365426530759828
6.160136783251813
0.49904817009101515 0.768011155309844
2.5056257231346795
0.10495378708622437 0.41371339954652514
4.384601550945648
0.9051754411645923 -0.20631103721849522
3.0433652968152938
-0.4017726990120337 -0.242298321635386
0.5099009482015271
---
21000
72
-0.6362756091181692 0.6805118521712227
5.774852290175995
-0.6180570161946554 0.6796305193033768
0.7037830864924324
-0.22741517525346944 -0.3068874905863767
3.2172111739082814
0.20598657765789594 0.08377158902971354
5.137189627665504
-0.31702506364566063 0.014092671426691782
0.9879443119372109
-0.1156315363785956 0.9964410995413876
3.090716719956664
-0.19794135125895854 -0.6177428386221194
3.7048843487401486
-0.1429226400800624 -0.4372494905782283
4.828268987053877
-0.13921688137862126 0.4873340526086439
2.1017730853711667
0.7953114057908164 -0.5892155284889187
0.19584722891876383
---
22000
85
-0.0764167591965632 0.7950668200338596
5.022529018279066
-0.07412258504172176 0.8283737979978452
2.779762528215758
0.9347181805042359 0.24346318383250729
3.640988641342159
-0.36203166833860423 -0.22264344664014526
3.9870229356622033
0.4886731061696141 0.8493284011705262
2.483915939887268
0.891130212458181 -0.592587892772755
4.326675520328876
0.010720468622139323 0.24309057439407789
6.151281658840007
-0.059569389973566284 -0.33503040841153375
0.31028297117689263
-0.28166703095130446 0.26735553685865365
5.022179367864079
0.009429515343980795 -0.17478931997460917
1.8464195915557262
---
23000
68
-0.7635783248533876 -0.3501027981668866
1.5091216072644267
-0.7664424914195228 -0.3346231018990623
0.9060001343319062
-0.39696436964040227 -0.5744773879968035
2.4565167766757012
-0.23255254825535548 0.08838923984444821
1.052115466298316
-0.6386380432614743 -0.1011294216662166
2.431160024147653
-0.07300431107104684 -0.9737252257060285
1.439361743953297
-0.3742036430023434 -0.01750294345285656
2.482855316494895
-0.12800889406257504 0.71750901976744
2.888108261130106
0.2166614320125581 0.9163793974702712
1.2752039984890562
-0.05887048185531439 -0.4653357566471853
4.350985069028997
---
24000
78
0.7858098466747055 -0.07432562991202554
4.647815279390276
0.8063136695193074 -0.056697753278154
0.9144824583671074
-0.1806887870808296 0.5936808132670328
3.0992741219701765
-0.449359359143158 -0.7413790956125462
2.361573024682886
0.0679288143553684 0.5170059057911724
0.7552511925645824
0.8509098540813786 0.2014579921025045
6.176653051875604
-0.3381353284998103 0.3315087348234702
0.7951339749872783
-0.7820079374458082 0.6455760468750529
3.932888556073479
-0.14151270173551436 -0.7404399208998338
0.8164470138592081
0.14623390998180788 -0.6249306613451737
3.346143296717427
---
25000
79
0.37967849987594415 -0.7120668532664948
4.858298354242701
0.3890060824775669 -0.6986289421246941
0.6480654036677311
0.4237060635200942 0.7573772717136483
3.5701664367861072
-0.7300014791270353 0.868753488619598
4.199583987968056
-0.356717556679753 0.8214117937654161
6.067964564341712
-0.046967257445184166 0.7615131102559689
4.933350292520048
-0.1558993171709961 -0.8082107665023004
1.7853373479616277
0.40954849912924657 0.18262459393279024
5.1472511255944235
0.19004065486537158 0.7983988943318789
0.17856971979947467
0.3773395332588546 -0.9695579529215081
5.93064203791406
---
26000
76
0.8884444733133684 -0.1866952618378543
1.0975762546456014
0.9089656481214876 -0.2005885630524697
1.1015631816799552
0.6815459235385547 0.3448992473302951
3.5052953940436913
-0.14983841890678282 0.6119527310090817
3.1242609229284533
-0.03217525996627128 -0.6861000355701082
5.093120527685734
0.531370317218808 0.6215336007408738
5.914574891782952
0.32020879022941484 -0.13975198862196156
6.24008156744541
-0.8249275465595224 -0.9192659090585164
3.3418779536173524
0.1159393737042797 0.9890344537992386
5.988986486856554
0.5394063530257941 0.07623853722669999
4.846006307824283
---
27000
76
0.15431520053839515 0.19729439141704577
2.663031290113597
0.15523695500456688 0.20210924602747374
6.281585585247419
0.8430999044478651 -0.2564471336543961
1.614784967718287
-0.2337582270905539 0.4576618845763962
1.804199535368996
0.8034535210225583 0.8424130445499135
3.022945123417758
0.7762277910892077 -0.5679450575960127
0.16482878119381272
-0.11273758982062049 0.04349171421913551
2.0567500637936575
-0.7860362742126488 0.8706105279912547
2.8059865139219076
0.8321057851506077 0.9237250783217963
1.8624037580304336
0.03161779148725603 0.45502711547543473
2.4064350222705695
---
28000
79
0.4078315281582917 0.2862247363113826
1.4797062024756023
0.401407740919138 0.2704321859391402
4.7637740786412355
0.5972243450474969 -0.8275730215316278
3.1593801992998403
0.7877246682936546 0.4530791503559577
3.4752710233399267
-0.943014421375947 0.07555884105581931
3.7339814457919127
0.6565414239772502 0.3079320794089311
5.189414352758179
-0.9183250963288397 -0.5389222811132
5.386946926865008
0.3701241565532158 0.6250350445400179
0.1891490689915365
0.1466877438649004 0.6135700673308045
2.5779713591887283
-0.14678474788740015 -0.6058705780786093
6.242418281519758
---
29000
79
-0.8718806211106839 0.8955077915609789
1.742953267705089
-0.8630662914406889 0.8839368198859929
5.80985426584709
0.06427705888559336 -0.710833177348395
3.54964592906152
0.9811809490176192 -0.29265687254250106
2.985831596029999
-0.3985045851598715 -0.931982292124472
0.9326395906010356
0.634099635458585 0.13527344385652532
2.601730873390385
0.42704669991004396 0.54797306802088
5.680844674744536
0.751084649037628 0.33002873928412335
2.1247259209951244
0.09672342107048314 -0.8671175633037375
2.8535040480132494
0.4152882562238753 0.2579073275106762
5.125452659383415
---
30000
77
-0.860643432254372 -0.3171869552309563
4.956562107433976
-0.8894598042229929 -0.31408476395046114
4.764516767726506
0.5973981668235792 0.2537352720978848
5.387200589587597
-0.5147122254387967 -0.4181841023226311
4.577481638771255
-0.7073512067151606 0.0784339186958538
4.034548144045838
0.10092317330407911 -0.2970988881143501
2.0099469108202825
-0.14426906721847696 0.9781302514833025
1.9677769501699407
0.8726938704754743 -0.015746748211102564
3.3855784605174977
0.41051638282695335 0.6780068194894575
2.5761272806573015
0.6436101853282554 0.024325602145103174
5.564284739885996
---
31000
76
0.6581822561478253 0.921638402416411
4.504551968112838
0.6571068128765178 0.9182895517898606
6.129021041794438
0.4864708284105899 0.177603879941106
5.332051156063474
0.4386981579388946 -0.4065839843771201
2.3849950741966675
-0.8001851184560458 0.03670791640481375
2.7831644019739734
-0.8701770421646218 0.31561090149444987
1.5212822988282655
-0.2907290005164999 -0.8163430272467325
3.639699628178497
-0.5975836380483683 0.5888557809987361
5.560183859936797
-0.6759151461867933 0.4601570153351781
3.965062735032957
-0.2983841246595428 -0.7834627727877561
4.021577863398357
---
32000
82
0.5852081925589399 0.29953859979105435
1.0054781209646408
0.6075311952477896 0.2750110417032147
0.8402243362172079
0.49407936398406244 -0.8037201873306693
2.0122193869261578
-0.08952842497655564 0.06655313624227642
4.8430793264167775
-0.49829121411590793 -0.7709674879813366
0.3575429742295171
-0.1051182183425701 0.4070023504197501
0.06356163833556483
-0.4423877723237715 0.8270977557496417
1.8381393241160353
0.22050957045119432 0.058652052814917435
6.062641165988442
0.703448903040324 0.9192043414012121
1.638375143578851
0.20656918540439598 0.4488832485947453
3.2230431197050438
---
33000
65
0.7897978507803408 0.1563582367124747
2.6733781786869564
0.7786434961786116 0.14933926811689496
5.633876747833809
0.7658832768668652 -0.055971969551861726
3.476042088002621
-0.9115498210420969 0.5134061708901821
3.099003083335675
0.2622138181341388 -0.4154250742145941
2.580223635924863
-0.8811808864567874 0.9988111637660975
1.1301626900619688
-0.9400724288971695 0.6162445733044314
5.692030178524536
-0.8319810730913046 -0.23296529922495351
5.033638105555246
0.5123715116552883 -0.42068180198316624
5.803238533242273
-0.364262170559163 -0.41536370561221686
0.22127447061753358
---
34000
68
-0.7688526511493693 0.6801530553362451
4.382125245494564
-0.725570283122398 0.6735113134916659
3.320553452297304
0.5838619121655687 -0.9966079704312274
4.950041256704059
0.18162115734462128 -0.4147565220249649
1.197125013694401
-0.36472799873303313 0.18970161616909365
4.470944159056883
-0.07503665935088202 0.04732004945294235
3.6508066857523014
0.2057909442332706 -0.015829298859270077
0.7674490459392951
0.7593170288717273 -0.41147254674677725
1.9119492111662746
0.37667971504415887 0.9856832411751628
3.5478727468852105
0.5387250812665176 -0.5452411796639368
5.37664692482907
---
35000
85
0.2632489279398802 0.9424959122668782
0.7099907785770803
0.2616720303366112 0.9449944998237372
4.659298942797506
-0.3072707966887428 0.9675285531562261
2.3883737110168983
0.5712575760597691 0.7085969736708226
4.550115455410837
0.019336726194859162 0.5187857634846101
0.6581652196026195
-0.7144148419172243 0.9929226957716089
6.026179535965373
-0.5571149146387673 0.02331443848957781
2.973851105389328
0.5671480434480152 0.896379506541633
0.8733952859123484
-0.873866802769437 0.8922400266951187
4.2275739647751305
0.7807561866113953 -0.49666453755491174
3.2275678302638973
---
36000
75
0.11115082677976892 -0.9331372251015295
0.4489135934783677
0.10630935088206797 -0.9423101847070583
1.0374785013833279
0.06266965455653908 -0.2222260460231657
2.1111209571888443
0.3623288397359202 0.9038183197075136
2.0754802433525583
0.9846246122744164 -0.1544694815817675
6.143383493448955
-0.210045746988607 -0.5728324897002395
1.731267254445319
-0.7236584183247331 0.8457882767114973
0.26698037490277127
-0.9193879751684686 0.9230514003275272
3.3950677773900226
-0.8650820710851915 0.9865524859800214
2.7766946946855757
-0.08452260783266091 0.1745436745021388
3.751599310603181
---
37000
80
0.7961540418363672 0.012378522253360245
5.175119945371073
0.8147004433174525 0.02428616235537984
2.0526315961558934
0.27890614494268773 0.683730880102931
0.706523844219447
0.21969469466430672 0.19043973845157863
1.100120295538927
0.4104760094055079 0.8990856393608662
3.6941757338485566
0.011605661357019903 -0.2603775090441153
0.5633653526348876
-0.7021035740380359 -0.8829972115709175
2.5064762190353616
0.2696992826392727 -0.9962425525493105
6.092314865468705
0.7320599183408056 0.5813205235652006
4.540515797392158
-0.38232136334385924 0.6820122149411343
4.365112821213448
---
38000
85
0.9292743858724044 0.7420197716362776
3.6753279279849376
0.9012573257629206 0.7321149270331423
2.02481980748174
0.34908565112745304 -0.9618111019890075
1.4165344875060137
0.6211998650127827 0.13952461226730112
1.2034709905106764
0.5291379891492849 0.9242764875649635
1.3171373014883407
0.7484293836771471 0.36969332589492104
4.845943856951555
-0.4426176660515705 -0.6960288377870236
4.683200890717246
-0.17576158713474355 0.5015510847309208
0.06556061040666172
-0.9290579136726312 0.7892199991033029
0.07049285745133904
0.4571949491471136 0.15306420809821197
2.332923755940235
---
39000
78
0.5669495482345982 0.25730515393906933
4.133093473395664
0.5483292804120506 0.25106434519809995
0.8841433355053354
-0.5410173984933899 0.21299695968926088
1.2922955772083178
-0.3958962804563443 -0.04750397168769177
3.0174611945928707
0.11179897561406248 -0.3310027467589364
2.1349392722921694
-0.4427517904218008 -0.09428341941351638
4.116784782929322
0.2168166994824338 0.35178425340620545
3.9721164316696527
0.9833266037452597 -0.7820900959543097
5.3008870605849365
0.7221398273956846 -0.9051171195342929
4.785347936693185
-0.6997566255522093 0.8037540389313269
6.006996762741836
---
40000
83
0.5805950586230074 -0.25671817725484525
3.73992507714382
0.5892604515931846 -0.26409725366336684
5.687273872995999
0.6364074750138945 -0.25757234326448913
4.312397674515049
0.3111225060223912 -0.05362028434414197
3.8905822841782776
0.25339904916430944 -0.381633160788664
3.148407131064114
0.3809867069733845 -0.02468537255763422
5.922866072710737
0.5844918135224915 -0.04401682659478705
2.3948313993369768
0.11899724127978425 -0.5654146559316389
5.293854548192731
0.49704767659569815 0.7027202392053132
1.9864756059026405
0.8187167104847779 0.9105779986848763
5.452658215123926
---
41000
87
-0.1693030913155199 -0.10106128451938565
5.9233501603753576
-0.16919735358720384 -0.10083362222334961
0.870905673079613
0.49954466247224166 -0.28051381178246343
0.28031768256625167
-0.21690055439159778 0.5845797617865107
1.7893677478106795
-0.3820595633348096 -0.21191494661202215
5.953361408205662
0.40860249576957836 9.798906989831602e-05
1.2298279471701674
-0.0895395332315474 0.8636004361924744
4.156759470736922
-0.39871926974155647 -0.7646752142350615
3.7352610133675297
-0.5829667206560777 0.266700134438617
2.2050064587849905
0.08752227355793209 0.3150600432870874
5.078387178375865
---
42000
82
-0.3476314180997662 -0.10544408593508257
0.3284356893767453
-0.37220449705249214 -0.0885772349997705
3.9921275316070775
-0.11742401519688403 0.3836489407914208
0.6525061892990225
0.25462903858344577 -0.47779810149450996
2.074248081369917
-0.001815726208111235 -0.2351626525180651
3.486523885641886
-0.3535612473234298 0.2035378347762696
0.9827697576846681
-0.24864259357507454 0.14710011594074746
0.5214667818463228
-0.5985295528029457 -0.332144998543784
4.096333281470788
-0.3402178185413378 0.18353836074843802
5.6444782151198165
-0.2915667235041308 0.624226351396998
0.29017923824376
---
43000
76
0.4088268044202882 0.7641015178311539
0.26787949933009897
0.38964252293777496 0.7509769058968013
1.0144326829045198
-0.7718290187994176 0.7523874043281626
3.715200831862653
-0.492382189078241 -0.7158209140945031
1.888640647396234
-0.9430089207650696 0.6172759858103753
3.6540981480588224
0.5060777676064372 -0.7782453433613272
4.03493603989958
0.8392681256028831 0.15497418322441722
1.245516403032661
-0.9830398188653517 0.4340927265979948
1.5796922851795596
0.8680725480024334 0.5630842117479296
5.571039231685048
-0.8030314114571045 0.5940344074173763
0.28389184715267035
---
44000
74
0.9699281183052472 0.8331321602519057
0.12452579554792909
-0.016707943085231724 -0.5923618512819292
2.2123712448241304
-0.4084574121943442 0.6246173310291371
5.928028222776661
-0.39454580058014416 -0.4085918172566068
1.6399513429758823
0.49120106111625994 -0.1976474129662692
3.2331608149553164
-0.5354421115176751 0.6802120605907866
1.8160529404993984
0.1666666656019223 -0.17177306997087524
5.131657154687324
-0.5913593202941996 0.8824402519824404
1.2893330213249872
0.7868935485137301 0.8353670747794588
1.7708476946743916
-0.49193989408288574 0.9711855400151799
0.40845866561061506
---
45000
88
0.8254678937383484 -0.6105361926148408
1.0445682119306607
0.8043995505377237 -0.6002631971865309
0.21605960813461067
0.6328472404557105 -0.17223050332609907
2.1480186437551145
0.938070875408855 -0.7164521833679723
2.442300884718483
-0.4389785544659381 0.35420223979450627
0.44309373559273535
0.3759681720268625 -0.6536244534412021
4.949521140016003
0.6939070675085404 0.14913236030527144
2.3703490346188856
0.2669118787600371 -0.8821255131539046
6.00459380355889
-0.5896887854763864 -0.5299209271464891
5.6393146798326015
-0.48906809875452906 0.3803046065048243
5.601092150204319
---
46000
82
0.012078331100187824 -0.7318235909005746
3.734902259149476
0.021558475360818896 -0.7263841680329562
4.5251450390110195
-0.5271178455631677 -0.2684574489725284
3.480035216605092
-0.3991820388268366 -0.15057403526123786
3.854076542223103
0.3448720590124721 -0.24317033797132326
5.309216069905707
-0.9106492606707407 0.48927672861023347
2.396904622397402
-0.43770013745358116 0.888383799936596
3.762624913711721
-0.46453058762277155 0.3483954332290246
3.1890916035588583
0.29771762763892473 -0.68689681099139
5.2117485373757075
0.6220059486988812 -0.8977511650794704
0.6001964731677014
---
47000
74
0.4074513033499401 0.42171108200909335
3.5899509429012926
0.41018758722451093 0.4261443263251834
0.6397963497779724
-0.5184553832153932 0.6102104204912934
0.7156737620802875
-0.231516534637001 -0.0878013276914412
5.41120722001512
0.7231566097661708 -0.869793539743709
5.235750075772489
-0.578926149651032 -0.2857445669717961
1.7167615928648932
-0.2067799675801224 0.2828504611898835
1.593317463172391
0.4698871592077679 0.7828150349362977
4.472334863518311
0.344694751475951 0.19236218637303495
0.5496343472444272
-0.3311266968942495 -0.3236925583618828
0.887627321814862
---
48000
77
0.01557024995526773 -0.26668340718106237
1.0660203379323938
0.03794832369169992 -0.28005310203544553
3.892170124813676
-0.9453411930226508 -0.627671391203629
5.414083552358226
-0.5204038651964223 -0.05692853413741221
5.628148288139429
0.7904524725921377 -0.7989167052229391
0.3726688204842601
-0.977794292086287 -0.06771638533047376
4.139445480768918
-0.45190872021312084 0.10546858174940535
3.683050694566572
-0.5118578501629644 -0.3724665823677383
4.52359974494531
-0.09262265570279127 -0.7157106988672876
5.278226073351586
-0.8372661104137401 -0.6642179182588688
5.635948015480446
---
49000
73
-0.21013050101429365 -0.6176726195385904
2.799549053256263
-0.21333384893166832 -0.613877326748689
4.005586043350938
0.5275687165024773 0.14952207160230868
0.8170285491963742
-0.7656726974528175 -0.10388639169813485
3.090617646991843
-0.7128608949330454 0.8111603958363082
4.3491084705594325
-0.6963858006828388 -0.15595612900725916
6.177701258489609
-0.473984610872617 -0.9746765712609478
5.987983500088051
0.8123414803241213 0.5773346751227895
2.9942625178992985
-0.646592828259947 -0.4864034577215859
1.2903812720344758
0.08518518992871679 0.36934449249030765
4.20632705471377
---
50000
73
0.995692496896996 0.6031656582998041
2.74278466466072
0.9827941136596956 0.601017091219776
4.0542088591820775
-0.1295119729772987 0.5794837720815321
5.754654799315054
0.1985226600987718 -0.5074338709743944
5.222207885133267
0.6447274938825416 0.5472311989809149
4.870369673263599
-0.22843913369774427 -0.7980610984596844
4.75582856257763
0.9769802898292198 0.34843752614772927
4.727009583961995
-0.20880828753363373 0.20133692266018818
2.5509749122915135
0.3010718893688989 -0.2824515108041603
3.303351468175383
0.39484771091202336 0.22645634044508695
4.2712329138994685
---
51000
79
0.47840427554432113 -0.015647938127407477
1.5874179567441167
0.47723266019592564 -0.019326203506054296
1.004283485006277
-0.6418480523459336 0.4837666508990698
3.942799027937644
-0.8784522570154671 0.024707913017220248
4.5699974965818875
-0.9555123587033238 0.037578845067442045
5.740540255203294
0.09462935109281631 -0.09862493875475052
6.21297788925891
-0.9386387065179768 0.2901488668078271
2.684092201124545
0.10364413822001972 0.3423267861435598
0.7941463645726667
0.8431111442525042 0.19704073874807274
4.981972085223291
-0.1736983068310968 0.16202089784741455
0.472018401617345
---
52000
86
-0.9921852011327092 0.15504958071869873
4.382293601466377
-0.9733991925292014 0.14314735867092712
5.283898066288576
-0.876683805135775 0.5200370890077508
0.1549952547579112
0.8757660403492005 -0.6808628813508365
4.150046784725239
-0.4743186610393715 -0.7151283787189573
0.7517580050448278
0.5431772947720698 -0.32877445625976204
4.207744817817404
0.7965266609663781 0.5540348273819133
2.013583037034656
0.8368421762422333 -0.8991718985862646
3.0142547348026705
-0.535698780825839 0.2816867814970979
3.071687862628787
0.7109021151114097 -0.3753011919359524
3.2176596785127876
---
53000
83
0.08461436021222925 0.36815810804569693
0.2202224653772289
0.07573044381681932 0.38552344800387855
5.688847712289385
0.5433362844746641 -0.5869588121783607
4.808133565638253
0.018906521325045292 0.599092486131615
1.0962037979402055
-0.15988030075831755 0.2165851687695008
5.122794572448606
0.2560057483286674 0.5399755895198982
5.410037282871102
0.30447410255445057 0.7664171443816035
3.9148189211108138
-0.4667919968344157 0.3651233413874132
5.291962380611995
-0.7146222304708364 -0.7252262460835471
1.0483678409456871
0.1748539533752574 -0.9558088709108569
5.891641936017525
---
54000
75
0.37538332019459814 0.20548564822027326
3.0837699420465285
0.3748780746304897 0.21230427659603257
0.5364662659399473
-0.7621312909271304 -0.34860721161922276
0.808540566050997
-0.3604503148987622 0.5593699879891608
0.9542439242843299
0.688330073958578 0.6912883856808467
3.6020084492681406
0.8067512283913343 0.5206632404795969
1.9265662370700225
-0.6008269723336325 -0.08184874182154238
2.320300614405861
0.7770249430635945 0.030096356717299697
6.240143505010215
0.3841395694895696 0.6545251120791896
2.894310519390241
-0.42296348225709923 0.38219419253041753
4.211393958777615
---
55000
74
0.47904936928741426 0.9570010086274277
5.678410307306217
0.46049075518902943 0.968320451297237
3.5779620741960843
0.4577548183427461 -0.9943457433941184
4.75788202518005
-0.4842235077482479 0.1394911561935719
5.076802526922372
-0.5021613591685246 -0.10375013360966143
5.3899266973882
0.9641717267026335 -0.2511278364177079
1.5675333897593386
-0.1456198427747087 0.3949885443138791
0.33227201842058207
0.39690756819500195 0.10953318847328053
4.112958974050841
0.5414115577925832 -0.3924410090285721
0.884898333621468
-0.27691944471377034 -0.5870879098779768
3.277350473139699
---
56000
77
-0.27098056707793416 0.33852800777950226
2.921982091096714
-0.2596404989026723 0.3349369756147988
0.25957910796878725
0.3129594827555049 0.16653106688276506
1.1012333360930775
-0.30764232880753944 0.05177559828448046
2.4999372345371125
0.5043627460387703 0.21192108554433434
5.091906223866074
0.6078491233172797 -0.8665882230686534
3.68206656135521
0.09813697234163735 -0.5347524125519802
3.707719210388497
-0.6083810385158264 0.9616422540511437
2.8563134435528035
0.5438666127845461 0.2545529427338328
3.0666920321440516
0.6096595873737534 -0.2449558852239548
5.047827750817402
---
57000
66
0.5483635266394243 -0.8918825720907182
2.554861524791029
0.5504592817947763 -0.8906493334786078
0.4005968722543942
-0.3121463637908626 -0.6662322356835565
5.453163972676506
-0.21482721596992893 0.5562847789344559
5.775323732996991
0.2911378683613536 -0.070183765739764
2.2221548041464683
-0.0063589044000748225 -0.8484281964349386
6.062639830826585
-0.5646156762055511 -0.5788641112120694
2.515131293502308
-0.47057392153331623 0.36756644815243544
1.7968200723064394
-0.6163752304877248 -0.6786790546688639
5.733678335033292
-0.9944714496174083 -0.6842470076401105
5.953716834439117
---
58000
83
0.24266076672422687 -0.013883735305522255
4.0887917900381385
0.27371626804947163 0.032288502394514765
2.5682936942577017
0.6882280076929149 0.27386074600192284
3.0510638750892536
0.9410189956940498 0.21412564516476634
4.8542441699265275
0.9247261590125003 0.4896762322699438
2.0409706397291085
0.6435087072415431 0.7975384354717002
3.742050895499834
0.7321161051021898 -0.3173979786249067
0.4937521437466552
-0.5354441422678907 0.11993441073512709
0.02224829653550575
-0.7573866573365509 -0.7458754329952759
1.1345025706963412
0.8776168875548773 -0.7950664394404677
2.9708611375605223
---
59000
90
0.6544501297402643 -0.9687943701276558
5.772618219747431
0.6818897264727443 -0.9817501210429509
5.371587638406678
0.5892691796889561 0.2122002289581884
2.6957005228438966
-0.889881014188258 0.2872267766937063
4.76333450843556
0.28947764271375515 -0.8961229272494807
0.21779440187527843
-0.007294577496368582 0.22261005594209832
4.774999834458326
0.784786336150165 -0.7178487975763885
6.00027555409884
0.551745559141621 0.4761526345731013
0.3889263000527752
-0.9740343366805969 0.5242610412772637
5.445352009472828
-0.7837251024371522 0.8375288859378359
3.3523145737184965
---
60000
73
0.1210339209994667 0.8479109921044282
2.160679841171009
0.09053315416300145 0.849488710476719
4.452275852727842
-0.16234507728987244 0.07785452313417825
2.952508957722131
-0.6206305418222112 0.8792067358850548
4.5553978485207605
-0.10242598510255096 0.8050866126160122
5.349640194379071
0.6769705061854688 -0.39051291630375784
2.2285965247011843
-0.8187099815526868 0.2213200466480701
6.106098313739646
-0.05668028244375199 -0.34186719892266676
2.2285155995620736
0.5432234870819252 0.5674618927386407
0.27084558211923415
-0.314565581527521 0.904222833960542
4.758207778652021
---
61000
82
-0.08170230137971332 0.18191225468877995
6.127446296479243
-0.06780244205145286 0.1700527989116516
2.7590215671419935
0.6097798748456484 -0.107741951393169
1.67359241053342
0.10642711074374986 0.1635673291903163
0.6240394583521987
-0.2811210800466326 -0.7499880746565061
0.19736869906065824
0.3509625975739787 0.3744824048168383
5.558299441608347
0.6317851073178927 0.6276708509752107
4.1535603994260155
0.4081301071541677 -0.5892209702066888
5.637212309294749
0.9791984682256436 0.6766629571320376
3.6930376651485037
-0.6497509951940765 0.1904937177706283
4.404681708136027
---
62000
77
0.9037241925425561 0.03384770305660025
4.276410126713505
0.8855273675382798 0.03107854081993356
4.798007668510045
0.34475184666320424 0.14050991851208888
0.2636147546987422
-0.29963063035427345 -0.5294208012700518
2.9772217695956655
0.7568542706846777 -0.9480695092068177
4.311845717281569
0.5579448689642842 -0.4151769148704927
2.7454152165102244
-0.7356624700394244 -0.04185799326916563
3.7271992973619
0.49141380577554095 -0.7268305197157385
2.7320114481813853
-0.7125184701280982 0.7105170324608483
4.543758000638315
-0.1415792594236783 0.4059350704047925
3.848003080397551
---
63000
93
0.19654379800258776 0.15849937830937816
4.530408051669761
0.20990932553243158 0.15064842718254198
3.013084724352514
-0.9320504924004985 -0.93404733699601
4.3976397609542355
-0.751477409183628 0.9097258037373105
1.294827105242156
0.15955478882264465 -0.9907308913611137
3.0618216478423985
-0.959209131951752 0.3829975144335851
5.0565356184783665
0.7501421034375932 0.7523156544611573
2.6251297947700456
0.7969333868043342 0.7605256325462875
2.316720020913267
-0.15531085878561063 0.09348340348049057
3.925955329656709
-0.8664769187985717 -0.8272003662476853
3.1342521795084783
---
64000
81
-0.3053791098821903 0.18332831982305448
1.5742584717377055
-0.29584272528408906 0.19342764215541228
2.968403839682889
0.31533300541066905 0.7100089921410018
1.2895110487726686
0.6113057696488227 0.10285918701856181
0.005627660544874402
0.6232233604108428 -0.0552816837585942
3.34509134098415
-0.1770845689123697 -0.06858396078485222
0.11007223150493584
-0.4155780177632151 0.13619852169565325
5.000300911427137
-0.13178379225732023 0.7382817184826992
0.938639462158048
0.8791180866130546 0.6077873535744803
2.5353940290843013
0.4292694887833262 0.5663230529204456
2.626214047914547
---
65000
75
-0.3158776458071753 0.5914292174680489
4.654282467953184
-0.3288676106894727 0.5731515257186124
4.169864785906384
-0.20141718359923258 0.8701446815476749
2.466504597918803
-0.14278792852399974 0.7614839941562971
5.991090324170933
-0.33576953679974497 0.2703199069129354
2.3804406205999777
0.7322024050855382 -0.20832524793977078
2.685793179678967
-0.08163665134139998 -0.5044271711926878
0.5947682191541288
0.05019083627438757 -0.6449184748859156
3.88837387997619
-0.7714411783804196 0.23037744188872666
0.8583553565334912
0.3932166764261378 -0.9343142373719614
4.83299314215448
---
66000
80
-0.08434021755617016 -0.20440347333766082
4.23020461234019
-0.11017768980457382 -0.21547487724064018
2.7389809544687003
-0.4192437731097599 0.167662856830282
5.961702909933087
-0.4707881957318087 0.4610929388008445
0.4322070108335643
-0.883227039637105 -0.5010136818889086
4.288388687752528
0.7068221666059886 0.007919263645229359
0.5667505634506966
-0.4298064315833525 -0.17646211641430495
2.2616315597680536
-0.2493154177764654 -0.25554540425874045
5.068186825941404
0.03735274659127049 0.3283281150765313
5.391358335145938
0.12838400666502375 -0.23954441638345114
4.489880792381192
---
67000
86
-0.8170496708176989 0.19932280316620304
4.116173599588416
-0.8099442266102529 0.2165486151016399
0.4236437800305719
0.2877812724090982 0.19204975944972985
0.38999580861582306
0.5423210801855213 0.2239113846992836
3.316038130656014
-0.6701222572962663 0.281853759340055
2.464607921405271
-0.5044531919064236 -0.6359463717760547
1.4302396174494625
-0.16478352989517084 -0.10152423364363751
4.865327504313803
0.5282629079824263 0.1862281825941163
5.729761944501475
-0.3987904405369767 0.0688823044927282
1.6134288268419112
0.36600833430344315 -0.7559245823247854
1.3056159784575856
---
68000
89
-0.23572647531457697 0.1134342146304861
5.662048959752657
-0.23149007771542537 0.10634302500076123
4.031482738779633
0.416020307427279 0.744964041981544
4.640859013530067
0.05095964117099981 0.8679877502048273
3.7848869729047765
-0.2961575610212554 -0.6596020249889131
0.7743441500931025
-0.31894761590951426 0.5189822039812995
5.152532323631731
-0.31208484220972943 -0.7719118618567857
4.79044303750624
-0.3360680939303341 0.812879242647699
3.0118943196464008
0.2431638825092323 0.41264710456346027
1.6343147574419712
0.3484844877248977 0.9426272391214443
0.20486594628052313
---
69000
69
0.6349024382366238 0.838826497313765
2.9469682959201777
0.647329617021238 0.8312661630772217
4.6783683896623085
-0.9759429646371727 -0.20649477243638847
0.9409471192442638
-0.5769448581466967 -0.7076221151898487
1.3152756997669188
-0.35606568767675983 -0.8000784256217359
4.745624355155668
0.8839252793276198 0.03930363288524155
0.6652430128555036
-0.6233685546837165 -0.9832738388114266
3.634005514962962
0.4462919245905993 -0.19736915061741567
6.063417698414172
0.3405783193967196 -0.7305548759007285
5.9682611892913195
-0.891913010309222 0.9547236196113235
5.788827229374562
---
70000
77
-0.9322862538632956 0.4479458504482852
4.170492226487124
-0.924995884469594 0.4583028073852335
5.533192303925598
-0.689475112651134 0.049168779551422986
3.2365576801778007
0.284905279700389 0.04052508360920443
5.480132577443297
0.7942005698331175 -0.8112036241574399
0.5755557662399795
-0.9307935480380711 0.23736921376822534
4.621488905772118
-0.994208916679701 -0.7952889863793215
6.171624632775986
-0.7510289130751697 0.9799225559156801
5.992412221575726
0.6102682315389066 -0.06803431369548704
3.5866273990946578
-0.7967682429777946 0.8925097893573485
6.023965880389904
---
71000
84
0.5561076861871823 0.6491667804467711
1.2123947524336642
0.5532643050393247 0.6473280840434107
6.065112386215195
0.4976436806440544 -0.6709777786604454
4.903582126204552
-0.9950018754358464 -0.24504758566703322
2.5321240992361727
0.7138151748370557 0.9800654951845044
3.933166173805321
-0.12804505681244016 0.8432013871097884
2.5057383632839416
-0.6374095322835742 0.17981400816976317
6.269792518318136
-0.35529949750001255 0.08613210286981532
2.334926630584617
-0.027674666846688234 -0.6826672952787808
1.3610425929202492
-0.47622097721233114 0.8492195563556673
2.459677930061871
---
72000
79
0.18059966272217742 0.4587116902004246
5.959239286835191
0.16531919192010452 0.48139632618962197
2.6704064400068326
0.03582359334249456 0.1250410451076949
2.1127072062604304
-0.45154563976469586 -0.5167742280861546
0.6139306643935258
0.19423653090936296 -0.7786749436561807
0.7436256958666778
-0.4391252375201098 -0.2460913242754684
3.406216925663479
-0.9525108766142847 -0.867323521618176
1.6178910709182883
0.11241502163292674 0.043320942279186765
1.4275498568036928
0.5403928633480257 0.8741773768358292
3.7943793446751437
-0.023786830714435728 -0.9159548752274849
3.8013333109989222
---
73000
74
-0.5501117959593292 0.6153049654748348
4.069197247049973
-0.544677087011365 0.6016682499263121
0.15384088142718344
0.26167116808620877 0.6360346340929559
4.619735908504749
-0.16048040047802903 0.6582205505295708
1.1166086623043932
0.11396651535170116 0.42566483931009846
1.4475191014101148
-0.4368094615440827 -0.89150249375038
1.7562564286513096
0.49280476908551046 0.34303623972504377
4.047832213851612
0.47270671679165455 0.5046193323940836
5.201973432455254
-0.8290048263683811 -0.6338274474271891
3.8773230984554274
-0.6395174495146237 0.6344918904548589
5.89846007644533
---
74000
88
0.08273660692798286 0.7928975781702019
1.0221581741501686
0.06436951380802095 0.8082164244066701
0.24937032645518187
-0.9892555184417958 0.8429833323174531
3.593185070002444
0.5087217833146805 0.8155134714181779
4.516702152121912
-0.7892375815630676 -0.5246871437668643
3.4494416722016714
-0.6852231539827772 0.945461189277548
5.990457677582505
-0.3269031185466478 0.9941940045916402
5.254806701847821
-0.24018648272864274 -0.11708415728505213
2.1053909884447286
0.6800465626125928 0.9199781025538263
5.397309502942961
0.8407564718870268 0.6539826389296346
2.550849179532338
---
75000
68
0.6425696063072582 -0.1620328672645055
5.109496731550739
0.6700741442814553 -0.15850541161949913
5.71418915643618
-0.4338577519329108 0.6760441566912305
5.830854676169743
-0.3886374085433558 -0.8003319146621529
3.7177891893235984
-0.5706328980313344 0.7858492278521746
2.950145823908194
0.7356023645610048 -0.06679372058713418
5.394958007584379
-0.929100625281978 -0.7873872963318685
0.28009302937940816
-0.1291383761718686 -0.9296838518957974
5.706307201542987
0.03235491965422356 0.26028836712307196
1.8564973833994376
-0.9224125005606525 -0.2259213820064534
-1.9089234266486381
---
76000
78
-0.9864521250890335 -0.4024227782467043
5.75589117275521
0.9994560111573279 -0.4025659159642814
3.9006289153686513
-0.8753394144615231 -0.8540750103268442
0.8692742493430776
0.9671752093299133 0.6422521917760219
3.6919809435587165
-0.09598875911169895 -0.0050406341900084035
6.05066121644646
0.6175020440547747 -0.6575015795389021
5.4301375096778335
-0.9758808093162445 -0.6909816075511491
2.772523757897271
0.4621605541523761 0.5167969361813913
3.27342127745305
0.7674805987422069 -0.43967675418195445
1.5249375690807385
0.5288810617887203 0.354233713791745
1.9630109666005193
---
77000
73
0.6375542740492451 -0.6401722845021347
5.832621420620917
0.6206443781188993 -0.6274949529837592
5.970098294709767
0.5263112703701552 -0.07614234811585634
0.24907294551356074
-0.02465402699795695 0.7291265147651667
0.6674628655159776
0.09472611630545541 0.6998533654818373
3.1041230926384067
-0.3062517796475476 0.9846822469988837
5.0821427638894106
-0.3500799998942276 -0.22933996377028992
3.8744188486407083
0.05528273021365493 0.2378247692955403
0.20045089164455376
0.726783204340812 0.7754625710882426
1.5125640470262605
-0.3859289135490821 0.14450210446606604
2.952328060964688
---
78000
74
0.4158544530458261 -0.507229506578945
5.157342513596992
0.4212380153290035 -0.5334488526127547
2.4350025144067837
0.996722626132124 -0.4059930908956091
6.159851324743024
-0.014469390218568384 0.35050519405265085
5.729305505811313
0.8556270432005457 0.3566661019390027
2.0248256744765274
0.9474665678196836 -0.25930398590429876
2.9967587096162114
0.2871416503640025 0.45364573907114875
6.140248047747529
-0.7014787427653346 0.021772181674759212
1.419994883848522
-0.7660487522180175 -0.9213865689147095
2.4176519600967463
-0.9071390460001953 -0.27545275024428484
3.1367262248090766
---
79000
61
0.09454390672133973 0.08393406256605217
0.6945173613337126
0.10708547163786591 0.056793691596380404
5.24345536446922
0.039779716430623384 0.19703278318387837
1.965061931988326
-0.18776925109785397 0.602036327163926
1.5784663745620393
-0.1364242279224297 -0.10362275126407759
4.492194311889137
-0.6133958239198632 -0.05802481013459469
3.889785235452819
0.4212318201482246 -0.4515684614377339
5.995837306410062
-0.4792957216177328 0.21127832451977444
5.263171169531873
0.24954510654857937 0.216101863324375
2.2607960015495
0.6941835979119979 0.5965077252681681
2.162243955837524
---
80000
68
-0.5516571307324601 -0.43940982454638394
5.2592720903571495
-0.5311967374102418 -0.45700781491754505
4.703415084637735
-0.8614461999301278 -0.21404392363482444
5.132452159492136
-0.03210097998848004 0.35341162683460453
2.042314314959187
-0.012846946607653092 -0.23594949005037158
1.5357980162154226
-0.419972014888834 0.5006229031555164
1.9285285765613773
0.2740912219898559 0.8953499682609976
2.402427470280716
0.3793745042902749 0.3223787286895632
3.58082574414241
0.020250589215637466 0.05823348524653005
4.526786652065604
-0.7294770499465544 0.42058995390753073
3.8957790610141716
---
81000
77
0.817761951126861 0.4309575476294044
0.954403418701772
0.8393905444734504 0.4190578938955245
2.490980076898639
-0.8354146773197463 0.03050848007633576
0.9735806666471176
-0.43266407582875605 -0.41052477878122234
1.8267777590310166
0.18866840219408434 0.660136597890577
4.122570813017179
0.3381952268107096 0.9281451523178821
0.8625309391256408
-0.10869383772611108 -0.45392771873146
3.6374083872212712
0.8580716401574676 -0.44382768897101305
0.09467143317941985
0.4093724031270728 -0.7566422088081436
1.179255471520797
0.9665440838380438 -0.04969422962266998
4.520153949731716
---
82000
69
-0.835402403512265 -0.3046204978705485
2.2250612909468046
-0.8357814304993251 -0.3032549625079972
2.17771937861698
0.890139753577516 -0.8420292970667378
3.521693312340081
0.9465504410533864 0.8914050563288909
0.16417472317407888
-0.7764549961267773 -0.4764922593013494
3.610617641371813
-0.2898040087381973 -0.1404600952783973
4.829724266321718
0.4617641716854433 -0.6855903355931904
2.8778749756400748
0.21040753190847258 0.045959255060296626
5.586450514605856
0.6414071309545123 -0.8318405741025965
1.1927173824995956
0.549465305494011 0.9888409304706764
1.4982567934358029
---
83000
85
-0.6240290287355966 0.7313717453510786
3.2996955102515972
-0.625966486243735 0.7497769091635345
5.681304099412239
-0.34906645735035446 -0.3886875038402723
3.619940448832968
-0.5676580506554109 0.9936528286472781
5.304298372839261
0.427063179031615 -0.7720144224530328
1.7967391293334378
0.3638687095141928 -0.5731028257024207
5.840100221941733
0.6796883763166753 -0.9052378900083135
1.6394900841524453
0.19769683146685255 0.9037328550221331
5.0477766273357085
-0.02703693715264621 -0.7351627840220271
1.457077319982007
0.6649511630247229 -0.6151476490407725
4.493034109518554
---
84000
70
-0.3579018032369167 0.5043737846016159
3.872163486051133
-0.35870152727829185 0.5042904408823581
0.6667040370568023
-0.8990064774884851 0.18555924520844885
6.179772286325198
0.2915158623151039 -0.8479311624816467
5.011021225681167
0.5469234627697308 0.3674926499615544
2.3377508440870214
0.5114559956956299 -0.4956548935108249
4.139079200693419
-0.5922727276851435 0.7549450487900781
1.3069449224114331
-0.020492870790882276 0.39763617575221466
3.081414681827356
0.04133287660794793 0.6494974251187516
4.297268340702655
0.37861320189863157 0.9320660230223525
2.4792777644541193
---
85000
78
0.09422816713728492 0.48016215742783835
3.6081663429650366
0.11847673126398979 0.4957690558397299
0.8969582054925809
-0.7021749293206357 0.015939526525027482
3.9397080852645487
-0.6429149099900209 -0.767604752119516
4.548914279712081
-0.47469823864512734 0.349894981743455
3.9014656913130796
-0.32180819430394775 -0.17461086894045408
3.3492274622174403
0.11647421147001005 -0.5631474728296141
4.545444590646484
-0.31664859105241794 -0.48799128960884786
2.87355788148498
-0.06750551579132455 -0.22494548406126127
2.4415917352654697
0.2820134465141046 0.6816560826547378
3.7021704123456765
---
86000
72
-0.8083360541953217 -0.10215470914886329
4.7423888229922255
-0.816792398293389 -0.06119898616021005
1.5287646453118358
0.27655996886965345 0.7501037445692732
5.490698911799937
0.9699355661471674 -0.5645757370755268
0.79597128280968
0.7033892257840283 0.7250664583948025
5.938233616541006
-0.7027703433301661 -0.9494401333465876
4.716995348222456
0.4548137482682728 -0.4256397904832919
0.825857963531595
-0.0867974843944838 0.663119858867863
0.6559186059188207
0.5168275496501141 -0.5416231376786704
1.7461889902926364
0.027403349187243096 -0.21579207211823329
4.335623603121331
---
87000
70
-0.7363776208623125 0.8495360113344614
4.259513953055675
-0.7382977262383313 0.8455164117334748
4.410942063117177
0.05561262390107026 -0.8501181593114031
6.229229505590972
0.7789090514397367 0.8110683746941693
1.982220053396719
0.8801011141116326 0.7015996246630247
4.610985553909375
0.15167762922165284 -0.8522468884461266
3.884030107528827
0.4673801776876371 0.828063448448667
5.79366608425042
-0.14956331996788688 0.7649417729574178
4.113188711375678
-0.7241994783606637 -0.762041296050828
0.22699223948447766
-0.7272817708058118 -0.8756379997802337
1.706075387314299
---
88000
59
-0.731138839410322 -0.2881555774775024
4.5296011975603365
-0.7293930879804571 -0.29112782319098063
4.296786812228295
0.5665199862740601 -0.5832935797497999
3.7598101492720444
0.6431714971204436 0.8220131971508267
0.021063216261493878
-0.7261471095764156 0.3642322556307455
0.9964378046611051
0.2840646184507425 0.5190682219928924
2.302427390832462
0.7867761155947814 0.4817245054081065
1.7033246789033862
-0.4907962045210219 -0.7472857177463793
4.776736416591201
0.3100746461496962 -0.6606977689566628
0.6794374407252555
-0.18729844494098163 0.3035747821266569
5.260669400654607
---
89000
72
0.5159978609465324 -0.00265065795375094
5.785927239817823
0.5085788285612317 -0.013713041654233673
4.4059803986892785
-0.5745949894468337 -0.46715542748351613
1.7689126325437758
-0.8220691078533985 -0.1748547111708521
4.7504297697611175
0.5967084048841725 0.20282990301071024
5.198911003512513
0.28234675325945996 -0.44900065959353386
2.187423726919662
-0.037011353205118315 0.8671467081399347
1.0202822477018945
0.7971854210577826 0.28291520000916937
1.6133407737634755
0.15136010446629417 0.4713134152961416
4.166066988143818
-0.15239385202447875 -0.4367346913041686
4.330903501146539
---
90000
71
-0.8967667058091687 0.736342447185452
2.713457205485183
-0.873923902020491 0.717534482236226
3.0507168028719533
-0.25734458870049337 -0.7017836646849099
4.345439049460065
-0.37554729553354704 0.903049450602833
3.94056954439303
-0.8569665748362033 0.4124723205241332
4.319579013049942
0.7084516999928362 -0.39478630104978185
2.9686709298719167
-0.39825151273044734 -0.6457053494234372
4.416629365970334
-0.03296549954000259 -0.17454640079823908
2.2495369585685667
-0.937128247045728 -0.13104486757515654
4.439188578032648
0.21185389776199137 -0.34017986382802545
6.0856476582553345
---
91000
56
-0.10252884085241697 -0.7069939882633508
6.228251464252832
-0.10239736577435216 -0.7075308995987449
4.83828673009704
-0.37416346348471896 -0.8940782309905565
0.8660634464691261
-0.46497960290004864 -0.4431430568710775
0.46570163077208004
-0.30385708237915987 -0.6742722239631107
0.23989854228113705
0.2160729796023239 0.4436362091146422
4.096925678720535
-0.33301210629486055 -0.6100573244008787
0.8786772372444709
0.12489418859634152 0.7475145230037317
1.3341478169231928
0.31820450719252574 -0.7744602578380464
4.307702323331926
-0.366551166083791 0.23606350303961252
5.7947039194281835
---
92000
70
0.05466412144252722 0.19870438263527174
5.952305557686339
0.05746863553102047 0.20216015378839305
6.038849289882786
-0.7768414634220321 0.2492643770574959
0.4143552687670482
0.18819876048362005 0.6423110957695066
4.312754487926782
-0.34411664966731537 -0.7299929473472259
5.940141352318232
0.21569178804834888 -0.4462846032805431
6.14827981531643
-0.972508192215185 0.21667613927702065
1.0536555077263368
0.34380815633677997 0.41157385982659894
4.472021449779484
0.4278579741470488 0.24320073848658216
5.008207781788703
-0.3107931453795089 0.9273985642610179
5.001508893328284
---
93000
57
-0.30740370415450335 -0.5839855460408193
1.0023813879786416
-0.3169581932095968 -0.5632152792239506
0.017568751561033658
-0.7972083393837426 0.38313876348918885
0.8270837858555824
-0.19752596111997314 0.05802339129956041
2.93548362270358
0.5125005498516388 0.19622431313335584
2.768790600838635
0.09499916894954491 -0.5716250924933054
3.009682818349276
-0.9598725116926254 -0.6315460352076785
-2.3095823987731516
-0.8240561884304113 -0.05178365601915079
4.5555914605527015
0.4697542394695058 0.15287658664512666
5.304042234096231
-0.41523815213953447 -0.8603805515538797
3.326595228743871
---
94000
77
-0.9116249996344541 -0.29874030015545766
1.248116285442847
-0.9157576427422087 -0.2944738020029388
3.408430090867557
0.3276681674152535 0.52604825056294
1.9473277969010745
0.025828849305550253 -0.1780208875257055
4.266657222407107
0.26009725705685727 0.4677879549029833
2.7984212469948733
0.5673550563191895 -0.13485928750559198
4.48281623400523
-0.6912842476368624 -0.4844533777513714
3.1529991648874267
-0.1644622641605131 -0.7391324032558376
3.2160792619483667
0.6213728068469271 0.8294462316861991
1.916221948726852
0.39562992612551295 0.5348883475076284
4.123498718387891
---
95000
75
-0.6703206412720166 -0.733805925556218
0.24962270971780834
-0.6670471333889603 -0.7572111331141942
1.7931202213855988
0.2574696176833199 0.1546834358286181
0.19553466259350394
0.4143449823020279 -0.2804381233925667
1.0783387494797516
0.05981434760638085 0.135840076165612
0.40228943298792164
-0.1632221766820253 -0.4572305439040054
2.122934052904096
0.021135574657517635 0.04341251680041645
4.270679582125424
-0.543925673446418 0.10037551270094915
4.569697586134401
0.3962607045246203 0.2588694812857454
2.7942506192875047
-0.37617961727402616 -0.2912161642180153
4.0861060458538
---
96000
71
-0.8625103944659097 -0.8646835606464496
2.301171494133932
-0.8413915084410604 -0.8643678712874451
5.163527608877461
0.9173953310773186 0.348893113204481
5.243095041698649
0.47489597005990924 -0.603995070756698
2.7397195724108343
-0.18377111984416764 -0.5987571660339769
5.267117666909773
-0.30626152876113105 0.14516895434877772
3.646073584450244
0.24911288948509205 -0.8826211179540944
0.47984834774965446
0.6593133650309715 0.4023063011504018
2.223173556478473
0.9889617014189055 -0.0780846274441541
0.34351064759526917
0.004697610962882289 -0.4341062988494723
3.284727695376608
---
97000
70
-0.11814617677819837 -0.8362246269411451
4.270519890128075
-0.11721584610670618 -0.8103738565249159
5.362898913772346
0.47995299258251845 0.5951832278226815
5.962679306685424
0.10146956778809593 -0.3562118246537225
0.6355606263854607
0.18725754912776787 -0.4455098200685996
4.193941153341236
-0.5010407827971595 -0.8308092650369083
1.4038037669083838
-0.049970434138547536 -0.7564438554133869
3.5567471620710513
0.8610316125211931 0.1996180782155848
5.237753652722973
0.49593477309888456 -0.3717252240214174
5.945276252114894
-0.7055547447911816 0.5348980295975995
0.21640262396986198
---
98000
65
0.9360085588191158 -0.2271294315643237
2.148896312143782
0.9276914506783805 -0.22892044485453983
4.264567776813521
-0.7468701750288427 -0.6803214633152993
4.750589637602347
0.8625631581821032 -0.8108077213878401
4.2977778224386
-0.5377057998171556 -0.791044669702948
3.620626708869387
-0.6984059671337348 -0.008220147405065784
1.679042355327537
0.10167276917179476 -0.8735647722319648
6.184151183819209
0.3294551224254976 0.462217984365219
5.986602237758587
0.7117441954869158 0.08453998011324998
3.2999944635188276
-0.739215105724557 -0.6487935729978638
1.2065699581704763
---
99000
54
0.23867022067259042 -0.7561946889486492
5.116938591534561
0.26504077302807216 -0.7578328410082811
2.362001601136309
-0.48094252934028703 0.6798968189128505
5.626404207513973
-0.2894937494482444 0.5111494776827143
4.5252332792493375
-0.45533488617859497 0.9743386262548652
3.2183625411911096
-0.457792895032064 0.07515377073822058
1.0729678051964227
-0.97087378715316 0.13505376937271962
4.528416976466249
-0.7212521784237546 0.4717851046668108
1.7780744407376066
0.844232583395134 0.3384413659185366
1.5910816220889492
-0.42107625141448657 -0.9598842642239438
5.993740992262734
---
