100
{'run_name': '2D_rec_10_total_boids_slower', 'annealing': True, 'annealing_start': 0.2, 'annealing_end': 0.002, 'nr_observed_agents': 5, 'nr_of_boids': 9, 'predator_present': True, 'grouped_spawn': False, 'predator_halting': False, 'record_keeping': True, 'record_frequency': 1000, 'exp_folder_name': 'big network 5 observed', 'boid_speed': 0.0333, 'boid_color': (0.8, 0.8, 0.8, 1), 'boid_turning_speed': 1.5707963267948966, 'predator_speed': 0.0333, 'predator_speed_slow': 0.0333, 'predator_speed_fast': 0.0533, 'predator_lunging': False, 'predator_lunge_speed': 0.013, 'predator_lunge_distance': 0.1, 'predator_turning_speed': 0.7853981633974483, 'predator_color': (0.8, 0.2, 0.2, 1), 'predator_confusion': True, 'predator_confusion_distance': 0.4, 'predator_confusion_threshold': 2, 'predator_chase_time': 20, 'predator_halt_time': 0, 'predator_eating_distance': 0.06666, 'height': 800, 'width': 800, 'graphics': True}
tick
boids eaten
predator position
predator rotation
agent positions (and)
agent rotations (interleaved)
----
0
87
0.022780715348068626 -0.3192647907577835
1.8950189234096189
0.21251469336366505 -0.6273791690499969
0.9912179803377548
-0.3750877307457308 -0.8242874936981867
5.854190806647371
0.5258032678651272 -0.658834214990154
0.49125837673535755
0.6980492063949095 -0.4025200463675761
4.318431268327797
-0.023313369592068367 -0.33724969950574607
1.0611651831722644
0.44022378381764327 -0.8615187203360996
2.6071388531905826
-0.15107933696717385 -0.9178234601068003
2.644641695182104
0.14530657081180862 0.372304245907477
3.8996322481519443
-0.08604887617412332 0.7271715090250007
6.000662629553954
-0.31507004029677105 0.3874077136224953
2.371517902181221
---
1000
85
-0.7929203810001857 -0.32987342692413135
4.372730339320736
0.11486272253967711 -0.4341881576406436
1.3579747020169552
0.7458475717872761 -0.4429925368108112
3.613815104276415
0.5446097467924885 0.83918299308106
4.340459642038587
0.8547787171146974 -0.5870011131518666
5.991134389163898
0.6133718159343882 0.005615509193446208
5.941817210272655
0.5445543926537052 -0.9850383472609217
1.0576162002786766
0.9950413661979427 -0.5854815071756545
1.8277054944664748
0.8193172562756694 0.22449111895618218
3.6428950594715612
-0.24212661678524727 -0.4701321215203974
3.7981341867578573
-0.2888829269511046 -0.39721655539987594
6.200410516011299
---
2000
78
0.5547831381558698 0.13263534075712963
3.1087936711942668
0.47563307813417843 0.021459759839480525
0.30789790594104627
0.35400128417866006 0.727075650462868
3.728181337861872
0.6838379202102577 0.7744635368999901
5.841484401283355
-0.4779625862095572 -0.027560187405706635
4.1259409388118895
0.14965373793887446 -0.9366593950462979
0.403846978270229
-0.7118671343214944 0.5353496810398013
1.9329361872941533
-0.9173759932204778 0.28150326751787624
2.8560154782108116
-0.8923169961932784 0.32258186388186577
5.952700390110045
0.5077043931379985 -0.8256314543331614
2.7197849185148426
0.09147041672659298 0.6162028723516523
2.949378966958397
---
3000
83
0.030205205291483277 0.6378538760092157
5.778455507430411
-0.018586938716052537 0.932470490836205
1.581632800552347
-0.05768696153283208 -0.18793987312252242
0.5140178778735622
-0.8000170274135021 -0.2559267513099848
1.2939883258142615
0.0523669332019619 0.5376420681416672
0.4108025357823495
0.7591127576309639 -0.19398398663540356
2.296637839845995
-0.5807732375410731 0.7396789278828061
2.5701242848112975
-0.7983967388613584 0.3261121120157926
1.2508942588881489
0.8505819346290686 0.49620557778461527
2.23266167757994
-0.3876465766982213 -0.7413764005101028
2.5503132345014645
-0.726904132861215 -0.5964854397325418
4.529470077941674
---
4000
83
-0.05381049341725722 0.7693663765189598
5.0777765132668655
-0.0020401113541452746 0.7976758959275836
4.826370203078861
0.07807907536587141 -0.861551292707629
5.994961815245846
-0.6530149654878746 -0.3583236314541223
1.3776793915691616
-0.8974309336801194 0.42174629221743387
2.44001758779292
-0.005503327643749133 0.6074913251471808
0.3292998551421622
-0.46249680401957205 0.8939654390168893
4.901727974216502
0.3569441337788024 0.789317019310745
5.50868079496063
0.4286016304192238 0.36953423795440354
5.165437999477393
-0.5800061431539547 -0.3260468403936696
1.7252634863129819
0.6648543647342594 -0.47672982358572624
2.4297324986820446
---
5000
88
0.7022808814142218 -0.052064799110354214
4.373919872102023
0.16373663868712815 0.11261118387697945
4.199496485007216
-0.2811209249223341 -0.06201739640360264
0.3269858069949416
-0.6452211257524716 0.7947754699293981
4.019585374136696
-0.540332109729236 0.3087459415525925
4.9666391528013385
0.6180242453253817 0.49972254796625737
6.045263428569642
0.3643440778975686 0.35654915629914974
5.089978905120522
0.09966636727399605 0.7786268867132751
5.711465696292947
-0.455893251263894 -0.30682423313634466
5.443783494712635
-0.14091839380983512 0.6717270123293647
2.4777286854362277
-0.9277527491668323 0.42417789101904996
4.423252452322549
---
6000
87
0.07042637713304728 -0.0584029453312526
5.06540448602073
0.04684787110528249 -0.06224428922831115
3.9515301997967285
-0.13294397754985546 0.14055870526546943
4.293312842183974
-0.7235416652213257 -0.15155039988713484
5.5457464876463405
0.3140422233220284 -0.6602589826808954
5.130044885559483
-0.19812322989194575 -0.9245614926832924
1.5154375099450963
-0.3083525433028251 -0.027495725380746815
1.419518963736099
0.9587827644179913 -0.28951634944201204
2.9368810192262362
-0.6433564779475531 -0.3247917484466311
5.292547958495958
-0.101242442769541 -0.2069664320660416
1.2746297789508523
0.2804940047058555 0.05193872860683144
5.957029294156861
---
7000
83
0.031867457389263346 0.20618897460583363
6.147166842175776
0.0178552924418102 0.2812061846371763
4.007819079134222
-0.13914428622344027 -0.5077523242277293
0.8214355954301764
-0.9951731655550117 -0.28732947462702535
1.7045189537749774
0.4378910278841165 0.6534103347995469
1.2757290901711187
0.5660354349972948 -0.44227007088478065
3.1048796499342526
0.6097804980114825 -0.00401275611712823
3.9366388056405315
0.13815053647007547 -0.3106046979723678
5.127043112473322
0.610305439895319 -0.25715295363339685
3.1460712813658187
-0.23723990836138037 -0.8645846888262884
3.383975346140276
0.7948539339687674 -0.6866716920921556
2.510702516493069
---
8000
86
0.23746495080703045 0.13986873406497932
0.21884637805503804
0.11103032961420187 0.20819510172172412
3.2204029901645237
0.44179725779658735 0.360177462516573
1.8411410692016332
-0.47549743396706173 -0.40867303489251755
2.564888380883528
0.5302516753701675 -0.5759612964063109
0.2855887194791036
0.8325349633444523 -0.26569135581445247
2.594186800778452
-0.5805545336404823 -0.9628918737720936
0.07122002500041624
0.18411090350021192 -0.13007174765926285
-0.8612619270476223
-0.003014376752200747 0.19933909263842337
4.2584399091405425
-0.0787500526209357 0.0762650552999149
5.173904400782412
0.29555988100703884 -0.6710443434721021
5.537568447169929
---
9000
88
0.3754176074671842 -0.9357714447721281
4.727015051251824
0.26741460109468085 0.9334962300822754
0.22885144344507058
-0.05882273442520139 -0.32817334066447335
2.4110625940599135
0.419282878717731 -0.844230432535867
1.5094806133370415
0.967336823876074 -0.811141124900957
3.273698164147084
-0.17887134764187979 0.08970939587691623
0.20833759646136762
0.39744489160392205 0.5758791758932524
0.9549226323915381
-0.8063495129329685 -0.040400247120079724
0.6315873829229535
0.7404202558913937 -0.7089735325640991
0.6067050213585476
-0.26600669862849985 -0.27394690507151653
0.576720144629193
0.5177795563832531 0.17208750499356573
0.9322170190453551
---
10000
90
-0.2906645446006285 0.3916641255465289
3.8796952045934945
-0.45548964362879485 0.30568295009657
3.758281985020907
0.1836243359955198 -0.19611910138915284
0.1393148175353902
-0.17139365629460876 0.6117160280797797
5.553803323606129
-0.7244425568751724 0.09734689862246634
2.5149039297079323
0.72834575555885 0.48355709936768543
6.033424810030327
0.4171712632792003 0.3750341587910066
6.200139591504158
-0.20181385678015126 0.572886049620163
5.897514488273639
-0.07032157473162981 -0.3043141491566294
0.3125606269391872
-0.36914794756077235 0.06066716030617317
2.139420603915486
0.4662334113974402 -0.1454379622137763
4.685452639748823
---
11000
84
-0.3421144704195461 -0.33924164302546034
1.0077093540059117
-0.02594107697841621 -0.31519837060462635
4.23721692532258
-0.2778636711496852 -0.7877758247671555
1.0311616420979206
-0.08926986397225661 0.4887618903488433
5.951213318638883
0.5869205616825831 -0.13757469079888618
4.283577508821715
0.2243054691898963 -0.9795696781110503
4.309793972760709
0.20714956738488396 -0.7029383423576168
4.275886755577203
0.21720373634960982 0.7322946318682866
1.7207857586369384
-0.396221737716476 -0.9771094980332683
3.475932467328424
-0.42127921440512556 -0.6412377147704369
2.661516942286198
0.9673788086191581 -0.5335224448158614
3.567182040173143
---
12000
89
0.4874099337190499 -0.27169608491093206
2.726866628251604
0.48870103791545066 -0.2650142180462794
4.633846554488274
-0.16983668653747647 0.4993813544785278
3.368561323438737
0.11134074319858778 -0.7556407892379604
5.715641730755241
-0.5513247317586365 -0.37103981982144285
4.9027142472036465
-0.4226410709674708 0.11698230336075713
4.398923357836209
0.375407136751148 0.016314720609877667
1.4631535742136936
-0.1655880064677086 -0.6999565955472331
5.901451862954091
0.07057590305146441 -0.4428321453803875
0.3060506285522715
0.9173546409209702 0.21338045412504586
5.065810326239864
-0.14570307773306176 -0.5364899133338141
0.9414055124656588
---
13000
93
-0.7769848463525093 0.23760428897692326
0.6529275864995935
-0.7169279412789724 0.10490724129770353
4.010448413472748
-0.9524762958146238 0.5895972810784585
4.039927608434562
-0.6101976020611924 0.8044365375150884
4.397719990560744
-0.9398714055984929 -0.3673054927246526
5.127996736506107
-0.5939661127991427 -0.9098052197193829
5.021293240270713
0.7620534588726944 0.009229289189231745
5.852571265966513
0.8999679949777016 0.6051457908817266
2.922489237302325
-0.6748796247181107 -0.5685080559627562
5.13416034017219
-0.2973625719291289 -0.3125938380186671
3.8582143961555007
-0.12701818581231514 -0.4733108346430511
5.828275223482601
---
14000
85
0.5042852971234485 -0.8220815841495859
2.6216859969796205
0.7578276093384888 -0.2301998225372621
5.066880388222716
-0.21708874674106443 0.21607471329418892
5.32357492271837
0.13747436995460868 0.02856409340405376
3.8360344208046646
-0.009141600352456147 0.7337446588080474
5.990238310130357
-0.27541018743565493 -0.38787565885805053
5.216987398322487
-0.7904751928021068 -0.6761864892924773
1.9096723010776433
0.20523134373289934 0.9415499014888942
3.738749115166704
0.5672090439936142 -0.3287406012272031
5.522433005524825
0.25153585979060356 -0.12736842242725804
0.2497214528391707
0.607283891776244 -0.5968949813068166
2.1581496712619073
---
15000
86
0.6290324613007817 0.19934035821819535
1.5633300596300905
0.676745342288199 0.2717666042802566
2.5140377479094758
-0.47015601963331316 -0.9791157085457052
1.7445821601974787
-0.4693704226406983 -0.74710219915795
4.438616838355152
-0.3265299919508382 0.23689313259757672
0.7907246316259382
-0.29979469333942516 -0.804877443442267
2.4443252161178
-0.2650304669399912 -0.20021804619096248
1.071996164411142
-0.4203639043816755 0.48052722376825163
6.00470075504958
0.7342157153099869 -0.6338397062187666
3.7028835441682197
0.5081599979887533 -0.22304065479601587
2.712746917787184
0.46459705500977877 0.06234456871419754
0.7690253466049226
---
16000
82
-0.17215511347899323 -0.3812609262008142
5.6046244506247715
-0.3883020575414488 -0.6119938070214859
3.477473462928206
0.9740721205766778 0.667166894677096
4.613216121488808
-0.6760461603249129 -0.4176772741908606
2.163504850006447
0.8493536422523367 -0.9059703249888273
5.524518298111172
-0.2782265515746717 -0.8264671465455998
4.398399690503268
0.04340948730779569 -0.5402850638854574
2.402435240758149
-0.024040005452262612 0.9565752819037712
5.5326489758225526
-0.030445228904335694 -0.1272520129527488
5.444680851677263
-0.8420732005093197 -0.899593851230398
5.806158992470019
0.2923888823224095 -0.016339340841224015
2.785752572997338
---
17000
82
0.20177121177658486 -0.44208697394342483
4.305131616307666
0.5485930894197765 0.13394546076316502
4.2963060039891126
-0.9785145912539097 0.15615849907569743
4.3942244072369645
-0.09732880841181815 -0.0076555195173421565
3.144042871762121
0.8206194923710691 -0.427595760019747
0.014342019800441363
-0.1890537401032868 0.759306302761968
4.541806204759696
-0.7640900931127999 0.6699188276169687
3.812944195448617
0.36002732034193713 0.5421032142122308
4.71176032162608
0.38100446987078534 0.3159880194759069
3.311818367666741
-0.6052802562814461 -0.9673458278340017
4.682540282227815
0.22394574757726032 -0.17383537855771689
6.147516984937377
---
18000
80
-0.8422336085357507 0.2426693264128382
3.9834122052593766
-0.9951956067110077 0.17771044200810812
1.3553837140634286
-0.21195641301965396 0.601810424706363
1.017859808420007
-0.7520506518790164 0.8481250201704437
1.8347541854277711
-0.40289967321545556 -0.482827857449726
3.4156014065145586
0.9768468564463663 0.8948089926319449
2.2997163791810715
0.4905542098682024 0.31223163342205407
3.6839600347287895
0.8712567843591055 0.20718818803823724
0.01069595461530426
-0.11646872597665611 -0.5003637169738485
3.8710474181881684
0.9845982005742047 0.9574020603754605
4.646808069442269
0.5532263119564288 -0.9301452110009529
2.574473742456104
---
19000
80
-0.8636870509243021 0.41574585869984904
1.6770373793188964
0.824605385220354 0.6433087203784781
1.633206677317058
0.49136592205193935 0.3542184630043831
3.5308707435216506
-0.9407983927365013 -0.6976084632072828
6.0755094958718265
-0.72543878848091 0.3694849428905451
1.2598658753217364
-0.7063091710470002 -0.2215015241887757
2.798972699415934
0.7604810882626998 0.383969233254929
4.332960016581805
0.6407364798153026 -0.14036901770057597
2.2404963252653225
-0.875952720992235 -0.647541989954807
5.415357335702364
0.05526834178913839 0.8898691191866104
0.7997236577811231
0.6233237356446104 -0.8637779126887549
4.732229507738659
---
20000
82
-0.8857450369186047 0.07077438183371831
0.7860670497382306
0.3444852809872191 -0.34604571891173275
4.7554481317685555
0.7120267766452568 -0.6455351300714277
1.5077455766998655
0.10175901771978585 -0.032759076746069406
5.319828806084467
0.08717396769970034 -0.675927747220019
5.580477448897236
0.5652442679249031 -0.13295124135826875
3.5476493484696645
0.16440258829356122 0.5248653521771967
1.9345787259175902
0.7782683673986447 -0.10543527572387346
3.7585680983526917
-0.04280294069985795 0.7638675342172812
5.5025698140577965
0.6257318121411717 -0.9284261945020584
4.802220641903456
-0.720320755745339 -0.20838159513688795
4.883652053441969
---
21000
82
0.2392587617648754 0.8968956883251619
2.1939133230781644
-0.05126778429717985 -0.7954960530500069
5.511864217824195
0.007522092493536428 -0.6209156503451048
5.956389986522459
0.30850551573376056 0.6009333208527825
3.0525642874640395
0.7483260861525787 -0.7180418486249638
2.640873339043658
-0.854290961022115 -0.42054633768225685
1.0913190238650063
0.3441942574429387 0.8988350246096696
5.34298843087938
-0.08598084357453814 0.9961653791577535
0.7145747572032377
0.25443311130067925 -0.4898276154446003
5.750763824548775
0.8792354750077425 -0.9015063703165347
0.7920427042934586
-0.49960555196200607 0.9312806489215667
0.9973792281700353
---
22000
88
0.7846645367298 0.9393587902029564
4.506167248609632
0.7335219488500905 -0.8794862160939567
3.1682580598882195
0.8344059685792825 0.9985209175880185
5.4155006234790575
-0.7971237209693625 -0.7857043286503109
4.468306222175875
0.7288295046067357 -0.6397147684396297
0.6047050105978329
0.41167052161371404 -0.20583763978648956
2.408371233424032
-0.30558716102218236 -0.22412256942167685
3.5355128823624824
0.8884199710962509 -0.6004314486572929
0.31889170412601686
-0.09472241158355627 -0.6273539602525454
3.0516861041895655
-0.512975292667862 0.36434956841943006
1.3888451396517878
0.21894562197434964 -0.5828189555268064
4.4849390617764495
---
23000
82
0.7440373067700362 -0.598932655605739
4.8866308516889525
0.24926205089082143 -0.9646624429272931
0.7478432714421981
0.4960509134598307 0.1802229791472869
5.797907717159482
-0.13932011000232708 -0.47445727133327714
2.682252826065784
-0.3641748209410759 -0.341097064116487
5.410530740453186
-0.22707677410012791 0.3069247630587784
5.816309222693723
0.7508738939635677 -0.01735884313846163
1.2726170499439773
0.3115820529518664 -0.3472536825950703
0.8596531959150919
-0.33400263983111644 0.8725318737737667
1.2532138522091003
-0.6723148835130391 -0.7019668698205228
1.8506865052204935
0.664147289207394 -0.6150464365179773
5.337621485194126
---
24000
79
-0.20714807368883387 -0.7137897025595475
2.684887632958625
-0.7399203483934438 0.8701694319249005
4.312175515289185
0.2493391977342576 0.7063232525751227
5.839673626500157
0.9828551306294585 0.5258505177831806
0.4853325021762691
0.23325297530043576 -0.1569454234073459
1.8644752576176895
-0.05650841467112965 0.1544309282801753
1.1276186658343634
0.8344765679005758 0.4344557485120599
4.519220863616942
-0.8853932174558133 0.6355787009437959
0.37687376883739443
-0.5902972418037851 -0.721325137190428
1.7010001066251856
0.8818531520895029 -0.3952181263924291
1.1501042094498182
-0.3727095566429381 -0.7166469005771481
5.421910148126266
---
25000
93
-0.010782026440985257 -0.0037618431239022573
3.259011513843273
-0.10113272262938905 -0.0844930528846026
1.0270862801511145
0.027397453092480668 0.54335038846563
0.8810567271879082
-0.8259678716927645 0.14564060980452975
3.1298667812257053
0.8479702417883265 -0.028283307714488278
2.125987182264531
-0.7569670244094474 -0.20189055424792998
3.3407596171347214
0.3267853052667008 0.3036281036522049
2.7393397271302566
0.6514891012952252 -0.3790420460517685
4.633799890088234
0.47378850839373654 -0.3160778853736069
1.4372143727999704
-0.12027167118752176 0.7548397264757556
5.698167396053549
-0.2397053381199054 0.40367205336041945
2.258232191338868
---
26000
82
0.27748048661362945 -0.08743263240274496
3.4650959110785102
0.3445115006637088 -0.2977310315604875
6.101785412683773
0.6378809002710281 0.06572712145244061
1.1193784113134946
0.6334499303105592 -0.8506785639651887
5.534045424438973
-0.21349073709883162 0.4534631865539529
1.6135993365947845
0.32539837187529475 -0.9250318287677751
0.8781504087984171
-0.7797172347500672 -0.3025685338655005
6.167492164937692
0.06906517949030373 0.06330341998068699
3.176374495667763
0.0301509755201161 -0.22799978862010933
2.8443033310108587
-0.3330468537348685 0.38490624109096644
5.383150888711791
0.3230868720288886 0.983605792204671
1.4162803273881366
---
27000
77
-0.083838084746419 -0.9345445247240659
4.864146278231594
-0.08415949615244722 -0.9200864847876343
0.8667738768094537
0.49392875989289653 0.49716516897155705
3.7621678952856925
-0.45015487504577434 -0.9302303591357717
0.28947152494300976
-0.01297116030494081 0.7850956236150134
1.3120664106934345
0.9497471935189629 -0.9927530765967489
1.811579564305005
-0.023649271098579547 0.007744046116608479
2.8165510157457376
-0.36617470865419743 -0.1262456747965114
1.2501815414945332
0.5022628391231073 0.6300896090988076
6.097215669234041
0.8787118913678387 -0.7355994257955102
0.5798238583756046
0.4571173392567096 -0.3610969573674187
0.7046465916130229
---
28000
86
-0.7249347554406507 0.04061110498313157
4.2286556152874795
-0.29092789632125815 0.26228742940254174
0.07899650368910383
0.2831437681002866 0.5612382328929815
3.343061898522084
-0.038073710304495495 0.4672249707491552
1.852747043683686
-0.009629154248926991 -0.015281757404380578
0.4287760096989768
-0.622821307260519 -0.33146719714062933
1.3745759563201103
0.1974979747897209 0.4752032487463933
1.323996835670803
-0.6852347382945072 -0.29086494551490083
2.359506778632185
0.204210182825735 0.3390008780081372
3.3457712294226924
-0.12968583338556597 -0.2649681952819145
4.6383621150163
-0.5223766237959145 0.2428248844845886
6.051405912847091
---
29000
82
-0.6368087973284511 -0.055060834123301684
0.2855880590996378
-0.6669494867361113 -0.2793824567341499
4.324633800979742
0.10918631099540752 0.23618476724563717
5.3758381073813375
-0.1592020876170953 0.4685357294423947
2.438703557481692
0.8608608587352188 0.21791773243688445
2.612420668750161
0.6801955924846707 0.5396313998942074
3.934844915157626
-0.18826728532112225 -0.5486907814886967
4.886200103409164
-0.10027357237002492 0.05411381197916641
5.717534899021195
0.8457546834798746 0.36761881622072307
5.1208636260089095
0.27597142868992086 -0.5798285867219856
0.1753278342744511
0.6981203107984403 -0.3068712842451027
3.0226753335154024
---
30000
85
0.7391908984522392 -0.2783933930185965
0.7014437255387533
0.7013736563971554 -0.16843487590812575
1.3175175536956836
0.7452867858687313 0.8937508036769868
4.085997640827501
0.46275769234747544 0.11951116507613144
1.770880244499492
0.9147159920586563 -0.4385759393938804
2.780063509966571
-0.3785484456219702 -0.63644683032571
2.294736176703367
0.43156627758303495 0.3236117616742543
3.5498223160705056
0.9468843396651526 -0.5840928433103062
4.177852741744611
0.326165703852989 0.6827237237145866
0.5427543454870885
0.705114955295018 0.20126094706851988
5.458473567373369
-0.10257770806231176 -0.3224365902737833
4.476811571584346
---
31000
95
-0.5189746477368311 -0.10119689578217186
1.14690236275738
-0.5529097952372249 -0.09434283294724236
2.487054600382475
-0.7012381602820421 -0.36051198894137704
3.315274277705993
-0.2220639955735888 -0.13546260050813808
6.029077834317621
0.921215050745395 0.9487211719052973
0.5394952970382842
-0.3026259864433649 0.6698307791934387
2.574760307078834
0.940155401560657 0.12040749458877406
6.124971218450404
0.2004108852246892 -0.9890194575175324
5.677600446602174
-0.8367030447592299 0.6699694100655615
0.11459002996552137
0.8248747205381568 0.7330674229084575
5.268494360324865
-0.05571389786918533 -0.2902091927526191
1.330134686311017
---
32000
86
-0.16652038917461684 -0.6934975385508694
3.8430780276118472
0.13640270016862407 0.6245756830344058
3.499633553829452
0.7798586620659531 -0.8300750652708324
3.1016439761261694
-0.17644379406697766 0.18973766144929421
3.4024404380365514
0.22424175021479398 -0.8002120879666537
4.167390388144939
-0.5789717861777944 0.014219995097665476
5.666813019913191
0.5104373475980655 -0.9097054999252958
5.495497379778751
0.8278110771736532 0.5251684533847508
4.052124165762353
-0.1797304988019207 0.6318798797305539
2.7503121040203826
-0.9179156865358582 -0.8094806548475605
0.021437585969966477
-0.36974447694442314 0.7167366143723276
1.2953669576612246
---
33000
89
0.41118901789088336 0.26038193710344537
3.1814596258735954
0.4251309273505547 0.756177168331942
3.652927872909525
-0.5206471160531568 0.9692420164499316
1.4349807109164612
0.837695303240647 -0.16799901994073776
3.127630118890294
-0.5161129722161371 -0.5652065933817024
2.914764087704779
-0.18649373682167136 0.16378742775646085
4.249418083606085
-0.663163843358329 0.8194750374229659
1.022802452179195
0.49316810711122055 -0.6179933834349516
3.961843884519288
-0.19598323356038808 0.2211943358745842
3.1931417782643523
0.5849604260309088 0.08972191751516899
1.3984792096967578
0.27982401337342105 -0.5709028320469535
1.2159258418010124
---
34000
87
-0.2876978311655709 0.6074832305797428
2.2251496546381615
-0.7565350455482274 0.8303692260309293
4.14450151787582
0.15667959205878496 0.6344098884918687
2.058971895220428
0.4326279265911529 0.6328072072668414
4.147681049310066
0.8020455333837154 0.41347671513455214
0.7083729744296017
0.3627219627676362 0.0952380627295334
2.8767483704551857
-0.9434228733850168 -0.9928123399890307
2.8524092405311396
0.18620578807327062 0.2140821591157684
0.9881540053449109
-0.12349219475709242 -0.022238748194970872
4.646520525788786
-0.5687176501714429 -0.10256792592208622
5.2660566942290465
-0.22622244855325926 0.7009517804628306
0.15487233921420884
---
35000
89
0.6514743017052269 0.49434140853438846
5.049941886102704
0.8345035900078248 0.4735079401604794
1.8739329406991123
-0.4431641735456553 -0.9344937705319074
0.45209226900274313
0.8683079184155225 0.0184852960612301
0.4181969889041701
0.030263997655583224 0.46945317271365183
0.27026843143465307
-0.4793487430008413 0.7945136890983324
4.547357037389231
-0.6101766078074863 -0.336986981732574
0.6378298055780509
0.5348075495800646 -0.14938613450904487
3.5427868527082786
-0.17526304070089715 -0.8793184945248325
3.109443744142875
0.828013638699293 -0.11233955865184073
3.604842727786629
0.6444427294892475 -0.37267883960729514
4.874765788151951
---
36000
85
0.5866817197832366 0.794228722787636
3.1085167275041865
0.27197480478149694 0.2996552589556494
2.3184297407808376
0.5020669108223654 0.06837675907445515
4.607180929221006
0.44553246676211894 -0.8550791734538181
1.3479891676979427
-0.23483383567433463 0.6311993144654539
5.193942514337755
0.7613131740249651 -0.56656774131422
5.6848093895508125
0.7233590516434562 0.1470408023016811
0.3292720632980135
0.16107810632721076 0.029520250125707376
0.9210208955371444
-0.9101848875773596 -0.9735698635787922
1.017599807291556
0.13081871890724045 0.2768180188506751
2.301609279774497
0.8954647196471418 -0.31769313816327355
2.6442718970475996
---
37000
82
-0.6974434579491272 0.021700093264533083
4.958123516039269
-0.6111221737565832 -0.056416326708479195
5.912381069829061
-0.4157832266835893 -0.33235451401154886
2.1163800879939814
0.06129161160524737 -0.7494492788048641
1.296854061552093
-0.767955645347268 0.005386406612901597
2.4802571363144645
-0.1956144796421656 -0.9337549773583399
1.0020776753122442
0.137194435936495 -0.34612950827559374
1.6955397800778949
0.8854669117313314 -0.3743226513932349
0.6594666363718922
-0.20249314088203982 -0.16279055339293677
2.234473404173337
-0.48635543338967346 -0.9360139664438712
4.424345072578492
-0.7350784451909539 -0.13645297448781385
4.331192966234211
---
38000
77
0.37326301739671763 -0.5351071508106875
2.7505506770842323
-0.7367529069830616 -0.759322510131871
1.0050899064056544
-0.8767177733480703 0.34813742527943126
5.82722928990616
-0.024559774788999744 0.5437262610641522
4.325053637199676
-0.4045933198165832 -0.7307057310314462
5.243348936193841
0.027613669907082097 -0.43298359192782104
1.8630947024730986
0.1250723927547948 0.6090721434504908
0.20794373135612432
0.302619798631635 -0.6178693879831328
0.1346349409801899
-0.5375205655738157 0.3636666945449851
6.029838892155528
-0.48713222985447885 0.5717173271569791
1.1659221580661088
-0.08543955942287561 0.4585185862899198
0.034800266905818056
---
39000
82
-0.36878676791972353 -0.6776343520884951
3.969805182595822
-0.36047811723505374 0.9345661733414765
6.25111800704688
0.09381105315973398 0.11399514706937432
0.22163698157975542
-0.8226934193548985 -0.30504641550026634
3.5428813399641195
-0.0010120915789336195 -0.8870327923946222
1.1229085530025325
-0.11979616620891301 0.04321543293137521
4.41369754295121
-0.8736697097682328 0.32744476867497774
1.5780134862609927
-0.9137277249970407 -0.14680692487669048
5.312109220045473
0.9705954534542933 -0.7150101384921248
5.788633901370764
-0.9905549750178915 0.37646524887709876
6.232246537034275
-0.020983320925409662 0.02703939631534398
5.898114310971444
---
40000
83
0.4421224580708051 -0.45025950996639375
4.300107007756757
0.05051764608256616 -0.4103128309894478
1.6259438598291256
0.2816542903926368 0.7786414250145811
2.399256639704821
0.2901257791418275 -0.6338591858496501
1.1673629187532777
0.20718984551549757 0.5395986633345281
1.1107708343297578
-0.4820257413927376 0.14108432201136528
2.1160761736713702
0.14395769208241221 -0.975362525973055
3.081348298479936
0.4969391174839412 0.27687822473447415
2.0415144226137336
-0.44435685481729637 0.12126901892182972
0.4751752012449746
0.726082051350771 -0.6868014349758865
0.8192496812027237
-0.9912415202590525 -0.8016967652898024
6.056869928095049
---
41000
88
0.5610506056174925 0.10986569795084863
3.2731472401089237
0.837205794730641 0.24088439327547922
5.46828993988251
-0.889131303437908 0.33251077320149397
2.0588791244601685
-0.7250351868124622 0.7611902142303597
0.5781003442662502
-0.5572311155816785 0.1150886445345244
1.2073034069452024
-0.7706238601328568 0.8365450432836333
0.0897033483581291
-0.08676679992941166 -0.3737025142459962
5.29493932433005
0.9659535892658961 0.8610572862192416
2.000926854964991
0.7745129669532429 0.17768060214971423
1.2181574071362835
-0.28042398273190183 0.3002452482316086
4.114382722924592
-0.4022683455425816 0.624986615843803
6.068080388967076
---
42000
84
-0.8960367366383521 0.8947156770424143
4.907718486291229
-0.7071756084560018 0.8843157714858445
3.8062113188932667
0.8450623768644164 0.7608190831886458
0.22135540631742212
-0.7291325272703941 -0.7629178862166786
2.2261476021593207
0.09091087091894157 -0.5886690583910515
1.2948071081395778
0.5448267265438805 0.3202401106068641
4.432717645737744
0.753436370188958 -0.5325290628553765
2.182429516407237
0.6813959455227951 -0.3377355999481665
3.7807923409968565
-0.30325416422760465 -0.9211910961639783
5.26027882935826
0.8043808352257702 -0.9821494223349427
1.4805483775002637
0.5110514032771367 -0.9604543830248086
-2.890006269182743
---
43000
81
0.5695023737955764 -0.5847806977286117
4.5347538147718875
0.105427328476346 -0.27709376291372007
3.4663545112965277
0.9912139272272645 -0.7755244454472223
5.337416566222483
0.2455585273343166 -0.21018853544191754
0.6013783836981439
0.8137020513825908 -0.9797786107322832
4.6778790949471185
0.40356829055811483 -0.5498591656652962
5.845630114440919
-0.8213569321004373 -0.028820103107514823
1.4563014848580167
0.3589092352287334 0.23258944862313827
2.958960012185101
0.26908540904987166 0.33174825370895644
2.576781330261314
-0.7454033551433875 -0.8445170669691257
4.315285183840984
-0.6348947152626898 0.1619590959334655
4.994176700656235
---
44000
83
0.7058398074490977 -0.642794527179895
4.1729827085765745
0.5118092160108213 -0.6092084595649643
4.4682839650081405
-0.8791611658588074 -0.8965584754744587
3.2279311398060964
0.05536157300526196 0.9270790008461232
0.9624819127144857
0.2755861550471378 0.03360150126466783
3.53543104720935
-0.7418368694900821 -0.9490146190559663
5.886501170988203
-0.16935034993466208 -0.9958852788397534
1.6065839621728646
-0.5195893588415813 -0.17140716879878543
3.3058891005298383
0.9846079834679107 0.05047804145597355
1.6898220404970985
-0.2072840238828696 0.21993550425957709
2.4876738059807266
-0.6209708629668977 0.8884475990166941
0.09503144211509966
---
45000
71
0.603563356880715 0.32029070063085335
5.672435996134977
0.4472178059995153 0.27975686179839665
3.544466501901635
-0.7702057924455169 0.0311138166399242
5.029203848961049
-0.7521454527876754 0.5066569778844416
2.3754760450776677
0.5992752094744849 -0.12351192083019649
1.581820575080374
-0.9393417283093609 -0.6532505028185528
3.4593489391537924
-0.22372205939640769 0.3693694632949021
5.083404454417019
-0.25766475331840005 0.2330202683655618
4.9315285887277245
0.792748588801615 0.2535952438951759
0.9147345322749665
0.578815540604492 -0.3994307120138181
0.7072573353123666
-0.7105764920774522 -0.8348518974942818
6.019618202351315
---
46000
76
0.1585008125875878 -0.6078171552591709
4.014444644384968
0.08855956007066412 -0.8759048779721901
2.352953414666297
0.42860195792989325 0.08894263394109249
2.3644224779075387
-0.13225036059001574 0.5844101831761771
2.5529260802197413
0.510832230867536 0.08715309780158056
2.7560388403298655
0.1215357540327585 0.2123944826540542
4.618712611002216
-0.1338005561112532 -0.02283637246064763
4.1664787866066995
0.8074079621533764 -0.4226218617517826
3.241051491413142
0.31791248605462835 0.5071418862748585
3.601211037156471
0.5136720899895084 0.49873002478397144
0.19895711085491374
-0.13078979159508802 -0.4561412037716249
0.7991919121625717
---
47000
87
0.9242062201551652 -0.2317437269904746
3.3361245505111246
0.9756660754244637 -0.16700834186198554
5.3067211725802625
0.18164255061497228 -0.7293716490955457
3.5876473908386686
0.8662233697749436 0.6212248144573239
5.779484203412912
0.739868338450621 0.7068349238841064
4.931580531601958
0.8580082975380721 0.4651724137120478
4.52135121978927
-0.5818609130941921 -0.22628089228810286
1.857900951258082
0.36849160656660535 0.535263250448745
2.871107213104625
-0.6636633491285097 0.8256923044532688
5.288727056992102
0.25656240399022573 -0.6853586327144923
2.2495188690087575
0.6369305175828117 0.38479667893623354
6.010663865283444
---
48000
89
0.08171392607922173 0.1806389440707784
0.35364100575753454
0.24247123933773773 -0.3676401092797054
5.727527446261057
-0.4217121321722959 0.17903797190879708
5.27918184163597
0.5316548411238374 0.7858003167378533
5.827837827673642
-0.4599141445035829 0.16220632363330126
3.1103223345030884
-0.7754609413883716 -0.6461518649657898
3.3641892851138353
-0.7418939594314372 -0.5311013565447364
2.7420204097859706
-0.12283893153239399 -0.10508755716766302
1.421595224477091
0.12617528055494165 -0.43511212352044304
3.0696230550812604
0.22726383957729077 -0.2178146481363151
0.14703272700575365
-0.26615355188019074 0.36659276991776374
2.3320058085272724
---
49000
83
0.792358931367526 -0.6507724939369076
2.7636832306411074
0.658486769644651 -0.8042722133900478
4.307805851890611
0.7145912753542936 -0.4228510709234037
3.566266956474739
0.6305444047843802 -0.24711802275557174
0.7833436242630745
0.9769913260766532 0.1360874563681734
3.362231420254785
-0.18429771278641915 0.9349877702745396
0.09568518279564397
0.7087459765357373 -0.6535393049066182
3.3027494073317065
-0.23189355215984084 -0.4895351188253899
2.0174896775991504
0.18719961599990922 0.7691536166982662
3.9187010702633653
0.44162711888342776 -0.4517423217585055
2.2572606800202637
0.23881840292378556 -0.7629136953611235
1.7271609090286821
---
50000
89
0.34934361489500104 -0.42178410578218034
3.1374414193557447
0.32231471990519434 -0.49187779027927236
5.5439781944570745
-0.16168104772705955 0.47444034294923654
0.1218807747686137
-0.8273825290823245 0.1964853646559905
4.589608108998498
0.15404410555597658 -0.2031090195967706
1.6626653036909893
0.4999669644114279 0.721351905599402
1.4880414660592827
-0.05257586218359295 0.8380450728671599
3.221152652189514
0.45126281936814644 -0.5902058334672646
0.11803713919136616
0.9655298030480213 0.46778365381162135
3.26853601519968
0.18808945359816084 0.2970579641016824
1.4927969805640595
0.645412056547096 -0.5938424993949052
1.6343779137155066
---
51000
83
0.21159157653622973 0.6991933818918228
6.0953913522495515
0.3692889016011383 0.5995608576039496
6.161553693603038
-0.07069112918855212 -0.8530270447639019
5.719218953958851
-0.4981789653407874 0.5823032432192897
0.5033714276226933
0.6528525082143427 0.03515271843411105
2.237455045371573
-0.31565047650975225 0.2654647322532003
1.5205496437152792
0.9781070761857458 0.039162026365845384
0.42983085228512596
0.8631934029731912 0.9216093408689005
1.7210406981510928
-0.5781853927045913 -0.03637377962080068
2.090817077366385
0.1878077559395971 0.7242709082262873
5.441643311262791
0.9950623577960965 -0.28812916181181103
0.2271787336437745
---
52000
80
-0.004656995925275291 0.5751723637814977
5.615628989981459
-0.7531012929687209 -0.9938309936073313
2.0897375111559704
-0.9830511404191977 -0.6425790363456012
3.315807954655729
0.8159554617079584 0.9928880411651806
2.0553285639901766
-0.1274582243627108 -0.3398769561753746
5.593479318896484
0.6982636610098675 0.9107083686125544
1.0447925472982735
0.8055734780166308 -0.5615455111321948
2.6984097624778487
-0.18111206182038977 -0.767220335799685
0.4117131160448968
0.8215906402098851 -0.8627420285817354
3.8733698991578196
0.5584506638695944 -0.8057233824742026
1.1701952044647177
0.9167732123785642 0.4098597758400548
4.932646621821217
---
53000
84
0.7175363923455162 0.7744493329254633
6.102346277838949
0.7381484336061866 0.8073027007984329
2.227448950980559
-0.6838384767950245 -0.17388626997048542
0.4923740296771397
0.576365025387235 -0.22729969199494007
0.5384237859856018
-0.042916953776362565 -0.5231371420220777
5.787110279020628
0.08684982978053662 0.568527161288054
2.3861793559261866
-0.9191542352271328 -0.27560324618701143
0.9318827399543048
-0.3886555733174474 -0.48245892227708287
5.900736388875801
-0.4583813852794732 0.5420652190544802
5.347456792410057
-0.9152565618899514 0.5885285949251782
5.9187053024758365
-0.7895089514435657 -0.5049686726097722
2.528727602621128
---
54000
87
0.12973156776872777 -0.9973996903901656
6.038638896115844
-0.029837798342717853 0.9614078000375067
4.463615954882704
0.10692352183857887 0.8799797941352049
1.81102414950064
-0.5203184882755001 -0.790442750993179
2.1742845964984365
0.44617834648304844 0.7505110417748998
5.788655296623139
-0.01945754881481824 -0.31247054406882524
3.960872049671475
0.7855192446774709 -0.25482000031693613
5.33961319303447
0.1418268146999825 0.8084753883875114
3.5619427729803634
0.5488416466475338 -0.7948904582077135
3.1142573415307684
0.12680382436915322 -0.3369574813784781
3.276846111980846
-0.3067294154124943 0.2846610446129928
2.6700413660188502
---
55000
81
-0.33194653235338006 -0.5417319381508818
1.1758195239400269
-0.5748932962369584 -0.9062059754722267
4.687401100706632
-0.9713091590938955 -0.7279715349034196
3.01951564726693
0.3836341692553472 -0.46924873594480626
2.3299858821741584
0.8963535648914376 0.7634230798613338
2.4152046408181915
-0.03638858607899845 0.3404179505372278
5.471019987100726
0.3557318275127652 -0.40482312477107324
1.6183087562497613
-0.1233941692794304 -0.5970339509920529
4.8222395725450085
-0.8896119257009255 -0.7579922423145679
1.0449765233719832
0.7621558268863244 0.9880189460198521
3.4978087643919524
-0.22420265544264112 0.42552262191059637
1.5006715788705796
---
56000
88
0.9695690706950588 0.428688407663024
1.8322263065607203
0.7964917601992614 0.2767981757960568
2.3917745108659245
0.8147791370597701 0.4780316432575175
4.966276149227279
-0.11611963938136377 0.5440769563487525
5.31934497141762
-0.9187049837053766 -0.9636948979293167
4.685913952262506
0.4005357847377994 0.6782886418081138
3.581428900818552
-0.094963187199642 0.22053087958817413
1.6284958031415213
-0.42068443647006826 0.7586280020576314
5.387937620815258
0.9532358411093486 0.2350118239494361
5.543605780464453
-0.8589541222471193 -0.9233840615540001
6.219568145276867
0.03801942993296148 0.4860396932302571
3.860615184498914
---
57000
87
-0.3625156676216059 0.40144071913109347
4.777301408686724
-0.23088891516859344 0.2562675923899424
2.894712552779813
0.7189558377078283 0.8525774134575105
2.842848386732907
-0.7106458138671681 0.5760194520363681
5.779813910913716
-0.048261496988516714 0.5926858905247399
1.784022368079289
-0.49866663797835864 -0.24928130013086158
2.3737556462017055
-0.34820544447325724 -0.4942317453750586
0.6259983063333125
0.8646229818595067 0.8692320190151996
3.578729110095389
-0.3070893421433445 -0.4012827651256081
4.323040213408311
0.09456475965688214 -0.9710785288298756
5.896386379172664
-0.7890746795725668 -0.015128144065811758
1.0065489320244616
---
58000
82
-0.27741952000422415 0.5061976461835054
0.13391823936887418
-0.6519852669442323 -0.8910608619208413
6.077038054694814
-0.40238525781746437 0.799074735751379
1.9664016640366064
0.4944950715823699 -0.5985852573333259
6.247258703359564
0.6324573206536008 -0.6456085220850732
4.583307674403325
-0.21163048041775717 -0.3015434236401644
0.03939172245553557
-0.04700270456875308 -0.161293734032043
2.6018901478325933
-0.30381383779027016 0.13771561653484396
4.858511777908839
0.6655493813882283 -0.899733139817367
0.2264054734657721
-0.786265347613284 -0.1578811279734472
3.176618340250065
-0.37306879385905845 0.8309135298462018
3.3733388126157777
---
59000
85
-0.9100345063519233 -0.9035939278354069
4.580718886090284
-0.7803349072194002 -0.8381741136734937
2.223273624665179
0.8219278963267794 0.2705776644471737
5.416221798150931
0.05400099268056919 -0.5782992898413611
4.080725253505701
-0.1686152841942422 -0.2984335216746825
0.06536068545667462
-0.028455315553408723 -0.48604158914230666
3.8788858320480974
0.9600619959197247 0.9597339788183943
4.465749502001795
0.03755983196480318 -0.10707104370411617
5.1501523864193475
0.9867175373676018 0.8674996473124863
5.9339600034996804
-0.9056199209062723 -0.7403248858703745
6.249136094251596
0.8505471536776154 -0.7126064610561156
5.173553162351397
---
60000
87
0.7555599262324466 0.41998084281450737
5.573271964354905
-0.998142746937203 0.23848386659716533
4.127567999832832
-0.3368451172347358 -0.7838880508678912
1.0746524104588637
0.3241454908245149 0.7708256853177973
0.05880166039657908
-0.0799793223179581 -0.4024904435515489
2.6220061435564697
0.2932758370587654 -0.5989790248247591
0.950310855314421
0.15523036324655318 -0.6800478573356836
2.4080058573389502
0.2955048419957473 -0.4766809567227776
2.2295189402217384
-0.10337541081041807 -0.8892077989877576
3.8514057401274364
0.014466369792288068 -0.5748689900832485
3.4907936379598485
-0.06654402724455728 -0.3189115128216614
3.4709835963703286
---
61000
81
-0.2253292298345785 0.36072823534009
0.17913776364941444
-0.40010003101412744 0.4024724387905398
0.9586591210893189
0.5560307762317857 0.8521147637703806
1.1225959147195548
0.4309699855322996 0.9760817066609102
2.047630714823666
0.7529196060114066 -0.2084273357736658
0.4903849627694079
-0.7626996861584311 -0.8495728455503202
1.5802803330955184
-0.9650074305374003 -0.5032589509048058
4.429941829697242
0.2156560972675855 0.7628981508434836
4.389893701629201
0.3938318087640484 -0.640498387822681
1.9827582802930461
0.3675110031069525 0.7122971966000333
4.030570336701997
0.7523533934675463 -0.7853630535715891
5.250709887221621
---
62000
89
0.1025598042164666 0.090768188918843
1.0810751840522772
0.5790810519240176 -0.2978122170012898
5.00278377236826
-0.3945483459887393 -0.7686836609594397
4.346947908928904
-0.6127175846652375 -0.23435767490527493
4.618726294104407
0.10347277685994483 0.5588026695477483
4.076924712651188
0.024727339764042604 0.35604312698972296
3.9762165402200234
-0.3711342541252052 0.5761614405975743
4.389984725151753
-0.9588376662296872 0.6182736763152624
5.732587283766303
0.20872927762219518 0.4377634957108361
4.537543171519225
-0.05645461298656395 -0.12909582319566726
1.8823443795047483
0.7267635977720073 0.6605422694051065
4.451682696333583
---
63000
81
0.8453042789415249 0.23378200941045774
3.9586882402120565
0.8157064252760566 0.3900794770813782
5.974581600270673
-0.06910354806573678 -0.055550424000334664
1.3042469704972364
0.15354666456502802 -0.9953112294199487
4.1770986041838265
0.5251411886105941 -0.18169631221646543
3.6678196431099677
0.2651315569976348 -0.6501059801031791
3.093163123981271
-0.15457327967250512 -0.19490518078079166
3.7236636235888803
0.19380596143540085 0.9019542101672071
3.9428439365345014
0.6089934614364594 0.8094459531463927
4.241225098990251
-0.5379718738174174 0.1246736195764625
3.0408646114426623
0.2203367861747117 -0.5120247275078077
3.0707977030425386
---
64000
82
-0.8685586147304097 -0.5064027657176634
2.1017037500486264
0.884926666752764 -0.522389944142692
1.263044087508245
-0.9693613140855933 0.023940670173265316
4.325266221785259
-0.5034093863033722 -0.16345875864438797
1.8193681027592206
0.9510502478434164 0.8287406060970887
3.4730236991857906
-0.21716369845271544 0.7327696538387944
5.831443818430127
-0.4287900631271113 -0.580078693938206
4.524406961042841
-0.09941387472226201 0.6117364143914115
3.0582120485957827
-0.9799796003657859 -0.843314710049318
5.03501462555206
0.1404663119259258 -0.5199744771182038
2.317178899225614
-0.20609410982865314 0.969416251935276
1.1446160515323482
---
65000
86
-0.03585090022680222 0.4366715988018442
2.5252244740281142
0.25626066566639916 0.07138507263512389
1.7471696671730035
-0.5388881703343582 0.04848471381868051
4.301488660490701
0.4044355270230035 -0.4530498357788547
2.2294605647837944
-0.26694887887130037 -0.07818379573943773
1.7001996276553912
0.17982086998746027 -0.09502178369892805
3.11532083894335
0.8753173238817671 -0.5265210666961977
1.2512089710457417
-0.13086898792281346 0.767941561770616
5.324307428396979
0.2665241145283874 0.8463328213056246
1.6244645924995025
-0.8638096778094254 0.4369288209499238
2.454132663697928
-0.23943158881198706 0.0728308844531392
3.6038731755100697
---
66000
79
0.5621715411788039 0.9607799480026037
3.430664376588816
0.5840085989077791 -0.9383030425779607
0.998023976355749
-0.022455945809531138 0.749517732826361
1.3269790494401121
0.8377442906208904 0.31447367365941814
2.184855760984152
0.963983025135774 0.4900147492402279
2.9492895712412723
-0.2735195076307294 0.4838630317034684
0.03813756470505858
-0.26028991973520055 0.5813959782895212
1.3109942048626246
0.30846693855956453 0.38200711264919984
1.1688573728590477
0.9935786495749143 0.041414367595416404
1.5255606439275358
-0.08487814478673528 -0.33408189026993
2.1009504672494064
0.7472913383809312 0.03680487509215945
2.0288807610461275
---
67000
88
-0.5840487989212275 0.7228036755619608
3.316434674555137
-0.4535158413082925 0.5226937397233157
1.5757865399817623
-0.44397666521349544 -0.3697376021126778
0.4885306015440163
0.19147888588092718 0.25053995134829776
1.0522920603910852
0.11800882028494322 0.5024657443348383
4.095626204077748
0.7958492879889724 -0.8475408908995579
2.5645584845840386
-0.6822522754927015 0.6032529490598905
3.14197762705947
0.9109155770386028 0.449144511224321
3.0208604923134414
-0.8631267028723093 -0.058451755353941204
1.2833910946464506
-0.37292571192190277 0.7555625302398026
1.1508195473868579
-0.49181201733650776 0.7226742187237918
4.407919496628404
---
68000
73
0.9947057673576112 -0.8503954592763162
1.6029056025190973
-0.9341220652552383 0.9084515881801934
0.9057227961690293
-0.24112190504863817 0.7430372581573197
6.195318111154912
0.5617592075217821 -0.840367262559166
6.142410766804943
-0.6779466340175135 0.2374004352543329
5.82650785807281
0.7966703978906333 -0.3880852278382178
6.127313720362973
0.7375805071514141 -0.15167660818541254
4.9618748693783985
-0.671113472315786 0.942522177917797
0.1704806597041726
0.8660436501293115 0.0909763790200674
1.9312489109542579
0.16728401347145444 -0.5874156181634396
0.6440219155510505
0.5446664526889364 -0.9072450888127772
0.7633567264953092
---
69000
75
0.5855951430296549 0.48704196526828625
4.949143787145133
0.5526877669813449 0.4764457181275072
0.3849739393813314
0.27195427208585116 0.43838972635779855
0.8860417441447286
0.29285832662882016 -0.3578871358243251
1.8633481026898107
-0.2625854975500218 -0.3921741580653342
0.9756640695102243
0.47207445671429255 -0.6498830269858763
2.924192631720217
0.3148526115856488 0.20091307600544975
3.203676744447642
-0.7268892941988543 0.30735818191147246
3.177473052650784
-0.5527123975888004 -0.1820285287829954
5.4239959005493485
0.11767135648476329 -0.32367673719079876
0.7256120031660371
0.7695508556453513 0.5159953314774287
1.8298292692979858
---
70000
83
-0.6045233442869865 0.937070421471857
2.9475978959391127
-0.506441500400426 -0.742698322173483
3.9574927092372327
-0.458088985107036 -0.7619471026257775
0.31639688522685283
-0.28099121007448963 -0.6308694809433719
1.6906914698367679
-0.1816673959564623 0.29406188073509176
4.4095670467785695
0.8809636402617667 -0.4074848077038508
2.6670584956909202
-0.7571671321915779 0.5491086974677761
5.002573741102696
-0.7898681915371064 0.4771228277157118
5.802524307522087
-0.49610667867247626 0.3411480902621236
3.2340724814677015
-0.5854648957569284 -0.9614145754592182
4.9010194058723995
0.4110203204319051 0.8324012152576883
3.2151098886085467
---
71000
94
0.37941902827920787 -0.1663801700300402
0.7342523226017608
0.5464034734185355 0.8935231415744634
0.6007867434905698
0.4327507648954121 0.2786863178814397
0.8350332485805989
-0.26642262235483094 -0.22952010821896662
2.251301360298476
-0.417799015479831 -0.24368825283491957
6.028629853916455
-0.5508710811006277 -0.45932584355669115
5.538458754100543
0.3665235976661797 -0.9942726056168583
2.656455537713134
-0.4491262426437306 -0.22513530842194304
4.480538786042801
0.5300655481557531 -0.6192853781774604
5.827134851562558
0.3294260234853229 0.7008836030869221
5.288138608254299
0.8581904601640447 -0.3582530070589117
3.9610500950395515
---
72000
86
-0.9884380096610319 0.9714515169544131
4.399615569301543
0.958780601685667 0.9693946509333484
1.5790410517797637
0.5461273746725627 0.19392536684400327
3.421712257296651
0.3684536472896701 0.911291294759634
0.0424271687895077
0.7907299730091284 -0.2765546717258711
1.5615550796572464
0.7304343344462954 -0.5139704576768245
1.6800123487499736
0.7978784031982972 0.7215339037147984
3.8883028708550658
-0.23868654696452324 0.20452246626004011
0.9233694541707145
0.20972448097601934 0.7193262913417449
3.5716501090203456
-0.6047041214606068 -0.5421740492299942
4.406594166910963
0.556325714549324 -0.9040656716884069
2.162847079897137
---
73000
94
-0.8807141217721403 0.5354195253745143
4.135247614465477
-0.817945983229357 0.5575049713338568
3.4927562782164667
0.6552451614764251 0.5403233010456837
3.738569171610872
0.6956926283442246 -0.7018399846497692
1.0054218274745441
-0.7388739446464035 0.8469524229331669
0.90429378488352
0.5842411758132083 0.010315123015097932
2.7603451360858706
-0.46767310527469214 0.8944958030886911
1.0402241753811685
0.5878713978132112 0.6367874019384726
1.6123341558046365
-0.7611415522008371 -0.8408154022527534
6.104641070010361
0.12083153942706384 -0.8333035653397051
1.0228469913626315
0.6811837632374362 0.4727130755114158
2.8063876115974384
---
74000
84
-0.5197840008936914 0.20743583546496963
1.6774897707339065
-0.40218291602073986 0.0707475778616801
2.6616778238478576
0.2648915943796484 -0.5961522625342782
0.7753160557939154
-0.6791215528577429 0.8925229553607955
0.22590096455327568
-0.891950894215947 -0.6374879131652114
3.263080226495589
0.24936769909956732 -0.8383240430689981
5.742754503058572
0.7194420788041376 -0.13840085864377571
2.465252002600371
0.43704921231269156 -0.3944249215352561
3.2764611805909
0.9283785295825387 -0.44532159510825015
5.206511579251352
0.9188025502650567 -0.5750016093495408
3.025333577890658
-0.43952124932493397 -0.11981383679689873
4.1905606161586135
---
75000
85
-0.4513190344390071 -0.09715979628899059
4.77459709880302
-0.8867224972109605 0.5020642178165858
3.923921585684278
0.4110065924815418 -0.812818936946859
6.157389672170775
0.508239815532523 0.04293688311374583
0.19803458544343666
0.7564852777084712 -0.10864348853861935
1.8784746403204995
-0.2206075055160844 0.08402286098738398
3.0558461487574693
-0.8465367546248249 0.7272432617603144
0.8335583511893896
0.9792934803715645 -0.377003000733015
5.344487660284952
-0.28028903872424804 0.47140673201052397
4.756325022746183
0.7243408182107065 0.9817797826691926
2.4053004589985925
-0.020756845771906902 0.6468842726662265
3.844180833061782
---
76000
86
-0.12376440602599675 0.748264719356658
3.1927780155591625
-0.12214871839609147 0.6076837053792191
1.6416278830137125
-0.9745004574653598 0.8734665268051867
4.460996650099256
0.3881212771477711 0.4917073220612129
0.15959352563834184
0.3594085968446478 -0.9703649843204618
1.7595741925286008
0.21520709442137714 -0.23261152128396753
1.0023434570624161
0.9781694595912462 0.6903852626281151
2.909308485952053
-0.2965452490512017 -0.311221830781184
3.6266178905369264
0.24283510035963393 -0.011494400939552757
5.129279771544372
-0.8873731776381517 -0.9416870887200184
4.80213158524981
0.22904507445319555 0.8147582908279494
6.192557442453639
---
77000
85
0.8515117771979832 0.11386396385386008
1.0390909914923094
0.5436284795915696 0.6512393016075758
2.2363151453147943
0.8027766293789943 0.2330470259935899
5.473520434361886
-0.39265044904325785 -0.4112409257773353
1.0999794182186342
-0.6382208002583327 0.4819442421933243
5.30629909756065
-0.21811002478042812 -0.7824207816845279
0.8500177257834274
-0.4358211519647972 -0.016813028352577943
3.323188907717962
-0.36364831789660135 0.29762113170405813
3.1637616855366355
-0.9988448875431567 0.14895014887733865
2.3145582895124797
-0.2917549007005282 -0.31363432917938217
4.257040581204716
0.1296075662612886 -0.328943274799363
2.2440081261435676
---
78000
85
0.47892363304802066 0.9902068201060108
3.2799188919254636
0.5447589178441034 -0.9450945159453962
5.11745267923069
0.662248732463321 0.21121995747437944
3.1572003940876563
0.18064733427074783 -0.5973046475273416
1.8089091986418628
0.21864010402978679 0.6168994328011651
2.9444046385487574
0.381297521073273 -0.5971596408730518
0.7458681365192392
0.35192072742232083 0.7828363785596659
0.4747174446007323
0.19958723363884526 0.21401498827260876
2.7409731585294432
0.9647208151043456 -0.8982077181188093
3.771622900358154
0.047100268467758215 -0.48353290653996867
6.175811337615711
-0.17024603329106477 -0.919438485602099
2.316175337805639
---
79000
82
-0.5893501912943364 0.8058756377024288
1.1917852778829965
-0.5910244874631859 0.9068258015088271
0.9624066316686077
-0.5797183796361083 -0.5870568338747817
0.7387285718701717
-0.8397585136274348 0.7841855315074596
1.8109267068363222
-0.9385493761927947 0.8889846646690042
0.8957872180972499
0.026180192194459655 -0.6203506844983655
0.1245766876740575
-0.7051750924583955 -0.4240177023537907
5.606209080693518
-0.3202895750967317 -0.11774061822850314
2.9744117842364526
-0.5312183357409573 0.9683125264131927
1.7520733444996504
0.8309877866536376 0.13669551453285758
1.9459671912090455
-0.6082743660207699 0.14139229499213765
1.3429496284428248
---
80000
88
-0.014409417227334364 -0.0877387266171471
5.4175957307393485
-0.05479771047180359 -0.06078372432347726
1.9086300332068102
-0.2601427752042866 -0.8683745028417469
2.158942099477999
-0.09712295528055243 0.30663543265949683
4.908626189901553
0.08374197491805213 -0.965995709063965
4.710852919527723
-0.2935483613483461 0.2860565136810552
5.384565584242316
0.926231018961304 0.05450286486095769
0.41146563743040865
-0.2712695847932125 -0.21681088803330256
2.999424054925062
0.03479724911997705 -0.42507797807340625
3.799473247653723
0.5424885201961502 -0.8765029787592771
1.5288903361216688
0.7637288419054827 -0.5582347929010772
3.905226654902444
---
81000
85
0.21229093118434902 -0.31922128889065493
3.008462354733726
0.21682713964381803 -0.35916794472001845
0.8135868333774203
-0.8168060147875542 0.046296941278409706
2.0928712177298667
0.26188820893095055 0.22930876498650532
5.750883024541058
-0.25784944606719334 0.5707973558422963
4.9566419769562735
0.7139330464985688 -0.10683902931710892
5.160143412030377
-0.4741944288668045 -0.2450319264815356
4.851702152043889
-0.2020061527033488 0.03242256035835018
3.202894477696078
-0.12430746788528306 -0.4773259025371172
1.9738426329026888
0.9627578787285487 -0.20883398206372236
0.5999987611326425
0.7774649801899689 -0.0009839637341566114
3.7885278526974426
---
82000
85
0.7181429216761043 -0.48425681096977563
6.165185246860541
0.6093956600167829 -0.5833251154203885
1.0860247660955675
-0.16466448252330118 0.07971979188546621
0.520240254238443
-0.5661882940732283 -0.6429259997787261
0.2780621364397522
0.05889907658981361 0.5041141619215881
5.199893952813815
-0.553106355318947 0.7024660557036246
6.124366078170079
0.5463155072952433 -0.47031027228670147
2.5867610825364853
-0.6887956967229913 0.844388286509668
5.211562783061629
0.7492658982211706 -0.608398055120308
4.4326920003134145
-0.95585777456524 -0.5988714502393604
3.8398719213909844
-0.09910740149584768 -0.1675714261947206
4.0119580703972195
---
83000
92
-0.25176001218006394 0.8507174845680382
3.8340492615378396
-0.5674636661572994 0.6049806405207345
6.275812831374667
0.2851134677280263 0.43545613171767544
6.231669445909658
0.4995219757428889 -0.4524603847179357
4.403264493102831
0.21403674625513897 -0.7381663550886061
0.7357666242477121
0.34834809577767617 0.6827502503273063
2.357345764388488
0.27732587614832416 0.16170393445103426
5.854936931205823
0.47800001726835084 0.8551422300817065
0.8266425649935476
0.16149441834546188 0.39683361284619934
5.886999821285994
-0.915693661940852 -0.14446249304100234
1.78906928289806
0.2604930632208422 0.7456065383812476
0.7238860956690276
---
84000
82
-0.1921178342512413 -0.7224888356479813
4.438980342748688
-0.13451144043189958 -0.6750189444284445
0.2366876614879585
-0.6025195217935262 0.34853551108119496
1.5632768441086276
0.08602456818591057 -0.21342017810768585
1.3711192849611145
-0.1483340958929508 0.6588348334810797
2.3385528650709624
0.06917885800642823 0.04801691290717569
3.5346000869945255
0.34228281292716506 0.9993896741786716
3.900906732025482
0.4174043279877706 -0.8451468430086185
6.098076852369273
0.5932719265453026 -0.6387521063183261
5.388466533400738
-0.015850044641626645 0.25688411070128614
3.6991391740519726
-0.07430722735703307 0.6170863406246385
6.038076634051258
---
85000
81
-0.5675043909524989 -0.8712181765235028
2.4124399734299233
-0.4798782848252225 -0.8227615687589733
3.5579774765006
0.5007163158540945 -0.7501377820619329
4.93565730339418
0.9432649806317388 0.2040091207345885
3.97672564444383
-0.057512047104550316 0.08028664415015854
1.9526073527831205
0.2998659999582763 0.6880160318643866
4.093344975359321
-0.8766343444647335 0.23010360798222784
2.72059410751371
-0.7010064479679852 -0.2395974693715061
0.2267169515447005
0.6266629103047548 -0.9931734186159327
2.1490062222031234
0.8984947407654091 0.3444272051548056
2.91659575635963
0.7381521975615329 0.02850641580180791
0.10110027037490887
---
86000
90
-0.06535484664611184 0.7517116614188776
3.2561654899468335
0.3531246549260321 -0.908907128877606
3.3416512500497824
0.1511605816341294 -0.4690591319003254
5.592040028795977
-0.9567074940105352 0.8116110139032435
4.069337359547752
0.49599275340739524 -0.8685350263732576
1.1921394490700443
0.4028222211502007 -0.030431479029961715
2.10037863706966
0.8539110812577074 -0.3542471089080291
2.2651344217282414
0.7337305677768672 -0.9423849970905587
5.645794009110518
-0.43122294855362187 0.675451097248516
1.4774370379434512
-0.040215065586921436 0.5626611066429342
3.866948524121012
-0.7856543898821334 -0.07339545621397306
1.1766731396607
---
87000
84
-0.41039531725184175 -0.8630472955888618
5.279266184502156
-0.5036052442686598 0.6984665106516146
4.721743087463801
0.23164278794597237 -0.8704245251453565
1.547015881027356
0.19605948199486078 -0.7859666716906692
0.5020742770331256
-0.8593729096757585 0.010098743491120336
0.8794476291420334
0.7737542721647848 -0.28515485400111873
2.9339741540938524
-0.001627205727775742 -0.023350128475050348
2.5431247221935784
0.3941820041052695 -0.6156186275260473
3.40510549805078
-0.42449068366591153 -0.2634875081496775
4.521204184066421
-0.8952312701399789 0.2696890034633784
0.14476537247435847
-0.3002909875572628 0.5867610585380516
2.6659568932460496
---
88000
94
0.39331138990323333 -0.201145898782723
3.974829959983714
0.45642452777403464 -0.2474927196891359
2.8139513052836707
-0.8540921357628337 0.4344829826857848
0.30162901595347513
0.46795952994561923 0.5242756566380316
0.8136082003729497
-0.9086003752899057 -0.537139951274427
0.1605046342546046
-0.9809473265631998 0.5162898067213653
6.029971846686698
0.09779485304924349 -0.06572506266267311
4.190824471684439
0.07637797160541074 0.37201811850926075
5.794674525383536
0.3644231572552328 0.6955762910963428
4.2118272570606035
0.7356748125471497 0.32934940256144335
4.262831974658817
0.3070689269357343 0.2956675718111087
6.250916864604677
---
89000
88
-0.7109511221256812 -0.31673517997363954
5.976579829245829
-0.8816321326743459 -0.04565703668545632
3.383324835226979
-0.1669609436527427 0.935396361783588
3.4147948696230372
0.8879994159063388 -0.8412661974461116
2.768296492769279
-0.8360948777594857 0.40735688522798763
1.839614060748719
-0.5800696227083264 -0.8782939475725174
3.4497630544178985
-0.4035094570515813 0.7061261120079918
5.2667813808261075
0.26688286875837935 0.38175678935410023
6.263146975379675
0.8172233749177815 -0.8854809425835443
3.489178644593368
-0.2271589855847304 -0.7503997343722139
0.777614754680549
-0.699718869000469 0.45074248853967336
4.131635325752614
---
90000
92
0.6664772221297789 -0.7651110818409688
2.0058476413398525
0.6685234098314415 -0.7909259937448572
6.184271497512649
0.6687848784701925 -0.14824338415615698
4.52203192792883
-0.865618619625175 0.6651921124539393
1.5511859662578908
0.23336186769647618 -0.2435031018933932
5.614650313721869
-0.35240947725952537 0.8681167100121026
0.3652336311447249
0.6862332372850554 0.34501635314727125
1.112327554825403
-0.8220662228971367 -0.12448360515537521
3.7907375705812627
-0.7356343729051753 -0.17572603775913814
3.6983689280813596
-0.8655363047298084 -0.6088380723755535
1.1593495933869722
0.0820645326470993 0.07234036764600942
3.4328029361348147
---
91000
83
0.17939246489807256 0.17027478399146623
2.4369314199832948
0.2297626330178746 0.2441748233387817
4.7537378472472875
-0.02194021269779649 -0.37556398843330374
4.1367895006480975
0.40863674828817703 -0.01783047546503675
6.0787128231048
-0.2364585355606866 0.021483484609303036
3.3163394470780583
-0.6392316199841209 -0.8800086744685972
2.445292551236978
0.6116852240726265 0.4567188201741365
3.8460279457395057
0.6881615707068283 -0.40965402756692
3.0245935888054074
0.6926266982469315 0.28925984605479577
3.451401226764127
-0.3404106865481153 -0.7123193370929658
0.670639732898425
0.5182884627704514 0.5809048766909629
6.068349214111545
---
92000
86
-0.9030914932543193 0.2870830972101723
2.39941010898824
-0.9221805218361533 0.3549243390431412
5.799696408186623
0.5937200409065194 -0.7425254003255132
5.8811274155293125
0.08387567089938594 -0.4783199466899158
3.2041492658433235
-0.7284615455442293 -0.8923327467748841
2.9271845386785484
-0.5177358725159507 -0.4474170354806564
3.2054638107506284
0.7019095016893924 0.9196031914445593
5.253327911934073
0.09025023277728349 -0.3096219573800285
4.765552600089142
0.8477623140483121 0.5358382595958594
2.038042279580261
0.6389640027146455 -0.1316148864994991
5.162949063544937
-0.8266468594903926 -0.9105418557897768
2.6893839721084056
---
93000
83
0.16074434124249926 0.549983860479621
3.1755649102597694
0.14470113623623088 0.471795282536242
1.626584426995172
0.09996339389256417 0.2568381470777988
5.233958178658566
-0.9927743779106546 -0.27837367357309195
0.4017793445902571
-0.9632802763773842 0.7870478166954719
5.270629898282409
-0.7164174412592583 -0.003387780894060985
1.3603955955934497
0.6428020921137666 -0.8022127727986147
6.1081948301416364
0.17328197372081064 0.9342057319844416
1.8623488458622797
0.9285852711219069 0.8063058427247485
4.238965376278017
-0.107650091846613 -0.1206905193971504
1.0780085398092645
0.08124592844426831 -0.3119014167071255
2.999231737805866
---
94000
86
-0.5753505758941537 0.10719045463237056
4.554145135854646
-0.3569615545424554 0.2632445840806982
0.0242381718629483
-0.9368150640493799 0.7189606527637292
0.41318795528538654
0.14209187040093296 0.7672546452543922
2.2631552708960196
0.21637651641697453 0.4235566226113941
0.12936655552560605
-0.7822968205498825 0.9916319644443616
0.8059848928288478
0.9135124451498052 -0.09579226995939305
3.9953098297146257
0.8210504353901029 -0.9840417377327076
3.214677484171534
-0.04689558666839901 0.1355377848959961
4.73642763515842
0.6165591023028302 0.3815088643870499
5.984445654902921
-0.8974106364748519 -0.9186580435472577
2.4294234120994362
---
95000
88
-0.6281480882234574 -0.3258706438746669
1.3686199619307213
-0.339501463515671 -0.5346558259896533
2.0750937746826867
-0.14170857736361073 -0.9275669886007274
2.7705757623667884
-0.17171439684318107 0.06538111007321001
0.21690723552666924
-0.6672384371307981 -0.8784261351278795
0.5151417450592133
0.3628153590717946 0.3975985889565008
5.460431311176942
-0.0842270800469045 -0.7585285841806284
2.8914360699002595
-0.5495691881350138 0.017253862339177514
5.020607194236818
-0.04299772587545131 0.6450583485243048
3.248436024229002
-0.7552893355810941 0.04877530626665367
1.8027747140735748
0.4323256723375875 0.17369523799129075
2.293136197100048
---
96000
83
-0.42268385860888663 0.9401748582875267
1.8971393383969728
-0.3910584021578842 0.6076657488201312
4.804282764539396
0.8301047201855408 0.3465196079048517
0.9622933817241464
0.43688713418249603 0.16082769627475527
3.070632703924792
-0.21656557282854874 -0.08985031821198285
1.7952600675823218
-0.5193337705237925 0.6916050681879388
2.810104686138697
0.12436026231923121 -0.6927853892555844
2.04856471838667
-0.0011906949795481639 0.024783672603838482
1.0783121442314547
-0.2898817604848749 0.4538471514836706
6.187789266306373
0.11297954117987914 -0.9509703883722629
5.194530940787357
0.11382768676847344 -0.7855995080954982
6.14115917804761
---
97000
85
-0.107892021798433 0.21065348174958723
2.536991735776091
-0.09091359370569968 0.6345325699094451
3.156003776218105
-0.28162746966349694 0.28535035268627856
2.469613570004956
-0.9390552256222442 0.3735698444526757
5.510190363969312
0.9137801478528337 -0.5631040448978821
3.7693490575416977
0.6194303921558018 0.6229114218629448
0.03607014864136282
0.2704925434316714 0.9983331332411369
5.458212328030176
0.48801290228544514 0.5259486988210796
3.2632523060466774
-0.23854106221584237 0.9782017463054095
0.9368893855147569
0.12412305545019792 0.44612745298651
-0.9494150003112112
-0.313009829650189 -0.43861336962716513
3.2577587281207414
---
98000
86
0.9742140127808196 0.3001681090127923
4.818498777313705
0.7829028965902501 0.12364985603613617
4.126033127028712
-0.7373745481057074 -0.8916119229280695
3.1621620359467997
-0.8170380119773434 0.18432786523744654
5.3503636118012725
-0.6702867826356604 0.2302708431243588
2.5846350456170546
0.28397054613880346 0.6150002259975894
1.6258858085784214
0.12401190887828763 0.2667436722291225
4.796294708797168
0.8285487521166753 0.5729174143860913
4.876287288586835
0.7743500171725974 0.1301846248943654
1.2839833930129538
-0.6957946220780775 -0.5955446330174873
1.2771489351646457
-0.6353237844431183 0.9986093813651329
-2.430361821646736
---
99000
86
-0.2586551595617926 -0.8975221543290621
2.291812230832526
-0.030369941256855767 -0.9569419201692337
3.747017778485114
-0.45707458984192206 0.631589339107247
4.8978037664324185
0.9471937067145331 0.406858901504438
0.6662351961591897
-0.41046700445713435 0.9615796704137984
0.14154470250701934
0.9570785003900595 -0.6124080846954669
0.3078170580173927
0.5745165555028268 0.6209364190325646
0.19574611179675738
-0.7868974650169698 0.8188422206056731
2.7868381720434012
0.498081033344596 -0.7144605350294648
1.4363244696104536
0.3770596070765534 -0.3457831945468872
4.698898576083074
0.3238993218840819 -0.42223670237819283
5.864055729980033
---
