100
{'run_name': '2D_rec_10_total_boids', 'annealing': True, 'annealing_start': 0.2, 'annealing_end': 0.002, 'nr_observed_agents': 0, 'nr_of_boids': 9, 'predator_present': True, 'grouped_spawn': False, 'predator_halting': False, 'record_keeping': True, 'record_frequency': 1000, 'exp_folder_name': 'big network 5 observed', 'boid_speed': 0.0333, 'boid_color': (0.8, 0.8, 0.8, 1), 'boid_turning_speed': 1.5707963267948966, 'predator_speed': 0.0333, 'predator_speed_slow': 0.0333, 'predator_speed_fast': 0.0533, 'predator_lunging': False, 'predator_lunge_speed': 0.013, 'predator_lunge_distance': 0.1, 'predator_turning_speed': 0.7853981633974483, 'predator_color': (0.8, 0.2, 0.2, 1), 'predator_confusion': True, 'predator_confusion_distance': 0.4, 'predator_confusion_threshold': 2, 'predator_chase_time': 20, 'predator_halt_time': 0, 'predator_eating_distance': 0.06666, 'height': 800, 'width': 800, 'graphics': True}
tick
boids eaten
predator position
predator rotation
agent positions (and)
agent rotations (interleaved)
----
0
83
-0.6118448603961193 0.4922702457158519
3.261419183891625
-0.6986178019237961 0.26206847725021604
0.47852108798032766
0.6961012204363785 0.3772709429146757
2.2981600043464683
-0.21962248845290414 -0.39701594709654475
0.5570184427805567
0.5711156271590099 -0.982175410487971
3.7104109671896746
0.3016894403217746 0.4353676635543951
4.851833057228655
-0.42651595026824396 -0.7263276668568261
5.7679497244855895
0.13577349570742658 -0.119169134536735
5.0520382293371595
-0.06738736019240632 0.14913274770175453
1.7381430238013973
0.40132312953948124 -0.25478611846765814
0.7880230461680293
-0.7938714472236337 0.10044792764902605
2.281198595512894
---
1000
81
-0.41709503869481585 -0.2357466117777977
4.5729033498130525
-0.2905228555221525 0.06393906182915073
4.514233477438353
0.02594122608794518 0.0749835435320188
5.154731752456414
0.4202877433351012 -0.009046546495156009
1.6174527129242833
-0.5039610273800204 0.2873786930367909
0.8026547480925128
0.7556491006127352 -0.7473529280037469
5.087548681140575
0.3871133478292057 0.6969596404440812
5.961494935896214
-0.43393241708098945 -0.08796562913924415
0.28780360718360054
0.19711952441040176 -0.37274786146014055
1.372495235638925
-0.19954051386951854 -0.8977096167274403
4.144750556364065
-0.8541550400355244 0.9309728591273271
5.651997312987657
---
2000
72
-0.14300775759592244 -0.5629888759462094
0.4281305029083483
-0.81872053252726 0.3261964064130519
2.0515981131915852
-0.45297798911271847 0.5745317612211143
2.2248294493190564
0.2373523893735839 -0.2599011175819517
0.5814138959827506
-0.2765944824790653 -0.6070515010576889
0.8303206017263598
-0.438880014938862 -0.500223511612823
1.022854751497869
-0.07229846199081162 -0.6005368560108092
2.2624001113961505
-0.1485122697939278 -0.058449646943654385
3.7885113396803503
0.8492550605336866 0.48275923726802356
4.291328024624232
0.10452941788612692 -0.08142275509308236
4.693176579445108
-0.10320276250886834 0.7221350521178537
3.471740561951753
---
3000
63
0.37117992801675415 -0.8129879291121511
0.5389149431771922
0.6011977458795121 -0.38343755935690504
5.03353727738331
-0.0692560779981967 -0.2376416198389977
3.4441911000634553
0.0741342953546458 -0.19361311802448306
5.950840377659629
0.4003402863677679 -0.8246865011497023
3.230221336462182
0.9007860110839538 0.5584984218410161
1.5715875816182479
-0.4199060098801728 -0.3354986058318713
0.698977929900952
-0.24162003082461334 -0.4843867953542914
3.335739047687924
0.9701872673748219 -0.716353144451896
2.3526474501233423
0.71407192728659 0.8450727525662973
2.0293966640819994
-0.8684119031203225 0.27290974861524847
6.2686541395678725
---
4000
77
0.552370072527414 0.8618122374224315
0.649079018951367
-0.04676078105335556 -0.8573012815717203
1.4725700548653222
0.2833051591754419 -0.5426707681376144
1.6936312855757363
0.47628061295474267 0.9287752908156596
0.8190057534153397
-0.5429992500445192 0.06937611750568715
1.6677780210743167
-0.3516712177318026 -0.820388579374949
4.444477312791106
0.028374781921612052 -0.6138454754135334
0.8786340937684294
-0.28583393627060444 0.11624354222435726
1.9073878778604128
-0.5301750381392323 0.23352557061409135
0.3084538979205753
0.6782213947669898 -0.9081787294760966
4.66709552126037
0.16812668448473278 0.8897161415736144
2.268877871992599
---
5000
80
0.7435661126246542 -0.8434085766447682
1.1688367782389375
0.2775126469515203 -0.9786994544300303
0.7273543799946651
0.3760220361164259 -0.8151284688598709
0.34839307023734456
-0.3023383651967391 0.5809595043287133
0.3481040023477515
-0.9144234404811553 -0.030817089849284197
2.0654883182471657
0.3321350946108315 -0.7569753530999546
5.085632591666571
0.19960969540206278 0.9358177646607976
0.720838914215566
-0.4288693620754076 0.6501021385138583
6.022973702882966
0.17576874148344052 -0.7267440708678491
1.3414170181077871
0.26479929358492077 0.7486485543100507
3.960639174713493
0.5347054363532483 -0.7435705177302236
3.873607774738389
---
6000
63
0.763036121023268 0.14402587757301843
2.914225971019738
-0.5134645574472019 -0.008302747880424531
5.6065893000816285
0.5842044765794544 0.921993665760612
0.8406634469983638
-0.17146612934883726 0.9311589530095512
3.4260926316578724
-0.9434608769160321 0.03824794655378722
1.3526681068824873
0.054131518969802506 -0.7030730438934087
0.07983192054269228
-0.8501951885249027 0.21137963772704638
3.4195112985143616
0.025860665139646376 -0.2051134312741993
1.419838005724542
-0.5642337530398429 -0.8771915883168295
4.380548757472548
-0.20885013887418422 -0.5698475385960204
2.3693308046920225
-0.7399731898681626 -0.2203689942003693
5.053219910503617
---
7000
72
-0.9191909250779627 -0.5136473118654922
2.725747240333549
-0.9363428829889243 -0.5580290859328505
4.847451627641223
-0.7733344762458538 -0.043248004246896156
1.34591389841881
0.7452693444945424 0.9650968595687782
1.4372891169835054
-0.07139459288059813 -0.5848679429140309
0.48994939080473987
-0.14940378291627768 -0.7993218594925391
2.8349734994000606
0.3608515797836682 -0.28471886880837466
1.6546844129052358
0.8113183037988198 -0.2699135095387618
3.5788124459346182
-0.9130472864190596 0.11051773895106046
1.3763589214927494
-0.7369179108551165 0.18857526313251718
0.31401828221388417
0.15819272298829234 -0.7777477950354568
2.5032466395658135
---
8000
74
-0.679046905085683 0.6945920553565244
2.722314548183625
-0.5262420903138664 0.5747332001472475
2.9920742806881373
-0.006639212165216145 -0.09359522077012455
0.7603849547126948
-0.3828671181038705 0.25306295428756054
2.575841039008017
-0.7901156185476954 -0.6425821556967358
2.8224515146709708
-0.483912894290096 -0.5187005870725863
0.3554594018213688
0.0077611131478038595 -0.8873078866819833
1.643991484809212
0.9997334854597488 0.6874274521021144
4.898104522996268
0.8145523997902967 -0.24248116891296595
0.6415218702830003
-0.9463031020463679 -0.8236739244047949
3.308239379046624
0.025935673329542847 0.4043670916155023
5.655852832591645
---
9000
73
-0.12719613686656644 0.5491108041907098
2.10118613264632
-0.20801204275627738 0.47725698026856833
5.5384760958344925
0.5276530916634091 0.5715939939070483
0.27034555399797977
0.12047948206744832 0.7462613299337526
5.725658396753813
0.5772367845119564 0.5512076718260797
4.842971326237828
-0.3462623660419074 0.9626124230609872
2.6053426836332316
-0.9147505165181865 0.19907344722903803
4.924497714559769
-0.44799430720552735 0.5013960399547466
3.145644490742475
0.42133842791719883 -0.08550122385496116
5.624005011888256
0.5945403254543359 -0.5050611203446208
4.9373059955597824
-0.2317489954186919 0.868888125831259
2.689647333016808
---
10000
64
-0.20501374873548772 -0.25584244326635436
5.514981819818639
-0.3136517914422003 -0.0036849009365723592
2.367570072046073
0.8088128165930831 -0.4410014484985044
0.04911159689645572
-0.8217556327022321 -0.5028607094363419
4.780100715213501
0.9969559056022714 -0.2657673677115513
1.2506622858198195
0.03385045130677152 -0.954029573617541
3.0586708440261257
-0.03925261213580963 -0.8068955192847675
4.4286755385446925
0.5741129994521592 0.697112955129549
0.31866816876154225
0.04886109382073579 -0.3629147843317545
0.7904570709761316
0.07235212923851775 -0.9934491845117852
5.689287467443579
0.03197063077100215 0.468309743031852
3.7457156032255545
---
11000
77
-0.13259866496696382 -0.3772113366236976
6.02194398324949
0.44245851281716303 -0.06144910279905087
0.666532458471158
-0.9601027756357139 0.23166051263986456
4.775196889856043
-0.2923977551899696 0.15348252462100692
5.0951807230316755
0.17262086332319967 0.1335458624585766
1.1130049929088672
-0.3875537716899693 -0.8956901843846055
0.11433864535583993
0.7036046563401563 0.8926363267590887
2.529668032734045
-0.04743133227541142 0.22226887532258893
2.12002753633595
-0.5787051684077273 0.3229928179633269
5.017961254521388
-0.008422903785230237 0.7612896855082834
0.6171864116896373
-0.9788633989095127 0.5130263890077671
4.71535095548032
---
12000
66
-0.41892296105352245 -0.8730488447888303
3.2523828261570378
-0.3016984604149088 0.7416131753434979
6.153672103319023
-0.3051031730020135 -0.10188299504536649
2.53079450309352
0.6124390937954718 -0.9632183440111131
2.9449312919110797
-0.4499566644264596 -0.6878556741308257
1.5082280994115074
-0.5757568331949912 -0.7128618067715631
6.211545879369147
-0.18937441062880128 0.3072044238222392
4.616065930091001
-0.3107536351568771 -0.18362787807609338
5.176130990424486
-0.12218056878520106 -0.5221233053760149
2.703466430093452
-0.8408765956456853 -0.6728435945163257
4.647330174276004
-0.6458230085284062 -0.042479667811636715
0.39294391184531197
---
13000
59
-0.11472708526987162 -0.5343219199036918
1.202101929301263
-0.9459400818548365 -0.9492885753147187
4.68007335254636
-0.784301569758755 -0.2975458759914558
2.3233147405360484
-0.7106495031556265 0.07477843888277479
2.4980711948873395
0.0038014872983580424 -0.431768697484064
6.281159430122031
-0.15993525649642545 -0.36530935934267944
2.6186292667325324
-0.4759878710867264 -0.1934818926054023
5.455987034819221
0.3157040058738849 -0.08600528365809458
3.413564414277996
0.515054465194988 -0.45730747728833343
0.8391557697998122
-0.15623752396692378 0.9161772839519138
5.942033885447272
-0.247997480446493 -0.6119844629947621
6.027767671595773
---
14000
66
0.558746953853256 -0.06433636587234755
1.9476001785256585
0.2938687151181716 0.06268633545358311
4.283908445385039
-0.6837341481160502 -0.5113254764373805
0.3594899010901207
0.8927437744644308 -0.8020001908645064
6.105532365159853
0.0402357359275536 0.42704282434947
1.9364777502052082
-0.9494222149704636 0.9157824789049103
4.029795801430389
-0.5706846968575636 0.1779537575880371
2.498910174870315
-0.7553515087057159 -0.9268999718900592
2.0082068275653633
0.8820442550255893 0.07942292549060279
3.683730027415838
0.1947141783211795 -0.26829025946156804
3.0780264834435
0.2712189015769372 -0.28679849556302955
1.780986700885812
---
15000
69
0.8836191484055269 -0.9107994098576846
5.316739539236764
0.9319074371134275 -0.29278620088632945
4.42097834208433
-0.8413285451354015 0.4680797811617986
1.3916110528151364
-0.4683195901703234 0.8053036026704661
4.894567275419501
-0.884961609014993 0.07276829517237116
3.691016363949495
-0.12737563161867949 -0.7499844521489054
2.203386763286068
0.7083469365940854 -0.5713818922694973
3.662817111834671
0.39410570863355743 -0.3884836011584297
3.4483774549431114
-0.6463730118528612 0.1947282693159037
0.5932402815170015
-0.8356479021508382 -0.4875570523600885
4.580376062941676
0.009062420566354486 -0.5949843426166045
4.352821647807867
---
16000
67
-0.171101185589142 -0.5741881962192732
2.173956473101009
0.31366457158112443 0.4690357762853236
5.63939649706214
0.2236784180784047 -0.8410800932867959
4.484448509149857
-0.45344834248162635 0.6618238239647973
2.0418152688714803
0.6141944434980147 0.6860333298102705
0.8560854048509601
-0.6450871405133711 0.7608156446184081
5.997785743999454
-0.7263004651554665 -0.24690943966024234
1.4972746914429633
0.8221065070158292 0.62977023290783
5.028957413378748
-0.9567363266728688 0.7183430719640853
3.9244077267487665
0.989867885141475 -0.6044772425447377
1.659464884417111
-0.7635984103522497 -0.1560112447326989
2.4980531066054485
---
17000
73
-0.7488648753216156 0.1341776858546687
1.731215905126819
0.7091435117942966 -0.002213101141577874
6.104028373748324
-0.5138542813403058 -0.33813297428575717
5.874129924994266
-0.76060006953817 -0.1770087506283335
3.9361969788160787
-0.9712074288962997 -0.624885098029358
5.10365705095793
-0.5097131425997556 -0.0007798501669848863
1.9490960429183826
-0.12515656193991592 -0.24227511219938325
2.401360986077197
0.3519953710899969 0.5141818092956667
0.6176622595394603
-0.1575285959037977 -0.5119444800671172
5.060610333350368
-0.9332425074494858 -0.2755843810109105
2.638702027212547
0.6380252006354322 -0.20020297944804985
2.886789639990451
---
18000
71
0.9695417129326138 0.8364277798563021
3.0427372233521783
-0.9900611470335632 0.7658033845553964
4.811487184429799
-0.08257302401292677 -0.0030382603843962307
0.07268811027327882
-0.9043765318433435 0.2335838540778598
3.6308122739985595
0.9239451021972289 -0.34543696548092684
6.111699539868309
0.7469620521373171 -0.1454610958546779
0.9313303987871242
-0.762193326723687 -0.9042544831830712
3.1808969487226983
-0.8970641877694566 0.8374772938617165
5.592530149562803
0.8423161959363468 -0.272086320190043
1.8515888090672838
-0.8021388709879747 -0.8743764774655332
4.378734548013513
-0.794890529719658 0.7650530749452925
5.16530569178328
---
19000
58
0.6185734589383933 -0.2530528661433137
0.7630812336671369
0.7864850338924375 -0.9338075397643684
2.2802274644107996
0.39618650276629513 0.3265312697900337
5.506986056719631
-0.15729124861001595 -0.9250345925718381
5.4027823744637615
-0.44241998405715055 0.22849734615869066
2.8309616897023124
0.7628283650321039 0.10732128211735943
6.091641483665551
0.21363312406325724 0.9801505603532772
0.08844569572608751
0.9330855942973397 0.5193212320654598
3.984510331285774
0.7859707758991522 -0.881099228980197
2.773054677433662
0.31637817012848213 -0.80826413957989
1.060118687968874
-0.737552133988824 -0.8533336449388467
0.15219902657875334
---
20000
71
-0.8917877007669504 0.28921105528365865
5.723473540178226
0.7163075751479495 0.5589307664842738
3.1514044522780233
0.9579275108426333 -0.730361645928148
3.8170597201281966
0.017851804358808267 -0.3293328896200401
0.8241851092413635
0.15258728022688242 0.6740963536347198
4.6006930411112315
-0.36778484968580466 0.6857815497041423
4.493326971274645
0.3046837372001353 -0.6456935072658706
5.934900924165423
0.38789531193183985 -0.823019350975864
1.0080732307816165
0.7467581009378442 0.9207584990655203
0.7470501018157192
-0.27697143938369784 0.6703471031699062
5.911816660757414
-0.6705047990898717 0.7137671846203266
5.3554964398520895
---
21000
65
-0.46287423974191444 0.7881929610946197
2.931566275700512
0.26931377652163985 -0.9689280934596995
5.871156796151727
0.07412117475225453 0.010641250534032282
4.694113520658287
0.8018738048416792 -0.30848970063750875
4.272470348646802
-0.5387886147837689 -0.7140413954447689
0.062301384676018756
0.636367125320083 -0.16072732011853053
4.65890869183537
0.9829517190167876 -0.5178471192997797
3.820222013203634
-0.97770456060587 0.5841286656819189
5.2162097830191465
-0.7590218317588215 0.5220606237584254
5.599080802257637
0.30611750913400376 0.003598324239545687
3.6124580201723777
-0.7108818227519517 0.04121963070043475
5.441484959324147
---
22000
68
0.7066702858643094 0.5246082173720029
4.947714596268465
0.27109607838900385 0.47720229023572025
5.77525139959959
0.12341204293499428 -0.6175175525269719
2.8416508221540564
0.5399751476710509 -0.24538687427455036
2.2124197727762196
-0.9040203104801291 0.5127413001445182
5.242649354508045
0.919524348387686 0.8423395123140205
0.7240987877944018
0.09188955657802857 -0.9338836338830506
1.6606593784048345
0.756546463995744 -0.04581338309223258
2.1637575154759636
0.9988449407800539 -0.22980700808072288
3.9369174239014573
0.9731492569341162 0.5711591851487695
0.7129430397944079
0.8891679061558732 -0.3837947129085342
3.1933851011031376
---
23000
62
-0.8168016481121634 0.44189078008946375
5.455920678929444
-0.7839006793039414 0.5802471299421015
2.3089281184837436
-0.93009324339523 0.3696571682663148
2.94312721560173
0.40962007484838536 -0.010119398514155893
1.802085027720902
0.9443090670278331 0.004084126136704197
4.546495847462707
0.3789687949274999 -0.7253723878068405
3.920695239535573
-0.3044846460062487 -0.6077167950451946
5.980206239590615
-0.9125461211360235 -0.6577255766164357
5.283154230476942
-0.9705223988941329 0.33050117785357536
5.913489535596484
-0.14701918436175962 0.5660714858177659
4.614766062185476
-0.8272039077938325 0.21117646627493253
3.91071645083579
---
24000
62
0.006360495639851381 -0.5500575808470943
5.16695462127908
-0.7729943860768587 -0.743502867880801
6.268279607820471
0.7024794099922593 -0.96080540480963
0.23992990741070308
0.9046893805036771 -0.23864267404521003
5.33351850152881
-0.9590957975453613 -0.4093285622424511
3.607064568264823
0.45570716621963897 0.4905549704164706
4.125909261883512
-0.990565800332119 -0.9889757971175639
3.535085032231547
-0.11843758986723352 0.40056297177895916
1.3377582219875659
-0.508959283743932 0.0966031644123481
2.0081379298318245
0.6884562417283949 0.48465383732133177
6.196185011159691
0.7397041754120828 0.8709263377423557
0.9405449447532916
---
25000
71
-0.8873256481627917 -0.8964122651796111
5.6711367876314975
-0.2516367970977169 -0.8500101649880598
5.975353282770554
-0.7322822147769392 -0.8842110793435273
5.47948664726464
-0.43951327799199863 0.9866426163386415
1.8555705822050514
-0.875451514588374 -0.07958248071030635
4.638393528502368
-0.5033839428069578 0.6452458708002828
1.5236511960651136
-0.6590723873087003 0.2835457333560053
4.0980254256843995
0.9862214739839106 0.6680444887579706
2.54490996974358
0.6901146315244636 -0.5448703301390918
1.5343308965876519
-0.06271612066234172 -0.4099631976255913
5.553183534765331
-0.37687829653137844 0.5898039669534244
0.037019430400970776
---
26000
70
0.9452045628989343 -0.47305523242612635
5.887794251317801
0.37159804250009565 0.1271683175959841
6.004998945380467
-0.365823031949305 0.5407007163542299
2.3495979924483192
0.9756440962966636 0.34179480012978813
5.008802864100137
-0.25489546625150994 -0.4158733021493626
2.8576361624173963
0.9104584748608379 0.40186717847531833
5.81454538860115
0.07489328633185531 0.29201738673054684
0.9263666414502936
0.5487445286055505 0.06822827312070114
1.0688149320627816
0.629601179904204 0.5745238159987096
4.325341604523659
0.04992746379730339 0.23544906346846942
3.065069115406949
0.5167344851876264 0.8445843477706972
4.339282545678022
---
27000
64
-0.19693102831784703 0.17529278467410214
5.299584617888047
-0.41326337526167684 0.04768816960027344
4.834666259873929
-0.3593623683359686 -0.8124090975441163
3.2335376216501546
0.5657910928464364 -0.3106983478150336
4.99746225694671
0.022182876385738192 -0.6827461660454016
0.7991247050490546
-0.6548802079006941 -0.6115987029261171
4.3710997739748265
-0.7139762335294653 -0.019421788507041238
2.2247637404027545
0.5236480548848723 -0.19650562510275088
4.940788616010449
0.046718666184724186 0.5994574746638682
3.5743405172208806
-0.28200577779960034 -0.4197427947970221
2.928563531540364
0.39918752552330594 0.2640248319812198
5.349015193463825
---
28000
58
-0.6606694825205126 -0.2857452611035714
0.3443148674493246
-0.6775800340209803 -0.3245406585439192
2.3577561800818376
0.552192438695928 -0.10811855698189873
5.735979086426035
0.18849713455313294 0.6828851889891352
1.1368006931279968
-0.4298718131426169 0.5242960227486448
2.522437906684583
0.6176651151327739 -0.6652931691829047
4.48058910393242
0.815446121461612 0.6992236957300119
-0.09570360263158742
0.6111476728101022 -0.454070067990375
0.24262338367496294
0.6021323491350783 0.28957371415894795
5.886497689421926
0.02921750446779882 -0.6391497782443332
0.9303030556522858
0.7544597713402686 0.053926389230179325
1.8192899745812037
---
29000
69
0.29599531938320667 -0.1476800077782729
2.0568236291521176
-0.5970745420934935 0.638611022740781
1.4140738087579603
-0.7461779686658339 -0.3547732283971566
3.6255620141603746
-0.7575652578030045 0.757409987506206
1.6764852510659916
0.8336306730821663 -0.5993528546360221
5.55837238833409
0.4667384224710708 -0.14351542778167747
5.418774677840322
-0.7525117859512558 -0.4691919445774212
5.6933664415441
0.46416766542366905 0.19457636284396504
1.8523707966169418
0.5934316614778186 -0.9408337122043282
1.0028588042635027
-0.05350114483210776 0.34981625019454016
2.2138408416392767
-0.7972799566943141 -0.7597258175796447
1.5935551125152236
---
30000
61
-0.8899005625624397 0.18664286980203237
5.922742042643852
0.8903858003297433 -0.45272137889013364
2.905603121713547
0.8667452191626245 0.7488482155116796
4.190968553821329
-0.24850024019326977 0.6559873866116235
0.7676356797103878
0.4138586541945559 -0.31099956318029437
5.365722710626036
0.962081081332645 0.2457827247570088
2.709585848719219
0.9852099644653778 0.777524258971058
0.39146793043599715
0.521352999947081 -0.024022797004051733
2.562029155454735
0.6374644909998591 -0.3573663356418654
1.1469604990634847
0.49507878078825285 -0.5804722551958683
3.559208750993971
-0.460692875912966 -0.5481472648364741
5.989232333022815
---
31000
71
-0.17145887083755867 -0.4850405528107027
0.22191442843595244
0.679669943843871 -0.31280618070058147
1.2158068727355742
0.45175389635373253 0.42495588014783076
2.8169394764981646
-0.9195891058024286 -0.9848220203531832
4.393598258150488
-0.3100131607743577 0.7118370357938615
0.03291720651583363
0.7426519834488151 0.43232709130387625
2.761986369480864
0.7598988683359769 -0.04216588265890888
2.894365825038146
0.2393418335150961 0.0801562580663914
4.218472881769358
0.8140504106143124 -0.5257545487928755
0.283648741986406
-0.582119665702174 -0.1786475200856307
4.483161240639052
0.2952024993052385 0.9529080926163584
2.0719746552137215
---
32000
64
0.2529237582377342 -0.6311694500935199
3.262268000310687
0.8768734447932471 -0.3796215698725411
4.325737665594895
0.4089754306078403 -0.08674088934284965
5.193581488648687
-0.6091636406800249 0.12703886764544353
5.9178461751817855
-0.06150918317800911 0.49255904054414834
4.537228693705072
-0.5075803952365723 -0.6180673439835558
1.8210905466641343
0.8283110997313319 0.5680938155650509
3.5684116827282004
0.17855883477629414 -0.8163914069501691
3.7212878306514785
-0.5704252136129273 0.14547503907088105
2.377628980515518
0.2617164745540874 -0.5811057096682617
5.237373948544025
0.10479732667314152 -0.6234311914660933
1.538874552926627
---
33000
79
0.8949276803153386 -0.9561419615074164
1.271086213333812
0.8712632931812866 -0.9634508353040612
4.773933100567285
0.27316227354130285 0.3307170620994545
4.196025053040849
-0.4209748769540376 -0.7830779813422191
1.1242139418612096
0.6098312635625762 0.2836970800137154
1.0234608331752604
0.15544071792435488 -0.11441512552105695
4.1334600578801
-0.03486749118751013 0.7328330788917327
2.6155795508108532
0.11643118627216471 0.7541764207375065
0.9171871019044167
-0.06203105877720065 0.8071910971118702
0.5731705870834034
0.7417760399614526 -0.8900482724571288
5.729093782582659
0.8720929507944193 -0.1788932705449139
3.5669628890218945
---
34000
64
0.6303069532188811 0.8615973832358699
0.5828025233615882
-0.3486579965698518 -0.8886438443590317
1.075758211066912
-0.9358927830702287 -0.3363155848317675
2.827254538431161
0.855862902747125 0.13460102834636037
5.726523626847356
-0.5440171447073168 0.13356052886816377
0.5902621156235401
0.7450646308364297 -0.8011952896041122
4.176757253144173
0.5872352329893852 -0.924073133542684
3.434667468872334
-0.19939819408619802 -0.9821414420242482
0.7644813998951623
0.9491781692015508 -0.8646680710769576
5.1990762436113735
0.33923468102255205 0.861220156039075
5.548838121902911
0.2683274096669571 0.8402922914488579
2.1363433627821244
---
35000
64
0.8000818942648095 0.5376220301581244
3.198480677470931
0.8428196866093828 0.5786838373101534
0.4208237437704181
0.6030496485525233 -0.8080683403529797
0.28328995069110885
-0.02175832112247517 0.08485420597225463
5.008320467215596
-0.6803633789890038 0.9999166748409549
5.479724367281109
0.9119056115488714 -0.05637805628507098
5.693436357102194
-0.31086143124248455 -0.40648202793990484
3.6157102602535938
-0.03994748217419912 -0.13109731889049397
0.2821707873793189
0.0016525077789442885 -0.6430526223050163
1.07485690027229
0.05666158648598284 -0.5003958382410955
4.3395340465336325
-0.06512942861529747 0.30356074826014356
1.5499650815955963
---
36000
60
0.5223371132363764 -0.9385320915281684
1.63652489872419
0.1147958765192553 -0.044928771221491685
5.890751916302238
0.5369491824849075 -0.7787635846343688
2.2839292219920475
-0.8795141633016996 -0.5324235501712722
5.100400256761493
-0.5023976701618569 0.8268942510037782
1.8995999930147258
0.3539617663178664 -0.568833536155131
3.622002080476469
0.3527677709496616 0.16919540166088684
3.023359959910607
-0.6009154448415726 0.17297286759734645
5.098957377707862
0.5695101058018722 0.6650431907925303
0.2787494974450295
-0.9147483878748899 0.02322267075991563
0.9809725122974537
-0.8483136794787702 0.83080591038671
2.116600835076018
---
37000
65
-0.48966989558053003 -0.25229910223353835
6.019375362040444
-0.8266081160388685 -0.11452673268542632
1.8761004244896053
-0.485390364829024 -0.5017954849947239
1.1106532576933912
0.7591661438907307 0.39096198728731024
3.8414206997711853
0.8367114172973642 -0.32702776857232196
0.9477633230778784
0.641428280345791 -0.7021040341485759
0.9590378726899083
0.5343450522916058 -0.08723283118979201
2.937676788154131
-0.7177918959371239 0.27607420940783156
6.077055294917059
0.4890329664002523 0.028073908139683267
1.55280079126981
0.6480394100745075 0.9818033779472602
1.2341810336239325
0.5759648732835123 0.28407697461851944
4.922045842965741
---
38000
80
-0.5726839257441889 -0.6606888767129965
2.830225783223961
0.8782464536563666 -0.9638765120198409
5.552396234667188
-0.8133950584726661 0.6365700871643171
5.309372095947119
0.8663043731769277 0.8437837332444772
0.5584278537739715
-0.21887867485912688 -0.37979422935617957
5.884653688874314
0.7083977278553539 0.5130592483114118
2.372536057360074
-0.13977605166725715 0.9697137122795542
0.8132067039149069
0.5983554663722497 -0.05970892174384751
1.8144904064963248
-0.41382182045156607 -0.9993581989904468
4.976705358375955
0.30199094012514094 0.6372876096975407
5.86188455198105
0.9653344303897861 0.23385445028774454
3.045617807415044
---
39000
71
-0.9607777552294745 -0.6142427738046262
3.987323111586959
0.9521951198844193 0.022716852714875543
4.696360111775168
0.6895105393719271 0.3715810959327943
5.132926379221516
-0.63808391887206 -0.46641706198903043
3.9882751706539477
-0.09748739962813113 0.6330004118816472
2.7635002521629928
-0.20919290299612675 0.49227838246580513
1.7635664094516579
-0.42145616194773566 0.6104093395177405
0.5852294415602919
0.09738041246433876 0.5699155636391406
4.479760259971652
-0.9778683376664236 -0.30783057960105153
5.105488074988839
-0.35967552840862854 0.9682338843510505
5.013235502206126
0.902769950570978 -0.4278453587804688
5.205173652084907
---
40000
67
0.36314643199738444 -0.5084155042667489
5.5968525216688345
0.27843587942672854 -0.4529767109285978
2.4680934296230443
0.8962477920347384 -0.7521374117473694
2.1462131985294466
0.06778617720198653 -0.7666855334464535
0.21123833610956577
-0.5694432814610709 -0.5720743936352332
0.385618686080071
0.6439508933264185 0.911350853173516
0.18754999149898577
-0.8760135976382497 -0.4821631433451906
5.809932220697978
0.8691118363658923 0.3007081463381072
0.0006141258770480107
0.8307855544137954 -0.17521094563953427
3.8047064881433057
0.49965324551272905 -0.2954907141372116
5.525027320583947
-0.9394917237602849 0.5140903395913343
1.9046759083202573
---
41000
72
-0.9782191925498656 0.8095256923198734
6.04928760428184
0.9063926945342322 0.9321670585356268
0.6787158681125636
0.5567639921835359 0.4885816299428659
5.6657338234077645
0.17876700738167037 0.45690639540779754
0.9166620033726307
-0.15670960885744956 -0.7977744917878066
1.3243189369564403
-0.07809182075923518 0.15333811739567843
2.842586222874779
0.9806293612463679 0.6222369313774033
5.066449145866239
-0.3074125222247239 -0.3820268378662015
4.8967429933381315
-0.6099152666563957 -0.9881351664389013
3.923196961714977
-0.14736614695865236 -0.661258331987497
4.265838531039649
0.07142079888340756 -0.8220079200564024
2.172187819068811
---
42000
72
0.4137772692132949 -0.9196966627561088
6.245256782100798
0.36400620312951465 -0.9100465290633254
0.2161816822802214
0.22956261650625157 0.6256745147121192
3.8450365734198884
-0.852107244925497 0.718074082444469
3.789093701398197
0.37894399192289563 0.32499557664027634
4.764929439489378
0.558044371348282 0.5883042182548518
0.48779009311807897
-0.42230146353992976 -0.1006117176027364
4.843510735645138
-0.6807190453287325 -0.5375697029385945
5.773559852304818
0.05794140973084268 0.08269841280190618
4.271574406966836
0.4963366293230308 0.8551376643132117
1.6067859242904174
0.08836779343077719 0.13280870266627773
0.3345885876482724
---
43000
80
0.5570644888724158 0.4205170813536083
0.5214025790764986
0.9550777374178183 -0.2081468044237254
1.892382326016845
-0.07172873057111111 0.47209654393877465
3.826520079294525
-0.34155618426916734 -0.4739131145300072
0.6427757609350868
0.7203492087500097 0.7380295233789391
2.4019423347355033
-0.5787425143173671 -0.09487632096781189
1.8581542531259059
0.4671531010308757 -0.434063995382206
5.336957646320259
-0.4137512236053853 0.9442219563934633
4.579279323737508
-0.6063300980898847 -0.017237567912736625
0.4852256698841444
0.0022526910660246938 0.5785466189706211
5.852967502937544
0.04376026980472028 -0.3815134617644904
6.120210632830028
---
44000
70
0.7844127380720858 0.23144455530239913
0.10928254032387574
0.8007042458003605 0.036773109851751896
5.371873270835455
-0.629862659568446 -0.09873157467692227
1.4682053705428348
0.9074330771301082 -0.7747472308170388
3.3973559336799006
0.4246797625857277 0.06248443029047353
1.0732325585765352
0.6211734622070708 0.48698025258176997
1.9075080256960986
-0.14356567561252037 0.8720053757472308
1.3092957759781942
-0.4642639077739495 -0.8713997991389697
3.826323405079523
-0.6762465557819631 -0.31265704466584765
0.6260516849114888
-0.4516762530182821 -0.3096180834573124
1.6203848423639862
-0.5353326194803381 -0.0009980436869507052
0.8226313954243798
---
45000
72
-0.8583347914381632 0.1486396194478462
1.5343920489412604
0.5412674589858163 0.8353715397601031
0.5500701967719683
0.26448011617804323 -0.08494733972895327
2.098582514277724
0.32817959937250885 0.8971396539972303
2.428569043246731
0.8992367214782561 -0.19476009699963312
4.536711986562378
-0.22171401163627832 -0.9044596566235419
3.600100704568594
0.5211755730952722 -0.49965695543115846
1.137431183538994
0.10672846044967257 -0.24253709134786813
1.6153632265432138
0.24314524603915197 -0.7686988832767849
5.568026995490587
-0.5988429636834424 -0.5669112265418913
0.19429832990659435
0.6744682795610429 -0.8237417595411372
6.209023662707725
---
46000
73
0.7091639989597246 0.2654512566294811
0.5830300050503325
-0.9226145770795667 0.3241906478780245
1.7680970654000063
0.5955302561893443 0.7597561075213604
0.1768160300206656
0.174544480432456 -0.2059023438637748
0.6486300684198865
0.39404037895174593 0.9571812313534466
1.1196562560004413
-0.9388154001680177 -0.14225214574964082
0.345839514184628
0.9583918421795583 -0.6396061731704383
1.0351367920498955
0.6431411583851242 -0.0022106970231085613
2.023454867258003
0.7760604401783207 0.7318542256349853
3.959850770194609
-0.483919767024912 -0.5457593243073592
0.4995365862299206
-0.7853057259267562 -0.5263747336037574
2.314873142788092
---
47000
62
0.6967815735446271 0.31907521709278336
4.552992022440126
0.18355227761588636 -0.4406097852244384
1.6607137879632505
0.8043024562653004 -0.4193950111357214
4.333462281341555
-0.7353432574942832 -0.5516400698410867
6.030116422140993
0.5692887803111386 0.3638029236555264
2.382136785568074
-0.6709447061566322 -0.9197117029500934
2.763087022948005
-0.30279742639680224 0.1604777027640007
1.453214401572624
-0.8475643494757413 0.2934513740355777
2.115880846647445
-0.5164914009254756 -0.8241649421448644
4.06002173639076
0.5056234195466935 0.43022574719997697
3.434471009377016
0.19100943188642958 -0.061944918154353434
5.418573949540021
---
48000
63
-0.6000387228545877 0.5056642572395864
3.3230312940975604
-0.6359305056419938 0.7046938555838445
4.818427480532685
-0.20955530575560824 -0.7082726406197164
3.5406704738759576
-0.7086663845981399 0.7787818740803641
0.4407643459539594
-0.2085171300187837 -0.31081223406816316
4.260086848189937
0.1605857699990016 -0.3020520694173483
5.938608346111849
-0.17852415643892772 -0.8803813949388845
5.047502443719093
0.036489192999098974 -0.997138223211304
4.858090686921763
-0.38968782379329786 0.30524257279098393
0.779869234563388
-0.17412779644675955 -0.7901163284981622
4.926574336480164
-0.11150836548330378 -0.5073810814975844
1.3323740824350676
---
49000
58
0.6515683048873349 -0.5821196093919909
2.322037915172387
0.6364815363107935 -0.5517962399051887
5.905655762981721
-0.9088861604991777 0.06286609364785106
5.6247033290340696
0.47226895297410015 0.9045989103716691
4.126557189345182
0.8085254036800268 -0.3368295511719316
4.982581309653828
-0.11102101018317553 0.030215714627714177
4.803906014802973
-0.2200777419216016 0.07962337935518096
4.965152434304136
-0.327618879108581 0.48406980218371665
4.435815095592788
0.3292523489707449 0.41184929402138976
3.55697064866363
0.20629399077688576 -0.8845771657334414
2.462527905535662
-0.14251805041141016 -0.2093777620507765
0.2711348328218408
---
50000
68
0.6265670049331593 0.20711226063948404
6.230118004198622
-0.30712779320678774 -0.18692662014291925
2.1904872360845724
0.5847480254800442 0.9371470894809186
6.071908189443485
-0.6906675635041948 -0.009416708606652217
4.693863259296607
0.652059598839188 0.5429131293759949
0.9680990630700723
-0.2275131008681199 0.775781071637321
0.12005778917834409
0.7142863905413221 0.9416825950268404
2.50954460456279
0.7041532891937485 0.7823251650929446
2.0183853166332915
0.05223317762525957 -0.694863163369998
0.6864391126380829
-0.9121808973583054 0.9984836500348448
1.8221116197996512
-0.10837553466760592 -0.3151039542386122
3.86110421142517
---
51000
80
-0.7273296450712995 0.6750420231568418
2.5541670062007054
-0.7359074516593712 0.6999987813537096
4.725732220997132
0.8564181953941806 -0.6699507827211527
0.09998474911343624
0.31342473120356695 0.8485197554231138
3.296383199700144
0.4679922448365348 0.027684379139822704
3.8049837193889813
0.35768719236328506 0.7912382807683453
1.0427554331243387
0.7391980808882591 0.7797105691366586
4.863356855539394
-0.7346661695488703 -0.22506825361223137
1.2056150526644074
0.632754662845649 0.19304225307856485
4.412647081466941
-0.8441581693736773 0.855308155225762
5.424293878612958
0.8837784090521132 0.4082397251309565
3.69587280909691
---
52000
78
-0.6201875734850767 -0.7530540518063484
0.6140896434715407
-0.6974827047069995 -0.6278041216530049
4.9339047723669704
0.18688734102388166 0.28142630809289854
5.2717897956474085
0.7589846999180165 -0.4717965679492506
2.2437405794445127
-0.18188070929739558 -0.21173338782528311
3.741525510168003
-0.7052239206936572 0.8189056789613506
0.5703829841738175
-0.4228188366209619 0.8366286948573259
4.81060182255339
-0.38502921610902724 -0.09249646826941509
1.4507815172727803
0.4030091363761508 -0.5750972797558995
3.3299024938966317
0.3602644013696503 0.7417254387143085
4.486518261742667
-0.8667764328725334 -0.9383552185352155
4.197799289136098
---
53000
65
-0.3637272395854513 -0.6400077004115228
1.9058001329106236
-0.5538534642255013 -0.577451921844264
2.8287556596696124
-0.11202182003653784 -0.10992999218806249
1.1544132093140576
-0.36239681828052756 0.8409995043350293
0.33290748128610925
0.12794116500892624 0.6249441796179023
4.184711125214084
0.1665635597352989 0.6662465368656239
2.2973595947297722
0.4461717144393583 0.4107199400720402
4.911619397669356
-0.927592186308967 0.054548650353585325
1.8727223284139116
-0.7950436457420644 -0.6330425897855033
3.1866909035761664
-0.1732960837118046 -0.3958570788951458
2.8233609784085036
0.551534383459712 -0.3379602831949091
3.532697324435448
---
54000
65
0.8256705657410391 -0.8483998023606053
0.7981306561970227
-0.1157156243826867 0.35871211760526095
2.1425232474175377
-0.8723447758251218 0.0636919875223304
4.119829348363349
0.09260361269872985 -0.35482500707638676
1.8484272977302458
-0.1600292458128475 -0.9271836170554052
0.4063854463564125
0.8291671356130252 -0.9981128256085955
6.1606070126920915
0.17399048366893302 0.9320514418481354
1.0328027693460493
-0.9481106908930257 0.4757065966336145
4.1216622999265295
0.37184007583292233 -0.5630678533716197
2.0465674550628297
0.38950282946720377 0.7673257896272794
4.281728115786814
0.3303626212798771 0.711662888173513
5.612265430380452
---
55000
65
-0.0004563133876151551 -0.7229963044701846
4.971374456676282
0.08152157091390383 -0.7793395803451973
1.7495325283228196
-0.6748253007664113 -0.3566830624323521
3.7038014308504668
0.06304108241945339 0.8209969035079507
3.742881417022132
-0.6959924735449383 -0.17940825906987115
2.469775258046913
0.8103504749379784 0.2361789340431796
4.971077620064107
0.07105032474388923 0.9033509256832273
0.7314226352172453
-0.26433655622262137 0.4767376380579671
2.7849111041189722
-0.20808965060471818 0.6708481894651003
0.1585818158193648
0.546550901613207 0.7097956411275911
3.53029571154719
-0.109060158866306 0.2008220360172318
1.9053660499448908
---
56000
82
-0.15749238082766953 0.7819446730848517
1.358980357502227
0.14568816411262756 0.8700876542117186
4.29784485454011
-0.17147664223892253 0.18716364539974892
5.1859726152327354
-0.19937099385170282 -0.39923685554859034
3.8810623234884627
-0.15054838134387966 0.8803749524783235
2.446611998415486
-0.0854331554746604 0.8241366577556972
0.8254777581834016
-0.7387527559969129 -0.07541213156768377
0.4775136108456818
-0.470775624317834 -0.7263630870922403
3.3466107806292937
0.8436132348063357 -0.4536689512618638
0.7145498257179281
-0.9928668782337985 0.8359472650038365
4.048916916319853
0.9955596487895833 -0.937491247226089
3.137387564471897
---
57000
67
-0.3910525428811342 0.1663149167084061
2.1189235837587757
-0.24597580656556478 0.2022132422619461
2.0587306889044292
-0.6493808923524479 -0.7082461939559702
4.134285180033399
-0.8398268440448795 -0.13483096958438062
1.3399774716643122
-0.12651818020987393 -0.5339788709067251
0.549941418828717
0.2718373269596258 -0.9922522936747187
0.4646457165073423
-0.7454670805417667 -0.8107205927434324
3.8640438963582215
-0.1425724997617419 -0.8182258647093524
0.9370565179119241
-0.620283001230154 0.44342697452239255
6.10170082526396
-0.6701238399303326 0.5494120634987311
4.9655208362891985
0.43842366779616443 -0.438788786895399
0.06999202510865032
---
58000
67
-0.8473622689060673 -0.6283687485037408
0.5984215028135251
-0.030385886834741232 -0.12330896589057827
2.397216243376083
-0.27400025878701517 0.933043154304227
5.937802099527979
0.21262765263049246 -0.28041454858519543
4.835035420790422
0.46882855579136795 0.4406490481996542
2.926798289040658
0.1479126563820471 -0.1620664513668527
3.5838762376559323
0.18534563358576636 0.03782148624201386
1.0194385938690056
-0.24418532095261197 0.77492834753051
0.3452623167052602
-0.28564136565178005 -0.5938080247676024
3.1854637401216666
0.13287094272793903 -0.22131697162581335
4.994954343089888
0.30437340795107476 0.7894408046041979
1.5059304121252293
---
59000
77
0.17290413428684132 -0.9419751692706062
0.3088714109162853
-0.11444652580922889 -0.7684379676652769
5.984443629173647
0.8478594970776663 -0.8245887962488646
5.342853844517459
-0.08422000220542286 -0.25730120838036735
4.383286770626131
0.37057691267260495 0.0012580009896483238
4.072513784353631
-0.6282301024155248 0.556144731633613
4.522730241411807
0.873800632422441 -0.3603040835184373
3.2397524424070134
-0.9713124253969141 -0.859786966427768
3.8864253270845177
-0.01460126434999505 0.9102998653504845
6.250595420648671
0.9181020528505576 -0.07658937846939211
5.755862131034095
-0.024876858387532848 -0.6093240478515476
0.5060528371705821
---
60000
66
-0.35710291647234066 -0.2576443160145276
1.815145711449318
-0.6175445889922426 -0.24005958499463984
4.925596308271
-0.9670652409157156 0.12714004679031726
5.252431315176614
0.8333641338061129 -0.08813614617659456
4.053219511526072
0.664218834887872 0.8842286014132191
2.2964308361316235
-0.0899183195553459 0.06821740841060517
4.790466671519331
0.9443444284643058 -0.20166121626362046
4.1051376367094985
0.6798027702377192 0.9443122766866059
3.126474056550765
0.4797898843481531 -0.09142694236510909
3.5214141687125853
-0.7335882981780133 -0.7231183736022759
2.0310058422684225
0.6617215847682336 0.47085195547922604
4.779118389526625
---
61000
67
-0.6041749956438158 0.5803620027908496
5.7135353759803005
0.2666228757452342 0.1859890345830229
0.8199255897490882
-0.34084357192654713 0.7410351215171314
5.6868873642115485
-0.5531014591376242 -0.3403247125457124
3.0035183327320683
0.23856333911569327 0.13960905976433602
3.728102658690207
-0.9199600338935022 -0.1497368175061749
4.373919164045822
0.6279842954240441 0.39340604554846614
1.971187612463459
-0.6499779311327456 0.8310501015305308
1.6012856340925277
0.7878692556543608 -0.9563546121125177
4.874205003401896
0.7474688209099469 0.38595816210318185
0.6163760908826976
-0.2715886871365836 -0.05210790143652887
5.602402510413144
---
62000
72
-0.40335181354729566 -0.011639883514715323
1.5908184824368279
-0.020801092716045837 0.2129913291770449
4.138446968795966
0.10294143264244145 0.34761874110554364
2.93591640003205
0.008449585271707288 -0.5963448184724854
5.23321433278167
0.2785619335686743 -0.7332340807989856
3.4452693681324362
-0.33180588201696365 -0.4891893441432014
0.4912489603608789
-0.06529575897789386 0.8610466777805763
6.006878433060625
0.2184669783988903 0.5104829623882666
5.730335808463969
0.9369477341752136 0.6656176830644378
0.17474436357787226
0.20551398990826836 -0.7806863455125185
3.067730387352052
-0.2939854602993347 -0.18585013454010063
1.3035828898049084
---
63000
78
0.8084262577624803 -0.4506481194918931
0.13408789807897747
0.8607267530895807 -0.49155082941130646
4.686855129954403
0.9946932195467347 0.7044495787301305
0.5733257451368514
-0.03267933919165862 0.3919130379738841
4.712732608195767
-0.03824156276798399 0.8787799346563329
2.020669225744979
0.15711537241057116 -0.3081115950626406
0.6327823093872098
0.261597000680038 -0.5121813988880014
6.0509631921459555
0.4248414475762686 0.3466638756228321
2.555566480222386
0.11135598891568446 0.8507240984252746
5.971383285989206
-0.540377001063612 0.9061574619180677
1.070438581801458
-0.4938435785654747 0.22134814169723682
0.5780985845705682
---
64000
71
-0.6202122817261105 0.9176047987791647
5.764715375095631
0.8849076755032635 -0.7811558398391375
6.016030023474979
-0.5788417231953695 0.24221239259428934
5.317894780700975
0.8178764632450473 0.48868973059493315
5.870614827826437
-0.04051303051187431 0.4284370878926863
2.304342330094662
0.7888030727154903 0.4653005676955674
2.923814064500683
-0.13179446418809568 0.5273396655568157
2.71654409121087
0.1434103301146672 0.8053043661565538
2.6719548062971423
0.37351366471296354 0.3317960243743633
1.5525863856181186
0.8297699553675149 -0.9142778254470818
3.0984435608766097
0.2640408596953434 0.6077748980945443
2.279605147723757
---
65000
79
-0.9818059087236453 0.5227364286851032
4.1524251407967405
0.7746312833945267 0.9721305001716329
4.083374708320364
0.4954768993427904 -0.45814919823188843
4.049084015939052
-0.5987811155647599 0.4697661823064455
1.8649867181249595
0.44100198823436104 0.3544396989547772
-1.792719916582303
0.09427972559550432 -0.33051592516771366
0.7132163036590748
-0.7102472261847097 0.2502998284392432
5.3063320380786285
-0.8521555854626752 0.17696290156718586
6.196834452349425
-0.8907258565233477 -0.5508439758072626
5.1788235556348985
0.31465639761872805 0.4559273442918573
5.338511549034798
-0.9478428564788477 0.09704931405053227
4.883950102924885
---
66000
77
-0.719624206834918 0.4819217117677834
0.7696960865032585
-0.8300494510136858 0.0903828462593219
5.3403339898652815
0.1118207109320834 -0.2893948859710018
0.28754565450611036
0.3470201641800334 -0.9917652023535949
4.784769020948086
0.21320045909438928 -0.9940063724655646
5.220787402153278
-0.8146801732561287 -0.5387047126915306
1.4301353458952155
-0.20503542670014774 0.7380299874082485
5.998959670902214
0.6033130320664428 -0.41859171071116585
1.7821703910470639
0.5393898386934809 0.2692722921162949
2.0826111801094713
-0.8014129411863747 0.21038605893375448
1.1168934979154956
-0.4280933130528319 0.6764067578197165
2.2658451930441004
---
67000
85
-0.8225622368281544 0.9924742738312402
1.747707034170813
-0.6707073762813333 -0.7469943937545089
0.818488018539826
0.6210171137708411 -0.8713086276578059
4.808807236470693
0.9227924870558777 -0.8823695364920053
4.053766050551552
-0.6301863002826666 0.8646135882762692
4.071976876028571
-0.5101841048125797 0.5722364561967926
4.171268968965562
0.7109004437266431 -0.8017075344425812
4.888855514359128
0.8396979750485127 0.2710529892185354
5.871425824665426
-0.1958398751113043 -0.8968099106946807
3.512863677203187
-0.27108226996324325 0.3807523442419902
1.2186422868582094
0.7448583473572314 -0.9830016345930854
0.1841089223928991
---
68000
74
-0.22390247607675165 0.4947455152790475
3.551316201433857
-0.6710818063630881 0.8869800431456488
3.690716951499292
0.8317421391660229 0.4888784788298444
2.922552988798726
0.696382063835074 0.4184572743302233
4.69582435163354
0.39501534253367027 -0.11447534869637987
0.9339801958773304
0.6664291085951585 -0.5894091120969186
4.379294650824417
-0.3280105145997211 -0.2446550672954905
1.3158229930421834
-0.5446981997505591 -0.056702899540718624
5.660870828920345
-0.8073631349635036 -0.6856425346953439
4.497814322200876
-0.6625562494041175 0.1060469887409111
3.157794309780428
0.3726318154400822 0.6188657741695905
6.156935842908835
---
69000
70
0.18619351712261237 0.7984723257377444
4.694884171691654
0.12522871961922544 0.9559863448736607
2.5122453289433873
-0.8793492242581373 -0.9863781724645411
4.979721163431043
0.3273647381495042 0.39565310034481765
5.625644667544302
-0.12968354840943735 -0.6146303303636469
3.3250051375394554
0.9834959157926408 0.5923508015459268
4.266394881968894
0.32169921426589915 -0.9319232886402274
5.050589946850262
0.7023129131661743 -0.9261530169355346
5.307722154460917
-0.9048209133661884 -0.7413245687697593
6.0006423502134565
-0.44204799049956844 -0.9946278732017605
4.774991815025334
-0.3938476528107435 -0.7376521549695718
1.6541753417625555
---
70000
67
-0.2188323387099356 -0.4808187635926783
0.9163196142755917
0.9467750656757791 0.4385933200156454
0.10879543673011849
0.4305897182939906 -0.3357318443270376
3.7304968626581463
-0.2254401548780339 -0.3615270130256415
1.6790000655826027
-0.6087420888629328 -0.3241523991029214
1.279703723208364
-0.971376800944945 0.4650748836560875
3.2111039818301963
-0.28443524359430805 -0.17481778495454303
2.3335641477181586
0.02919014148159783 -0.7844941511630974
4.597900450876414
0.9187055254680306 -0.7483132075508591
4.357638426951114
0.890174563879865 -0.9533963749973211
5.4811027665672905
-0.9105733483423633 -0.37635307242230104
1.5524345312614525
---
71000
70
0.142889170592814 0.5106401078154699
5.553535170657178
-0.7039827108174841 0.76529391856398
2.9171290123447307
0.11606608383316222 0.7746098376734704
0.22175219256914236
0.7614155721125784 0.7038085785811589
3.6989061006452717
-0.2989989675428709 -0.24992347175806168
3.2408557287384827
-0.8180001941344434 -0.4384102502231263
3.4386847221032246
0.5897681080900822 0.5945662696720344
5.715347509128157
-0.37019432402925756 0.734201081926986
3.525578964440511
-0.4731435661185205 0.8922757431821637
4.076175934029772
-0.8296690283203176 0.9666635237597734
3.553548102500648
-0.7071412584642603 -0.5863892474351946
0.9183876698723843
---
72000
75
-0.413538010083444 0.46256716778048795
5.4730478577448975
0.7170541232367698 -0.9411888637003951
1.6798708018637036
-0.7822947810491343 0.18146295559380937
3.2561580253874856
0.6069633539289807 0.16493868714074567
2.2746527057129367
0.12269579475282472 -0.6148593118296515
5.712035922978523
-0.3353770842371583 0.18684816524535397
2.6429731129518177
0.3716741539541717 -0.2447560065360952
3.6330602836092156
-0.4466063441316819 0.5831118863929654
4.979100815817354
-0.8177544717656098 -0.867100798292401
5.312418234889551
0.8916073990403262 -0.13412886319794795
4.868793518795204
0.2056477749617156 0.0733877938069708
2.690937016882922
---
73000
79
-0.3193484854823264 -0.04557339069895029
0.06621421739353184
-0.5719643241119574 0.745206549044199
0.658729878540278
0.9839384818374273 0.19695831020621934
3.866627392029919
0.20059567671216993 0.4857704267006771
1.5825772606710045
-0.4601775047698158 0.31225547862587116
1.9848445827058052
0.18610194174285855 -0.05940367401759413
5.919206281973318
-0.49166082513822496 0.4878736437822326
4.509236227346235
-0.93110918928177 0.5563835076407578
2.2373987120384653
0.09233076686218533 -0.5530120654533721
4.582147522446961
-0.2760026492300467 0.8444000257740694
0.8312924025289972
-0.1678412261887624 -0.18707616339725808
1.4386351353624791
---
74000
72
0.11324279422132448 -0.6220363329164034
3.129975935798485
0.06486056975549571 0.47228008528616905
1.9386597412282462
0.9445730187687043 -0.25330955125458077
6.152637657049329
0.8525590476296911 0.7599084778756026
2.4272263490531083
0.8380819988765122 0.06348019082992915
3.1221986604355116
-0.6382250165176618 -0.18927756064701518
4.347258460863365
-0.3790658641965335 -0.3728794082404351
3.4849054874622087
-0.14731831842603527 -0.5320289935471941
4.325644408258363
-0.9770500935759953 0.40206740889413495
5.401330220402316
-0.9073864199097648 -0.5874837613941731
2.149917232186781
0.507504638713844 -0.719363655054128
6.058604972329609
---
75000
61
-0.0503698557870188 -0.17020942379563878
0.9263205756383336
-0.23575005881222752 0.9483272085629582
3.1765791792045004
0.6102356315782708 -0.9956407402702676
2.7961340145236386
0.044037502418928384 -0.4656648061004094
2.285183482684354
0.840027328572511 -0.4535720351317926
5.233044119517278
0.5229475578783294 -0.4384677306839636
2.862919766236163
0.3525243657145655 -0.36959006483903456
4.172494973301792
0.08745840667944282 -0.34247577962765124
0.03717126845523033
-0.007945948939308143 -0.037821464024274845
4.959999670632921
0.2264027232490507 -0.2021202988174914
4.245710731616505
-0.26845115306117007 0.6728530170263844
5.869500625581352
---
76000
69
-0.9951387289334381 -0.7859044787263151
5.61176926114923
-0.26531079161195337 0.8157865409948662
1.7497107735249964
-0.05257103166555212 0.9312839269082286
0.5161866740831522
0.6190793864438422 0.4489236177165459
5.657603589248501
-0.4285899460635012 -0.5388226966354617
4.456065961217256
0.9963101991194714 0.07732776271729055
0.019793892214222453
0.18220857216657543 -0.7842124463293453
3.4761038588682354
-0.9961092221006875 0.27496440590922644
6.243308528575523
0.9764010208545307 -0.4424978793975128
4.068871337981345
-0.12016166134356784 0.2939493060543181
2.5433294291104422
0.8370655271145178 0.932890389990956
3.217503930819791
---
77000
67
0.3209524658339494 -0.32812203840535564
3.2119779187789814
0.29047789241504174 -0.32634296424987697
0.31893292075416557
0.4583194813205055 0.8166529707859143
5.98060414049615
-0.6794580225978806 0.4745157434075135
0.5698958773530363
0.07086658984280203 0.8270906883363754
3.563228350077403
-0.7762999156984425 0.5413817242339357
2.500944492423634
-0.6327698928625971 -0.6179876885532556
5.976831741423938
0.7627788718565853 -0.7323974571362286
4.2652349879363625
-0.49879251314306317 -0.5140186749531577
5.803801598523029
0.1426904943494998 -0.727138085766471
0.054049063848874646
0.33144855151603725 0.267175906878958
4.535752209159574
---
78000
79
0.9608693362871134 -0.31035447526171883
3.108142464823022
0.7071744416408056 0.47582435185400607
1.5323144384961864
0.3183982529776785 -0.05470924696977644
2.5816440400704863
0.753819849374835 0.3165758002843596
5.858952944336014
-0.7865306060665928 0.7635611128615671
6.122229229448426
0.8960596755439358 0.5577531925170733
3.6787876833044972
0.2721844372565401 -0.16157031857709273
0.878764275487879
-0.5101066573281976 -0.9117363406221066
4.555967208010921
0.22766861634416843 -0.7192287961046742
0.05740561690258339
0.9780210341165776 -0.7596205216013011
4.454003515672364
0.36237501955198215 0.12351812216429466
2.024678084203363
---
79000
68
-0.8483118451500417 -0.30854307947164356
1.0233618425157516
0.5231675332207256 -0.1978861027862111
6.236086251153592
-0.0763151919855376 0.14262316533670114
6.149994571875086
-0.8237030895126507 0.024799233802115864
5.958458771345212
-0.5783875910306592 -0.19170312111816654
3.835008478697575
0.023721933497035295 0.4177332791151797
2.481418576368494
-0.35490778711144544 -0.3152575636970812
5.018069870382802
-0.40800122610443157 0.7823681870080444
3.948316851661283
-0.7563032703849093 0.3910731596488039
2.578561923458847
-0.8249977779590498 0.013845580148386959
1.5587460183750785
0.8301058190947136 -0.5763932878722059
6.0855560651059415
---
80000
70
0.9607166355532841 0.5701422461647302
2.3197916901880595
-0.9426655905213632 0.6325769554661088
5.5790342148130225
-0.24681896590279478 0.43136895412571924
4.7416917610993465
0.7593479195672954 0.2300584572210812
3.501597546424425
-0.5248792302703494 0.23174438804545558
0.05008899172310599
-0.6896805128811209 0.7911408277772916
4.900784739378513
-0.9494745913712909 -0.6077787166376168
1.910736867935234
-0.651375326662949 0.44871644722044274
5.803289300918109
-0.9783848363968517 0.7071512036098859
5.302477570010821
0.3684146062780456 0.4110758005932824
2.5791341270462116
0.6781267787317039 -0.27902836008112425
4.994278710120196
---
81000
69
-0.15720246805900107 0.27416340168323056
0.9810167975968123
-0.603547800939616 0.3705789447200251
2.093925812778571
-0.5566031987407176 0.6736255129432099
4.41190183088388
-0.02728038281503735 -0.8848750578545944
3.117906476291669
0.10343568167603348 -0.26750393575280484
1.0086159217110486
0.4369415182818155 0.46709941349037465
3.918984574283277
-0.8638319309011634 -0.9346057921617884
3.0207951836372766
-0.8400504896129017 -0.14912572424875792
6.254221350725666
-0.36477797802410594 0.6144238491056648
2.9736517338418587
-0.800860458054033 0.12497390095982208
4.615455498071648
-0.9433265318124953 0.9535719286508739
4.704241861801877
---
82000
71
-0.6829824625352944 0.1197421419767945
0.4366039447108488
-0.7588688523726042 -0.5319325293184036
4.639695908094781
0.0737657548339864 0.6623491042321603
4.140772547559981
-0.8565972513833521 0.6238560593972475
5.4802390825033145
-0.3701270503266945 -0.8537074587120026
4.492019317927319
-0.3418151027197133 -0.8156043712349543
1.4656651536806065
0.13353624382925966 -0.28689361501028465
5.4449318538672005
-0.21949655643979377 0.49147931728302063
0.07876957568719778
0.4229184844066783 0.5680124051767463
1.8492037689582288
0.4867815288803483 0.3750632844533414
0.6137461882317119
-0.29166877263926 -0.21353124259971895
3.5647905335032144
---
83000
85
0.03422536535324002 0.6268090994379742
4.0655376404008745
0.4878880187021597 0.8760276887181944
5.06410831035611
0.11249981187842822 0.8162344833400791
3.5800127642635067
0.5218602447383546 -0.9875308928518993
4.522042970160525
0.25907759797802643 0.3885474121372586
2.633847504016604
0.8095683109063286 -0.1439504419937263
4.213796189477191
-0.12872247581496826 -0.9630022696622909
2.951210795418783
-0.09427390540769585 -0.7646791165489808
2.238635521450375
0.16527670717087428 0.6139526540624061
6.17685039920877
0.27961982967041393 0.011124969381704
5.453719290969124
0.6311406436229139 0.12386195365282043
4.0148568916882095
---
84000
64
0.3819733617493141 -0.974631201375038
1.9185565856833473
0.4744759128375964 -0.9492763091284407
0.08695144501551777
-0.2991751738155603 -0.22219352740494444
5.250444328974739
-0.1517950757959143 -0.30496224283405843
6.176815790286516
0.03041756934334763 -0.6512117275048059
1.0185912622589814
0.5008797871934999 -0.8690962346855691
6.065416731406827
0.24343428113045093 0.5969866429666554
1.9327494822448008
-0.08941881598529641 -0.3792196007165588
0.23192693886927795
0.7393519779002349 0.6070345076102531
4.761442705139583
-0.9538388933180594 0.5770889181749014
2.0634093925511463
-0.4001168554987076 0.6589303507316464
4.547984832425556
---
85000
73
0.44674266436646454 -0.35787837290787883
5.204953182496313
0.42772589246148907 -0.5449276365294939
2.8626214754374137
0.33636644965763796 -0.6162267504283372
0.36174644367469044
0.5708762607300308 -0.2858197296678149
1.570029031712144
-0.6475476840915896 -0.9762468448500559
0.6966603090029051
-0.9002858433986262 0.13577995344009697
4.268437401402965
0.36169529045943394 -0.37709119718226203
4.69262485250116
0.32216656872003085 -0.3972436393990128
4.803589406411804
-0.2709660621975309 -0.5933545448340677
3.4816032588481645
0.958259379469975 0.22094652118783153
2.170001795885542
-0.1413175756387289 -0.5948950140527474
0.9894185061388596
---
86000
79
0.8031790275945605 -0.9650159841962287
4.914627443343251
0.7767942236434768 -0.9380829624682868
4.848751241815979
0.32174338657878554 -0.29490342200658703
4.5452394760483825
-0.9425453397596406 0.9094927634821692
5.564862776951198
-0.9890856922798915 -0.04007948447014026
4.288135775833172
0.6564586634054862 -0.5833774997769304
4.431824536599728
-0.045459284657395904 0.6356585555790314
1.4470820872135484
0.9736098507328662 -0.791274125676044
1.3785169377744744
0.3527087367458227 0.6422576831544645
2.9911410237358247
0.3858581386918637 0.9501705039598983
2.800399242592138
0.4199991346995172 -0.42500281115350697
5.68127001056383
---
87000
80
0.4752940089756072 -0.6059585187522601
3.417120275164513
0.0622050200998637 -0.29484545351709773
6.030677835820224
0.2708259607767242 -0.9956651562932546
3.127566640932301
-0.08339318912828092 -0.9974002610239578
2.8807248620415127
0.8296441694557518 -0.5083159965090174
3.0084524504840866
0.4886588071928581 0.9136867065694501
1.859937925717409
-0.5605259137778569 -0.7214318562444798
6.112899961660873
0.15462763130194151 -0.9939391576467446
5.708640541258001
-0.21525148157760904 -0.6548035437382042
2.4564153789756027
0.9367815766399744 0.7792945030126568
3.124335598644949
-0.07241109385399827 0.03787036016276435
4.056838786049195
---
88000
80
-0.6316661256230446 -0.9716343462109757
5.710307277551346
-0.5719402206806694 -0.9260607123892585
4.072128411933337
-0.9979010932791261 0.2582994797669476
3.330769884425128
-0.7950717789064226 0.4889159013454119
3.5210572458021083
-0.8446176141004903 0.2626148569960694
4.045242309760042
-0.7908488811741561 0.64540875544654
5.262570995128172
-0.665578490906378 0.8750258301720049
4.904426438076566
-0.7417016312747953 0.49935181346947627
3.9430723038281696
0.9973694055546651 0.7218091843572355
3.4085088015310046
0.07938508011679193 0.1709155769014797
4.023877592075049
0.15861071544377894 0.5502674889738236
1.5825681755668395
---
89000
71
0.02888682558636789 0.15154191364633843
0.26414756413230567
-0.34775931782391045 -0.4956575605311718
3.5771204040445435
-0.724136423821448 -0.9791160855609902
2.4152289488831755
-0.3006434192282209 -0.4727303714845108
2.8970946002587104
-0.7139273394630117 -0.11715015341649547
1.1963596161289458
0.1995247026650962 -0.9935010561864299
4.4863946333545455
0.5215925775287438 0.20964686726269413
2.5208734845344303
-0.8963789637991503 -0.003800474983419417
3.4737373954274577
0.9382820762814098 -0.053728997004708116
1.6975214534030325
-0.8401320254715119 -0.6008882834782765
0.30800908024081686
-0.09337384798294909 -0.6675188184344376
3.637486362310824
---
90000
67
0.8076902742790758 -0.10190182264254166
2.936849684347622
0.9482714132672924 0.09379807636156015
4.366503298132064
-0.2982676760396356 -0.019008245384848604
4.214519558126489
-0.49403079194726746 -0.31439966260164975
4.123919289026337
-0.7556093133176884 0.36250582726299324
3.861759239469376
-0.07924938539673179 0.5273066171927777
3.3544583451150967
-0.44901915047082197 0.5757475149837938
4.468374307581117
0.08080549440823034 -0.09510084843270987
2.393772907152492
0.42421506321440716 -0.9974695304436003
1.950791848281197
0.31281860179578397 -0.15793890400962396
2.481431673495459
-0.8293019030865367 0.3349330641758503
3.377029949236549
---
91000
67
-0.04859545799300818 -0.43700996552574467
1.635029508647107
0.8668293866026027 -0.9682362830781868
2.067751659449627
0.16743098996876227 0.01083955919571844
6.1630868543491735
-0.773587146764994 -0.6327160079288949
0.603603780035165
0.12435830188324139 -0.02699730774827557
4.249572157709636
-0.9229978502472678 0.7400745966083058
4.505252776528175
0.5705026003267311 0.22530196073183564
1.6091118224056933
-0.16355370806021807 0.2640945423607133
0.1246112382728164
-0.5708653790312275 0.9027870373261204
3.6467942991627638
-0.40924785312662776 0.6802283412429513
5.445357480143652
0.5257535049501756 -0.3082665573898331
1.8272503451602091
---
92000
46
0.20811375416109962 0.6147429017425533
0.33299412170646475
-0.9741590364113486 -0.9027957582804959
2.1940737232167766
-0.9055397056567035 0.2181137181893112
2.8039150956080396
-0.07464933686105787 -0.6583716864189106
5.877785347800587
-0.24043536813404745 -0.21448732535439974
4.188894649735259
-0.771661815555617 -0.4450609590823786
4.06271496853691
0.639029761556582 -0.04807555950465321
5.823337262982467
0.27504154252711116 0.9629639714093513
4.054489879323129
-0.023223729563348453 0.8966189572890627
4.531891217106306
-0.07606568844038815 0.18349093836310593
5.263523039292429
-0.2938246382147606 0.4746485573437857
2.374664058255635
---
93000
75
-0.5522538469110397 0.28967980437690805
2.2655272842867804
-0.14782925656564339 0.9060373262508267
0.582896660179121
0.18070769811601728 0.5234589063186686
2.9157536396359083
-0.44148871232404546 0.1414160218309631
0.8401081264330506
-0.6312714213755358 -0.8474938975596962
4.559891077868491
0.616627324372778 0.8332003110709277
4.342529437780323
0.12256701104705561 0.9516809099820196
5.633628451625586
0.04980095904759227 -0.3885932012632578
1.8057122092692302
0.8862782925151628 -0.9469478658555511
0.3132726106101993
0.784214934530568 -0.5624406746924885
4.312712822626109
-0.7208465166324249 -0.30425975680335465
2.3910743127285494
---
94000
74
0.6766547163810956 0.2705023039900696
5.817681573276658
-0.9727429098111335 0.3012093670687318
0.2894520454209646
-0.772493168865831 -0.8367145983336234
0.0015867688335493568
-0.6676874387049674 0.46010113632823985
1.0417770928245682
0.7957174152091148 0.05816968576478854
2.462897617453944
0.9171384631761941 0.6511541357240921
3.576473563681623
0.09888333764626805 0.5642907362252497
1.232773610651508
0.8969673770114353 -0.42438998745509215
2.6759516600099484
-0.8699515907738251 -0.5180869675208414
4.755611850366351
-0.7932938457104278 0.3000693737256858
0.49576134341691347
0.3125668880138378 -0.9846768029381421
3.8517633472483936
---
95000
67
-0.04669710204150966 0.8144567347674282
6.015698548778735
0.6192914572451084 0.7366346510364917
6.148631996210455
0.16769960144317755 -0.0721794292583853
4.610524018119742
0.6275242390469764 0.05925893059082853
3.576895175706741
-0.5962274399039935 -0.6659246219175967
2.8098523335403582
0.19986883805683975 0.435415602194517
3.3317384611424563
0.7877123424694035 -0.26527134485258136
1.0888581901695842
0.3673328688932668 0.09041015738179853
3.470505325932093
-0.10340877901567072 0.7770753450940456
5.216487690231608
0.5431564457300925 0.14895865077174714
3.462755445548731
0.8863894921403129 -0.8433407672188611
5.755929698212511
---
96000
73
0.9586893522591958 0.6090893536245714
3.370134253621515
-0.26779719324998397 -0.22543541228068717
0.8880373903988357
-0.9013487050869069 0.6859458433552726
2.923591397963186
0.7367451781962298 -0.11259631118934008
3.847343996325125
-0.004256272146600688 -0.33710427380690655
0.7287889077823695
-0.18424635685229312 -0.26124791810133885
1.8248029896941542
-0.30073260631632714 -0.7558453844878212
1.5611443590738256
0.6150712973953293 0.11318378823155603
0.01681433755707218
0.5099539082152095 -0.9502126393468586
1.6820619387142912
0.3975897680733681 0.8608288282940467
4.426237417453806
0.4033910291805621 0.08381174328974667
2.3662639862712833
---
97000
88
0.3345453528112646 0.0849334790617855
1.893086301570485
0.49156760091160706 0.5535572883675572
6.247456591966128
0.6086867527212017 0.20264442438583122
4.206590180351812
0.29247816925648806 0.9746332770381796
4.0675734355754445
-0.9963782275378295 -0.6680157911287808
2.0209295315251
0.2869325721651333 0.30205448667995105
0.19329386773653479
0.6600679883117373 0.16509728707053206
0.18713319415573526
-0.4253857728110522 0.6135017053328627
3.8376873089935604
0.7339145251138918 0.04317770221704781
5.568967902760862
0.45821340491176143 0.4863384022552131
3.128322410622747
0.8259973663732748 -0.20802504179582068
4.812432030615127
---
98000
81
-0.16495189284491316 -0.31548180851783675
5.352068633995643
-0.33416463008574526 -0.044206793925790556
2.1222641167962433
-0.6085119894522767 -0.012684630092871525
0.7325247700195872
0.7306482232696178 0.2614001499001955
2.9177385392134774
-0.7578745551961831 -0.06622110313420959
5.12816436761951
0.8292704223391305 -0.153037977998699
2.681853308143854
-0.4048231940834094 -0.9707239687789329
6.2517460160275515
0.3718667700222688 -0.2923283998891236
2.611562089498035
0.3060940107813685 -0.34085619818547797
3.6437847190378427
-0.3330698175801135 0.8929854225014949
0.7648032243834022
-0.7459483594046935 0.11639098255075261
3.336428396168171
---
99000
65
0.5870651657603421 0.1382447596396947
1.500958562131144
0.48078749386044817 0.019323953981735885
5.658945999713221
0.8057253378917838 0.07455130685274045
5.573590658345461
0.3431328442446829 0.6856661187982899
6.089343944169278
0.5789878337625445 0.7298839139474795
4.690565396823304
-0.05067062853773033 -0.14190625180562474
6.083579514816661
0.8959495887104134 0.32336433733661474
5.496550978196026
0.2598499225429221 -0.4307266665923154
5.254295870512078
0.30058335453635393 -0.6177046806087252
5.487206450404992
0.5005873465996288 0.8155753945116633
5.612596734290618
-0.43323450255329016 0.4675342870434245
3.559524914584131
---
