100
{'run_name': '2D_rec_10_total_boids_slower', 'annealing': True, 'annealing_start': 0.2, 'annealing_end': 0.002, 'nr_observed_agents': 5, 'nr_of_boids': 9, 'predator_present': True, 'grouped_spawn': False, 'predator_halting': False, 'record_keeping': True, 'record_frequency': 1000, 'boid_speed': 0.0333, 'boid_color': (0.8, 0.8, 0.8, 1), 'boid_turning_speed': 1.5707963267948966, 'predator_speed': 0.0333, 'predator_speed_slow': 0.0333, 'predator_speed_fast': 0.0533, 'predator_lunging': False, 'predator_lunge_speed': 0.013, 'predator_lunge_distance': 0.1, 'predator_turning_speed': 0.7853981633974483, 'predator_color': (0.8, 0.2, 0.2, 1), 'predator_confusion': True, 'predator_confusion_distance': 0.4, 'predator_confusion_threshold': 2, 'predator_chase_time': 20, 'predator_halt_time': 0, 'predator_eating_distance': 0.06666, 'height': 800, 'width': 800, 'graphics': True}
tick
boids eaten
predator position
predator rotation
agent positions (and)
agent rotations (interleaved)
----
0
96
-0.8375958142319537 0.4177236995134728
1.288344273935072
-0.8423156242973826 0.3785917410750319
1.4522438330936298
-0.06289807515443781 -0.10029362725882549
3.8693762240644434
0.7086853473518989 -0.9936122477673853
6.212238356376095
0.3481953215290393 -0.9161681955877731
5.837623936436398
0.09429321456841465 0.8641671042602526
1.1561956114188263
-0.908265194702673 0.6333353449979942
3.6699319747229455
-0.11531865341807411 -0.05919975666345613
0.44698291030317394
0.6720237396822637 0.34378675447343654
2.5348684009896667
0.5011858115663853 -0.08583633041330996
5.470294224898371
0.961808549765981 0.7286946944021689
4.713709779492479
---
1000
86
-0.7791143527023106 -0.4012923711495988
2.5467248350485585
0.6040280432793459 -0.9902943063021179
4.768093730197134
-0.10381474630673833 0.6710330082457099
3.756330058569792
0.8855776863082571 0.1840636354060543
4.821528905442636
-0.988221736165414 0.3167279981814964
0.29206783356352695
0.15525394385032865 0.5716964732915847
1.3135030623672934
0.8285487048335562 0.30883020362215774
1.7134052425666093
0.28254370164768355 0.2979155108938421
5.505476612389825
0.6374706488438574 0.5444073411743593
0.863528452184644
-0.24139221307982853 -0.8481179881735346
4.731981060557857
0.8486075695610038 0.4824809710879473
3.6601891708898853
---
2000
84
0.8991871485568703 -0.2011272798430349
2.336311804878025
-0.9537983520289115 -0.6038053950863622
0.2521241011084383
0.06025969239244881 0.12643462919238402
2.5492150749906086
0.630273579950991 0.3884667980244026
0.5198273587617432
0.09815448340857374 -0.8855969578865287
4.29711666352663
-0.40940648710105604 0.7170676209554863
1.763315293751191
0.6082734041898626 -0.47203770381960286
2.5742816552212364
-0.07092182703523223 -0.007577098629780553
3.433690903688335
0.2862579492798108 0.015792233348307982
0.30752014385581194
-0.3529799257459561 -0.1488336530397359
5.448951081262638
-0.1911196081867445 0.5590702339148573
4.669780192899735
---
3000
85
0.005008532005328609 0.9848593316387644
3.850859886358543
-0.30773396492789407 0.8880347871445908
0.12724714448928243
0.16405832709278706 -0.5241658239271286
0.2260426461529077
0.1320057501663165 0.06142708876947224
0.39883553401839755
0.9934368983753635 0.2288397833030977
1.681806274377668
-0.5827485290930122 -0.9257129379719008
0.30651499549155137
-0.32703092477163465 -0.08520230304732569
3.8845624547575337
0.27671657534405647 -0.5770963099323954
1.2388084769019239
-0.17976755835243016 -0.09867581082334612
6.065715651531463
-0.004196157677889556 0.896822185390979
0.9648957398582763
-0.658547209239341 -0.3221897799962483
5.289008378821532
---
4000
82
0.6918650595207481 0.08666488683414723
5.8543109151398625
0.724758425858751 0.14156126143010395
1.9632959539200918
-0.3226864533112783 -0.656706527472514
4.681805022115236
0.9696728459892621 0.7104190022780862
3.031224487329121
-0.6491349393528696 0.1177603163055549
3.817760434219543
0.40476115325263645 -0.45911355640846335
1.5730537229897497
0.3717974535581256 0.029299555243137976
3.019985381752793
0.42804411675362375 0.7896761280540382
5.662201713786006
0.8519590789229666 0.17388425689264259
1.8261722326624676
-0.016337799516418623 0.058363283580300046
5.978692418053081
-0.4283113419296084 -0.14859137409805095
4.615027867126581
---
5000
85
0.8823376213419291 -0.7950875078243924
0.29069852784347133
0.5709195513001779 0.9382156998629372
3.681026861290971
0.9563959734197454 0.5417621920272022
0.9123021457634177
-0.0002840353935966681 -0.5807622307695488
4.718874359758141
0.769860880917196 0.12129224751734602
1.4412457749278822
0.017145026816241603 0.5929681730148144
0.5305491628678594
0.830813984872921 0.8027425580336167
3.7711055660448904
0.4387369126984245 0.8571210693258304
0.7748657500947571
-0.8424011464298821 -0.008770559545702637
2.215396336271424
0.3103530503386372 -0.10920871549714331
2.2115175058228385
-0.22291427268549904 0.5504900307781377
5.489380373817577
---
6000
81
0.3120996010970166 0.293555414155176
1.3489195208407354
0.32923507725226875 0.28129922617166203
3.530313237360949
-0.067245814125068 -0.5876330826935221
2.2858430049407987
-0.4032710429992088 0.04551344954427902
4.779798146691591
-0.2358426824933606 -0.23882951774148195
2.875221034184783
-0.24874776067556462 0.2013997687762491
2.650954324062006
-0.046110978822590756 -0.24068565616741266
4.727920009682176
-0.4789831849296538 -0.42977126853251035
3.368688755454948
0.32260199652901833 0.10325990335357109
2.012091373307359
0.055879193956152484 0.5778671504182186
5.670701656476496
-0.7267139689318146 0.1623212880083057
2.465296381624711
---
7000
80
0.04674339397099099 -0.8138864927497814
5.142205962859798
-0.2114850852878412 -0.5674912854110005
4.213321503700529
-0.6217042578761193 -0.18008654870579674
3.595398435866831
-0.9325609753243742 -0.30165246426206455
2.9374718695968074
-0.13943880750499227 0.3786696860465306
0.392413404482741
-0.12950316935305334 -0.26981755780430616
1.5168490892794466
-0.3093496551801806 -0.5909740565417004
2.3680385141328335
0.13220637655882772 0.20993486473203649
5.377356888485902
-0.3140073747110753 -0.6764005458443644
4.921315512302713
-0.7358649979233296 0.2679867826922597
2.841138697160379
0.6393692088710635 0.6310701817495034
4.20434975217853
---
8000
81
-0.2708486379129854 -0.2667423026990117
3.737012136748738
-0.6270472908271506 -0.7557387639432451
1.8925454159580122
0.26228659128461485 0.9592170125839204
0.2121844781065283
-0.890119158256338 0.5616955643356782
2.0403340611529064
0.8651737546025424 -0.1799695408660108
0.36148315514779483
-0.9726818793424031 -0.5707091218155016
2.5804638584822195
0.7186997655863268 -0.5709357291579116
4.381005524445582
-0.6165316203070859 -0.8888750081323864
6.19739089140014
0.6387752876592959 -0.8571555816499217
0.5118922099134009
-0.39624543616711616 -0.7611345157691629
6.04115883219802
0.2758833397216853 -0.05442078761607062
5.911092219060032
---
9000
80
0.014457270871882567 0.23491985581001718
4.473656191029356
-0.054670068785597686 0.03736872144057724
1.8032119365126986
0.32012311712415287 -0.3859418681345841
1.0985404926062445
-0.6818215319064493 0.06776749358586914
5.029508811185191
0.2500741081303597 0.31843161202176773
4.819193047519991
-0.1706462033717257 0.17702029855535914
0.09338847977850584
-0.36984241421885056 0.0651026454103759
3.4571730177943243
-0.5722605515996435 0.5176476451208396
2.1846890885408303
0.6389663453967501 0.8301997995472005
0.7874507539645021
-0.5049120877816204 0.057661147186346545
0.7481051455238052
0.4417263711266971 0.004025678322910625
2.870603383520983
---
10000
88
0.7960384652027752 0.7896847474302552
1.2387494392357077
0.528694318463875 0.5569616836305358
2.984315356359393
0.62453882326303 0.22591799363485368
1.0346699644344923
0.5054189563196014 -0.1483725383105822
5.284520830696765
-0.7030836696304616 0.7788471329215734
3.824150383055784
-0.3674342067916555 0.036902478946505585
3.5693639781690587
-0.188631686861954 0.37726409024061197
5.778839418758867
0.5562453038551833 0.0020300714544051746
0.6952856166639805
-0.03325461686536584 -0.8841004477990912
2.4600043897484314
0.8368918495335302 0.0012537025660698219
3.7189182172577198
-0.684040943641976 -0.059801845414338195
0.7741431629477065
---
11000
86
0.5263761928655425 0.8925463325103263
5.97977833381519
0.37478847149810623 0.9296298033537781
4.197776905284798
0.5958933646578262 0.25157364798914694
0.06915524584094701
0.8172621806975141 -0.10523181757759813
4.034252487647992
-0.8520463520834413 0.5305514363546143
0.16093412629380044
-0.8200456747817851 -0.9739173696289836
1.5466341796447018
-0.13623686261541781 0.08888620074048899
4.08444415174364
-0.2151876226864574 -0.07852279702670104
5.000797450883008
0.990630544507199 0.8109310984026906
6.243355590169342
0.5547161994764187 -0.6168256828881046
5.173499373799516
0.5736549460679164 0.5455492381718279
1.073541911026079
---
12000
86
0.9696177017324717 -0.9623441098173352
0.3643057099996101
0.9060811820875907 0.8059512542154914
1.1720638568527466
-0.5590881033378843 -0.07887041826965255
5.088922171383845
-0.6337826752539212 -0.674957786062947
5.007295664627477
-0.1678976684616434 -0.5268826060672618
3.4682045679306954
-0.8878895477942349 -0.9821003669097297
2.1157671617740457
-0.5182660349881112 -0.7003527455184202
2.7763008947893884
-0.31744195498130023 -0.5724701323662678
4.891384386288774
-0.7026813987972791 -0.14588467799919286
4.03160201361705
0.3893304414390695 -0.18455685856659568
6.0163999650526305
-0.6439841530990998 -0.8110952681398902
1.2101519584414149
---
13000
92
0.9054782444523285 0.22547289393012998
2.4589648300517637
0.630352284861417 -0.03399120025182403
5.05682453322577
-0.8323662777659698 -0.004609966628616877
0.7297926930345606
0.8497350469448236 -0.43705298149132
1.039579330941983
-0.8372840290104006 -0.10644529996513319
0.7345150554840254
-0.10225515586597442 0.2994629697649192
3.473947834670496
-0.45642429121353395 0.20865067065944537
0.12010761329560182
-0.9395375005735049 -0.7921173250128405
3.499126004258456
0.18489951616871153 -0.266884997021342
5.536998645748637
-0.18655114257729252 -0.2755734372042056
1.987386493082476
-0.49460950403120496 -0.756514373146193
3.6635961865692472
---
14000
89
0.6282481077226695 -0.5710599958739552
4.671474177506944
0.4538702876006823 0.9853664132723062
2.7144425372551417
-0.29089020992714054 0.793262275696876
5.892429698411262
0.16753858062416993 -0.038360087053442654
0.24346731883589356
-0.8557988755256443 -0.3027969565746794
5.497044867327705
0.8699413849220554 0.986339748661031
4.636069270489261
0.33193503359240234 -0.22147061574078386
5.152393795418957
0.00743323647251037 0.7872161034625411
2.422383775260135
0.8827686505701473 -0.21166335484606263
0.9693624814865762
0.8868820837970033 -0.5384107351364897
-0.07011231547128674
0.1726528592389126 0.3846519658560385
3.7144178437177047
---
15000
88
-0.9660496658431758 -0.7994979946818999
1.1823319756839852
0.7494109114775527 -0.4305421887325513
2.4289063180329693
0.4104552336678549 0.22336847643449553
1.7596047761425941
0.7512015199287262 -0.782105102610476
0.4443368662794196
-0.07893892801297805 -0.6550525598144159
5.611563924214814
0.4271259220376178 0.9720888530772589
2.700815081402678
-0.1509098348817537 -0.8877247158665093
3.206158314157001
0.20869581868536685 -0.5443539238691605
0.8977791035436749
-0.008256617256367404 0.9604372059296414
3.082259051757074
-0.781359862362143 0.8836626080898841
4.663092375374399
-0.8017639513651138 0.25464716743418303
3.236926517208026
---
16000
98
-0.6431673521174512 0.027241989354975092
2.802117155398142
-0.8378889198104386 -0.13236498153987414
1.4601336455319096
-0.798398100669556 0.5982065350230844
0.22265206933750292
-0.2814359693248135 -0.724673240010613
4.483456986542511
-0.983927273147565 -0.4927999320377509
5.075867640098737
0.5554921896464806 0.3566047417268547
1.7363551466250273
0.52572833605983 -0.4950854243960803
1.3493938582716325
0.3937697689662606 -0.351469008689131
3.7321279510728607
0.8976128416000265 0.21360416753722683
0.620104800993178
0.9054211447125942 0.9432622564989462
1.7554437812219694
0.42874958102594996 0.7036442296350834
5.68257417964485
---
17000
90
-0.20050300282945147 -0.33796477053811186
1.7777938724744238
0.16929868470655307 -0.38603905965376056
1.7845058608072666
-0.36527055059685365 -0.7934917772875433
5.149245760107646
0.06259516366836461 0.33682088010999595
5.961002073832758
-0.5002272446424167 -0.3906118371274245
5.333393522677426
-0.7427777757918679 0.34832807359438483
0.6865502912722947
0.7061390786290954 0.4705560002978178
4.473460031104634
-0.9405256155102832 -0.9923106159815342
4.933327462658618
0.5303762110723751 -0.6383024110343368
0.6961660166606265
-0.9549923264113683 0.07709551311396505
5.029369583636653
-0.29836944570251495 -0.3300341311761709
2.7116670909386107
---
18000
88
-0.9353995793686802 -0.03825050151495663
3.2200508420844582
0.6336916018668304 0.18679008037037007
2.978121621209347
-0.06370973033095773 -0.8405269535524424
3.8029434148647967
-0.44902198435150503 0.5051192060328585
6.181375923937557
0.8962497058242094 0.42738996107712124
4.044232724078454
0.053903044474147475 0.22621344591338008
2.024368155520105
0.7682797599457645 0.5071570178100622
3.6424048865743632
-0.6539759671306785 0.8179934642635504
1.7340269004187894
0.49581005253088434 0.5010108428672386
1.5432284946107933
-0.3307345608434109 0.3304228177982218
3.4331396487597887
-0.3649556054713397 0.42780799979822426
0.758652997209948
---
19000
89
0.4464224049059443 0.4635772471272767
3.1825035692976535
-0.23429570553072543 0.10305935380893833
0.6897509496900982
-0.8946341599359752 -0.13250202106216533
3.151194175079546
-0.8112966502179106 -0.9622839485733097
4.0265669455446504
-0.8407311283733019 -0.32497203665397434
3.221790356197297
-0.6117080987716743 0.27064461773585363
3.2520260971999964
0.9307511606065393 0.20991757250782547
3.1209673486945215
0.008553237423318032 -0.09790758295218448
3.4170325314342023
0.45915299010184596 0.3327408701160602
6.0584865148627545
0.6071652439973064 0.8855703181494794
1.9503743531416013
0.5934137615530642 -0.26584133958386047
4.422520451037113
---
20000
87
-0.004582978194485606 -0.21842747310613467
0.3804578999799023
0.10008832016405766 -0.0525322215573573
0.9371838926431142
-0.3612060191554887 0.3019487224316941
6.030330115607866
-0.5620897568545865 0.11139202090611644
0.19422046125151482
0.19891499933143333 0.7437860099194638
4.510369835229044
0.7583559853566022 -0.5786559538449498
0.0706634394587784
0.39308463839886915 0.2810639355043969
2.672814014197108
-0.43556172686189054 -0.030602793950697506
6.218860612096726
-0.2792956250865388 -0.6598552362782467
3.7545643359492757
-0.8032737430763874 0.6727250152950919
1.729320410146304
-0.9416153145851814 0.7824063399970675
6.183174973569556
---
21000
73
0.7991857905241064 0.6142035829285658
1.5414221958370622
-0.01775394301915412 -0.0016708192752212664
4.493295955314648
0.1733154654529249 -0.5513674051435794
4.418466080109026
-0.18715491301348974 -0.46026343998088565
1.4859233896729798
0.9548197410279694 0.0461658322921861
3.7264133075907413
0.08653116529788954 0.3841801279056514
3.732509038726544
0.4002853055006712 -0.5011440944308654
4.595854016092097
0.5099906256976103 -0.2511413831101922
6.022216447396131
-0.5295586606747413 0.008847490944127167
2.9065547114531824
-0.8730209996104987 0.26569605232104115
0.15939416587059707
0.04080198389477549 -0.0686590606224585
3.229035655022871
---
22000
86
-0.5217527477250603 -0.6350853445108634
4.294091371909413
-0.769684689086814 -0.6687649372669575
2.2985115613835063
-0.6385632662327683 0.8976792853809745
2.649618989275355
-0.32914266856517893 0.10761922123407039
5.320937093130695
-0.8080818356956422 0.4381217817863786
4.632545708341464
-0.23569386158151404 -0.6187508710122317
5.322314161608234
-0.5050124552407559 -0.946366243399111
1.3643959853123295
-0.6325898176887185 -0.43247077039191334
4.802632244204579
-0.8618969705866608 0.9137505181279162
1.6939384174563115
0.5461084592733807 0.3908924214660515
1.8453836349208388
-0.46677047516056164 0.8635282350958751
3.2875961498877633
---
23000
89
0.6025245132647421 0.4305599361659641
2.1373755582685887
0.04567741287206961 0.08468864642853498
3.840301664522645
0.18898993251140794 0.6686235383571084
2.8558006069644657
0.6107012681053801 0.3938825411146271
2.549495495557668
0.9084740970318529 -0.4419230832470709
4.908585194594747
-0.6684188711431648 0.7756412400882067
1.7932539814030983
-0.8903682957521352 0.9713762397562998
1.2306724441089942
-0.0820415050242673 0.2764734079855979
3.20447322805496
0.9979561852658692 0.05389281366424078
4.047323205704726
-0.9267508329383939 -0.9954035136478858
2.5385663396654117
-0.7410139411184228 -0.08387413169829876
5.822282497547077
---
24000
84
0.9223247924053772 0.8254759820274573
0.07077480378247358
0.7878457131907078 0.8608808170036822
5.604906516682881
-0.4679212246208279 0.03428052306555516
4.988770637424842
0.5976438777645121 0.8536603057168667
0.32437551277414034
0.23481266759980288 -0.5387167452084697
4.512308298257452
0.5619496836606478 -0.8407305329312853
4.631187070460861
-0.38257034228396675 -0.3337140514815008
5.2358830666646385
-0.46096389797124615 -0.7000816752887951
2.730973111045077
0.27760871310155966 0.08593039800677502
1.4772705310078127
-0.36071944277245327 -0.7401850802643922
6.110315063573315
-0.4337925428979455 -0.25175597400736227
1.0781121115499577
---
25000
85
0.04420501793953171 -0.016393198883978954
0.30784709426055135
-0.15899598837055662 0.014062157775221101
2.398648556190282
0.5707191862187281 0.27932753258237714
3.357062646135498
-0.6321406751645317 0.4898806722428008
0.6440936972636466
-0.2645467864199004 0.03926925588328742
0.719039330174005
-0.9536573426451047 0.4655576811388983
2.4416029833139774
-0.14362053076998646 -0.5727397350822907
5.594383557484857
0.5167518835110049 -0.35325316092161607
4.51815683475861
-0.41515297141698926 0.05670411742551108
4.417519080206268
-0.7406798545875241 0.23047558120021108
0.2842498064987691
-0.05394484475865263 -0.0531183293436044
5.343034017741945
---
26000
86
0.7117774897106853 -0.7053192159985872
2.154666337336918
-0.8678011174762473 -0.8413607364005853
5.83456151854892
-0.32692522812101893 -0.1996606567977054
1.0081360992010158
0.05772805342156185 0.9960712672704694
0.5789553558092377
0.7644068849788936 -0.995841311485181
1.2397841489875647
0.7037851341872772 -0.4858358925200793
2.769838429552345
0.9413790612018568 0.9834134652515893
3.8162670543185984
0.2803030943814779 0.7990651602758523
4.417244353917293
0.8732459130923476 0.2768030811838819
0.7882742046715947
0.4033286031915505 -0.660171594808864
0.8980135384267491
-0.6466073319905228 -0.9604756194046535
0.29746389145280183
---
27000
101
0.4893394611595535 -0.9922031251541663
1.2009127436944218
0.38140041874752895 0.888915334711338
3.0221511209562415
0.748941273971337 -0.45183888218205437
2.300558000672945
-0.5612423635484582 0.9907467454627813
2.104047421257203
-0.11713258836341103 0.5692843845782796
4.697432594531996
-0.8769679879132524 -0.263923611009622
5.313796436867364
0.6148161384462276 -0.8585928655857278
1.8782922746232087
0.49873567479807535 -0.3314954476425614
2.458884146906583
-0.7268032789135432 0.6162081507168425
2.465690902081775
0.3709488339398598 -0.8610231739354114
1.9592006475281876
-0.044857176406611896 -0.017558521527989653
3.471945150829443
---
28000
90
0.8407939515162098 0.5136428272588998
3.997539589379446
0.2600243467245811 0.8660950708573315
6.086758720246838
-0.3169171046203636 -0.703985804235181
0.12357137247180017
0.29140581126987364 0.5871239358987203
0.47394652907267965
-0.35690695698065517 0.36646640392657653
1.5176352258581547
-0.6434700784923871 -0.48542766386682534
3.0064642128265895
-0.7509056274544665 0.29327297291980414
2.0605392932240907
-0.7321151056680014 0.6981239031389785
3.6546483872105595
-0.32510045360783024 0.9838324099027406
6.244653945533755
0.20407170708491704 -0.6886438087306327
0.5455166306688115
-0.5072641686130697 -0.8815954543090423
1.2187216961257512
---
29000
85
0.28520016204546383 0.9787394208456274
5.95490414196733
0.19806558406669808 0.9152971644802725
4.729828740378278
-0.832888330465159 -0.8167307882679167
0.6356165672314207
-0.4591196786972863 0.9600326287505218
1.425451606481797
-0.5311321137858461 0.8020072391169621
0.607954148751972
-0.06717348132440704 0.5828953557678995
1.680053609165797
-0.14782934233860365 -0.4666493887064102
6.252867336009031
-0.9340073053828675 -0.8791923549640637
3.504618284265505
0.4293764063005579 -0.9170363576686934
-1.1558599068587698
-0.8927925848413846 -0.2740677812718953
6.079935851543454
-0.10163495744437895 -0.6589269338597432
5.075186226413729
---
30000
88
-0.9721951590592125 -0.06147558528761421
0.35478096303179757
0.4403816700117396 0.3982406526044685
1.5785630657740715
-0.9610747534177512 0.8288227840065798
5.933451138278147
0.9007577073505211 0.10668491264068283
6.121341682815986
0.06052726931183362 -0.7660198803535878
3.2262030550748024
0.9497250464673666 -0.08631166421215003
0.5714906665525037
-0.4242618171096184 0.735519848598821
2.7320315404221223
-0.0217587934648664 0.7683363496608084
2.9441818073879205
0.3276019808873564 0.4088685753069506
4.597646729148529
0.10529222104232597 0.45360951499755015
1.4558397987194454
-0.20467502410991234 0.3180766610527851
3.19191320395936
---
31000
90
-0.19300974314626335 0.19446309181711585
5.846313017060006
-0.3190089534712969 0.1598970582549406
2.8991230041007583
-0.8183930660373091 -0.42345524165461634
0.353116533134203
-0.20684414687129055 -0.10320293994576557
2.1050944247128376
0.8681796404766217 -0.9221201536651038
0.7848259240079929
-0.40712843430521073 -0.23353013176750662
0.9111029701251601
-0.6356663738331615 -0.36122935235277837
3.0469842228104955
-0.12844356679239188 0.7174837204612067
4.81798242193402
0.29262433010790123 -0.3665191424838081
2.78398758188761
-0.91775280192707 -0.10318453413896404
3.4496514257167386
-0.15490258422681413 -0.23445968411762017
2.6418345289280083
---
32000
82
-0.21247300939244856 -0.9767424370606832
0.8420960196460386
-0.15792686142510656 0.8836614167167256
1.5234476748154595
0.5798869204855948 0.6281405713943774
0.13164132919615135
0.7286441035986905 0.9311022383868911
1.4560786734121134
0.8842506035107778 -0.026537093638618017
3.3415215305912076
-0.11801714379590517 0.32562752532063566
4.158058600580457
-0.42311389546120726 0.24065068560363057
6.004405637054769
0.48347332432235113 0.7851200559040221
4.259785967583937
0.8034010164051602 0.5979410424380025
6.133756512692365
0.047500509815485994 -0.015070450913150284
1.6503498569642279
-0.41419036461996334 -0.7341642403279878
2.7624125264111044
---
33000
90
0.9872536870340386 0.8737262836995315
2.999225711626964
-0.9707295645098262 0.9822344397515104
4.934398202164353
0.6786224816110193 0.561589052322134
1.5614316196194666
0.23178419527120372 -0.061263638988291444
3.538731361303115
0.5042638560504311 -0.8437706610415039
3.6292566072718655
0.8344986009041744 0.6753685473621135
2.543646145280529
-0.577070064498928 0.7823374503360407
1.8826657823426904
0.3596120382680181 0.4348154867917582
4.130191488315717
-0.8799867371058707 0.7952332418562867
5.6295760095892176
0.5908695533657439 0.3178944793273641
3.829399161959951
0.7090478821722775 -0.4703331065205436
0.830027498394827
---
34000
80
0.07228770401471038 0.41877156894534584
3.5416151260939146
0.16937736458850644 0.40987926262902974
3.2550001047129884
0.8599172773329267 0.502261418506152
4.6735464237557744
0.2808963650402968 0.4747540201889569
2.791062804598101
-0.026881659750157934 -0.06367199479634203
4.902051333441127
0.8154245546323367 0.2604470811520638
3.0253861309341303
0.197339955501729 -0.8837180476063924
2.7377290337043156
-0.17288100266973602 -0.45743868951585515
2.5543999196811136
-0.5973688680225441 -0.1724243054152397
2.8441977716675204
0.9936646413385106 0.2929513425457772
3.720847008842222
0.9521956288414678 0.1950909755326833
4.308112935189939
---
35000
77
-0.4451258123835524 0.025920060284554763
4.85808721598314
-0.9435840052870832 0.2873317242362101
3.36433868910206
0.9732879377996927 0.5436494836737066
1.3916298836555994
0.22958531565242885 0.23952966947065701
1.2005266275342585
0.09488606146048102 -0.22381867005759642
2.1677990895082138
0.8865116208843196 -0.48010471170160995
2.5551451976672874
-0.6440489014970472 -0.32447397872688744
4.09479810014035
-0.22332382228553352 0.12491491307477369
-0.8950228687251566
-0.07793408013597374 -0.27207508140109526
3.001563748585383
0.4522617932208966 -0.7438392615183471
1.5018222440420184
0.5072404359209586 -0.9012328770585613
3.8979095790074725
---
36000
88
-0.522509457449834 0.37269788139984195
3.882125753089207
-0.5404654716214754 0.3614722184627617
5.864685572916131
0.7301809278100756 0.11983912061646139
3.4358891862309484
-0.9899210065865784 0.9511389036840053
4.572744703997774
-0.9610436629852952 -0.24695453294968212
3.2288552852073478
-0.8930065122499742 0.3940667228042842
5.389582347186889
-0.7598437288880318 0.7221214186618925
0.822085816530147
0.853211269970547 0.7471006375783953
4.47074802725657
-0.2858518441790648 -0.43303994888746566
4.347621908614436
0.15977718024544788 0.25413887735739493
5.20743910749816
-0.9834366953713098 -0.773555126774445
0.9045521945535899
---
37000
85
0.9431586241816371 0.8201344945485376
6.149883372155073
0.795407547756781 -0.9679504177391968
2.3792020286493507
-0.9852623531886153 -0.8597479194444033
4.9807009490761205
0.6360404337433552 -0.24418428620434865
5.197084045770445
-0.39116547538316615 -0.8308287340996101
2.3741276097454644
0.7515864774222814 -0.7212386939878351
5.607989826598666
0.4397264584079286 -0.6946858715750714
1.985801192654459
0.43506260888798703 0.7490020544070989
2.986140576621139
0.5184402232174081 0.5432902397481436
1.3570599235873697
-0.7233293342060956 0.598086557423367
5.043111296562029
-0.2005501479749741 0.947073145895919
5.7209767090873065
---
38000
93
-0.23777816120383613 0.9502726311004094
3.4842808666366976
-0.3510168058494969 0.9163190350212854
2.5898324365191794
-0.49884042061426065 -0.29579244916756675
1.4697500101949217
0.6872045738172495 0.08979654528102002
0.7452628962165253
0.10349703947748878 -0.31188293284052787
1.9460843547210107
0.4910789093623705 -0.37669027325124477
2.3180172371002143
0.4159915221920431 -0.791869479510388
0.37579865494320064
-0.9087842945572152 -0.23572424330449349
1.6190677898652175
-0.1170006922249589 -0.16126913928329203
5.985225887941079
0.9698674344347415 0.09145857286181147
1.0265707386295695
0.10911342929176308 0.5617293610587224
5.178153732688854
---
39000
75
-0.36035073173322496 0.7030043218630443
4.788664436406028
-0.34199337736823143 0.8036192229387665
0.9195949400535968
0.5162970281762094 -0.9389169876710036
0.3039489253834251
0.5499851651566277 0.9572251914432474
1.42480839548951
-0.46599092707405265 -0.9748654019350211
1.2673252385042764
0.12560871791959127 0.9343660990356235
2.2951123887816047
-0.46754449680419363 0.27456912746896434
0.7904883688152662
-0.7605022519567591 0.6856290969819703
5.172310267532992
-0.39159368547841655 0.4315658617926848
5.325264123187207
-0.23505219768599311 -0.6143952334077515
5.859098668428313
0.223833919036918 0.15689321779336865
3.6036714309995626
---
40000
90
0.07929701312330242 0.31608605403912227
0.6100167850444308
0.10014432466691918 0.382154470812624
0.954714230222728
-0.8892249576034397 0.0859896438826917
5.481349162800433
-0.9700195767135995 -0.35397259570433415
1.3859363915745133
-0.9065820821987126 -0.2910234461029463
2.4781587357458053
-0.24393749569551482 0.21489701820257856
0.6574613456073584
-0.25944927102300797 0.3478048359800743
5.581381272953661
-0.06047226415981322 -0.13494533525217922
2.8868011279510117
0.4105031848012471 -0.3888532380455172
2.3565165728312536
0.5207461037105865 0.1265718874323103
0.3662002009024885
0.8171433197169699 0.0551936836555804
0.6583280068192563
---
41000
79
-0.7439451158639024 0.37891870987668863
4.654989860429289
-0.9717388338155066 0.46958217792870205
5.788273191642904
0.23589201446201513 0.1822617033480357
0.2638331223378936
0.764445826158017 -0.46596881478765023
4.611394740242005
0.7367052468482626 0.5773517337928742
5.799297427999237
-0.3471550540271016 0.2703374987616418
0.4737222517364421
0.3991409003337956 -0.38660490477799536
2.6432303656399725
0.3513827772876993 -0.8278134430077811
3.9713279755936313
0.10219479988677328 0.19088937144519091
1.3380811322812516
-0.26772276390047733 0.7730589177907337
2.70759046204906
0.8065186885244808 0.45819601507484536
0.003624013092009548
---
42000
80
-0.473990617049796 -0.2986620243999469
1.805519134598787
-0.5992403086201138 -0.29109941354705293
3.0740523922982215
-0.4606827038465223 -0.8485674912979676
3.873763435409791
-0.8058874579809122 -0.17229570536716818
1.2669848657227165
-0.3276903202803012 -0.39420625109248286
5.280542675843857
0.8626699383115645 -0.22603543201678178
5.355465149783379
0.29285416778608964 0.6223472100517983
0.5757750969730697
-0.1287836895804437 0.8203653799349933
6.164175682271008
-0.15657298797167965 -0.4017969225842215
0.7749441589377861
0.5588029756739225 0.9822653924528317
1.93337640295573
0.17186093875510425 0.470179129180476
5.7070012060371464
---
43000
88
-0.49727085945026783 0.739411161178137
3.515350949867706
-0.5336511696794237 -0.5145211009985624
5.956983485721138
-0.7271153972981517 -0.9965656599765179
5.339211635221165
0.6421438466779177 -0.10512453515839876
0.18274385630191503
-0.6740175438049827 -0.530432888948915
5.690179825444758
-0.21967056271353422 -0.4697034984356349
1.5604273580231638
-0.9448305760577278 0.6374413274271344
1.5876170172138462
-0.26239621278297415 -0.32312363592417936
4.989294668415152
-0.5215701303696133 -0.5303833742397138
0.7678700216794363
-0.5338819707051637 0.01895675612996299
4.058325945580949
0.6172983182821629 -0.1756990904135815
3.3721515717662083
---
44000
85
-0.8867238566551691 0.9686978606927548
2.3896781527558777
-0.6853368120744072 0.8142746866712312
1.0051275739874272
-0.9788467455142984 -0.09139694869957822
3.600305101047022
-0.6913739931646429 -0.003194848659491146
2.5597404802183927
-0.7515609861946806 -0.8364431589037973
2.1230311947588945
0.5341374573910579 -0.3020919026435482
2.5200007671280673
-0.6059615170005188 0.5807352269494559
0.9768109446916684
0.016111651643359808 -0.15585746909443884
0.32092933156766534
0.3916627279684567 0.935891786605428
4.405605789052665
-0.22397309160088513 0.7090658921819587
2.83932761802677
-0.7456088828130791 -0.46368459747068225
3.361949163044554
---
45000
84
-0.6392118478328478 0.8160409597518496
5.895345903128496
-0.3574433988585291 0.9960306880858274
0.36696520526343335
0.46202218233624115 0.3684441366500983
2.6349163160705764
0.2941575432157214 0.6867674453108783
4.494417008489587
-0.8794155097318508 0.6983695479731815
4.157740426972693
0.9108282559516991 0.5911784280935867
4.570799989924051
0.7922841904390053 0.6063838579295503
3.568707867944396
0.300930540288634 -0.2209131265493771
4.89514807050141
-0.1540012658996613 0.6022728394546981
0.04453484922081774
0.22892629208197493 -0.20221067926816724
1.4146562438434707
0.8172676337507587 -0.9270677859912484
3.606618541048684
---
46000
90
0.8246482816484356 0.1566725092411409
5.586403628583794
0.9303178630455687 -0.24052082475515152
3.135485490992087
0.3933289170904527 0.1308922634787888
4.607581114483041
0.9730716140410232 -0.38145071252797413
0.20550668946073092
0.2008513271016723 -0.1821215314521294
4.018690553774925
-0.8873911652382589 -0.38550803153549906
0.3703859137694554
0.24439199866713518 0.33586778417243823
1.6458437147689224
0.7619460036305591 -0.16737883021600278
1.9614169709624036
0.44455311907167094 0.7503241400557619
2.743864292527726
0.6660257097759301 -0.9845080979794805
0.49297038427019135
0.30088050121810617 -0.04089607153885925
1.787277825566047
---
47000
88
-0.925771401664907 0.8332318448360289
1.6885593381077213
0.9999266691314443 0.8547449599994935
6.002178853856367
0.7523896380254582 0.4362748717561355
4.185599632436392
-0.3455812949011846 0.23447518517821586
3.997334740375692
0.5747923907179568 0.7176196610018118
4.81789468570941
-0.9065404080340959 0.28469131035163564
1.2005072089764601
0.5398725202074978 0.20690414572199733
2.926980901838088
0.9292446066579475 -0.9428751060286983
1.928207934798122
0.786938453978688 -0.051619945375932785
2.0389490962125
0.17198338891405462 0.2215491287456502
4.38281502076628
0.7560805282113029 0.7142194259395341
5.458989872670902
---
48000
69
0.2972201027954926 -0.29500737720877146
1.1923904313399656
0.535518558832716 -0.26975153693806514
1.175387756083195
-0.8139243190654671 -0.45045344071627047
1.4556175086958327
0.09427418353926223 0.15112076224764937
1.813426928786712
0.7932367372555711 0.043127775685606856
0.3940959363080285
0.4548182016626341 -0.8975693710912783
3.527496116405231
-0.033363053357399884 0.809607242872509
1.196192845823858
0.17037183575914702 -0.6247221583038172
4.492447819634915
0.17290396941711944 0.4929205622958246
1.1807131802311037
0.27608712666059754 -0.8389215674870736
0.9309838407772524
-0.2103262443688188 0.7364049691062229
5.9090742946721395
---
49000
80
0.3733811395288534 -0.05112414130869846
4.227086949935239
0.5831418963433743 -0.1291689215002002
3.791437304634991
0.004111681723765817 0.6652274368976431
6.1853712206268465
-0.10310819526463996 0.7938306375266132
1.2775834943412772
0.617989068637784 -0.8867915134458375
5.34764609084078
0.5379600686512346 0.6142995839949174
3.297529959287888
-0.681404200418593 -0.6688052474313263
5.043963804887768
-0.27988582724921024 0.5878615382908073
1.6542329494417896
-0.03332008917164408 -0.1808644670235291
1.9617835264351442
0.773318471239534 0.5855418884828558
2.7454998857950996
-0.10366782015246083 0.23979301687791812
1.998724955139883
---
50000
73
-0.6102322219042698 -0.06076991764776829
6.137919340023371
0.6690112406754385 -0.35016004790551297
1.3162710356270324
-0.596320897166198 0.9245778889880033
0.8579452282525741
-0.5103331556255191 0.8528762624425781
4.276743161181325
0.14470433827950296 -0.3715184696301752
0.05914428851988074
-0.17078958347920634 -0.13543186410074448
0.898937919170498
-0.5570957192210533 0.8076206818031895
2.258607148796318
-0.9191324624397672 -0.832391289715193
1.5162744336270624
-0.24430220940402234 -0.6483447599290529
4.19293589279235
0.32323364093414925 -0.3853888444165966
0.8722137665065226
0.8193733723711473 -0.5199764615959078
2.8708252664899616
---
51000
88
0.8226248566372785 -0.10446826518146349
3.9132842307790408
0.8388359519400223 -0.12212285793437389
1.4626125254805231
-0.08229356746297317 -0.5718157614506556
0.629835638740988
-0.6582749909361397 0.5419501811059717
5.271921281566542
0.9825278613798936 0.9769927947245876
6.1900885824222645
-0.7655741462876732 0.36578513621561376
3.706179871612516
0.015665778466324623 0.20262263450115756
1.5453061604526557
-0.6973578651979576 -0.34194847169924053
5.348494868176324
-0.17898810856312813 0.5955578679774011
2.8566491343250666
-0.11819260894785918 0.4629913276662423
4.911903741619309
-0.08546227568842062 -0.8147922695941173
2.8965596574889734
---
52000
75
0.5048157004533922 0.15549065593232975
4.8987263018725535
0.5308873262757052 -0.7503306909767403
5.590392482563793
0.8736219178009433 -0.7654122019515784
0.97120270507176
0.06289817603748278 -0.32393299748674026
2.6809924506548626
-7.964261898781803e-05 0.4219906629479003
4.935132824246932
0.9308955584923873 -0.7852169024182374
0.24436996016881896
-0.8688508769352824 -0.32143671983597566
1.5388565448022078
0.44557097970280213 -0.15679760584260727
0.7957951982534892
0.016144344833618894 -0.4078978075694929
0.8258612971068153
-0.8370401018579023 -0.3217227364858933
2.5330763948426345
-0.3374640466414305 0.9793298134433512
5.268188201343796
---
53000
88
-0.5715738548011415 -0.6055156391630643
5.395739215793373
-0.7611748011393951 -0.6779080205529564
2.703595214151882
0.02105980461060062 0.6956507845298694
2.844398112313658
-0.9562539454398765 -0.8157266045518136
0.9161170866363877
0.02143340964123954 0.484510735814145
3.0643599866923736
-0.5561300524310517 0.5830280396280083
5.909079811360528
-0.5959128427363677 -0.003319117053645133
0.07523220232692118
-0.9988582488533402 -0.12895317817185975
6.151849072526224
0.4254588730030623 0.9607778324722225
2.8428113794989267
-0.24871689014190226 0.35516394189947514
5.41555628187879
0.8929299183485355 0.1898722535305225
4.203252119828673
---
54000
84
-0.9271601438176622 -0.7838929625996334
1.1508382405703599
-0.8314705194856566 -0.6738215262893607
1.5871533085399987
0.3373124533242453 -0.6691091133816481
4.1324758567024
0.9668406510651825 -0.808059370672177
2.2820343932359535
-0.04131441926853686 -0.20862819174699476
0.5221303015032444
0.39290626519369237 -0.6097892768603063
4.26802520455382
0.8346775931518181 0.7145076828555972
2.546537582388968
-0.6741359314465558 -0.21003110829783048
4.269905699964388
-0.8378513918642447 0.8335732380169351
1.6765194074635454
0.044166735122113575 0.5652586835590966
0.4823505022397194
0.7879890918455996 -0.40830487037581126
2.642993338090026
---
55000
83
0.3915710674695617 0.4862174858653856
2.2905544175237225
0.20180853723395592 0.7088596249346517
5.382040621631834
-0.17948185611610884 -0.13632395163233355
2.788857046523706
-0.33567796452547144 0.733126966801822
2.928747617077576
0.20856832133809722 -0.39814689606169557
6.067097711122281
-0.19667044556288502 0.401670783425916
5.3299057273594075
-0.9904234845371342 0.19626925077091545
1.5982923151617277
0.8620491135728743 0.5168634329519107
5.59553113297446
0.08418330480279976 0.7475316632356839
1.528060639135603
0.7759200798961544 0.8936243930439184
5.044288657260288
0.2677177612732017 0.8277528101910974
2.861666815652768
---
56000
80
-0.5872405130010913 0.9917386923978697
2.8854581869011895
0.6401354193128935 0.1738396612028743
0.5814005072118249
0.6487853304658077 0.5590403861015368
2.632162248786458
-0.46606118474990466 0.04378292063983215
1.9826083071894034
0.7688780495388022 -0.8253031879758932
0.10809448163319502
0.6790906979045975 -0.20884645076598313
1.2955213947399207
-0.956139736261416 -0.21433664245987533
5.8827513584575195
0.1859092766054357 0.5443739586227979
4.420296367915353
-0.15030734872648166 -0.6855400603081064
4.2955474753004514
-0.8890528169617046 -0.6459577554805679
4.5393025484619205
0.82105976934047 -0.19049044449721309
3.2341155293436934
---
57000
80
0.5162982460755057 -0.7788859399676609
2.7254098824948336
0.4680373971125347 -0.8914282411787945
1.2981728107419643
0.6609531848317506 -0.06729301607864227
5.412120341237341
-0.34955002511407335 -0.4625157782708419
5.372882617059235
0.843287034318408 -0.773831928702686
0.8377552604234024
-0.07571557364954137 0.32976123638026383
5.876816066004413
-0.8203454898943824 0.4026967556401995
3.686246383358143
0.953608539476197 0.6576863644669514
6.092282184753969
-0.13362085496469125 0.3509417019288456
0.9185125186127099
-0.7011627601308645 0.8962748184786246
3.733357060963159
0.4632101501129512 -0.6737837498358653
3.8433698239189598
---
58000
75
-0.4316435605979407 0.8200236921596051
2.565745898892268
-0.7354996143788681 -0.877150048274215
3.379487226728374
-0.8254758642065707 0.6340055368231745
0.5168229021257682
-0.12267902832638616 0.7421286411788123
2.6265137364122344
-0.5711530341758866 0.9345715866932924
1.3744138669644217
-0.20194110936706283 0.7881176315091614
3.0184505440505376
-0.05523517559956605 0.06461693468058069
2.2868758503109587
-0.5832191189979176 -0.3181076488376163
6.247672636535927
0.2807155560092877 -0.014111761481355622
1.9764012843024465
-0.8058277270561546 0.1483206651041821
0.2893518748650381
-0.234795044003613 0.9418614173610403
2.581276391494656
---
59000
78
0.3423082291909469 0.4096111176149141
1.9589375510246245
0.8582057567820882 0.31232849311775546
5.580365403952351
-0.15167392789196565 -0.012719399924199234
1.979250547508328
0.6054758953561166 -0.7320649537203925
2.640131035599378
0.5598835287943978 0.7273884681285041
3.8956670707122933
0.7088295545515145 -0.7474715378269257
0.4950495863890536
-0.5236518045303437 -0.9236627998430713
5.030411887438197
0.6097101991788927 -0.21318646314939846
1.3221880622840052
-0.009683643138032355 0.15108314575283938
2.996248301670227
-0.7539583339999426 -0.8741521941628405
2.2955374538828277
0.019978594742511423 -0.8140468184943972
1.1826010509964213
---
60000
88
0.5363743336447487 -0.9309732972750409
0.5286897316067509
0.5722243939950514 -0.9041600270448404
5.977761447864336
-0.8085486249061965 -0.21156189863794703
6.237109701372654
-0.9694186462367248 0.018022091655563864
1.413379879641437
0.8848591309670881 0.28676282985725016
3.0479130373087244
-0.8882742265926242 0.5857107463142007
3.705047384897516
-0.39891837270366154 -0.10838993559409106
0.2998934552195536
0.1895991526300465 -0.3883664239532857
6.220611346854142
0.7615567956407038 0.31672493187595563
3.9803081177713597
0.8788888996445159 -0.3567642620276857
3.9632004264896237
-0.02079703548175973 -0.27777260289476885
5.585169442568434
---
61000
79
0.16863223768111407 0.9794173279284945
0.10957549141576378
0.27455211838701293 -0.981146652179826
1.846298137098004
-0.189338267510244 0.8205834077179035
5.109580615161707
-0.07705567113599168 0.6286721189528981
4.6945985253423475
0.5608493072887987 -0.266146496156822
3.844398327056415
0.6233275504874867 0.6843451656046505
3.5084671858800727
0.3986959058969381 -0.32197553085027886
0.9144402240233314
-0.426900328052989 -0.20962032239726375
0.6372773926720505
-0.13424964273874906 0.7007152286751243
4.5511322404000465
0.7356224682791518 0.1669082813175229
3.833205012383579
0.23451140946136168 0.7260372817861898
6.279823316246807
---
62000
87
-0.11336294206336628 0.1203125967629765
0.14667983146639768
-0.3524851498785777 -0.34106986573699233
3.8780350664576746
-0.25135162443916487 0.3134723849751265
2.120499423821312
0.07581119585106828 0.04528558403045226
0.8178346761332325
-0.20784217242899317 0.5716339252714682
2.0809282551191357
0.16717035119190132 0.6186110070983467
0.8868708091272364
-0.4949183248168984 -0.8324975826280963
4.934027528458185
-0.307841227223598 0.8756864163506328
3.037971152411563
0.18007134361598073 0.30329735148737585
4.014711471512789
0.20620714435865525 -0.8477834819096804
5.733588954963761
-0.05765853112676615 -0.8547885473814457
2.8408462508652583
---
63000
81
0.6118822407409142 -0.12092248564006775
4.6131744399344665
0.4530345325875037 0.07228479972405619
5.039536304558925
0.17580923913389546 0.23222293265845023
4.607604734662397
0.7442413700519487 -0.31905042519153193
5.711470076246693
-0.2055358126688947 0.47907853911040976
3.00891821058822
0.6888595260986401 0.8430753907550347
2.281006294860421
0.6434672009929603 -0.3084468354558262
1.6153013529576876
0.05219837181358056 -0.14502351913311173
2.6362835058786906
-0.9150038879691587 -0.14094247130574508
6.09094031299938
0.0724708328606356 0.6404634142664675
2.509874359877161
0.6901847521070449 -0.1432806579742821
2.432051440090248
---
64000
75
-0.65322066640351 -0.42850823483857564
0.6147805734671207
-0.5767884718302176 -0.8175650503933303
5.348857052495979
-0.5835297421726791 -0.6954522733093457
4.804252806528619
0.48785657300235763 -0.40712001214095717
4.369175724837398
0.6902602339422184 0.8194186197124395
5.935491446815706
-0.6739921895801796 -0.005032276872323702
0.8200217271551544
0.2802129686764384 -0.7413376634080119
6.078089613023549
-0.09123884797853454 0.19732642838687867
3.0146139063777797
0.4168099458882264 -0.7521863439220903
0.490497206516876
-0.5485990043795291 -0.17869188610182685
4.811976824294864
0.778893330622928 -0.3114792209609623
5.064238862216386
---
65000
82
-0.6200834053932832 -0.2888808071676414
4.672876527923117
-0.3386153452594052 -0.34380497735421395
1.9379277555303274
-0.7341289353979273 0.9733041852322855
1.626283446264022
0.9509368786453357 0.8331095979031146
4.0277660674341575
0.5244983901961159 0.6075668738217928
5.408384943951757
-0.25498242635291024 0.6982966125038024
3.4932533109687967
-0.3920421838382346 -0.833598199644383
4.399223657501631
0.46338730444538384 0.12552335807923956
0.1709064527931199
0.20875811620111304 -0.161029071615003
3.599083601775356
0.2752119777048778 0.34277355912961427
3.9401766616040814
0.3513756324545346 -0.5958886886395715
6.082944735569225
---
66000
78
0.5201043157740166 0.24106975205959252
2.7551136100200493
0.5732212840699656 0.15960370123032652
4.668274546357847
0.46688121354977863 0.959538691444756
3.074689275391399
-0.3713811759033753 -0.7591931470164089
2.0281208139514417
-0.8790906015875124 -0.9027536165424352
4.088055032313119
0.026718722113948195 0.008189055451293073
0.9915395349290383
0.1589832535055129 0.37233370041658864
1.5116989592560799
0.2338978106262497 0.4164251704652382
4.132624847324749
0.4960217137675752 0.33972850932414655
3.447058993993222
0.2052863430960273 -0.5917993249785656
5.846262619951602
-0.1137380887521307 0.8450323485538083
5.636519488163784
---
67000
77
-0.5530304728680776 -0.6719394568953626
3.3078920026629803
-0.09512401581506469 0.5379857243665129
6.239533140582139
-0.85490412926119 0.044356000701222156
5.254262768495621
0.8192476086231103 -0.5387765657173273
3.0057498534716274
0.03713035811112384 -0.3829392389168691
2.954264819119664
-0.23960633523234587 0.5375732189048146
2.3578157933341286
0.506542012168261 -0.0009781989882539296
2.8805087612999944
-0.5164038054461745 0.8551451005607177
0.9945746988568844
0.6690065299159055 -0.6498366814932413
1.628409557693744
0.5319286476064484 -0.573604036355312
2.3803659858073765
0.9657059277556306 0.9105077433235426
2.5071782472611783
---
68000
80
-0.8143719688452441 -0.8943458244411667
4.809828529327977
-0.9624324349737684 -0.9117546994760062
5.1291596869915805
0.7771500655881652 -0.43672008447825833
2.180634526217559
-0.32674741133568996 -0.6645941310176083
4.924988327085948
-0.8620009280535936 -0.3316152585242578
4.134338256696751
0.04180429024775202 -0.14706597945459904
1.7605364040897706
-0.28220834937239203 -0.3924775374906236
3.731676113361398
0.1059711771359 -0.5211362445614467
4.320131952058323
0.8265087876572799 -0.9568182473713568
4.157381869073935
-0.44362120533457294 0.012346748914793593
1.6909283056943272
-0.17588598654607582 0.8665068173802146
2.4525504503538897
---
69000
71
0.3808946152447267 0.9067782120567136
1.1398159496606333
0.27002957716798714 -0.970765366366974
5.4013370573492985
0.573096940631719 0.5088338387182412
4.755124047255206
-0.8984988520610191 0.5395305299571458
2.9534185013582412
0.023662791987321085 0.8554868562859592
5.34829682595364
-0.2867817442718845 0.22892553752313788
5.878765160359071
0.120636269701056 -0.5270387483330712
0.8593988746561276
-0.3346365223086896 -0.1918629024264317
3.972188697431747
0.9994383845657964 -0.06778849205176082
6.0071139147281025
-0.3173651769917103 -0.6397695126575502
1.4083463272024908
0.595148006318403 -0.2676274722351392
0.14095680861623094
---
70000
86
-0.07532566160795298 -0.337689854161838
2.857066352792474
-0.6887240565069446 -0.02744920455407062
2.097599018502969
0.11764659479753226 0.15184805419293956
0.37727802117677656
-0.38247151625647674 0.8185378259001453
4.386126004794297
0.14889729422514664 -0.17971937219190226
0.17082987664789595
-0.6155419342183959 -0.1870701330775322
4.944643062307939
-0.5247092139418361 -0.18771542437808442
4.543901798025406
-0.07657286288090981 -0.49473846014143874
4.879218218246507
0.46639435340685476 -0.7668563643089742
1.0765010733418556
0.4976959893110764 -0.07015727351063883
1.2551269421833977
0.7418286889744423 -0.6764139559559198
4.170227565711146
---
71000
72
-0.33812248851202964 -0.6323063783971138
2.54465927757054
-0.11848227837398936 -0.63644912704653
5.1952381049756715
0.9394709869588966 0.6862378041782446
5.739084441230438
0.1893786400753663 -0.09295085375305862
4.692091531546615
-0.41616078445851507 -0.5449154017110718
3.7196821212681286
-0.16471043514134442 0.8838679895211393
5.210826645205171
0.5805976695003348 9.73722768330132e-05
0.13607250457082887
-0.8639580133856883 -0.9288620951883769
3.1771479944733425
0.09506905524722098 0.15163180444049357
4.27853717889605
-0.5228799793214928 0.8237007060749932
2.18254747605622
0.2643339609146897 -0.08348464241244122
1.41696330857366
---
72000
76
0.405826038952367 -0.10184552285642733
0.26948682982283556
0.15826773834093855 0.01421217769104024
0.21590857172699085
0.4250476254618258 0.34431451282768527
3.9902470615439567
-0.1326257458353182 0.2738429047459896
3.9782506563687603
-0.9585490424527409 0.3882855326077116
5.1587097722149196
0.11512493366157815 0.7692772085184971
3.8081435569384396
-0.4807406908860991 0.920041911683695
6.113135272861062
-0.19553117198471656 -0.8444622096046859
1.0288090405429262
-0.875010191194881 0.28930649168169653
4.267136074626522
0.010221427331727541 0.5414597928595064
1.597526717607578
0.8879839102141444 0.3724603167197754
6.024165786620569
---
73000
83
-0.8229042082348066 0.45178653694425014
0.12046990678631499
-0.8731408802565397 0.3123117647725661
2.067103560527907
-0.8200884809851895 0.9503002674669656
0.9093087970902642
-0.7213003587621013 0.9261006518271986
3.1409305585876144
-0.4296348514386011 -0.21750078682085525
4.975711673662527
0.9528073063350796 0.753844832057346
4.26046757432689
-0.7913402920706207 -0.7119629860554942
5.1151483662689445
0.9898705664386191 -0.4364197315109351
4.538230311778683
-0.0752026870627827 -0.4843079725296082
3.83442222188405
-0.5807877132585502 0.7291668676557115
1.2210059347271764
-0.4265655120522715 -0.16904363820030213
5.662010345443989
---
74000
81
-0.4810490864366546 -0.6339660312028247
3.5634409018760005
-0.04181939243815242 0.3373280474044286
6.182326649382869
0.3135237447004264 0.5266158248436742
2.0259343216535717
-0.8685688973730583 0.21629877840842954
2.8832727415234176
-0.8731084962406256 -0.8527645365975705
1.265418686803014
-0.31563652065556286 0.09225720354314776
5.188802598372521
-0.6617591144152412 -0.9056475464977677
2.3242413677740412
-0.49401086644110564 0.7937610475239111
4.122721494011005
-0.5653804371105399 0.82750633631801
0.8856687604457747
-0.5027658928659222 0.05978544322839151
1.7958795918478172
0.7586251669199384 -0.9956378601493472
1.3498263675864095
---
75000
71
0.49312294075085805 -0.18032957012475143
4.317826821198334
-0.19318107232113124 0.36459916728823766
3.7591843416520394
-0.03004314446897463 0.8462657294034956
6.255401468377345
0.1848035476901951 -0.8035124827885219
4.708948573890253
0.4430625108552726 -0.27243752714040703
2.511014590395619
-0.8372165841504925 0.7351909887281456
1.6531535937310053
0.4976889842608372 -0.43656703067279556
2.742714855012726
-0.5763943694492969 -0.22821073737147313
1.7876090986740065
-0.9214203334510485 -0.9871987465914278
6.275210490775493
0.7509178644187386 0.2145449396796651
3.979456832695471
-0.01924825741709058 0.4464395827489873
5.738146260903992
---
76000
79
-0.2914293681724221 -0.44771871331354957
4.744311120931049
-0.37106969984707305 -0.4153664720701541
4.174376529286652
-0.2815985560910385 0.9147832903753301
5.0719691261855235
0.32445369357050985 -0.16381697783732707
2.475592551396902
0.9387775182415339 0.6823155507838496
2.328296355236053
0.13597735290203256 0.566325930373759
6.117364627073661
-0.8752165099223529 -0.2680710795734453
5.864500669021282
0.8017853298849045 0.3584036512931765
0.20978677477110175
-0.594222118797991 -0.18065925242901715
0.6523830570833482
0.06563010954464353 -0.48981849594887444
5.40971200282716
-0.07093655464079428 -0.3454184504843657
4.774857698378893
---
77000
79
-0.21268976987248894 -0.2678090939533909
5.860730239473091
-0.26364675271105437 -0.1719238011093509
4.810245292270033
0.05592996365808442 0.2834582801194754
4.284394273789621
0.9037755155247745 -0.4445952242101704
2.320357521040023
-0.476384787831299 -0.646145712670763
3.132310062523084
-0.9083891547222769 -0.38991697352382987
0.36987259578221465
-0.10469229443874709 -0.4653793469929871
1.2507283842913983
0.14056047088678048 -0.46034718013696546
5.516713404027986
-0.9305011431025547 -0.6929050225715013
3.7651612036442232
0.290497410473079 -0.27899710730314364
2.793656483498152
0.6569738048650737 0.7266209074317519
3.227684908005984
---
78000
80
0.770272047200707 0.6403495516427422
1.0546411936802447
-0.9155306938158986 -0.8402391278050753
4.612956839436631
-0.9563079251014153 0.03552188860091854
5.568620391474809
-0.9234598008482434 0.6234541794604003
0.8276309901634135
0.4256031552056479 -0.09832057841498108
5.516083235157706
0.6398596611564135 -0.690186084140954
0.5274191460300304
-0.6531703033960585 0.04586255778776084
6.147940186444421
0.7447232126140487 -0.0022404124270370765
5.841100683366582
-0.3797212234789238 0.43297653559737603
3.1134911268877525
-0.4364234085544221 0.34312235327126406
2.254007713829976
-0.3050399031834471 0.48608504751264664
6.0276200004074285
---
79000
94
0.9912214535414345 -0.19968557950514657
2.9568372278940305
0.9489068168131236 0.34205954369325137
1.2539800246439397
-0.306557920718309 -0.5080090889847722
1.040268498802865
-0.5706192809950057 -0.2364968031513287
0.7239143417150151
0.8658637583890096 -0.8479049608999507
3.0858441429940653
-0.6300051831382472 -0.04498274690577463
4.759218343097578
-0.07760196291233311 -0.5126614692999728
2.400506824786783
-0.11663962989888872 -0.19351684214534495
0.6613451773065098
0.8872213328232845 0.0865735661301934
5.249783001201405
-0.5548988307917803 -0.8137832692066593
0.6015849264154891
-0.03145755860827311 -0.7206899320014618
4.943952829686255
---
80000
69
-0.8444354238880444 -0.9878752854169044
2.0677965570162145
-0.9564910970473952 -0.940471585339312
0.6706433457322651
0.9584140369045948 -0.43968696199760937
3.0660202265962155
-0.7600048599334394 -0.965520071089766
2.5328792084167917
-0.8186098915342933 -0.9635062302323172
3.737148851086398
0.7591175635365855 0.8032065707169659
0.14297771873451381
0.6736910215748573 0.6116533603829941
3.4512378297142563
-0.7056635675830922 -0.5414177827421993
2.4627536931253324
-0.5864546143871324 -0.33143591671718026
5.309958078983218
0.2565296030207939 -0.22771653930125688
5.583629692656352
0.8229652066832274 -0.6171146005434314
2.1822714412149704
---
81000
75
-0.2862930383285139 -0.044015031265275624
2.447895739009165
-0.6349055285306936 0.2839481936120677
4.631397561494962
0.5765057000181593 -0.4439620660898066
4.380417023912083
0.46139609350133115 -0.9503576155736204
2.6030976395362098
0.6760486766613664 0.8871685925710946
2.1014932900152337
0.6235243754392789 0.4842234922080839
0.1933296659279966
-0.5954816798751217 -0.24856127033714948
1.8986342367588493
0.24559696123386715 -0.06589819805760558
5.122869974393544
-0.06865292721961022 -0.7248560221535576
5.65645489218421
-0.5556046942390436 -0.6635538705502536
0.7479986985669642
0.36130945253036273 -0.9096111402675825
4.858161083427291
---
82000
85
0.2805949960723985 0.21551738291701242
5.4656289888059515
0.5494863698456365 0.006421740546751049
2.0904001340703866
0.977131899291265 0.8741362766325966
5.365691174326677
-0.25041276898810527 0.41158296847471143
5.522891359276955
-0.6355613122062292 0.798288532772171
1.5672033158301995
0.41404661075569066 0.7531890586187948
0.3057884558886057
0.07183860546242508 0.48604527014258925
2.2439853981303717
-0.7049288963670981 0.20308406745601396
0.5280986284894902
-0.5374836297707469 -0.703482271868594
4.79399697420893
0.2532493645886836 -0.24608004556940707
1.790241775014894
0.7578110340569821 -0.6551045744464938
4.251381576840125
---
83000
85
-0.36725881902560675 0.9417547785142077
4.462739329908116
-0.25415901765421184 0.8408084362138221
1.4359561840905632
-0.5668370938717686 -0.9655203047871554
2.7533278619274473
-0.35786401141850316 -0.11109175570899701
5.508237710572141
0.6186669311823414 -0.8016518825912202
4.2258423129935085
0.5907597211146093 -0.11322457627512277
5.162904009570393
-0.15093429143294723 -0.14570288237660534
4.957789652492726
-0.2518939612488706 0.1427411054518275
3.858912542619379
0.789597728447365 0.6322972155233695
4.383525045042728
-0.2008219858849669 -0.5102991129418278
0.1288877065829288
-0.9379219955658868 0.8437477587521539
5.97509293969327
---
84000
77
0.37084133088288246 0.9143877172900382
4.277453155118505
0.2024618837826366 0.9734013575023276
1.262470665498162
0.11492637523410783 0.5495449590030983
1.854366691121462
-0.8304522182300875 0.7792067236783651
2.809332995687482
-0.6461591763515735 0.597099171697269
0.138809923471797
-0.24017386146959943 -0.20457243221597146
2.2713570628027604
-0.5585433770049271 -0.8189949497946887
1.652056273785174
0.45455937551588554 0.520135669230151
2.74298897605087
-0.6995671362423852 0.07565516236814393
1.7388169717617874
-0.3818523808038618 0.24743370261579067
1.1128349381281772
-0.22931192115587024 -0.9847174071324134
5.267802937490527
---
85000
77
0.11491584097636783 0.6247690152017417
2.4271322650685647
-0.14876315443718005 0.7416127706390316
2.4688583183399144
-0.26053675020372674 -0.984966463322278
5.976253019322906
-0.8085652501142064 -0.020254900350066045
3.213662920340872
-0.5038647100991316 -0.19785550154027817
2.2441990102639595
-0.34891703992668033 0.3428160750492472
3.8059676893333956
-0.4733553743825844 0.1421445703720793
5.368949068676322
0.06653241724734468 0.057885595981485925
3.059642705721819
-0.15475862111516164 -0.9828335274323974
1.8915431069350257
-0.5151687557085413 0.16720945600577192
1.32083340006454
-0.20898662838855725 0.9365398994236823
5.573544056466574
---
86000
67
-0.9876751698355337 0.0834519057520398
2.523607859764811
-0.08590809691381696 0.20180637623681918
4.493596100713034
0.6767350906460073 0.640848970107257
3.8064176244217673
0.36052861481636234 -0.32342173891439524
5.322418086442611
-0.6394151961720176 0.0323781434042028
5.158726742760047
0.2706007185061904 -0.20232021155364155
2.612986855368291
-0.09558863324058377 -0.03495087985824011
1.0051505737864188
0.8067480185874139 0.8038358745089824
2.112525819830008
-0.2394721408945921 0.18099460394634148
5.100617280852626
-0.024306343157252525 -0.9266001869326832
3.392178173662007
0.28140084208597793 0.4564967495097694
2.7118417240204593
---
87000
70
0.08775724158327927 -0.8861638237511683
5.964124679203069
0.14090865138283737 -0.1190155921931962
0.33859220900947484
-0.08366277673262346 0.7745692788543188
0.6062235760429653
-0.3036600154962868 -0.2944959562807503
4.601360717482894
-0.4935479194556979 0.3217479644058211
3.8844351470132077
-0.8545757195289893 -0.5003028416899915
5.0548602256989295
-0.759104652175228 0.9144367525598056
5.842943178226724
0.7980218380407488 -0.4981619368968503
1.364257686223076
-0.48332024152269254 -0.3683945531623592
0.07858014439432282
-0.5920692483268599 -0.22980879066570886
0.5334256017437022
0.1890673214628387 0.05511868704791722
6.147821579270044
---
88000
77
-0.8035010050213031 0.8679420202637942
2.4722320867568857
-0.7983332890595499 0.8955877199615627
3.7252297890016015
0.24080413411896767 -0.5205316664128821
2.4496697005639394
-0.2960703303419668 0.38332289416360993
4.438700679903518
-0.9170472289647433 0.05959816453743905
2.1879280333506532
0.2975883945167985 -0.47660687000044905
1.4099043879964803
-0.07270704385760374 0.34302775378947076
2.3938498569231044
-0.484937772650898 0.11174468366578967
2.266283372739185
0.728862531856531 0.9909613959494472
2.0105701751682563
0.30586813596894247 0.47143856468942597
0.1229352025122088
-0.1757642304199207 0.2755615962506664
1.5852322548922144
---
89000
78
-0.7154642351687147 -0.5684803004943116
0.08090008849446999
-0.5697629064260359 -0.5402134150643313
2.877380495524399
-0.5284427806289477 0.7667878050422242
3.603313316153149
-0.5351491400009464 0.9038722015375901
5.4592787218066405
-0.9492069397616705 -0.5216107416014246
1.8741491753320654
0.4958465713877627 -0.9816324368627829
3.358128062923364
-0.44250505713000204 -0.981551204622567
2.19241698310533
-0.56334874197693 0.9593380839870824
2.8969164722125056
0.14545002716458125 -0.8910942680675138
4.1679854579472355
-0.04236473641034318 -0.6620752138745882
3.2718450502901755
-0.6865767695157303 -0.3209634506913669
0.11629164484592458
---
90000
70
0.1996138059571041 -0.09904421771852313
2.0926590125052265
0.3465270569929506 -0.3110663247397911
0.44595567817600124
0.33144249316469837 -0.18267668688177258
2.642156758180506
0.8747497946695312 0.5062602911267013
5.128679676760752
-0.8004877936303565 -0.4761859552645401
2.5665513163788987
-0.3392823147330965 -0.7562378368497942
3.797786960723709
-0.8126350377384027 0.693612305730863
3.1718138339359765
0.46110489791195497 0.32956214852507965
3.6769779112237675
0.7766453417348006 0.4093956576286836
4.897758515939545
-0.4140308778021539 -0.9262803230015549
5.35237325529051
-0.706669916941455 0.4771184543627728
3.56314507658724
---
91000
86
0.11962432149214446 0.9003643074428498
0.6810128470078163
0.07216555405517922 0.2657179931267529
4.994622641487112
0.555205744480746 -0.4452919895757792
2.9154908750297706
-0.7702283795471689 0.8149325088807013
4.311763224225368
0.8221799500850607 -0.4547619106715532
5.293864685802729
-0.38907040782318014 0.04695315117732381
1.1475648872313036
-0.26595750063866325 0.548711426332869
4.327278999674036
-0.5100448692894783 0.2452747518630924
2.3831046654220716
0.3787081671072148 0.5554585902841213
3.315411488319201
0.5272623604733101 -0.6544116744029426
2.7891186359730007
0.24433786046696726 -0.38265770560618395
1.8633272002291683
---
92000
69
0.14737197466972138 -0.4738047188374813
0.7047632685166354
-0.26270911899595817 -0.7376449888311598
5.751639453985663
0.6181133300579872 -0.10945652865624157
0.8282761526637294
-0.7485695040425437 0.12045564845418794
2.691199474350701
-0.9573930253807088 -0.710557767944356
5.032821622799622
-0.9952816320601575 -0.9388682183570346
4.590877104071659
0.32389200591969536 0.22531185992941105
4.113549559842674
0.6701086964043281 0.32177813300371094
5.608791632038738
0.8141952017532665 0.6737192189184571
4.192923769193731
0.807773206072596 0.10478694823835291
3.6027874244586116
-0.4870584654299553 -0.3170674762988698
2.7556561600228084
---
93000
73
0.7649403782235848 -0.20658608561896227
1.382283016597964
-0.7154435916754781 -0.7277177786902189
6.024626878628664
0.8893684186621837 0.9688215662879542
2.1637472112080145
-0.08399954484766196 0.5169067762540205
0.7897759223554042
0.6602622109917199 0.7770796738877346
5.308433133585396
-0.8668355901448456 0.47086566902871274
4.749536173169525
-0.60659672433196 -0.6209369309423849
4.376790308052552
-0.8958677225861171 0.24319428995323403
2.8437456301592565
0.19225124212889388 -0.9703645476948947
3.0323893590685067
0.9764879163222036 0.42774800493419995
1.5987125634988066
0.4327107753392783 -0.005538217186183419
0.38813810028737095
---
94000
80
0.04453016937166267 0.31971660534916513
3.6743782502164954
0.4508258390945768 -0.7182751228148743
4.393620102861902
-0.4318692373715648 -0.8734602115219081
5.548529534343386
-0.8522456946544179 -0.7840798264003349
5.2386520841910595
-0.5473169727464294 -0.07720787906389646
0.2690833070207219
-0.795052945495946 -0.8142550296767157
5.1308588322785065
-0.3544132336155819 0.8528003585663666
5.235423303411502
-0.6463964338606746 -0.04183902898967482
1.8223911927655596
-0.4988640452906687 0.7711889437680696
4.433515017121426
-0.10838832888947637 0.08719043897613293
1.2804439050341196
-0.2738554153952203 -0.06784058244391916
2.007851552188309
---
95000
83
0.42753807560641593 0.08263402994858278
3.0782705339655463
0.4490668442029104 0.08507182028703382
3.118000524057928
0.0006294829159479969 -0.6990710972248405
4.669771476733349
-0.5447003502703639 -0.9475571558739541
5.428375629977931
0.29792500068320094 0.10741697261212693
0.328444610605672
0.33169351559594934 -0.08649627541421356
0.9617531499342942
0.47045168179001756 -0.39982572077936157
2.295905141198733
0.8569735240581814 -0.018652791524924293
1.5274885747570472
0.11087114690114162 -0.20735976715199395
2.203160181448532
-0.2860273311461198 -0.3412568316362284
0.021383289278166906
0.47581385927627634 0.42953804946174007
3.4555691177941164
---
96000
71
0.19062629266665432 0.02005594347896879
4.459601307014711
0.16686029303812483 -0.06913060952650327
2.844966491630756
-0.41580616598590736 0.025946526226441856
6.187446015475007
0.7457060518185067 -0.03941058961272635
0.9028424360729648
-0.8685036761457945 0.7121528142871656
5.121786003953866
-0.8348430024485647 -0.20027450131068253
1.1530095107824678
-0.7542559679247259 -0.6087181201426691
5.948329128378127
0.919392893282095 -0.2577871084479623
3.199741567472754
0.5669971404852352 -0.05989326833791182
4.02129200117699
0.6111069340293427 -0.7146545716529178
1.4277110946480451
-0.44165136536223093 0.8921948987912205
1.515881921335588
---
97000
73
-0.295642462912468 -0.5203485188717407
0.8453406266445773
-0.09790633478442198 0.28233925197618576
4.088063447951883
0.20191646851708223 0.09948374697621187
5.366067857939212
0.36783036098191385 -0.8245729024076679
3.261439867860676
0.5634256946779888 0.12277404251150487
4.108559188687888
0.5681139936023699 0.1895963684293372
4.218403912031024
0.3540925298860334 -0.7182139136597863
1.8015407492752056
0.21173974686423486 0.4274747966779216
0.11813978047096851
0.22551071976436954 -0.8022332315747687
5.013038757313899
-0.11126683429693847 0.028528470632600854
0.2924362501947586
0.16302654992633628 -0.11799449774998388
0.42601140300207163
---
98000
69
-0.6953248407412617 -0.9741476339633867
3.0991835608197382
0.9672949328506099 -0.5335642933993834
2.722443267067132
0.6838305097612095 0.09049972374456794
4.715171327241794
0.9964358815343068 0.4230476256028981
2.8143130384661976
0.7293825062549333 0.3777104500734293
4.757458381368008
-0.31333208706573484 0.7626066898997157
6.027941828860446
-0.4972662027233177 -0.4264462726368177
0.16514471290700694
0.8131388241132937 -0.49834659819568505
5.567045685165511
-0.34064340950978694 0.6234688787780066
0.25405002890589934
-0.7063654840392962 0.6863005799991856
0.717256047750646
-0.8088987830107707 0.575994495580695
4.988150755028407
---
99000
72
0.17600691445442254 0.8036174314460699
1.4768214414143972
0.6998902206689392 -0.6168804178348819
1.7136825646453033
-0.969176486403318 -0.16898596521030923
4.312131156456615
0.9400149370044772 -0.6075384652246146
5.455804745536029
0.24073931591169417 -0.8696939499198784
5.813093389042863
0.8473710032825701 0.18978635786754455
6.258809473802354
0.6859708909716546 0.9817362333341273
1.2898666660372369
-0.6798778760550098 0.8394122216043608
0.963010758824816
0.017408302525894502 0.8635718895559927
5.751297285108544
-0.7405443239640209 -0.8434731733411924
1.762491707213952
-0.25338771735332416 -0.8458063481379187
4.992577058636134
---
