100
{'run_name': '2D_rec_10_total_boids_short_chase', 'annealing': True, 'annealing_start': 0.2, 'annealing_end': 0.002, 'nr_observed_agents': 1, 'nr_of_boids': 9, 'predator_present': True, 'grouped_spawn': False, 'predator_halting': False, 'record_keeping': True, 'record_frequency': 1000, 'exp_folder_name': 'big network 5 observed', 'boid_speed': 0.0333, 'boid_color': (0.8, 0.8, 0.8, 1), 'boid_turning_speed': 1.5707963267948966, 'predator_speed': 0.0333, 'predator_speed_slow': 0.0333, 'predator_speed_fast': 0.0533, 'predator_lunging': False, 'predator_lunge_speed': 0.013, 'predator_lunge_distance': 0.1, 'predator_turning_speed': 0.7853981633974483, 'predator_color': (0.8, 0.2, 0.2, 1), 'predator_confusion': True, 'predator_confusion_distance': 0.4, 'predator_confusion_threshold': 2, 'predator_chase_time': 10, 'predator_halt_time': 0, 'predator_eating_distance': 0.06666, 'height': 800, 'width': 800, 'graphics': True}
tick
boids eaten
predator position
predator rotation
agent positions (and)
agent rotations (interleaved)
----
0
78
0.8762056538575194 -0.8721073476227602
1.2290766359817158
0.2996389615547605 0.8847327621380265
2.2699388332476165
-0.2702870799478567 0.4278634474716366
3.8840767727273833
-0.3205608566909853 0.12141580009984819
5.475444255196022
-0.5660515449779108 0.9289580008910138
1.5712217351894577
-0.9379644602256227 -0.8705075544132392
2.7710825939904167
0.31037802088323324 -0.8281498702600999
0.25645519915652826
-0.9844569258633253 0.6082116429105824
0.11226006002303657
0.23338026115745358 0.16835783705116555
3.7457049596365333
-0.38334908038333415 -0.6021194643088252
2.3631180332646915
0.12926851052399305 -0.37365648045518995
2.7800342092040933
---
1000
69
-0.36488329258733604 -0.8809907539478952
1.4393395473681718
0.8819617134763147 0.13035022956435774
6.202243028786189
-0.9454601966448628 0.3631083335152069
2.3709743272791295
0.5289253703336936 0.9589181478970871
2.657494150662947
0.03148816784145849 -0.4718738459114819
4.7985451763084335
-0.968417028942029 -0.2828131390438781
0.3584513176908297
0.16837846646775328 -0.9107025933591013
6.262194525717347
0.10736324474534086 0.02825653749160899
3.5647309295460277
0.72148514840431 -0.42427378281774014
4.422887729150211
-0.5549650965502672 -0.2690224791003126
3.9440345085505943
-0.4799651554227127 -0.23057261219647887
3.5830195408133005
---
2000
74
0.9289670321568707 -0.9560765194238738
2.0381595276291553
-0.8920950069850702 -0.9536148057246066
1.8801310460788594
0.4163731869406774 -0.3895849134026649
4.783297591661297
0.364873677328426 0.9624743760393207
4.4822671166379076
0.5006194636284632 0.07580356512874403
5.110969399649454
-0.5477567927279284 -0.8775327256956855
2.6167264130335006
-0.6272410660649684 -0.906208789516832
3.7401378002215298
-0.8107476579540741 0.888063992634743
2.9936012664909075
-0.2628657351223188 0.2785881671628033
0.16061590849433394
0.6379028583600314 0.8634621518526213
2.070338402735217
-0.6276097507119228 0.3799946923653259
3.5452452259004605
---
3000
68
-0.3268004744149629 -0.2685111773674075
3.9784532065549136
-0.46099060988501017 -0.9198705726708281
1.9888394210549345
0.2644306801678633 -0.198700984653297
4.556926243918178
-0.2930432873814415 0.6561944408253401
1.6880899627634145
-0.21772185443867567 -0.9818582227411037
1.2895316427632215
-0.7290799012771894 0.556447708237406
2.1207260801604075
-0.6852043543681781 -0.24560179578388092
1.3004003181294364
-0.6429802504520199 -0.1503192617172013
0.3765586335963347
0.38479888747431445 -0.7106431849611355
5.890485479578677
0.34195330813907326 -0.45755198843675005
4.394904671716429
0.45949863768502885 0.9410551781928544
0.28339325908607815
---
4000
78
0.5250144030676926 -0.02624424234677412
1.26816073062226
0.609161796896058 -0.014758492615220768
0.5998155846031814
0.9513032976644682 0.30249985930268125
1.3408891873331346
0.6740984815347835 -0.2317422943930324
4.791172348357707
-0.3326552393074733 -0.30856351865807385
5.538032484022595
-0.6271527958674727 0.7639191466136255
0.4213391142539118
-0.9653631672326991 0.7590870605904696
2.015405284618132
-0.38515860605522656 0.7354035282265977
0.6699787471828111
0.08384112392265307 -0.40542170686225004
2.9710439818159218
-0.36319394759186646 -0.02605440985115355
2.329857722673574
-0.2184523265264329 0.5205756938312333
2.739219182245363
---
5000
75
0.6283730107906629 0.2012037418735511
0.8509548811952605
0.7428546852847192 -0.15334748183619817
1.59343104962071
-0.6135615132696388 -0.26847791522654596
3.7970995216146486
-0.751979959525866 -0.4797345796128745
2.2142556278402656
-0.7726180288080948 -0.3102210192732552
4.835840585424598
0.27407972731676783 -0.16826253038114755
6.20641810683656
-0.8759598538929017 -0.475187515730131
5.527156302437492
0.7886909670094975 -0.14957140779404532
4.615107542689937
-0.6759659500994653 -0.07967323435580788
1.3491858186704775
-0.42611013957769933 -0.2560267338437231
5.152690010123806
-0.6291036332850046 0.502724280650211
-1.5514243037034956
---
6000
91
-0.6954248879774927 -0.9521714577544674
3.8624988559852604
0.5351281947266605 0.8901113714726238
5.01045069676036
0.16349966496809887 -0.1466720946854482
4.513340622197973
-0.9053363992468693 -0.909814270532765
2.3603163116158328
0.2755391909854822 0.799260152655237
2.6681469119934107
-0.15718498984957702 -0.06625461906296146
5.833471518039579
-0.5461467626155603 -0.5866544013045188
5.888930974982543
0.8627114409602711 -0.8894101207835358
3.904992197148373
0.9059941200079924 -0.0495297256181147
5.280378929949532
-0.7420318926672658 0.08871618965617614
3.7615258316153524
0.26857393834142895 -0.058548750917007474
4.417914532623062
---
7000
78
0.9196113587088051 0.6253636308163442
4.911712950213011
-0.9024820042346847 0.5922303106929976
3.4473164742802203
0.6813144058287987 -0.8811806726243155
4.150796960201451
-0.5176509396942186 0.6233154122772482
3.6465370047572714
-0.9032841682850615 -0.6352444701402944
1.9516840057616616
-0.5891292061461094 -0.8595689263153524
3.8883947870563853
-0.2552285226339911 -0.3000450699167476
1.0733028952319215
0.8676319947492002 0.4283825764217887
5.860214995911179
-0.8069757529134758 -0.7665539702765889
6.203437941756902
0.395480828863769 0.48412593939989795
1.6463532059424377
0.9787545564863575 0.6431423916260512
4.359636777186227
---
8000
71
-0.7484925164532009 0.8711797916002563
3.069490738581744
-0.2500986916116998 0.47556427287170844
2.432747138511682
0.6058329128362653 -0.32564670178975025
2.6628942266276354
0.44907232514944884 -0.9283405575616012
3.8040446624869233
-0.7085899238914105 0.1019965864245293
3.1493755004676283
0.43165133744853834 0.8965022510176286
4.867642462256369
0.5582314243249443 -0.897721392642007
2.8093820235034226
-0.6132236243050811 -0.7602891472767059
0.5556787165297168
-0.9971557790967162 0.7741662412714636
3.6509164569959376
0.4521310019086215 0.20097679742067662
3.4548250440642008
-0.5857094812502702 0.5377161572394824
2.6916571752955907
---
9000
67
-0.645044096126158 -0.6817474355759396
0.14990113156628593
-0.16135705260959288 -0.42904372264503515
2.3190554217055506
0.04830882662153377 0.4163744385849388
3.4494201281730215
0.8050173583147219 -0.4116298443098127
1.9874314485084024
0.6861073318828945 -0.9920840774854744
1.2237941444790845
-0.416103888978622 -0.9177895110500546
1.1170930565740702
0.15966298864236167 -0.10834338364400738
4.000391292522766
-0.09075042083655821 0.6571316960758683
3.7944467782398617
0.9081376160067087 -0.20837554765539493
4.982551190446954
0.9113730058970143 -0.25518367614310056
4.2248467344397715
0.1960327806174155 0.10748413334919829
2.34307537623354
---
10000
84
-0.5449233158110824 0.15964927469153586
4.740655992078694
-0.18133807352168416 0.22455098692181358
3.6477634354433297
0.6937977829014282 -0.1986576969735127
1.0784234694163422
0.9840583371644781 -0.7344728660518276
5.021732308987173
-0.052039260183942594 0.9608643818367765
0.7203351206731021
0.21666654336020674 0.05805687128719986
4.951824696996889
0.2966428091087087 -0.49385236295670376
0.05035226491460687
0.9652431533222782 -0.08957740649122652
0.37960200749998485
0.9338437839508679 -0.5678596969560372
0.9428062968603736
-0.31479536317191015 0.9340395199233513
3.0979298939341398
-0.05172535332024682 0.06754810328034086
4.778469092483327
---
11000
72
-0.3915428969760807 0.320303068223418
2.0100618620910984
-0.3948820727311482 0.19775098705747424
3.5374357344568583
-0.0327940397269145 -0.14359921338208134
5.605993572796857
-0.42705160072980686 -0.33747093502174597
2.8840128293708194
-0.15578955296410324 0.10096427541139497
4.182618131031834
0.11508977329840595 0.021402360020572837
3.5991447189492654
-0.7355534970676506 -0.1610827563347889
5.173824044652799
0.8692659123257499 0.3703305557843892
2.8803100657163423
0.015587230596412191 -0.19513267739706364
1.6215419190854385
-0.1190369778035162 0.14943763614002595
0.7118553506591594
0.22658598948961256 0.03973543068584137
3.382735711258638
---
12000
82
-0.6410186985160715 0.5310004941631488
5.308312764142459
-0.41251662839654535 -0.3457289330573619
5.345481861762621
-0.30824672496395217 -0.22650133655764143
4.750968864569414
0.8982189855330885 0.36380342562404655
2.622932797746414
0.10953538850191477 -0.5278953220027365
3.137287441118849
-0.5898696259013515 -0.62099056664471
0.3127204801420196
-0.38702821598375503 0.9262607854235237
6.241379090792707
-0.5835207694320536 0.63781980848814
2.7853501596475017
-0.5711128513137719 -0.7212195413951251
1.8585745711263144
-0.1432111443551468 -0.8595061025377859
6.199016593949366
0.23193019037450582 -0.9590557266129943
3.815113358480403
---
13000
86
-0.6555548624114778 0.3597982364983394
3.1499475126567837
-0.779704253910166 0.2641540346223054
4.08621129627908
-0.7699294176242352 0.47119050052923034
4.076154305509243
-0.8758903729041918 0.5115079076878675
4.235812777623692
-0.04950971653485579 0.09006270560146176
4.65980905644081
-0.69083250138067 0.8593733927087984
3.2811614003096254
0.5939569687233189 -0.8267570641407627
2.4009325251468043
-0.06324906295667096 0.01021898468212858
0.4786999039987716
-0.3149706378740895 0.19346647522364296
2.173894810587343
-0.9247959732698114 0.8499235837143451
6.03494375698761
-0.5182298454875806 0.7097219366469796
5.898682810376813
---
14000
73
-0.841409119060106 0.35566163134379825
5.282572146467954
-0.39282734925922874 0.9011554833403875
3.8897422002289073
0.6422398151759743 0.4323789023356402
0.484183252775944
0.10176200492624551 0.4210923237323766
3.384918266584016
0.07086186376189424 0.4949307078804003
0.3790759695243393
-0.28607929788509606 -0.9237422080483254
1.3356224953317533
0.28490440500162717 -0.3230442509263834
1.651210954743111
0.7291825691358635 0.9816497307867085
4.295525876738773
-0.4722836615210434 0.42756897451328446
4.948312712473045
0.14204492814969358 -0.2605712504563548
1.466613092550297
0.9090306613736663 0.3786888565823172
5.893423686747271
---
15000
69
0.10638443479649519 0.7254860416276744
1.852637163871103
-0.8067771434388696 0.35934894294547226
2.400981749133008
-0.14398927560359742 -0.7873721967079099
4.45274019405313
-0.4380442489643144 0.6165821737920635
1.7820654385539383
-0.3410360441960495 0.5966093844565612
0.9429211972542513
0.6103515329167425 0.9131501528040374
1.5250217574134837
-0.3638676601616848 -0.6459071709749171
0.8719131064869341
0.6302498874945965 0.6619689605823706
4.342782270400712
0.46448255031057634 0.9161974017025509
0.6336286264758488
-0.29328355392328914 0.6691752595346543
0.9343128470474351
-0.6632727250327725 -0.8479005395970429
1.786961072053339
---
16000
73
0.02234980921160642 0.03325929239207811
5.920118526035251
0.0022729132448738474 0.31633364008572384
1.3908279519154005
-0.6190350472971646 0.12154264226602192
4.304171692400477
-0.2629177201035155 -0.13529229552396518
4.533298537353286
0.06951515796915096 -0.5242364235719723
0.5437115919393856
0.27756484790467423 0.7004649247922171
3.518057319599662
-0.11560911500528853 -0.49125169836461297
2.302027225451206
-0.5412905237561143 -0.5775957954509674
3.4821990706676145
-0.3438519613145264 -0.1097403673826961
3.0104019560066906
-0.7849779390704018 0.19838626097784914
2.945190932056674
0.23599247205828072 0.8156497896401881
3.3869733482310744
---
17000
81
-0.9465399397373881 0.4598336564147473
5.109329667233532
-0.8274023450475048 0.6159248765164815
2.14649845624363
0.8880098813985172 -0.16731450652143312
3.950645146872106
-0.453758741625512 0.1387189214559481
3.856647999815321
-0.653667837722068 0.1646229393107564
5.2110322373425335
-0.9885831678612207 0.1158105546414788
2.2429877787864365
-0.96321138127125 -0.5776279242340467
3.8129224762321874
-0.06040629964726666 -0.8633593396639141
4.886743594914841
0.7017340865681526 -0.9816539159817902
6.1656499267335745
-0.9276650892387528 0.11890439438086742
5.7759196908139945
0.9667912131817624 0.36003919017987035
5.980934056817954
---
18000
84
0.1780665688278558 0.4294133809463151
5.01530670431386
0.21449509046587936 0.33328969635736405
3.125799545414334
0.18818109243581183 0.21004593832311122
0.09059610163173826
-0.7285292016888437 -0.9865712028134025
0.305238469446671
0.28094855122167856 -0.1012495094676871
4.648088324700227
0.7865536957052369 0.9937035821319049
3.3958605631161856
0.897260804573718 0.6848727913827893
0.21962163987269712
-0.7719023324209158 0.2994214261166803
5.813654837485838
-0.569096441219181 -0.9761942014465333
4.653890966782032
0.6048204963427981 -0.18974246534021708
4.131175546636915
0.528892468940127 -0.4647534976822266
0.7302271457268033
---
19000
75
0.9857570503713424 -0.4402902638085331
1.9042301091699567
-0.8231913774229315 0.9446106118157643
4.272608067284572
-0.9131231644724078 -0.452801269657713
2.5070786193907564
-0.5647329356945416 -0.16897551506921316
3.301978330978333
-0.526051522828417 -0.5542256306608883
5.62727155508388
-0.9517844884685371 -0.9855934083728957
1.87228943728166
-0.9269663277292904 0.5391966813321111
0.3796436858036465
0.17792864854758092 -0.3808272225008488
5.4793670701412
0.8977137615584937 0.6906848518315445
5.447269532409192
-0.9034723986864248 -0.4378512916613257
2.863896088296131
-0.9669327295613669 -0.8891267182199613
3.607538306649542
---
20000
72
0.009808720796019212 -0.2692610136893782
1.6646998535852977
0.6687594146451893 0.029465453976328555
4.4617904796998875
0.58284121255996 -0.07965809116026709
4.25512448411793
-0.9498925150080325 -0.6586363726833707
5.09768289037038
-0.18702156232625727 -0.3128860218504764
5.180895220525535
0.06321559850692152 -0.998655894442223
2.953297955413163
-0.7650116049797209 0.9939081973320549
3.9415716188774006
0.7103462425922907 -0.17449302363143737
2.8499166573899863
-0.2942777364376762 0.2715130645034335
2.8085746399116367
-0.7450822290815698 0.8072274822892204
5.263948761311442
0.15454416320164238 -0.2677306988915492
2.056807077758526
---
21000
67
-0.2429069456546747 -0.2060687347985936
5.869577352821698
0.9361736745049715 0.8953107224453791
0.8827637303510452
-0.7718109643034137 0.10052884888011147
6.05879972416322
0.6956576601365585 0.6539624399305839
4.3152440176636455
-0.7349978720021806 0.8232803755088406
4.282642118335948
-0.7050159792391661 -0.28612774916108835
4.425084482640247
0.41010660125740517 0.1847531884086359
2.6398591288839555
0.1390411785377483 0.7561533588034117
5.233856199324646
0.6952608685126725 -0.6366189324326
3.436950406253743
-0.682466846250342 0.5575626892465518
5.702257344576367
0.4587494850985425 -0.8006722214022606
1.05035672757998
---
22000
75
-0.4861978368957683 -0.16551954631348895
4.539330334617442
0.025944759239963602 -0.17041832569106835
1.8830115378807042
0.41737082175640183 -0.9842915155056894
3.9864505149462017
-0.776049754321314 0.15220859947073564
5.503989639103824
-0.008574122551054282 -0.5520041416237508
0.6579348666671905
-0.5086652354490704 -0.5833015442037505
3.6467442440139957
-0.6768262513061398 0.8824171635651588
4.20172296932725
-0.8264867050129959 -0.23288470454485916
5.688749012604706
0.34527757303971374 -0.5271849057116527
3.6111104173584154
-0.23933245963462718 -0.7277989453571845
5.1676046076539395
0.5882819143682915 -0.6457293942984346
0.08633804048183169
---
23000
81
-0.034069613437148843 0.9986837345959263
0.8522567219741464
0.1612111571355731 0.6403588335294563
3.708296521833751
0.5680904668188228 0.1683353975508442
3.64679648607855
-0.07008393380651512 0.7674507961000443
3.4960934333698006
0.6718930096953663 -0.12636474703470407
5.714268418649515
0.9549999367394705 0.6051306566711783
3.9750839649391896
0.6745026203589608 0.2334233534454999
5.142654189305944
-0.9190184143861663 0.34756403456064133
0.1603022783808381
0.9037674835289113 0.5869198569321455
3.1415098542854407
-0.955341005721884 0.4658494379466717
3.3782487388236486
-0.8074881062476198 0.018776326104118904
0.5373511284075878
---
24000
80
-0.45694915317214935 -0.7787946622978744
3.8557431704485565
-0.4114368264066055 -0.8415802062194262
2.47040349835342
0.09309551518086402 -0.09262168607326504
0.6226941399905375
0.8615083428571259 0.3646746385178089
2.115150315637778
-0.6736224484963071 0.5600881347697155
2.7386524862997748
0.3822096074658101 -0.24235603608562217
4.607388557944708
0.7743157834301315 -0.9587000460336865
4.795459973708835
0.5303946195544783 0.13427106217506293
2.295183089693851
-0.8652021989333815 -0.7619386685958984
2.3540706727839
-0.029783832517040296 0.5707299254414687
0.9639416067251778
0.534113040477233 0.07827474431640777
1.754584420568233
---
25000
82
0.05380303637211088 0.3841330475239476
6.163042336009073
0.565324405762818 0.08348312500346547
1.962505983903978
0.9063984254015877 0.7931726554207396
2.391986747018856
0.07413320592683476 -0.10949709161550511
6.206831771728352
0.650096483864368 0.8514706392524555
3.8987274290551266
-0.06147136164639298 -0.636764769552626
3.0402929690790685
-0.3492675850400103 -0.5693142059835035
3.4153927485828817
-0.594885402010343 0.8645696413803856
5.547433340669968
-0.025371312905782803 -0.6223521229050955
5.132295059210496
-0.03589115281251383 0.06634747837943789
2.8064489106239856
0.378269477753632 -0.8570467527551396
2.343599815245896
---
26000
85
-0.06664969074487906 0.5470224253380054
6.160807890874264
-0.4152618625916106 -0.258217389692205
4.038302257171177
-0.917744246904322 -0.9959923775351576
4.52294763080448
0.1496831120733092 -0.7999218627620426
5.316293552925498
0.29213365581955664 0.9148472220151953
2.032776606489544
-0.7755424688019907 0.19371218236621784
3.6622365693166614
0.4286058305127085 0.16503579065093818
2.4631948430610144
-0.31965472335435763 0.058500659337450064
5.614779279910555
-0.03156385078501962 -0.7640975391907984
1.009022414919519
0.947981816606586 -0.25042469503240705
4.162631011000188
0.12913812472894692 0.5173928025319722
0.98406114499933
---
27000
72
0.4645247599339655 0.03735350883536896
0.6732162186081312
0.5772322987841159 -0.16262372608906855
2.37143632180746
-0.1714685042576072 0.09296942220610704
4.820459469204627
-0.34088649577476166 0.2448495591216464
0.9328523352012636
0.016403235303316763 0.2853900127472671
4.516650774030345
0.8605960333439492 -0.502049352718784
2.4280155336789155
0.4993509073088084 -0.30310410435186275
2.69210593787819
0.895834243026688 -0.8315653643647647
1.7031206241740255
0.09984036769865896 0.03991056137249126
2.5825608977680847
0.6189429072898522 -0.022484661451764185
3.6410180457631416
0.8740870194000621 0.7953456461859326
4.683595175600197
---
28000
87
0.2979416585706512 0.37031507148577636
3.2869671783715466
0.8740861671524576 0.04475563125760783
3.561552295851639
0.3705669949222058 -0.3487652713032494
3.4759762195621153
0.134582147906812 0.07406342046194642
4.570595772282316
0.8236283273459173 -0.11592398089016895
4.503572137739797
-0.2875761981068956 0.7827962566202921
1.7998866286103015
-0.5459629973908635 -0.15771405779701642
4.243827182329436
-0.6603206348162103 -0.5870474618226733
3.4886216988513263
0.03600241522875411 0.8017649451429367
0.026756034179727273
0.0009698002875091934 0.33791527187024895
5.309105779887592
0.3694430288626744 -0.5220690949146554
3.5870434832365756
---
29000
84
-0.37386089967452607 -0.8541224432193728
1.9291591672133122
-0.3788520224946713 -0.9401793354706947
1.3180417978022083
-0.6017336708377682 -0.22355981098292663
5.906049292420248
-0.06388926853940327 0.17626045795215062
0.36543028021606716
-0.7036251942828274 0.7157365766223129
1.2143058902504489
-0.2172794946725191 0.9231204914642671
4.726259840150729
0.3924075958898304 -0.686040936111494
1.5499830875175187
0.34368013383258933 0.2955840327065654
1.7163138034061571
-0.06092775546079862 -0.7891521256890424
0.9822921941105597
-0.1124355530699547 0.9611602546794134
5.338846520906587
-0.5651221113880818 0.7043492632314544
1.6217556172429255
---
30000
76
-0.4650574853049316 -0.749782532969475
1.257488290001548
-0.5679192060594364 -0.7140824835447467
5.382926508255558
-0.984181207753471 0.15378433334246086
3.615261508442392
0.051787519049825315 0.8940016299731001
5.806990024321366
0.6761032397554575 -0.016333401466767917
3.9847241515986322
-0.9829027412120199 0.15492206386983087
5.802302458191023
0.8755902738542203 -0.6594764383265351
5.5137831947402685
-0.48351355679651975 0.6508240898739954
1.2857622461454827
-0.9693616515020338 -0.95689866890606
6.177776854873116
0.34990487136304893 -0.3691697989398768
2.346473363467001
0.20226434347830666 -0.8836096722407967
2.0757161052160775
---
31000
86
0.8064822810743888 -0.8679721496795567
0.013275977958748353
-0.9785994014267346 -0.8440788790894357
1.0371595480477502
-0.7799225446199831 0.722812491694795
4.180097549031218
-0.49116604951069043 0.5320466740314441
5.220119293931034
0.6261925165990643 0.9709809670390716
6.204262733443626
0.6914637417922984 -0.4782779064692911
5.721198338636421
-0.7386771330802877 0.3335618485592903
3.1775517196123113
-0.39078435145654683 0.30356251397260403
4.469003960897426
0.36659398890953865 0.8995646595892187
3.0902658744974714
0.8034379864407275 -0.7401908247606664
6.122248427693229
-0.49276682529711685 0.5723152861213069
4.550286547128463
---
32000
74
0.5450254847339012 0.8878529539100425
2.993192056970063
0.7705775192459046 0.940169991432076
0.3471161972938699
0.18638499167396186 -0.4560422460772538
4.470254446322446
0.19029842738444913 -0.4714843104118198
2.1802665572804214
-0.33683961527668105 -0.2992015019077575
1.5470937685307868
-0.82444052738277 -0.3980400952882046
4.841630972906327
-0.8615604847276033 0.24630094538671418
1.3099480801847152
-0.29910795571551446 -0.3899729305565642
1.8058073218103052
0.7195887824647097 -0.9244537290683589
4.517031930176767
0.607126645527068 -0.7602846468685188
3.0735811772641757
0.28990251113762666 -0.43911100970151434
1.5791815021212292
---
33000
79
-0.7591497979452413 -0.5593045753065456
4.6477930096150875
-0.30727197562495284 -0.3839823233922409
0.8673690972113075
-0.557225916830551 -0.7996149171896697
2.0610166955166216
0.7025568849822393 -0.5570144435376058
3.6106641678070517
0.077167922147618 -0.6994758053439181
3.0181609244873977
-0.8507514538289317 0.08654213659676693
5.285961704275261
-0.6416122661403079 0.5082862906312672
0.8684024091655385
-0.45123285372058475 -0.14069793813510323
-0.3133987343399585
-0.8939014903483606 -0.09136754450944681
3.3056906316530936
-0.24284167574769253 -0.7716732937563971
5.114368284940667
0.3642691725505407 0.02942114376935262
3.4018939476015015
---
34000
83
0.40668353480276875 0.7430760353560499
0.21211091231143064
0.3626917981842779 0.8680878836944933
4.189323694264886
0.6341022023620504 -0.9491205783718992
4.527334107978088
0.7446786868901112 0.38105429688180464
0.8705595758378699
0.36582840968566827 0.13504392702226622
2.686818290984995
-0.9571131734639317 0.4995018861748588
0.959436194179923
0.6643745616542187 0.8585276196787448
5.466063962344216
0.4115062250444821 0.354659630199729
0.04422545939832623
0.41544427344161017 0.8177267849966682
5.364636912207938
-0.310897122154249 -0.3098461665373306
2.6701909238718606
0.8221668096254826 0.9252497236500654
2.5885887646808534
---
35000
81
0.24196172238311223 -0.5132203953887088
5.158311521886575
0.04917289092277658 -0.998481444516032
4.938953241279903
0.9164373693087665 -0.052964925150218
3.7961492907841787
0.34112203636821625 -0.07598541137618922
2.3763197867003916
-0.9656399433398875 0.9047412401261057
4.1964663306431
0.9085454349059738 0.2019469272606119
0.7971707072614365
-0.9989607673165497 0.291768615064946
2.592306254536715
-0.6649260511991034 -0.8526588187041974
3.5686667355377706
0.649987391896718 -0.9599660400118074
2.397700359031158
0.16172790641173346 0.8588425005607644
3.5070581334627606
-0.5040175817000465 -0.0635512551763161
4.057363415089117
---
36000
77
0.2970022927041506 0.3380169945253153
5.241887870629121
0.3148771706941043 0.2487532920931117
1.406503926568818
-0.6395209923830655 -0.14981524581652664
4.913990607961029
0.9265147282885993 -0.24704428760493202
4.913635712050825
-0.1649632878808939 -0.005596514383597109
5.070946364112346
0.6119101029230348 -0.3326097080628628
0.7615295436218732
-0.04713065169536913 0.6245496240943911
4.8398435526345995
-0.1127143995103034 0.3367839010340753
2.9805320007958906
0.9748130793770402 0.5556481200178799
3.032853093615042
0.7664315179412009 -0.1829260786824099
4.457560689508044
-0.6050660682154783 0.03868855171713417
5.685136291237683
---
37000
83
0.0878078214825653 -0.27018681991822346
4.858961201552673
0.3222271899214413 -0.20488188010342423
3.880281518497747
0.11988746153622953 0.04306168325001376
0.8807576241041071
0.33848853793615113 -0.9947208546734518
0.8567778566996074
-0.15824429957695285 -0.8026699176606289
5.978483198538653
0.5524323512379625 0.6718032632888941
5.639418349463557
0.059233435266900905 0.6410975062210041
1.2059770841248465
-0.2407383919199934 -0.8260811072848369
5.671683045041553
-0.541390298561791 -0.7261079424412145
6.151448595137309
0.30461462297683506 0.4731651050111906
5.315296474534354
0.42653702489861456 0.912414309305023
0.50631212397185
---
38000
77
0.11895244139933385 0.5333202546864731
2.8568963834195573
-0.723172656762115 -0.13769047859424993
0.07341206049521087
-0.9197540398969777 0.29193382401659757
0.13004742504962863
-0.4779997534003969 -0.09220780480474361
5.895070796787273
0.4081687890683092 -0.673863678245699
1.128417087041026
-0.6525202286930005 0.1160221150971632
3.6667304062824204
-0.13588913791263382 0.3714637279789391
1.3219589246275492
-0.012778388182249637 0.5954834471138127
0.7439493077210688
0.9545692634613496 -0.2009084668196976
1.934391696295111
-0.9894588016654298 -0.8172018348430898
4.667681909000224
-0.580490923339273 0.3332459705808354
3.009239053777377
---
39000
80
-0.18341554792184095 -0.6906391011794654
5.045105167619809
-0.11681771977864487 -0.872382232010702
0.2878282828175944
-0.6643098750329675 -0.38206532776550933
0.8939541092645946
-0.0711586579783864 -0.04320876289087126
4.6843495965970465
0.403811469344727 -0.6495526763204663
3.0569114772074153
0.2469155405541993 -0.7100772655648218
1.316358623636968
-0.8650585061678094 0.8546975133368717
3.4850527236503135
0.0556213408073996 0.29994106468963067
1.4360862965684644
0.2151810600693641 0.5002389029164264
5.6180718144424056
0.7966986660963786 0.7831257609428991
2.238337316943216
-0.24246674353140488 -0.14946190765494982
5.023323064716907
---
40000
87
0.8362082894038482 0.4588497061239614
5.350572156505608
0.9211597547037056 0.8299574238503408
4.707625309195226
0.04137995582800508 0.5480137210167673
0.14303750248831015
0.6385720229227733 -0.6582610216593122
3.7107244115532705
-0.1879799415169025 0.2374227543907506
2.517151611997649
-0.04282003733090513 0.35621917686000365
2.0310248307130285
0.18637568833270413 0.3317841805036159
1.5984983490107583
-0.41973661710168464 0.379172566303721
2.1817306528372242
-0.8014900995557783 0.9885100314275242
0.8485186603327346
0.7633262873251003 0.7345237894429184
4.793802012590469
0.3151693223416772 -0.8738631534498085
0.1432831468397353
---
41000
83
-0.7097158513315676 -0.516656921857113
2.928460806998172
-0.7223306979809606 -0.49115989593400416
3.145357667510565
-0.04660318376747344 0.18623252224440892
2.7357771646873497
-0.9159026971898074 0.14357022822404927
0.06268013171365805
0.3706455089786255 -0.8813726764035158
4.331800574025988
-0.08124958203167532 -0.5016558498371162
0.22650978394974164
0.22599504385467867 -0.790022168562157
4.305815497318527
0.501885677116589 0.5524529976199305
3.330526837064644
0.29839606744428554 -0.4151011740727835
1.5245989461349918
0.6728958471136932 0.20075551438113742
3.6755727226776695
0.7833845695118226 0.553597174666576
1.394499883453749
---
42000
68
0.17787180173885525 0.14154192705116025
3.588867483936102
0.3796563582003338 0.2423741127686792
6.059571350155895
0.3523489459153027 0.6156665754462474
1.0493502364968945
0.356277519056468 -0.13559838767748172
2.3520604521464463
0.006961382355494377 -0.2491093548695995
4.7984568827314575
-0.3977474560300977 0.01648763112080102
3.1501905847276435
-0.46714842886041985 -0.7282827213573408
2.7369319652722455
-0.0009883035306870631 -0.32305545745528097
0.4227898524521869
0.6216888617968759 0.575590531104876
3.717371780009728
0.13970862636772508 0.3507699504507247
0.7868395578160268
0.9485835316542323 0.2832327418670767
2.8621524670055063
---
43000
74
-0.9426476829214211 0.9434995125398266
4.284750303052448
-0.7680907329576051 0.7541118078786262
4.097169018391899
0.6690656342604153 0.7942729403001477
3.3890023339420683
0.16421191859306092 -0.9688771885167866
4.32178018109543
-0.7504501004136699 0.8666189080335132
0.05820211786849683
-0.4296790758333895 -0.07172936435953713
-0.6625777449108144
-0.41176545423656513 -0.565190443173784
2.558260776346995
0.9690421006128506 -0.5379912023206624
3.5744963897221824
-0.9130562775372316 -0.5676358944663771
4.7290297517094135
-0.9251074443573435 -0.3057047842652607
2.8209191948678436
0.7897418411861872 -0.4846981808400161
6.007614004963696
---
44000
83
-0.8535251275560642 -0.6397140419450766
1.4790374559407629
-0.6439574048120846 0.1689376282521166
6.092373785537083
-0.08070756207529592 0.7549431762525716
0.4152050468518258
0.34893693471451276 -0.9254993606954922
2.2594869691484787
-0.7605252454685353 -0.9599154829104534
2.8311688143924565
-0.7087806175191788 -0.04289889794069075
3.2712305651674756
-0.7684427901712916 -0.7664081829848035
5.889992179470308
-0.6830366454582975 -0.8071057116894634
5.6171025325025035
-0.926428514056906 -0.6679932790171543
4.9622303133432455
-0.04507231954814958 -0.3180498284583221
0.4156041757193615
-0.7404074592019566 -0.8547818826736686
3.641144929569063
---
45000
74
0.6630959065585978 0.3151368876687956
2.7789021833639698
-0.5088012903476098 -0.9988361464946531
5.511693638736903
0.7211306025041853 0.8239679636709221
0.7852209642593202
0.8883931751605147 0.5522920035658937
0.3666391223203975
-0.6752944590341446 -0.059416659166354226
6.208390106105878
-0.10450956988366732 0.8313830616710132
4.033153076408673
0.970369826907411 -0.5147401612850522
0.6340453331727804
0.3142971599111193 -0.47100076864392293
3.63492733459593
0.11465267469899955 0.3243564667456202
2.9767695045666356
-0.07304952500218445 0.9937721986397211
2.2752904059773664
0.8803535761634513 -0.21892630296565835
3.9326381921958955
---
46000
77
-0.585834301489605 -0.686958026201731
3.87290448852626
-0.513450048387767 -0.7703794631023507
1.0132214089272775
0.4842326323654592 0.29014007606130354
0.9776207795696239
-0.5862687712498085 0.8484229731156743
3.834916280441334
-0.43031684168901185 0.7595200732287788
0.1468384913556866
-0.6775306418592073 0.013703044308201594
4.790658677673663
-0.47735387023806497 -0.5061302746357874
4.5437903427225805
-0.9864965412687685 0.1462809358236956
5.58188593314977
-0.6590106255730651 0.7888456790847571
2.5313770337656507
-0.25581287281455806 -0.9310391394831787
2.243389546674857
0.2474955754928201 0.43504166671525885
0.6805099793757377
---
47000
64
0.3198416831237138 0.8088486038412099
3.5264684643827784
-0.238515769180319 -0.8352406715547692
0.5143752825711623
0.4881513618979955 0.3539507555175728
1.7540033115698357
0.42308961501543746 -0.8030198727743315
0.8149447060072852
0.10368861045986753 -0.08174573116501399
2.028708115900124
-0.04870093860878662 -0.6825877500954387
2.0399925398679306
0.2476259324133079 0.4448142078004777
2.721277974066984
-0.0245429197775624 0.31133303366071696
0.026027556754245396
0.16620039698745187 -0.6077179268693195
6.189354996297487
0.14345686794560603 -0.5991279373318915
2.3367837833528844
0.1501246969414904 -0.5766835200195956
1.1190945807739965
---
48000
84
-0.2525067453892296 0.8591579553101562
0.21270513527494295
-0.04277935593610624 -0.8789116079484871
1.2437241965924164
-0.3678666976023737 -0.23766988407950024
5.669440946120295
0.8680553464878569 -0.3918572665774232
4.484718227167487
-0.40765650517855234 -0.5150748143577906
5.325335651291543
-0.6275913637688181 0.17119383532201338
2.354662235588237
-0.3409463538963438 -0.7103551287636302
2.854467776344786
0.4538920819695219 0.09762646278713005
3.072077894816702
0.7714847847862676 -0.15250895333911163
2.0236798528124074
0.03550356996364986 0.778156141409212
4.861290346333997
0.6512787607800438 -0.3730763306059775
3.4068653511108824
---
49000
82
-0.6403363363224356 0.9953212583129804
4.321508587492277
-0.578986748595674 0.9738769348933722
2.7960345098197994
-0.13341793235900085 0.9406615943112365
4.124721625767397
-0.7123417969557593 -0.5713672609396596
6.223007878458982
-0.29313186988834783 0.4501055819767671
1.7958923588950144
0.7966646777982094 -0.7671626641552569
3.4609565549083836
-0.7990646057161467 0.8381443523300296
5.585756672719428
0.17087575057648946 0.31923617824194506
5.577560705971335
0.6896061633521026 0.025776981845023028
1.3273125785469713
0.43071997890773833 0.4970513629298358
3.0619408865413345
-0.8247695474174247 0.5618913409438305
2.665147597876101
---
50000
74
-0.7693391509017693 0.5195961695891973
0.09528609847953695
-0.7931794092581805 0.4731863558240807
3.6249262531649515
0.25364937422862144 0.9117417086423191
6.116266227186113
-0.34729024320017987 -0.5830187585153146
3.546233961133587
0.9742046612034374 -0.12587718085381452
-0.09232288622854752
0.002099903449841324 -0.5070376700530562
0.2745235862342259
0.5739811109539427 0.9310534620217112
2.359754988457505
-0.28115045124514915 -0.8045643325135227
0.7581136025199227
0.6105809279969684 -0.4182822122903185
1.2367090030081735
0.44265207237518217 -0.2584747641351489
1.329093383824092
-0.015313791702184772 0.908501998900267
0.5610704005747058
---
51000
60
-0.6554919689800482 0.47212096869797443
0.847553281800957
-0.7890920779616558 0.01998988772913599
1.818610521527951
-0.1899244745738343 0.6449337890798749
5.537049214818116
0.8179613116310582 0.6837573053778805
4.687930616884936
0.9077286156030742 0.7257996476080176
4.003420075897173
-0.28302426268173186 -0.4302062657179853
0.981298279712524
0.65229398367119 0.5070738211948748
-1.7955075284450108
-0.3030976666012327 0.5966341566009509
3.541183338603517
-0.6188332766172748 0.08770497987272911
0.5109420747019255
-0.91454460661363 0.15193803918343118
2.570276912242452
-0.8200404518423354 0.5576988892063451
3.819420999533837
---
52000
77
-0.8169777618798763 0.3881255295726409
5.972216305865756
-0.7759741980844375 0.6077010781386302
5.749718509937581
0.17813649462483822 0.9510968087741567
0.06757526279112103
-0.4108463680952029 0.40086004779240586
5.213064356731892
-0.41531376040198525 0.03687156023932936
2.0474375904035362
-0.29203504045495043 0.7571819938618914
2.2842034972591403
-0.8079487159723303 0.14582396282794402
3.802551442681195
-0.5594016930197415 -0.9537742709203376
2.363100021749707
-0.7811537304709354 0.496423494096348
0.18620334428876362
0.6358656999892478 -0.137116323635499
0.08459926711913557
-0.8312059531694255 0.4644980682969797
2.5423718925374565
---
53000
69
-0.925287219828024 0.46515386931142866
0.3423862331284571
-0.5512080303613824 0.5711809841662849
2.754873989915988
-0.18456381865271945 -0.9185903822676197
0.7574925948787579
-0.9838159875738808 0.056707401678558964
5.933285147010936
-0.8676297114587057 0.6429140482446003
3.7878874806724214
-0.8167913708189827 0.9734857219361526
4.6902873395494025
0.6391347833306785 0.24503063252176693
1.0321325330215778
0.4439800834858496 0.12712451416256199
4.357394683003186
-0.6923434536986015 0.2870800676034611
2.6906263721836083
-0.4355028266973575 0.1365385165209122
4.801125700574991
0.5428981104213507 0.5635877513804878
5.039746557257145
---
54000
70
0.872312540817533 0.43971866106865887
2.828051253244466
-0.25756825432581604 -0.14617466607303206
2.1439751373788543
0.7083179225763827 0.6722262224735827
1.4519066788427217
-0.8407449083638109 0.5308517554708607
3.268568907782213
0.1727036986995511 -0.28728588973459557
2.3746829676654855
-0.3496003197299732 0.5741566093728492
1.5360595032577784
0.390074058074489 -0.6030295485920579
5.157975368410563
-0.6154898014508366 0.48246925403774377
1.6008245684871234
0.3948053712860204 0.46954234528113675
1.0259585928922534
-0.44685348948586323 0.12466095129561347
3.2818919490520004
0.04586428740505779 0.73714563785446
5.762635111819147
---
55000
78
0.3363344051918789 0.08519679407276484
1.3666439339658605
0.2540166685848406 0.32340603241346916
5.795228783723494
0.4160241579587653 0.7369704344645382
3.453434687222841
-0.40509279943676113 0.8242551600604077
2.432101235163141
-0.1319906200882638 0.17783148267471677
5.089633016453821
-0.04051139826953297 0.5073179639106816
0.4582598857603033
0.5961685961042626 0.7031048289857533
4.054963404151366
0.03390346032597525 0.5928090549459634
3.106240955573983
0.9715342154724655 0.35043792307608973
2.601776835963152
-0.17167873786755533 0.47224139346435423
1.8406513578074106
-0.7809232200184381 0.7457133561835961
4.481635537379221
---
56000
84
0.8243063134243191 0.6348607749082621
5.1545867704143
0.9804107684403828 0.46350440915136437
4.249388240352301
-0.8104213511434549 -0.19638145949857883
1.6269436277227722
-0.2404899049689596 -0.6813623826359813
2.1257155140110644
0.03255580001834425 -0.28773697551591826
6.00029773096659
0.8205213598922946 0.24221329781707276
3.936855017232488
0.31395304292991677 -0.8208724076985336
4.933490878850475
0.16006859246645705 -0.34545407837163405
0.7961008222812866
-0.3441230724494564 -0.49191889251160137
2.372194441451752
0.20900429819082847 -0.08140787776586016
0.2220810252407608
-0.4366798893951489 0.9776642483550512
3.7067646011941973
---
57000
78
0.0636148084592976 0.868171630347306
5.480123886834841
-0.10716269441472227 0.9352004454866781
3.562032047537791
0.40959792435442244 -0.18788327692484436
1.1307215249660523
-0.9063195260833962 0.3060789876599965
4.577891013116585
-0.312578884209639 0.910983840895579
3.468673330152095
-0.48436545797402064 -0.6082073357516034
2.60383453844199
0.7651981665088906 0.07910666334822572
3.107621341474947
0.6447575563354375 -0.4050498426656681
2.779233879872005
-0.4456196585751724 0.26284420791413754
4.152920021169514
-0.8717410324890978 -0.850797703437874
3.5846476387649338
0.06962803167310316 -0.8762658906703957
5.660470446476986
---
58000
85
0.6788695351298619 -0.5126937297951504
4.798370565378054
0.5311493998020113 0.24710665859856223
2.4176131912094068
0.39469006501111625 -0.9520846279184005
3.0284062199259
-0.5751550119413047 -0.8231821549411792
1.7102275666510893
0.019722520477678758 0.5442828874697255
3.0430255709268614
-0.8610001244037789 0.45799364030790074
6.176771650040824
0.326158399861639 -0.9762711195050486
1.905468369861648
0.5170623506265621 0.9646919879287633
3.202735391245654
-0.9438411589033548 0.9851532114433273
0.7747504593763743
0.8358613673834234 -0.746911569938866
4.846698589112935
0.4501877638441355 0.011103469420769604
4.667259292416641
---
59000
78
0.2556877238814802 -0.762123493945738
5.198399228829444
0.4190994130392435 0.8764537930919954
0.08218113348199996
-0.76798733542381 -0.9277354087040492
2.398406348154934
0.5120253750998468 -0.973187147309403
5.0757600534505665
-0.7138133342501446 0.7445052826041084
1.9230790606282087
0.4020996540571344 -0.2114141192410584
1.0221952627220618
-0.16560122113321563 0.5260974382058965
3.453014093149239
0.09559389171483845 0.29507369999690336
5.963422671594599
0.8428500757835781 0.08888543126658908
0.7117416567271748
0.6179439277656573 -0.12026494713900454
2.213879789552502
0.23556669514308207 0.018217168678729686
6.018437488693292
---
60000
84
0.46546499201169333 -0.7024992647779624
6.1393108500071705
0.6971247534631394 -0.19514847980602573
5.147883209546587
0.9907594360419074 0.6163488167884866
2.3940249430272784
0.9778933901443781 -0.7638766408272507
0.12842511231418907
0.7182566165470534 0.8610855473612352
3.8163380810273724
-0.19285041890964072 -0.9506511792137895
6.251587989402385
0.9691520067191546 -0.7867302818727234
2.6491499143056423
0.782729184189145 0.3320302654864354
5.622489531240098
-0.9103717064021964 -0.7031305200454089
3.599125854020728
0.13499602845994058 0.41683569862995834
3.096951354233571
-0.22958987448649895 0.2855861141668351
5.7977916593506755
---
61000
79
0.06634645579530807 0.7628667151207955
0.016524526191808844
0.8727813673015716 0.5603383472119496
4.573905730237696
0.328467816268204 -0.9549524477715643
5.547777703058643
-0.23361748215294342 0.9539736589244809
0.8660361604225448
0.21625162652992796 -0.3200020612305246
1.0146340549656498
0.3039379100204289 -0.19901532458692744
4.7393283565678805
-0.24000466617688246 0.631635725498068
6.144304843674514
0.22015056082254028 -0.15324045146177445
3.8823493570080716
-0.3233121950451966 0.9384772992054791
2.291184754154604
0.36857333720879737 0.25426866545992266
5.579271196228891
0.24947264456009455 -0.7295956113736978
2.121352645871344
---
62000
76
0.16785261494213857 -0.2631793832313415
2.8034976575565818
0.2133704564552704 -0.21053576882900246
5.564164965965558
0.798640236976509 0.44992272838476516
5.794479009141564
0.25520233897279504 -0.6565581437382556
3.7298456473555
-0.04094059070467477 0.1363955033510423
0.9402799167968432
0.46951822288724265 -0.6037546683423013
1.8502087086648995
0.782234249064502 -0.03316689239778679
3.5100482343671215
-0.4494770938691969 0.3796405180206472
6.0906438371632134
0.04539445519847905 -0.18225375470611974
2.005240397572728
0.09155130395146503 0.38231868903558797
5.32158174112876
-0.9185778364998628 0.5727933330298569
1.2410107309979246
---
63000
83
0.5476674444523858 0.7467588889245582
3.9282720959284463
0.4361160529536702 0.9718489259721921
3.7410967628850162
0.9911014216528443 -0.40972948104807594
4.632008773683317
0.7068908191077129 0.5096082001833192
0.46508535179402344
0.3197717129900156 -0.7714758393289987
3.5832930501501385
-0.3590184120342113 -0.20176636390368838
1.1224680671166514
-0.8923694141810551 -0.21317233803555977
6.2252891724689405
-0.36417585881714515 -0.18162578843301314
3.027352485176703
0.3169217944643014 0.9636055892654767
2.57305427968962
-0.8928629088654408 0.11142082122961335
0.06706654416465518
0.8584055037453356 0.8095500038403978
0.8018187510026067
---
64000
76
0.5060732716644994 -0.6367495722155969
1.8115747198228673
0.5156038144797632 -0.6333616662919337
1.909253860696559
-0.4394382312992593 0.42066249385972004
4.461259493595155
-0.3609047544408925 -0.4235157868945145
0.3248467544832323
0.4867057262783163 0.5905355453988754
3.1890378948642404
-0.990044835541519 0.7223683146397967
5.966394429845222
-0.4172287689698634 -0.1860860345123679
3.017289432301636
0.3375046224481997 -0.7517301548463643
6.008027161550963
0.3549311470000383 -0.10524315376551414
0.08226085670482952
0.4720788460163278 0.7548229358815336
1.6772556214048944
0.4142774684132683 0.5692224037270015
6.160270072918089
---
65000
80
-0.7696555538041098 -0.040579007935232156
1.8955952178431261
-0.7162152991654478 -0.0869083912310753
2.6845673765604543
-0.7683104847329228 0.15157976134878207
1.5832434403874363
0.9457034217513328 -0.03015771650463093
3.5389406136166492
0.43935410029324956 -0.8986473277416478
2.598852121779707
-0.8132134459619351 -0.4606170214345189
4.2541016473097075
0.4104785538883604 -0.23250394769761396
4.046332766926111
-0.5843513374420648 -0.1930116793562316
0.02675942810004095
-0.1490460842213057 0.18459973075764693
1.2105696082651658
-0.9819898979360115 -0.2563634416842138
3.0580463444597368
-0.3215097640544304 0.3074578689189784
0.8674972367844926
---
66000
76
0.9618896790178889 -0.37139008080317204
3.8981380001769184
-0.8809265360757078 -0.29465578006817594
1.2768786153449918
0.2765225095663944 -0.27216539585949506
4.263619153685751
-0.007634272512217294 0.8233373320174533
5.766328979089851
-0.860237533759465 -0.3920982628844185
6.134875264460523
0.554521970173751 0.5429719583978662
4.175251612764703
-0.49125185166572227 -0.21485885494893103
6.054558602058577
0.6763552627213356 0.6654734970133178
1.5390058564333442
0.16593292653869726 0.9042000165709996
1.6043576874188288
-0.628024407786714 -0.1187969259235693
0.3522330400250624
0.8202603124088526 -0.3944238457512772
2.989906060719978
---
67000
77
-0.5919442086486021 0.862456379928244
3.3791600759490557
-0.903283359587795 0.3608836112629554
2.094186425964377
-0.9191621738328093 0.3600738096875956
2.267869019796584
0.049904402195537226 -0.7280170135230621
1.8510618357687223
-0.5478112339388236 -0.12682029303497422
4.9707390727285725
-0.006104968410535564 0.851898731557005
4.326622614593908
0.1757860322083227 -0.9759310004807855
4.625406772462136
0.718744708039453 -0.2847103088542743
0.14507347381523417
-0.2424774699991798 0.4080637637372333
1.7281571395815227
0.72798242507857 -0.1329137026817259
3.564816774735448
-0.531642769240649 -0.43836785703308867
5.002729545467354
---
68000
74
0.22783925898638555 -0.8116368355064597
3.7473280780406184
0.8146301294237539 0.8522503889566178
1.3243691093967644
0.044315132270251 0.9187365785951449
5.00076805218007
-0.6407718374036262 0.0022648747937472533
3.0762579451353975
0.7230553890918591 -0.8944139096777616
1.8606547704666658
0.4839529660731797 0.6050332467582652
4.580501890594644
-0.4392006037803604 0.7595111956073307
3.6703051758395446
-0.6138703779589534 -0.18809093631711857
4.702630500064256
0.9449988707926775 0.4234808132345412
5.285143373453472
-0.500677509561042 0.011829229727173974
2.438400179248246
0.8595435927227462 -0.35728553368473104
0.5009312692984933
---
69000
72
0.6679175958232343 -0.6396324728595667
4.962898577081122
0.4931550586571935 -0.5048860825704332
4.891916888861316
-0.8395153956018471 0.5961554367546661
4.67938091607907
-0.6503458212084758 -0.2568999527681491
1.618742683579713
0.5301442280406856 0.2589785364142476
3.9017719298345153
0.3288182069054946 0.7368923773682464
5.4640179006260245
-0.6817926745002135 -0.49328025284276966
0.31251488654622595
-0.7843262105697534 -0.8119067494065381
2.7550897725150083
0.4601568134985511 -0.3647242775532629
0.8479669345457492
-0.39513993308149997 -0.43211964993438917
0.0553364881562004
-0.5488584258763651 0.2738349169036413
5.063228845755278
---
70000
84
0.9429103668343576 0.42207988152018444
3.7411560349317314
0.8962656193835452 0.3581447179136445
2.4281440391616327
-0.49537263413354576 0.42109775846235775
0.23997324376649676
0.6590740112648958 -0.9657296003523246
0.3928671479175785
0.8643808346390474 0.7907729985329681
2.013746885052006
0.8268260486366668 -0.20333896689418582
5.940913601671888
-0.572612531511994 0.6122330485573758
3.589222110871157
-0.25774716559244304 -0.2752641427206419
0.23058191030645148
0.47182469441558433 -0.7526119834168084
1.9889505092484523
0.3024284447371743 -0.49672867304425283
3.0186472931225685
-0.913648142211368 -0.687406153568346
5.166756368097817
---
71000
69
0.9407128150405567 -0.17195211058000667
3.225207959309489
-0.7990803908146831 -0.2809202058727319
5.14062849978313
0.8975931628302962 0.7011834947069822
0.669845461046016
0.8973866890338764 -0.3388651152649428
5.300695965713719
-0.3522032501308635 -0.11800936778772585
0.11597575470825117
-0.771981020418784 -0.4435470183317963
0.8692815199752024
0.0985856714949144 -0.5945876037727882
5.233557605048857
0.24949956354914077 0.37275276092257126
4.678969585860678
0.4589246815260215 -0.9915423467494022
5.753384130211291
0.09175807975707181 -0.2519681719860933
4.840045176696137
0.4316537568222361 0.5512766302460499
3.894694440962601
---
72000
75
-0.49372368440979714 -0.6722766535148733
4.39502187356053
-0.4908021810159586 0.8110291067259959
6.17158176328941
0.13635322696844115 -0.6309417885301235
2.6718545773472817
-0.029813425484951674 -0.4387570081113792
3.7051561269069984
-0.834280205895656 -0.840331982981154
0.2625688808265494
-0.6332452773383415 0.7167006553097722
4.554133218471167
-0.7483956806616696 -0.612166383451855
0.747034833922549
-0.3278132023481777 -0.44070135570276747
1.0527005475951183
0.05483009128933328 -0.33025603116342944
3.560181280773782
0.5809726316711055 -0.782679571239587
3.469016692555626
-0.19436142043179416 -0.5924417544827906
3.1910830314736067
---
73000
81
-0.917399816495656 -0.7926929089160857
6.183630242996946
-0.9701118448569029 -0.6774428773147956
5.459613689686856
0.33405856644254456 -0.9257089927137987
3.160094046857985
-0.2549055224763035 0.9789403781502827
2.3760802553425053
-0.19641935298611266 0.008224651606815792
1.3242970236280547
-0.38322420110393 -0.1725156627417985
4.826228831891715
0.7194152026920342 0.4518562426745894
6.234887432471395
-0.01404870312919804 -0.2092320156804022
0.6895932023224587
-0.051595893154641956 0.12721885952126177
2.397401199268292
0.9042471360675359 0.9110434300896171
6.187105864456144
-0.8518731082554598 -0.7915477485178884
4.215237138521198
---
74000
79
-0.39201686524321516 0.7226205502259869
3.48716547907252
-0.39731152215256765 0.6869518575061336
2.7560797826433348
0.2900350608050677 -0.15853458024880435
1.342016834634748
0.7371041446468325 -0.8026686841746584
6.059970789564023
-0.7190165705796914 0.5305181513345297
3.843461370638038
-0.1524757188855511 -0.6570875751489208
3.1141383992054115
0.23504021403446795 0.31259379811485116
2.03722414523254
-0.3346881649077905 -0.6889216028163816
3.601189606918079
-0.7278232275129788 -0.8662860622969779
3.6488310393312267
-0.23714502344286248 0.6340849210429569
3.3357139343558577
-0.6245594266959392 -0.24145843197453665
5.465777922657427
---
75000
67
0.913385319886039 0.8186652954417254
0.2788533065094971
-0.5431938346751695 0.648172193176926
3.5780115390922154
0.560212964944756 0.24706801701484093
4.742284785491064
-0.14196422257916508 0.22122318596618223
2.124455625517019
-0.7010853964341344 -0.39407419543438815
1.2786774640357628
-0.6969971222748045 0.7670101556903864
1.8777780469488778
0.4874360304939308 -0.07273050559705663
0.8797975341470075
-0.5433871454317458 0.6609932588009005
0.21433512218406214
0.26800189085114684 0.13173173484820677
1.8723090044742001
0.28809993533705086 -0.009650865621194604
5.171811782756762
0.3924073647454023 0.9777668050123829
3.134729899069872
---
76000
68
0.07257658591292557 -0.6988469809746518
2.7294309187819144
0.7973205694917902 0.08259980933979352
6.228356930323885
0.08299730722317747 0.027462432993210457
0.6197308947609619
0.8916087449623123 -0.29519991704563353
1.463296572794457
0.7662825013747007 -0.8892379697441654
0.05814151009797275
0.2932309163553372 -0.02840133305028666
1.1203473106770918
0.826502518371831 -0.33241261367110364
2.9034806727857507
0.9155105506502703 -0.34834095117985564
1.5616610218139133
0.6657561355825027 0.7535690672111954
6.014247611944683
0.5877906175577117 -0.5230409118682383
1.7093560557689162
-0.6018895053279215 -0.6410031273833343
3.025634282896865
---
77000
80
-0.1032576249433797 0.2555124597877215
1.2618336842668878
-0.31565815859293744 0.09226583900022978
4.962471638626357
0.0047148610888611275 0.08303245415010728
5.691651814217021
0.14138258244387575 -0.07739449417704684
5.123720417134849
0.9186577111588214 0.29615472073355253
5.805402906920189
-0.5255495422994002 -0.7969268333504472
1.5176171269700838
0.6195835230507025 -0.35534540257442293
2.9562313718700506
0.42720969876954357 0.4251667532697539
1.4426264692908521
-0.6390502195815222 -0.7287511131028096
0.4813675045151653
-0.3911160184546868 -0.10065711459865705
4.357899903093934
-0.08507002324953955 -0.25055582543113
4.721504510088789
---
78000
68
-0.578469044513147 -0.8970962932873083
5.129926278085925
-0.30769567175468715 0.4450954279055084
1.411731255422061
0.7764470402962133 0.4104028647129702
1.6701523095220372
-0.20928774313384868 0.8938190265402036
0.9107377528792613
0.0508111435886784 0.5719900165956576
0.5406162029229966
-0.8899161579309683 0.5533680663771018
5.471166352626684
0.5371814598799396 0.010673522856347248
4.80516215082814
-0.4887806879012953 -0.023682653523701913
3.0561856856023173
0.057487579734331065 0.04790790885385416
5.674836560264514
0.22469589510026192 -0.28208193394085246
5.776664568898825
-0.33259209462330314 0.10149096168003711
0.6518347412785861
---
79000
58
0.11289709850690643 0.054550839155016496
5.542320696146813
-0.37274678402799155 -0.012789129070991289
3.31285878343724
-0.46635071913713094 0.5881806200575224
4.899824347742019
-0.7077188323273251 -0.3060479526771787
6.132647239419873
0.454816961193523 -0.45360028246449113
5.485506954741867
-0.8019174298613878 -0.35537537468757957
3.553605955769844
-0.06764349005328452 0.7485617272305836
4.677017596811094
0.48856575644939576 -0.9909811227754238
5.076687031347221
0.3854108273454044 0.5242872712951633
3.7394624456183863
0.11901851709442243 -0.17480832895077714
0.15965776643879437
0.22030198428325543 -0.13538849128530564
5.550076942013462
---
80000
63
-0.4888664591091055 0.357016397545395
1.3302720361209335
-0.31162971102442305 0.02426718862328274
3.0654818703609763
-0.6629162030823993 0.6457266814775129
1.6611048550107634
-0.6088432166840977 0.8454503098432925
6.105698808292263
-0.9710638638439995 0.03319667156266809
3.1947529011902587
-0.8316243679200186 -0.25515185505003435
3.515013688461762
-0.8036142142225844 0.3619510008511471
1.473188171121766
0.11494575012174679 -0.9275144640826394
2.8014849727635456
0.574966459155423 0.265345958889298
5.416973849058057
0.2461909882428426 -0.32078182733122507
2.196853496262091
-0.25229199288968884 0.4744925326632762
0.017996066431113178
---
81000
87
0.6589706947540239 0.18692731733298545
5.648498133099832
-0.21332622123959466 0.5257255529432668
5.6609552329334845
0.3708311121553468 -0.9475841553705627
3.8020600249965737
-0.3760855290642317 -0.16392980947016564
1.7935316901558949
-0.5408412062897842 -0.4108396844239885
3.170535118487747
0.32230390250437174 -0.12278542378602297
1.9579685667763203
0.026467499755809427 -0.40346479061697105
5.021228711271358
-0.45933446444004156 -0.4789040737837863
4.4834447829376325
-0.1426179573171916 0.42374222322542476
3.594620788738708
-0.49946803060749717 -0.23494956995161478
1.8520853740191754
0.054731561074929186 -0.6313152731461411
5.291079215506818
---
82000
75
0.6838587376953047 0.9729330871047694
5.473567744473467
0.39741872508304765 0.5394382542256595
0.4199042112622928
0.31703003611741726 -0.878595014019848
3.618109832507458
-0.05795890123754207 -0.18949178838726738
1.8672481853157807
-0.685721100217322 0.9574118430649365
1.4729687981760078
-0.7232854616932335 -0.13792525511315634
1.0298313032436743
0.5553571650647913 0.9230976585566102
0.5721638078530971
-0.6018323052679279 0.35256257052779083
6.229225299234383
-0.8354606265384852 -0.9955862526274584
0.6180954871565616
-0.40351132467544004 -0.2440101449147072
5.0365637317903955
-0.2189751423872529 -0.8119101476115235
3.190746317104237
---
83000
72
0.9395107902332931 -0.6433908641906733
1.0439272533466737
-0.5125978884286091 -0.44536664861038544
1.0024644268979017
0.4445743954662825 -0.8234909655872799
5.978498291836758
0.2891489379030131 -0.8718591139797152
6.208580693504316
-0.16968224103961482 0.11478698676379376
2.4485196531250315
-0.8019407218709117 -0.537107837967105
2.7673040965563196
-0.5624805470719452 -0.1184170099480747
3.6843089402463374
-0.12910877438277968 -0.9656163396422786
0.7247849577193017
0.25479109580654175 -0.6875521325432766
4.712417020442662
-0.7243939712746658 -0.11794542170802813
1.2114651941039698
-0.5581043158942193 0.1213680552118552
1.7811358741339234
---
84000
68
0.006436263499314313 0.23055979039069702
3.5102819991135346
0.21079872759918428 0.8570264806135445
5.64433128618749
0.5572164963888353 -0.27656383483671987
2.7093394017595234
-0.5112931260365394 0.042735494600275585
6.1633198461855745
0.9216854626851276 0.3185874403784972
2.6073799166901352
-0.8314719208463377 0.6551191788868951
2.942262306074592
-0.9465405583626261 0.6783562875733025
2.9016575522484764
0.1921633720399947 -0.8912232393219967
2.2199808699010566
0.6397128065376265 0.2502319717835977
4.159521821257921
-0.8433282258246442 0.8050280905744964
3.7657235242374014
-0.2958769878690293 0.6441787687599232
4.436580405843303
---
85000
78
0.24355280265831142 0.7121726055846841
3.1674565144746456
0.5389972865699273 -0.7014153334236436
0.7210127387661656
0.8748149189387776 0.6688640379308057
1.7859576442124299
-0.3565185217530883 0.11748764888325466
1.9018993772283856
-0.6638177224371066 0.19844424547698467
1.072074852144321
-0.3219095742286724 -0.930150648447466
1.2951143461158408
-0.7090691004181232 0.5023504567652157
4.844632018100651
0.7770784179650537 0.9022481374723466
1.5750119705468117
-0.08774902285111694 -0.22658575363473213
4.588024844016378
0.3554771641672828 -0.01779233291684335
2.3981311978133535
-0.16006020162889062 0.958019970332636
2.5130207825000257
---
86000
72
-0.8452790758555935 -0.30548038246654075
2.0170172029091447
-0.8083726022394829 -0.26896738675397336
5.2690814919018125
0.19728150005456194 -0.4552007061089983
4.678658340858638
0.16605049732609697 -0.08464851648370363
2.0119120974372793
-0.7768473748863033 -0.24098799771255588
4.927207869972049
0.32262015026822294 -0.13087492898049158
3.4215404358841353
-0.7971659698373186 -0.3146896400047785
0.11434000088145257
0.5090295645172036 0.8160072926088004
4.38723669674866
0.09372899904385144 0.6775613746954126
3.5454515792706385
0.5410308110957179 0.406185407073465
6.100599313455954
0.9838358291559567 -0.2132390913832665
6.104955948823627
---
87000
80
0.3940481287829541 0.41442520309800085
0.5723226608539407
0.5935578056188553 -0.07128455048282456
3.7535770833130053
0.2421212457905102 -0.11015546934720856
0.8570420828840755
0.43076173785180316 0.5697465495144329
2.550248934855073
-0.22777349985870818 -0.5445356714988588
1.7364804218109096
-0.44964770690296996 0.13876348875459657
0.6448475073618125
-0.8796871367929938 -0.8960510096021129
1.7107673838191761
-0.7038491326094458 0.7396355406223333
4.154026840720962
-0.24821950377130297 0.7820071258525252
4.937624723017285
0.3885999663426466 0.18956551733460567
2.5770439407018255
-0.07722121689412349 0.04456770584755252
2.6465109290287003
---
88000
70
-0.7081775023517277 0.30755678126902464
5.326887849115448
-0.5241129565188394 0.6520340444166022
3.5956847422042078
-0.7232453126253331 -0.6404078588946311
4.38619601545596
-0.2092811970001836 0.7139128882329709
3.3626280810978066
0.8417373951771676 0.5905544412955062
0.9902485968884762
0.4477065490748283 -0.8637980077335933
1.8484741643595042
-0.904216322717242 -0.9732752993145026
5.536867090990793
0.8265171240227981 0.0192053987908187
5.73328020629706
0.6700652383172807 -0.2414082370617121
3.4920664414485847
-0.2996424887377899 -0.9493488450261134
1.8322480677813182
-0.3044086967595643 -0.5062726551361709
4.850326008525007
---
89000
75
-0.6942616544261415 -0.926045641414625
1.5123077429216742
-0.6880738410519472 0.9623113523203989
1.0451968936580274
0.8854462724249523 -0.8933276932364014
2.671901730007481
-0.7772098029019973 0.244085297555284
0.4793060657084336
-0.8817675617929467 -0.4177659883126164
2.238372470866196
0.6719537845012629 0.7837805774235093
3.3074578505288574
-0.8805796413631379 0.4941308841299877
0.4635576422763501
-0.757442878996756 -0.4952831690519358
0.9975571365466847
-0.7688425999711048 0.8127065318433652
1.8071698327105912
0.8977664958534466 0.11071378981355388
0.9876842841580045
-0.07177871322042773 -0.7996783532925578
3.0475761236546743
---
90000
63
0.4642884240587502 -0.9390341369042643
6.093125319926682
-0.9603374419275178 0.251307561270414
0.2098687087111184
0.4972883139589187 -0.22613434119572878
0.6800009419045132
-0.6352952028570591 0.7735179336247202
0.3113816529594402
0.31235123041654206 0.49673912196805114
4.725311425760268
0.5959667353500767 0.8775289579022301
3.4204094393428015
0.5947536344084378 0.3788279854782695
2.780293591730082
0.7770098833893385 0.9355537407623964
2.524812255237557
0.9932148631598887 0.4915007402553222
1.2478344552636935
0.03770043541026667 -0.2845397931134933
2.5956922624798624
-0.5584222643194312 0.49947708021180226
1.6370720479693714
---
91000
68
-0.5785383209698243 0.28123783791552964
1.4633726067726063
0.026814550922164296 0.5090105728326284
3.2712953114754635
-0.4252526099588047 0.14654759884436958
0.7252464489413608
-0.4624779121167562 0.6684424787768634
1.5564750993982521
-0.8946332190822596 -0.8218325679177809
1.6778874973717923
-0.8299670830637071 -0.031156326447940388
5.604381958025424
0.5732568187708091 -0.9619209150967549
2.7028350810645136
0.3836617870136261 0.8113497012219762
6.018142742158228
0.5308631353348352 -0.8015077351332811
1.215377035998979
-0.9987271654675745 -0.22228688254193193
5.703693735454483
0.15220692402636388 0.7003272802351852
5.024969652710662
---
92000
75
0.518264818625258 -0.6493657456722043
2.5551244270034883
0.4535662657486054 -0.44266605892270255
4.291604274908922
-0.940371990382437 -0.3006806479342747
1.0412855931429092
-0.96429352953853 0.48697840750245636
2.4950076010949163
-0.09452268990873047 -0.4121436496211472
2.360417928835486
0.9985218756051822 -0.16805124262408783
1.0801461597786641
-0.9848428909069664 0.8343707920694066
5.254460335862439
-0.1829002861076363 -0.33735951155315835
1.3176671370709512
0.8366967490511247 0.5588748671202495
0.650638026151845
0.788842656573235 0.7770943412978503
1.4048857030494633
-0.9361735141072965 -0.008338869675656783
2.5380844740289685
---
93000
66
-0.5030183970767648 -0.5210195687015026
0.20377736062876078
-0.6998914787313034 -0.2022215831672522
4.461241472477349
0.1518780167765875 0.6566019575568379
4.486380613999949
-0.3569426101477451 -0.7473989065131093
5.59268714959089
0.13393523235047822 -0.26274626773059495
0.4880291727881305
0.7483795686789266 0.11114078441191101
3.695451557094776
0.8257071402048597 0.17315732731719766
5.182852080815247
-0.1768874077252508 0.2534341511077743
6.245997772933379
0.23591310025837398 -0.021423942199008568
3.9600633709542086
0.8665379979267112 0.0776106047605637
5.955233834083182
0.22569832315100033 -0.9030196188850304
0.7905502749550877
---
94000
71
0.44364259443067283 0.8423286188328653
3.1496754394361517
-0.3449452337213327 0.18642448466103467
3.640811201698101
-0.07593280186706042 0.3744266463902677
6.116387952947838
-0.007081232422014083 0.35479082903932
3.5627312803030353
-0.15575913202073507 -0.3595363369455753
3.685879324717696
-0.036083861594136 -0.9096300997245983
5.41560662764666
0.9099227781492176 -0.5795902651005389
5.115620973077223
-0.7914417323529792 0.2965724069817214
0.7980241499370173
-0.767080639101053 -0.5945099674660569
4.670293902214976
0.06135739534922023 -0.5997398496384219
1.2324855566682
-0.009661595962562781 0.23330736674601116
3.579093778614059
---
95000
71
-0.07565222850196193 0.21442262487627098
5.520146687083889
-0.262069844382478 -0.7937297689242819
4.621356970830671
0.16047576854371806 0.8251046700843362
5.4086855488815315
-0.6595180073291287 0.8244785492442056
1.2456524969562217
0.9256357961925383 -0.7040074454793059
2.914613635027589
0.6583047785334156 0.9412933118243937
3.2961072025673266
0.9881922360985365 0.7773725190433
3.650478692325751
-0.41347023433359253 -0.9446263398707424
0.5748278527001256
-0.24897830195979312 0.3333305170856873
4.418127967354666
-0.5125248177824072 0.5832909433796701
5.528237943808354
0.07851769091074601 0.18848315490321302
0.676899692827313
---
96000
72
0.6593788276425362 -0.1471743933524851
1.027386204944835
0.6260788848408793 -0.1065445041813091
6.078502603580125
-0.708927085654217 0.9063951696794617
5.893758566892452
0.38445614074058615 0.16585067460122854
6.0478614846670595
-0.5215169760245552 0.8464527063566758
4.422243421491045
0.5936976237832067 -0.11357179549898938
2.186173412129045
0.09759915478803585 0.6264684436651536
5.518030484894229
-0.14151284214315415 0.7527042999935445
5.346456018709579
0.6634235372754469 0.662776437273902
4.687326767882766
0.004969721848636949 0.535319972307332
2.9775280456418907
0.7671718158597924 -0.8188049828225307
3.3531728716083062
---
97000
75
0.09972453742519376 -0.5904419305904928
2.879061429638849
-0.5501067819124006 0.7936703793520365
1.044627303198813
-0.47981492118919966 0.8307701444391471
3.0777524693812914
-0.38380615622253433 0.009104563614587953
2.217985816979036
-0.8243070662177368 -0.2592441327196827
2.104056060028835
0.9804626104710149 0.5074310960588851
1.2634254645228822
-0.5168937698786633 -0.8550073073830516
4.1857336827776495
-0.6220962506017702 -0.3804103161534455
0.03416595272479661
0.4560060478340903 -0.02852435610447613
3.6566215345825626
-0.8611046729467655 0.7259405713970863
6.167999366906265
-0.11043714995956241 -0.3004160999615566
0.5993741211677932
---
98000
81
-0.38327522443931017 -0.8743786592149173
3.3400522752121153
-0.5757675040980172 0.7199338878612035
2.439602909651942
0.8683302771641849 0.6342106950700774
4.252209649894269
-0.7126328735254407 0.036611425020178376
4.5772273957827645
0.015854214402497624 0.9480240162386114
1.6513971983701894
0.7286860249173535 0.22348921339514063
3.184348999589692
-0.07315251915943338 -0.7141018862136119
3.2123361745758467
0.9469159977483006 -0.20305038691822205
5.6082680827151075
0.7224250423347768 0.2510939067255975
4.889811740405923
0.4579032171820034 0.25686066636079785
5.636391060519764
-0.6538178869198716 -0.43367113078079256
0.0066050379483479915
---
99000
71
0.3107601117303618 0.6165773988982454
5.462873895594714
-0.3539980341835482 0.9210052938314013
4.8957567667228075
0.7062756058075746 -0.9137461336796333
5.3948106531976565
-0.02501122653301284 -0.6477610913700758
-3.1269106570299336
0.7291284451102618 0.7247985101686492
0.7828116110941901
0.3849266781080747 0.1871878043363864
0.8818482398163185
0.36956281577678646 -0.19930370569264852
4.724491756766577
0.9906754581987636 -0.1364796247069786
1.3462229262635788
-0.6366891677583846 0.5646669030500904
5.3226574589499664
0.5668565543583156 0.4628879316932609
1.9006855877576454
-0.2156313150129612 0.586421582732576
0.029650183963770615
---
