100
{'run_name': '2D_rec_10_total_boids', 'annealing': True, 'annealing_start': 0.2, 'annealing_end': 0.002, 'nr_observed_agents': 5, 'nr_of_boids': 9, 'predator_present': True, 'grouped_spawn': False, 'predator_halting': False, 'record_keeping': True, 'record_frequency': 1000, 'boid_speed': 0.0333, 'boid_color': (0.8, 0.8, 0.8, 1), 'boid_turning_speed': 1.5707963267948966, 'predator_speed': 0.0333, 'predator_speed_slow': 0.0333, 'predator_speed_fast': 0.0533, 'predator_lunging': False, 'predator_lunge_speed': 0.013, 'predator_lunge_distance': 0.1, 'predator_turning_speed': 0.7853981633974483, 'predator_color': (0.8, 0.2, 0.2, 1), 'predator_confusion': True, 'predator_confusion_distance': 0.4, 'predator_confusion_threshold': 2, 'predator_chase_time': 20, 'predator_halt_time': 0, 'predator_eating_distance': 0.06666, 'height': 800, 'width': 800, 'graphics': True}
tick
boids eaten
predator position
predator rotation
agent positions (and)
agent rotations (interleaved)
----
0
88
-0.1687355377459512 0.6321393008623403
5.0760380503208005
-0.17441504623249426 0.5411629609020062
1.5232968326208685
0.36455634634315026 0.2159448863830809
0.5215373199339215
-0.4455354164305411 -0.9611772903079047
0.9407965061182888
0.9555370229630902 -0.8936209868654335
3.1711089451040375
-0.8462312952900695 0.9807635455121377
2.9836143257845027
0.6556609966092476 0.44792075880745996
1.1034791449155241
-0.8718647405761941 0.4069194974576658
2.734149761063002
-0.6464191222210683 -0.2299849035255649
5.3310515684114925
-0.49912895651259215 -0.7332833258615334
3.807571225961107
-0.41799616898459446 0.5782278352138416
2.4512998546760256
---
1000
89
-0.42999668214891223 0.008760082944831231
0.9308867457190846
-0.4641775624881366 0.05463049241834308
1.852216882583419
0.6055166443579386 -0.28747162771233825
4.122599696279027
0.8595309393085651 -0.0034973683785756264
4.17176833750077
-0.8559661949855527 0.6825082337003098
3.808351411201868
0.6978991103530698 -0.15402051881460388
1.5211769892562632
-0.05491617997753981 -0.07893150537624337
5.516265232656695
0.3333718382434902 -0.4344993930614169
5.336464346665155
-0.9697450069408171 0.006813249265002385
5.372450010509821
-0.7066940588814505 -0.1350458712454498
1.0753538522505224
-0.3997456490665994 0.9321098696799505
5.026083939586915
---
2000
87
-0.05961986102383007 -0.10331798875249341
3.057231326869918
-0.10278321347440361 -0.28949302188296683
5.240903646091091
-0.006534003822740012 -0.16600328255932956
5.376277816937983
-0.835180325050687 -0.610266509676873
2.5852038547098184
0.46491631738869865 0.6838822459156859
0.8620174944655021
-0.8050355402826723 -0.3366752478404663
4.736779407556877
0.275080465307289 -0.661435617474271
3.428754701550722
0.5697221953697412 0.43609824593183877
2.565656902467249
0.25925277086838266 -0.17976725878600688
0.8592313977218495
-0.676213665250439 -0.40286543736042546
1.326676333945791
0.9371880113900876 -0.86930135792275
5.557038752536307
---
3000
92
-0.22978429297893055 0.4162995932921342
2.394772474531815
-0.34194605680633633 0.40663747342948725
2.9857963100607234
0.11740070112926838 0.3553091034987479
1.7167785174724806
-0.11200276110271079 -0.5280259439843457
0.25402033082412334
-0.4039728462430911 0.4206382492928807
4.142364381811285
0.1338845987597571 0.19889764259519993
2.0649517937077464
-0.32764022745641175 -0.5497797529089512
2.1295939441412095
0.03722837379903069 -0.13155505708024592
4.898829009386087
0.9817621954235963 -0.14967671204366187
4.71536887891994
0.14433447249723244 0.4422384286908339
0.7964626035841178
-0.8265872805889262 0.054862273438881365
0.2606176952747541
---
4000
86
0.3911752573765577 -0.9128062958355282
3.261363700162761
0.3252087549497906 0.74975966615796
4.472782368559313
-0.4152298936019161 -0.5178363663323595
0.7901237518768829
-0.8188892516983965 0.09532197431734353
5.274677733552249
-0.5744102077638814 -0.3863767945682514
1.4324278434861988
-0.28156133459369714 -0.667083231831171
4.125263467048399
-0.691015494497699 -0.685009018943439
5.334353488102549
0.2427801616938782 -0.766689961416771
2.4130838120533227
-0.8404908395693667 -0.6899909861649247
4.206416530877723
-0.7212484666788266 -0.386048326677854
2.5944063303475247
0.41749253535877967 -0.7606224744901315
0.5847583336035047
---
5000
88
-0.7019613944108976 -0.7763761356421811
5.913220457758445
-0.9353833083096408 -0.678860766832054
4.402392985104561
-0.9337796219458002 0.17429924341278677
2.5601922897694145
0.5192616103048662 -0.5253609712797981
2.7244146875827955
0.8608816298704278 -0.599111289573265
4.758342327512068
-0.5842950121164976 -0.32203494068711735
1.5020189887389552
-0.46618869220333436 -0.2543307221763047
3.5944896311129613
0.4895593626591404 -0.1579135376166652
3.0961765360820777
-0.8238402551746605 0.2583604416409669
2.187502764727955
0.5781718644898824 0.823899222633873
1.3374001128891004
0.12455081911639679 -0.5484768862008276
5.2223444693989745
---
6000
82
-0.8253513406464987 0.9232148430535074
2.937555069071981
-0.8772807529292489 0.9432467204191134
3.6116775690153116
0.802076314540822 0.599259503850157
4.496445427533344
0.5929520632451788 -0.7755047269499366
3.107933557520858
-0.8263526617739666 0.6697188825975622
4.96948840103628
-0.7063655889154834 -0.5836740320296805
4.682248554607638
0.22813969222420938 0.8074712610703959
1.486521822142703
-0.18582139188664087 0.7557930813398496
1.8580205392898348
0.6023965060936576 0.07943413878006716
1.3145512617479689
0.3174922571216005 0.15641102457088735
0.358916088091382
0.13459755378867266 0.6720310349722328
5.164313113353517
---
7000
90
0.5373183775526554 -0.8565985194678992
1.7149895998463764
0.5306642570288617 0.9753359565156776
4.7008551714316145
-0.34286377776400045 -0.7008291118570087
1.2966194096108383
-0.412171338067829 -0.21543313792270471
6.183571751375742
0.910470729344845 0.7685001639260282
0.16613402335405603
0.5118591678886136 -0.19528181676564346
3.48335436917782
0.7337848495926224 0.7170041450521878
3.76250197512676
-0.9709000756977817 0.906708042715101
0.6486418791466777
-0.5086860579136464 -0.3465060652068496
1.177706903285066
0.22437191482738839 -0.9937216626189795
4.263595169641203
-0.6153535315887352 -0.8595813407638991
1.424687683945912
---
8000
81
0.04117353199991432 -0.7824030411968912
2.617637692426479
0.1690557408953418 -0.8452727313691408
4.97293633580841
0.014013516709645193 0.8633192308944104
2.5296636287265226
-0.9096551820009839 0.05182622516209791
5.423885213538898
0.34175338893567875 -0.9366134438176972
2.201176401228426
0.21985033605842136 0.6431288686705793
1.1293648382822372
0.3581683789270841 0.3871595178731541
3.555886303922356
-0.4863361987962466 -0.7121802657753576
2.1896947306018104
-0.7491842882604435 -0.9605177324066203
1.4209191149229365
-0.8253971891382874 0.9428192352925301
5.865124179592274
-0.6130465154081033 0.594091633666566
5.670077044673031
---
9000
90
-0.4994120442138964 -0.46099818173551044
3.0478202712117386
-0.25392606785235694 -0.506291585171263
5.750619290794907
-0.7617920741078942 0.13478741458485194
3.446409897491944
-0.12131240228692408 -0.192766652886484
3.254957621357926
-0.2881859166062744 0.014558526344578507
3.6588292204680437
0.017544837636870415 -0.3887939259603215
2.4269308222312587
-0.4605060611987328 -0.24258948210427073
4.744386675606748
-0.026930496016710586 0.8174882017761571
3.744168326529759
0.012329457013851186 0.21504005811841384
4.510846163703294
-0.19631913159031106 -0.06474151421493432
4.660549280689482
-0.012824552542791804 0.7301176723109559
4.791943188745776
---
10000
84
-0.022665778080747864 0.25217072957259185
4.9956521287849665
-0.1417700686060856 0.45064844952298067
5.529344597967483
0.34563653021283686 0.2550335393329121
2.7627716653467482
0.31348679795734774 -0.9014617064237472
1.1033533001059581
0.6078318127824993 0.769110490442951
5.977489922591858
0.021567695860712485 -0.09540375234541212
4.227852706183791
-0.8036189492026138 -0.5426889335486889
2.362463711143299
-0.388000050787058 -0.23220305456230755
2.75021272469942
-0.35155244004158115 -0.3283022664659586
5.350368050519945
0.14016475919689853 0.5456456288569762
5.224289638386922
0.18853972816736472 -0.556473364301487
5.870990197957328
---
11000
89
0.09373762421947372 0.8122900580378618
6.037313980916306
0.14083292528424787 0.8513705128671702
5.600674485242513
-0.3081825765914471 -0.38959050570141385
1.29430178650136
-0.035884158150721386 -0.7749683597908927
0.15947358618748364
0.7715672051203899 0.24956830573502697
5.445713692092209
-0.23928397101875448 0.4356708033860947
3.2308567875994196
-0.2922929238469448 -0.9448351130689838
4.605438716139955
-0.5522838778557213 0.5603315209481956
4.818992949030009
0.17545740568307014 -0.9445067369461085
0.5657944585347936
-0.4511045090093341 0.016415366970420234
2.4839382533845846
0.16541739016115053 -0.9926796601317723
5.5267235786967355
---
12000
91
0.4722137583024011 -0.17092140317855978
5.272953031999311
0.6020976646801156 -0.16493188916484655
1.9100650078213182
0.038186908435819934 -0.0917872760661596
5.229406849589827
0.2345097296324543 -0.10496212716614063
5.990793568630856
0.5947536078111615 0.216334597856882
3.498086858369625
-0.8960552819082144 -0.05118357773894801
1.8295301986414234
-0.5836998774911756 0.2720633170268089
4.073279741670535
0.4041865267644081 -0.44938866779187564
4.98378307581077
-0.05042315408358383 -0.16532268227029112
2.667709546633734
0.1165259041741837 -0.5866232852383745
4.30479956615797
-0.525812634572444 0.9515946445975464
3.3301465047128094
---
13000
85
0.24764885362153774 0.836194722744364
3.1236626774953726
0.5004319603338242 -0.708234191709247
4.165683492254981
-0.8475449095099681 -0.5028953682322916
4.940984582893733
0.1704604630699752 0.059337278242024866
0.3092514299218001
-0.7814200205759393 0.59413286815458
1.3058463142279892
-0.4168389525693622 -0.7137255483410766
4.330831030159106
0.11812248710461634 0.7679656109388645
3.2395005061981914
0.6378125221429972 0.5962292442222537
3.404366133699245
0.25808442219653677 -0.29951125365411
5.145595208979908
0.7557166644449689 -0.5927617554886654
1.6466820064565573
-0.5157913720522698 -0.4234702508445857
2.8830580590152826
---
14000
84
-0.8558266417554038 -0.31937214163516287
2.7703600502204933
-0.9260952614780098 -0.43704022633006745
5.486658322170147
-0.2263960335357737 0.6143054645636159
2.6817585580540646
0.418909373632969 0.7922876899660671
4.448856941147009
-0.322801805133516 -0.4140445488788773
3.648239394668501
0.6773226619321016 -0.09683015298925546
1.8214838730623475
-0.30299475495905015 -0.669162514520055
2.3846957425518065
0.004339179499461162 0.8145367171337174
5.702372593576368
0.2655154696340518 -0.5564732859860664
0.6005072352938532
-0.9043856894215465 -0.766408738436629
1.1409859144889776
0.8417023629233095 -0.2778365705535914
0.09971347418990018
---
15000
80
0.7115531780607797 -0.9746593500517892
0.12626342645883404
0.8894501767956763 -0.8813991017211582
5.815641540490034
-0.3759035589853141 -0.16473098684024795
0.20710635740601102
-0.15988735641004778 -0.722772147843136
3.9318674472840955
-0.5796443322860779 -0.8241727259227422
4.264297412044989
-0.22110394897709157 0.8159044525548118
0.6710635787792167
-0.7695312816268609 -0.693861969622695
1.096923174307073
-0.6402915961344364 0.9723315120636301
1.0702169782929722
0.711421087120645 -0.6748772679321968
5.265147407881598
0.23814091502309848 -0.7679633011652893
1.089444868949819
-0.28964300426740863 0.8988807776955163
1.4866262732152222
---
16000
89
-0.8486790139323033 -0.523437039091867
2.131802768650979
-0.8385893088091702 -0.8169813701583112
0.9085173713219863
0.4708303560573907 0.8613388195416478
3.6940349971553275
-0.0830769477576717 -0.6474846769438887
3.8717319732138873
0.9480406408559265 0.4730668340499526
2.3368833008435743
0.9444463764801407 -0.39462501796118055
3.9395213040287076
0.24914809015467212 -0.15207163002035579
4.540203444608246
-0.8625049696989444 -0.9467608840856465
0.6021717465967775
0.40903565992250607 -0.5301709509864253
2.3922486147567747
0.7240631233362438 -0.4909665503913142
3.21350637707309
-0.8881190654378849 0.8664608984739716
1.1329527512357052
---
17000
77
0.8744623084500921 0.8790432425632425
1.622079666825716
-0.9235998047359267 0.3542665065938083
0.42370264777545685
-0.6271580444578688 0.7687680944366387
2.140086441206588
-0.610345966219745 0.8965242644525633
0.3217242696740463
-0.2746266796117592 0.5328866134654736
3.903136253008115
-0.3534722006939445 -0.7966903351429487
1.6449322928894317
-0.5867924206138007 -0.05833301920871502
3.346945712806628
0.5458217063494342 0.13200887871808872
5.012410273338765
-0.6421382448042872 -0.6962495614242169
6.233346377261781
0.20574630925525222 0.4898344084698735
5.877923714449003
0.14129571847023994 0.37175985728579697
5.011371297316
---
18000
95
-0.19612896596206542 -0.8528588790315725
5.365837031659688
-0.3296004337252566 -0.9457650663899193
5.891675112787008
0.10557719216398738 -0.39885423125928277
6.066806848612697
0.009436431981347988 -0.033551487207973726
5.764442995288931
-0.7014512151817528 -0.8273749127935983
0.8490532180339958
0.3728129276435598 0.4100454573493476
4.440622116686867
0.499825193483054 0.21643283759666426
2.364882018724291
-0.969657548104937 -0.48363003981823244
0.7607893644290069
-0.11305199299302555 -0.11554375349239433
1.855452594659611
-0.5136932191692765 -0.789316346058557
1.3369874884524755
0.4994007748486621 -0.645726713533596
1.2806384079690085
---
19000
98
0.6329542922859263 -0.11161251619162836
1.2402214458197638
0.2806590185426388 -0.26575657041027817
2.549217019199956
-0.4236729914493817 0.7844740585345763
6.078159319191254
-0.2902091704312644 0.3501254896452371
2.098764207404521
0.6625647409153873 -0.4581659620693015
4.746988372391586
-0.6649954285041999 0.3403458453778623
5.310087413235282
-0.5741952845792966 0.8327040756496378
5.219013099144822
-0.25650471716094025 0.9621825817373537
6.270980651203404
0.3706487039027032 -0.14477301676664248
0.6038384379018709
0.28496314559496294 -0.45351056276298796
0.9444928708988813
-0.0020441814846724055 -0.06872784234210871
2.994704298174108
---
20000
83
-0.4790937168398469 -0.17413611510722216
2.7259386612226795
-0.3691210041589575 -0.06907913626019387
0.16401896530352733
-0.8063367982375267 0.1879479697089503
3.645019211059301
-0.5240325770009678 0.4147196842066054
2.1667792134946575
0.15485145427169622 0.43279928994064876
1.6692392477876679
-0.22663369571031472 0.1304926909449484
0.4285294695461639
-0.5998148499885385 -0.773413188408697
4.20020087714472
-0.4220497016717225 -0.34753950600354444
0.13269806909228787
0.6778955987705416 -0.36251404850019725
2.1206578552544837
0.4127468599887351 0.7113229435495931
5.069832749123296
0.48244102044807063 -0.24231612944459374
5.735213849566969
---
21000
81
0.8218919606324123 -0.9211246166653718
1.9486553901833201
0.4752028202034089 -0.7093176211026423
5.841370907399967
0.5065788161099346 0.6353334908042331
5.0748665189047015
0.26865648685504384 -0.4286532061163643
5.057565587359015
0.9459225326584585 -0.7351316678907848
5.460898709761186
0.34040135852244396 0.1045064662869047
3.708650499212335
0.09409607667018662 -0.999463205237961
5.702991227756489
-0.2319803119330577 -0.235215407487713
5.249368627469544
0.15162681331237007 0.6561719672523849
0.7633500873904495
-0.8323726395055824 -0.4900735200305114
1.2849645741033848
0.7613225185401906 -0.5013333951258023
4.032651350046911
---
22000
85
0.7518339482327782 0.9826551724718805
1.3226136414525842
0.6552162986551595 0.9447672799800447
0.6672957593765725
-0.47596709247740543 0.8418502954207744
0.7539424714840095
-0.8690925241075053 0.43658466998804263
0.529842318821232
0.6276997127062934 0.4410865769889246
2.4134939193847567
-0.26995668449648547 0.9800614756687888
3.1627804123266383
-0.10872762842100672 -0.4893427153634397
5.814871539138277
-0.6666462944582136 0.27393003500315727
5.065041650145286
0.9342718615965512 0.7984569093144681
3.306285289613734
0.5141946733321393 0.6309994264531639
2.854734212099581
0.20123650846729585 0.41837552605968714
3.214661575914385
---
23000
91
-0.7342490271369467 -0.7778627132932824
5.858219142023192
-0.7130183880856297 -0.9655964649199792
3.899493306548873
-0.4613897010066546 0.9694883767566924
2.562100630619896
0.5016231308505437 -0.039304697088447374
4.13491812211441
0.3084417145200084 -0.317905970448032
3.7888143157044833
0.1045399560013684 0.3824107027487479
5.701854981661695
-0.4047292529264074 -0.3424834434211231
5.755739037449513
-0.12627846409276824 -0.5670586770122911
0.29017378445382214
0.6628365663354038 0.26808004112403383
5.7615048948404635
-0.5707774535789607 0.331614160701433
2.0482779711004575
0.1777526696394122 0.005782365838719782
0.6028916466990024
---
24000
84
-0.9616346110950947 0.1555907635023807
1.565374328686094
-0.9294622424069916 0.2220419690737793
0.39087466969929263
-0.07169969117621955 -0.2859949850465336
0.64211260751423
-0.08115084073430251 0.16776174295545784
3.2222202953147194
-0.620163264913037 0.14728469822525558
4.664931468249367
0.32889982221789915 -0.2033228440868448
2.608220511615392
0.6651472264333121 -0.6644030472114845
1.2290836767518432
-0.1466378699191368 0.32664624584964375
1.1835650260227943
0.22091830954799116 0.822359023661043
5.731916496564315
0.2778756199671815 0.17578499646754078
0.14552769615229888
0.15298457188394196 -0.4072732893213499
6.213709039230335
---
25000
79
-0.7293681515388543 0.8466170601074983
5.9139772272734765
-0.7273688248644914 0.8153365061224083
5.41745427594948
-0.031897955406926096 0.2559322565553102
6.101683241090697
-0.4723425186532852 0.3264892323731228
1.2101891668253186
-0.494645079485252 0.852712362105958
2.131536418410061
0.2996959518088418 0.9775032130731177
0.2898640062063471
0.1423184726052891 0.8772971498034866
4.295815720602711
-0.189468872696834 0.2944139876877463
0.30443717430626815
-0.7944505089890359 0.14242042657387982
3.4778036207891665
0.6510579166633756 -0.0377797637149873
0.7996655520909792
0.48112871429454296 -0.379081385697331
1.6978624923827184
---
26000
90
0.9437106121907943 0.24032763843660382
3.2559099949081585
-0.8389704145767262 -0.02518242080881492
1.9704642589723376
0.7637942426016607 0.888901049156523
3.9893275327003996
-0.2991421505374169 -0.12148602507390953
0.6583417565190919
0.683550634836765 -0.41636988294835114
1.8644638950892842
-0.9304567464204102 -0.08869489046746468
1.0537989527229596
0.31452473088870825 0.9643725506005784
3.5881168323391677
0.8027814182771181 0.8001377929536786
5.534057850143531
0.8238733104042026 -0.06105966743539657
2.6951084317498006
-0.0617665160908526 0.025725352162750414
2.8222201428521325
0.847568728531409 0.5400979062905336
2.453287860645581
---
27000
83
0.9368346354097477 0.38452954480908025
2.493658085296044
0.26849148475756157 -0.3903314393526076
4.658546992461893
0.8158371483664635 -0.8860784570731512
3.256980327418167
-0.07513185062828724 -0.0725817454108518
3.705253235412135
-0.6111759038002391 -0.0014811901252402351
1.1857978442592723
0.4814951213880511 0.3668067168951121
0.21909529850967147
-0.4262942737983777 -0.0777743094183368
4.866781548712392
-0.377517453906945 -0.5161899417777789
1.6157929378025777
-0.27732403115363785 -0.6142678598495959
2.3932444900774916
-0.06891765501800232 -0.0068286520333002585
2.9742600616715515
-0.29540017206601815 0.24154559051060606
1.5572708036674054
---
28000
86
-0.24947231959673113 -0.609064845503489
5.308026935550213
-0.08967594128366398 -0.7235911798868465
1.396374366412772
0.6209328631136176 0.8462136137597998
3.8059615359973966
0.21093830946823772 0.5860001684831132
1.847584215866676
-0.1359342390841849 -0.17007564466884703
2.5763614749805823
-0.4690712988499405 -0.6938818993352316
1.5719282476231893
0.3600949449050657 -0.5532541117602711
4.381842346883017
-0.8652939686302898 -0.48062793792221076
6.164590986667384
-0.058301277568169205 -0.1370432599795472
1.2743211077479053
0.9428784014568045 0.8846624318218592
0.865587357756568
0.20995291985488915 0.7575754419876783
3.8246260661595164
---
29000
95
-0.6986018425706298 -0.6186390089271078
4.819895635676137
-0.4775471169667139 0.9744285136474488
0.9316921140434964
-0.35849701176019316 -0.001975839832698755
0.023093240833937045
0.30710775287362474 -0.3127201077547085
5.680384718858185
-0.47114503397939983 -0.6577284432034936
1.3701442607997283
0.7769475663503256 -0.9785490778462278
0.10563391606746197
0.33076222629307295 0.34611938044393276
1.877282329078232
0.2703446653001157 -0.5987170188359192
5.536035024839768
-0.8629534480410754 -0.1523422896550296
4.395212655544622
0.8840701919613064 0.011691023707549647
0.32359623353791633
-0.4358017425319952 -0.8814216564485121
5.143050214426791
---
30000
87
-0.23919367141108672 0.09593844961259389
0.4247944353726047
-0.17650176977318202 -0.5342856358382566
5.443388449097892
-0.22392780398680873 0.20079431579801058
4.750525587228636
0.43037759328426545 0.04876340780904847
5.772964641404968
0.6393044265003601 0.5271385799859293
3.648992331245517
0.2209610636736227 0.5455294318209647
4.536732309947492
-0.21108647024049174 0.15130613280645425
3.8834649418409217
0.721821084703545 -0.4751551029866758
3.0503903153242264
-0.34653967214127424 0.15496344244927593
6.183208587437879
0.6424468436310259 -0.035630681068793905
0.14545707518466422
0.042719839917803204 -0.40455245092394737
2.191469349250216
---
31000
80
-0.01807401263885588 0.0024459222352096292
4.901414021217057
-0.0041390972747751414 0.736186452659024
0.2270372445334301
-0.4864072247926976 -0.36351083706320764
2.564785940571576
-0.03313118006315155 0.3126247463511939
1.4533811615714258
-0.950516153573849 -0.14220863071437384
1.3886888296642361
-0.5974761091408551 -0.9483277276705296
0.6729498459258618
-0.264402766073849 0.6271125161901994
3.673775123751181
-0.33455698497945285 0.6623100403052548
4.807176933834543
0.114699859942407 0.055002414470026045
4.141260585152339
-0.2199727170214593 -0.8261262019727825
4.326776886266921
0.6032021279965912 -0.44143948193338356
3.99627171275608
---
32000
71
-0.18171558398704568 0.2983629430441293
4.163006266948112
0.6178789039937742 0.33485272112549025
5.233769491172205
0.8208750928419449 -0.20782509432351204
3.851372690439442
-0.8590285070071942 -0.586026388069876
2.4573047486458037
0.6012527528945026 0.3938854177013944
5.479992810709284
-0.05941186833909887 0.8872739892486082
4.74251990007506
0.590716687478106 0.7150010301097711
3.2830483460243194
-0.32498322398459395 0.7509990505438462
4.292745820731135
0.8090611006184848 0.35907350523420967
3.241460469931936
0.8034914927099209 -0.015584741085500509
3.415862159896675
0.18638886755904832 0.5113578000589544
3.1795159670669593
---
33000
87
-0.3152698709607481 -0.9473939969153347
4.9095463814747005
0.15414420364294104 0.7209296002896026
5.378433810379298
0.20118990201662013 0.9558801514013557
5.998318503523615
-0.8082818326018572 0.9299121785495721
2.7944306832897645
0.8678654167862199 0.8601410749137834
5.15686746752443
0.9435034852837447 -0.6189010467311606
1.8512191399614952
-0.5512838044843604 0.14567900768523045
4.333482097939557
0.06907897125886198 0.574589179024662
4.471900171041881
0.7800613967673147 0.6540475940493351
3.2440501495618133
-0.11440260108855216 0.20629563394371822
1.8813244643061422
0.6236249281479388 -0.8336171643400888
0.6878267013773742
---
34000
80
-0.14634450180798386 -0.2507505007925217
5.580979053529668
-0.47988078636557574 -0.21399568219443377
4.330592357013988
0.2909846083639962 0.32769426808382585
2.385999675528252
0.6477800833038218 0.9084088384853651
2.552170668547549
0.08541698056497975 -0.19528674019783568
1.1381526011355767
0.3576067350620303 0.23236088803292365
4.6698927746692185
-0.7417307705187427 0.10051853979230957
0.755151799912789
0.3805033170028149 0.4518273401385946
2.392661341645697
-0.6870947394653169 0.1065196870263119
3.8629203426522922
-0.007883698019839338 -0.5567902712599128
1.6141656495424659
-0.9566156546564902 -0.1356230747576054
1.8538779235684721
---
35000
75
-0.4756776297505921 -0.5789431765276821
2.2131019286091234
-0.5907862158764379 0.4502471061124076
3.7226500944129315
-0.9984298348103142 0.11490362267790288
0.06720074755744676
0.601930061521433 -0.9418985943556625
3.1573629964928323
-0.6552440069966379 0.21126020484499639
2.763727011812854
0.31469625866674406 -0.7798089589854684
0.5143711311867296
0.3313933513040426 0.8480609565483147
3.2195757854832925
-0.7120351714801291 -0.6286895917473047
0.9340505743643828
-0.45633661390201546 -0.15537303758301374
2.174305431512888
0.9659663965122687 0.4525349835717211
3.4188743540841795
0.5651944072160027 0.46840605414958997
4.767429749913062
---
36000
79
-0.24238260368086012 -0.7586838111386579
5.604721399938031
-0.3659100200477558 0.7824285833318426
5.387339754171885
-0.8962272325496584 0.3452875988323226
2.9891122166556956
-0.5469395307068314 -0.45414054198154846
3.9575179673205767
0.3395155414843182 0.7227487225405447
1.7702172098196547
0.8817527251966437 0.7439476736612496
4.9569379711217625
0.26557694284332245 -0.9787266134058474
1.9650077272592688
0.4022028347102169 0.882243826122461
5.129296502751706
-0.6944178421777553 0.758062120218833
3.23505351902383
-0.8778314834003312 -0.5946756654676552
3.1194040980309
0.20265242620832 -0.5417407654278262
2.8848169067069165
---
37000
82
0.6088543452669825 -0.32446204412042073
0.0925302320864829
0.080197325302663 0.4806782070666607
0.8232553855593796
0.12061301048522903 0.31257517146875025
2.2749120124619377
0.8920617570640326 -0.6518268929210044
5.105660086380119
-0.2892447688010632 0.17750307946469562
0.9489425171335268
-0.5608573160334198 -0.08396767293565811
3.1498486173495843
-0.34013862994277383 0.9546221094773578
2.5016117197768564
-0.2644436789684767 -0.05529400294065772
4.4679692517992455
-0.7109720470455184 0.3900413294811592
4.28703509056093
0.3905444154533244 -0.25166551914688373
3.315020557244617
0.1932838861758536 0.1994645945057131
1.0584860709753867
---
38000
85
-0.02800243343559848 0.050499396701245904
5.076333980692534
0.07920126307385969 -0.0012762540389614323
5.320104200416922
-0.3187293988677137 -0.06655706005261516
-0.2907410672618853
0.9798860090011505 0.3907518705681473
6.114251809699372
0.07076695365580692 -0.658064227289406
0.8726443602356841
-0.9016023613890594 0.5550196344508371
1.9965863162137403
-0.5312722784179754 0.10947074799576137
4.632318452736872
0.5799778148619036 -0.7364304852198125
5.306304086071594
0.40164148637432834 0.05580683881706066
3.513477663909665
0.6604971832307283 -0.9451252712773156
1.3683915563751858
0.7604288705381335 0.4533869061391791
2.1119530287525423
---
39000
83
-0.8722133424982469 -0.16054681882365426
2.760692416044951
-0.8408978870670913 -0.17234916530460825
5.871789173002043
-0.37973865116520056 -0.8806418074972244
5.002793487538052
0.9962713067835334 0.06300287975893643
4.373316340461134
-0.8741570820916289 -0.4591791522552635
5.977044271814124
-0.42280920839156433 0.09200805250257278
5.354801968815954
0.44544602177010106 0.7815801748323945
5.1430911291129915
0.6487198441863493 -0.9243950552372907
0.8949080240020768
0.7493551679483672 -0.9621266171855444
4.3420440689913224
0.09912312926704914 -0.5593789353758708
4.065439803602064
0.778032546805597 0.8096259993300378
2.4638610327089525
---
40000
87
-0.46455636067668354 0.5835791027499655
0.20664200739330515
-0.2914071656249331 0.5853925613672284
5.1484012236721615
0.7380194704834233 -0.374311556283711
2.0482987513753272
-0.8065258330747926 -0.1731640327907749
3.7353253208505848
0.8136118108767851 -0.08259758452906403
1.5737395473879747
-0.981423825953491 -0.34885017451711986
3.8160460416264437
-0.9288339654168155 0.6939142554403896
5.116579642527564
-0.44618750604520585 0.3545946360175617
3.407957909783841
0.7976278679305178 -0.2574997260349113
0.2984386117840234
-0.18339232157612964 0.09150207580103265
6.203875821579738
-0.41666240060163395 -0.55414228313566
1.6735951790647405
---
41000
89
-0.8087474547600932 0.25484307806228573
1.1185106527572055
-0.21859492801757843 0.29478769710202835
1.4117959876191204
0.8414280161341371 0.9798403737987849
2.065892229681638
0.949825375529205 0.4721077603924105
4.421184910666567
0.0837738288654788 0.4893684220251126
5.951271607750165
-0.5223746459488118 0.5293895363755318
4.329619429633781
-0.33970466223917956 0.6600031855036984
5.172412832452173
0.4607324855015724 -0.6621540572119629
1.705539495106116
-0.684308208825861 0.1352470446152803
3.06614716646009
-0.4893843776773435 -0.41367784691414766
5.889214262487199
-0.009656018078599452 0.6133321045262463
0.8360592975684966
---
42000
82
-0.3352153166624814 -0.951982206537101
5.814291175193987
-0.1743325584325435 -0.7303923733096342
1.990873877628374
-0.6557522893238912 -0.5686437240494395
1.3949306596723172
-0.361374016562876 -0.5154387788796015
2.1754284788890796
0.5086972439224622 0.11803571158804206
5.9942431024408735
0.061600061886302945 0.7065937375225402
0.18741755770809565
0.5071500988700082 0.26521763454259295
2.539125002461227
0.2030685458522391 0.06537752657655233
4.921419139127104
-0.8806889485230964 -0.6062468937062369
4.943233650314583
0.04292158103487617 0.8938993023858249
2.0549365806344344
0.6446279726514004 -0.6976410374785729
3.572196742283885
---
43000
93
-0.5326451895051034 -0.8408706315600453
2.478626925512113
0.1943929250920277 -0.5507755971002319
0.31270359253910307
-0.059533291193477035 0.03480725743831428
3.275566265505069
-0.24828481822187237 -0.11227724131214219
3.4280764527943246
0.7799509335396695 -0.7260810347213205
5.053614570568999
0.6273129801052546 -0.6329004739630614
0.3621122627343656
0.8978630454280117 0.7893322806122397
5.25569721190691
0.31341128169225824 -0.4924436442558001
4.706121146753043
-0.8905121976062157 -0.16741246510097096
-0.6867389031881511
-0.9272882547503223 -0.4806828963410878
3.2675738485579835
0.7587268114813492 -0.4108388397368927
2.6893756202463948
---
44000
85
-0.17024718794353133 0.7614513790233022
1.1778798010738518
-0.2954522652634962 0.8115989182640019
1.6404400866840971
0.251232907024834 -0.8297609892065035
4.199168496077247
0.25084045729923754 -0.07176874755685717
1.6998929851627071
0.30358927013580284 -0.40197796651178286
2.73326517976808
0.7353777628723321 0.22183126799044772
0.4506431499125263
0.907900659552678 0.8127971055965953
4.0108269380009425
0.1833808328817652 0.5503533265739079
1.0564896627227016
0.6495311016068311 0.4579418973071066
2.7356648289217533
0.27686929753637557 0.8798224040506243
2.6499051869803987
0.6856567612998195 0.29306163871124413
1.0033928185309922
---
45000
91
0.062437480866105816 -0.2292904737240387
0.455021501529013
-0.7052168761841623 0.17055999387691967
1.6110139968416952
0.4098012266337362 -0.24951003806733849
0.9183631735652504
0.09604353787264544 -0.6127408244414261
1.9907569831953449
0.783169978211316 -0.5339677500051401
2.7130731063587685
-0.798594606604873 -0.5861332429126196
0.1548799718935543
-0.18938049607050167 -0.8693986786696152
2.4160943895186637
0.01894230636777979 0.38782015801055286
1.493949177190533
-0.4937196264911028 0.5180937411790479
1.8671898787749548
0.46962001357537564 -0.6429313714463685
0.6228445553976276
-0.752019976049876 0.9340065672568364
4.339192880098938
---
46000
74
-0.6181279087863469 -0.28288563761793795
1.4145276693269897
0.34694693642312163 -0.7019571418553268
1.7575910571281304
0.9077252522776881 -0.03984965202149891
2.4529318063984986
-0.11654935630271648 0.5258344083943448
1.8457164228481266
0.8818068168117676 0.5224554183618215
6.071609654165062
0.6643758096248635 0.1938502638273698
3.588195487194823
0.746945935489262 -0.9176012758541574
1.83159207158445
-0.24721385109331606 -0.8928234375481178
0.6683736896480585
0.09680181968012729 -0.19000174929173244
2.645572892542247
-0.6706488283078743 0.15102892021184666
5.037904691143713
-0.41393278713810433 -0.6104579033367727
2.007533467173265
---
47000
79
-0.8198874856190473 0.09116216384232709
3.6449931285957504
-0.789370508826472 -0.12025614774039906
2.4592850891671336
-0.47162880968408705 -0.8045684055812212
5.076904367046665
0.06989031394903268 0.21891463755922894
4.824284316140778
0.5511556786988138 0.8147692021657749
3.6825613041613474
0.6777091803659113 0.9384229190960821
1.0844599351152908
-0.3194929693263029 0.5096354058940409
2.509968973424125
-0.785322342293362 -0.6916586754684264
1.7719537787990713
0.10787509793003477 -0.7847535541499219
1.585711426478853
0.9587870589086912 -0.006635416698931779
3.5466790038260747
-0.22975064463295322 0.11741972568624821
-0.6838176731427397
---
48000
81
0.049459353922651994 0.7975575125708538
1.9031763541730302
-0.11642541613311658 0.6003450407168699
2.0856351963096955
0.9619879468324407 -0.023586712702829443
0.5819173925526524
0.3925489112145413 0.3707979735047685
3.478048398520329
-0.24931348409075554 0.6688239356447278
6.2105410710896205
0.09537351069843536 -0.07315575956360165
0.5388836442509826
-0.592561585872719 0.3062931649554739
6.104408729656859
-0.6867278092570883 0.7328806393498002
4.01114849825349
0.1802945457376986 -0.5498013688241778
4.84177268265896
0.1630578347187936 -0.544619975878483
6.007482146087754
0.22887914185682157 0.23863036917630875
2.093916584245794
---
49000
81
-0.5986321827866352 0.102917863412338
5.471692174795291
-0.5156945014952768 0.07876513652962344
0.29736302161394335
-0.6062362022025078 -0.4904418780159606
0.6251133788361702
-0.060452091528957766 0.6725608573231108
1.1569736939070472
-0.7190538989080203 -0.6065212727472319
2.074824003765049
-0.3955791637124752 -0.3520831565832846
1.6252090301745943
-0.40416503791624875 -0.12636467700985676
0.8299459265755722
-0.029514397393723184 -0.38174477962419434
5.383610376359191
0.10159241678074846 -0.2986565947041306
3.1085682051254366
0.7602600924015543 0.8477520306491525
4.926756780758756
-0.44828677804186917 0.03121962969853572
2.416021189760665
---
50000
82
0.4979141812714057 -0.6407424510548174
5.488519845296444
0.5952964526018611 0.9944332854919937
1.5420147457867586
-0.15595667904178834 0.6721994929580027
0.36511786487473064
-0.548252390886839 -0.8948242036358759
2.202860730887979
0.764388274233435 -0.2888896396512504
1.702599525941455
-0.2578686216118316 -0.4738332992486733
0.48524609387332074
-0.8235481012384122 -0.6506717761111447
1.5118378844863356
-0.302046942943151 0.01635790224360166
1.1043360195413612
0.0530467608253392 0.17774722989103767
5.348336820250036
-0.7135638366439475 0.9634529137104155
3.0448563655851757
-0.9157655762689614 0.00457784493388828
4.020721002954477
---
51000
80
-0.15259041814244573 0.012206832230519021
6.094757634265361
0.020520557472513006 -0.14561471741188056
5.364365468163444
-0.5078972374307458 0.4514227948104825
4.311353450218736
0.2747672727725336 -0.054404522085356566
1.6408431507427563
-0.34792201780876564 0.33211759924729906
1.8904602687973888
0.3107902479027963 -0.4704244994435513
1.4702815041442765
-0.6438872788558452 -0.9970408231497546
3.150506213787579
0.1104675210994594 -0.8145780360330516
6.134832592679511
0.008543520159808023 0.7473082449175393
4.8760960948262255
0.07014132705698882 -0.37771474505050806
1.1858846946515893
-0.3692455252779763 0.3635663051550564
4.577796331288675
---
52000
86
0.013543309033013734 0.19494652933776854
5.97719888678558
-0.022642006174257375 0.2773425046805014
0.6892448657221246
-0.6853308768028809 0.01031784020463294
6.0987212828989295
0.5184237723786491 -0.5286161802371123
1.0231082611575166
0.3398887557122719 0.26421074070410827
1.7676671548361105
0.7029708844642696 0.29455804450238093
1.481627757552702
-0.7400017238782498 -0.7062470380397466
4.444415877954372
0.27789321380448595 -0.7961790072130306
0.8589589244443943
0.8514922288270473 0.3624852885498265
2.2003476836351394
0.1916784215797976 -0.6925498479909445
3.171980401472843
0.26792739855718206 -0.1886469311718884
4.896947603682563
---
53000
92
0.2305225245469144 0.267681203115772
4.122985545826877
0.6399926659897734 0.010798370381850336
3.0766638340515877
-0.5289135199612307 0.1816215815887952
3.1219660604772788
0.8424356898772649 0.39195260392699055
4.130246066199553
0.32539033831906655 0.644847555282187
2.9660882413177037
0.15874011976756305 -0.16197113975946645
3.535343726840142
0.26984176410950084 0.4324471110828058
5.346410091449875
0.8419931580581776 -0.07365073207664874
0.01257157473041648
-0.02842715254578275 0.1506174565229642
4.14683141581346
0.44243613338490306 0.82723359125969
2.376640897024428
0.04894886976537714 0.15345737473915635
0.21972036553776064
---
54000
88
-0.917188266842464 -0.024814212106722463
5.854639450111624
-0.682683450433296 0.05795076477681351
1.3172472588401734
-0.9199799075454129 0.8660121041974851
6.235992739557643
0.9841668578387636 0.25427184999703745
4.532653057304417
-0.846750446851791 -0.5364574972731814
4.516653998442326
0.6834772514971318 0.6293989348489367
5.510246926854955
-0.5200721952332753 0.6774247023418603
5.077154731566418
-0.1611537614775615 -0.47241585456309476
4.497630639672882
0.4305824126680007 -0.1658680996275631
4.6031235776265955
-0.9343347797312558 0.6587585654438418
4.895676369580414
0.9073867625018794 0.4216013814848126
3.331574585172522
---
55000
79
0.685955787936993 -0.8260383462101017
0.7395748513835622
0.34825883327446355 -0.9609749215787844
2.127284915193571
-0.3388064574409432 -0.4504428558044365
3.8743246236416713
0.5138934426003796 -0.5040027949681481
2.3868101242115785
0.2641815050902938 -0.6230052936892816
5.672761793523051
-0.7358276143927828 0.6289667852480969
3.638455948362804
-0.5427435483775067 0.4323786666853668
5.936678762146701
-0.5144322267475123 0.41406163683955793
0.24704319714095657
-0.10014104780206173 0.15582515647280204
4.928563947666989
0.024747944406067354 0.23093917311539366
2.986243078955366
0.686135444778743 0.7376937604675945
4.225427742462998
---
56000
85
-0.19962415393117422 0.8038393549876508
5.82453783580376
-0.19308382246672628 0.6986505912149079
2.9755755553374783
0.8260714883912709 0.9544149763911239
0.411941464641294
0.33930413279679295 -0.6765779776060543
2.16349428534014
0.08769490702600953 -0.3445634849786503
2.3282292935506614
0.8304073281025658 -0.7152500336313815
1.681382528352101
-0.06450504355975581 -0.46926642843000566
2.1097133282629805
0.31022745636281135 -0.7855593446217515
3.1269910135631607
-0.5029899514542328 0.9735892353978963
3.8368363031646204
-0.5092540649871345 -0.993116160471448
3.797797175570647
-0.08654900727565024 -0.03142182866031624
2.6387659574812687
---
57000
88
-0.20294652559496407 -0.6069662963205262
2.623858050327607
-0.12343642167764943 -0.5689642156768434
2.100238398238159
-0.39160639397849734 0.3163859309800124
2.0743433027497744
0.2991167395852049 -0.7160595870694881
0.23043268721851096
0.5632676652081782 -0.7765508547768516
3.5730162232688176
-0.45276246439391266 0.143335831499156
0.005482072413130368
0.9064958154103379 -0.23183330661096374
1.1678704716648172
0.23553417210326605 0.08647991516648745
4.499772927273544
-0.15682444862371245 0.6430283765163916
4.2167747259174835
-0.30748000040520074 -0.7008208163276584
2.255435958344746
0.5300997990363525 -0.8331690003788236
3.74532829886755
---
58000
93
-0.7829969520821487 -0.5328969850306745
2.1482237207572097
-0.6651958401072634 -0.42212327967622776
4.503642423906781
-0.14251653783869647 0.3225231978351584
4.7975719848085
0.002249644507783876 -0.10226638260577231
0.1180854892271066
-0.021031369618310605 -0.6014115539176735
4.818285500614258
0.27099599226110255 -0.28297891615201276
0.5020615319414237
0.6082480329795743 -0.27428194172549025
0.623865735022374
-0.18484088600252055 -0.8296838032597882
3.9013393781282364
-0.6052097352490438 -0.1915897263864715
3.0354530540866547
-0.8845442450797274 -0.8105672761761812
0.25740396075716454
0.990361126804205 -0.40326014494061185
3.506744475209974
---
59000
87
-0.9696048203688078 -0.04658247086182672
3.7125617794639583
-0.8799623473504599 -0.11112899949239993
1.2003484094081216
0.019100163616694293 0.5977910965729423
4.095894466877259
-0.826696603313929 -0.12282096410246672
1.2476841664476854
-0.10506916099681249 0.29297179551422603
5.367778787845876
0.8197402255226907 0.676795980141714
2.425103803157067
-0.381074707667899 0.1004341129378829
0.1596829297294695
-0.23508046275469507 -0.681631228248338
0.7232120630403998
0.2911121214884286 0.09690752903936355
0.7182839388451221
0.3812487451823228 0.9739248501131348
5.0977773663404955
0.7070599901140124 0.0637244782247301
4.180883100755221
---
60000
72
-0.17935981741746226 0.48316900931910955
6.267475792199405
-0.2179626607342847 0.12075493297260695
1.3558036237564073
-0.6552473557592547 -0.03669405756297407
0.6223322128810738
0.4803033359914774 0.5747409351389988
2.294639688715841
-0.9200034885447635 0.8914455166385915
2.0253075026039413
-0.9722492205503221 0.5940935857258883
6.015602725713603
-0.3431657439149386 -0.9623827221526905
3.635933642978477
0.05173519185329532 -0.4861661109506542
4.6426289632924025
0.023605999554859678 -0.3731380505960335
5.569844760224945
-0.2767392973310863 0.4856411488065471
4.20340918237139
0.7982272443114982 0.9394160128175673
1.8492559946699272
---
61000
81
0.07667258943082805 -0.4716936595468096
4.576292452739358
0.15352009181902795 -0.445291590617569
3.326917762667285
-0.4780009958515174 0.5829967029715948
2.683415861475936
-0.7995843837532103 -0.08244712578819671
0.1983809850632534
0.1404834954596213 -0.10251535182611353
3.336821222000517
-0.9471343373283707 0.3212421181704507
6.2679215660102985
-0.9768248179780648 -0.5799139007424052
2.3330440863179076
-0.4318800641372041 0.35996790428856484
0.49766749985037073
-0.36111489270379477 -0.13826098075759913
0.5955089241931111
0.18594402669526 -0.3808010952733969
3.282348282495578
-0.9174035121683638 -0.05809239540731435
0.47865479538299294
---
62000
91
0.8228753379302172 -0.13284433544574537
5.3885962353988095
-0.7762809479342017 0.41287711375622393
2.961691935626777
-0.7940625337424662 0.425701240771913
4.280225964933838
0.13014650916245873 0.014828014273170242
2.702679777737684
-0.8381958379052412 -0.5286418646525368
4.103393510107914
-0.5388000599038588 0.6445861628616671
4.129704431097105
-0.7686344552292401 0.2838743220678862
2.4874377003660975
-0.18825215097328002 -0.3672316973498999
5.225469391039095
0.7139924984647692 -0.20684601292644195
1.5915189908900924
-0.526831637650884 -0.39432203739660043
0.2701704768341058
-0.3822333532061512 0.44164097177448924
4.388735569028313
---
63000
78
-0.5985855655091735 0.14052723478626744
4.458372437536525
-0.38857085456230706 -0.2234402468662378
6.240144278023524
-0.2621106018878619 0.801421829771089
5.186272467746354
-0.09177247718473532 -0.9835974901650373
1.9438129444800865
-0.5381727592966425 -0.27965539806101697
3.18648505498485
-0.9083158247999775 -0.19870490989518183
4.7380202187689875
0.8884118628902814 0.15524740347979707
2.5405868919522208
-0.43775424432844157 0.32556360431401243
6.023375044399521
-0.22106018960577448 0.8772839856049324
0.8044391399007003
0.2933222165406747 0.2674580550290767
2.899627882862392
-0.19725590330247228 0.12078661615287889
4.784654941520766
---
64000
81
-0.1582873273174185 -0.11393576220312425
4.57566426818782
-0.22793003544475574 -0.3081464153506009
1.392485893549301
-0.0025585111872003102 -0.06616145444316086
2.0839774982508015
-0.46738745184325187 0.7083865535564758
3.0898577313863322
-0.4962381094457062 -0.6956666374968261
3.767216736534592
-0.1196814869954055 0.21049670194296177
1.4617054785317665
0.5074049609171168 -0.8620067182794869
3.2555646393147004
-0.3466286965068303 -0.13481689455181947
4.176143208549837
-0.3253285715875696 -0.09418824743118356
2.165323364383392
0.24419344057601777 -0.8370554608736256
4.087679550282726
-0.43380355930067993 -0.25293727181343045
5.158731240927258
---
65000
83
-0.053349214148671296 -0.7526974961084907
0.2917457446697993
0.0030473135845186204 -0.6840486427085245
4.340604857062317
-0.9934848965832951 -0.32465605037956513
1.9363501944462493
0.01185674651293479 -0.19387411677788008
-2.641123481893807
0.5021690299629612 0.9100656044442166
2.778346892261145
-0.3759430749882384 -0.2728377543766151
3.401796944444544
0.10091391079729248 -0.4816016562130592
1.1988305568632427
-0.8553033320191543 0.6950071582064363
1.881481130881868
-0.7665380306745293 -0.8282098359002797
3.9831668459423817
0.5659609404416296 0.9246041725684429
2.7110743291392874
0.904834283174829 0.9857291235128469
4.200115959970206
---
66000
81
0.2734747010583149 -0.5975365332722753
5.659121303350151
0.7465503032292036 -0.3950500898565533
3.6912044349690127
0.6255568505373513 -0.1713022782768886
0.014196378019163625
0.7281587009008206 -0.30040798122221973
3.1441045519192654
-0.1076873179582488 -0.7199556683202292
5.620216264874405
-0.16039812980604376 0.11926101648612503
4.3752666870822114
0.5804199312313167 -0.6861573188478726
1.1629514966536973
-0.9262759881947478 0.7451367300274341
6.072280641133938
-0.003261625236245673 0.8302420106939423
0.007185878280461466
-0.732046833878127 -0.8279366550418332
3.693001937205813
-0.6675726343837874 -0.8573631219492115
3.4880683828571737
---
67000
90
0.7690834740949977 0.3824186616753508
5.4140803744923325
0.9005827867993843 0.46798514727455987
3.219601956844709
-0.47778433028731215 0.19839981325679043
0.17986567551378396
0.016778853723303736 -0.55133935912017
1.0072533380744009
0.987518724246752 0.7381327458924694
5.6474924987605135
-0.13952733158642905 -0.9475530519568024
4.1840564442217545
-0.8759696393058883 -0.6238048868956173
3.5538595321711153
-0.3368665141130319 -0.08051141918024127
1.5900156939588452
-0.4680246585922657 0.797566620661175
5.820408988517833
-0.41344397319936144 -0.34030310508048506
5.1576576697574
0.7467376418726009 -0.8669027575359531
4.846045362121219
---
68000
77
0.46217668529797873 0.8400512611601719
5.856012457663408
-0.9138814486766534 0.5729293080761357
0.29342126815256986
-0.8376468921856236 -0.8360252031547368
5.792238084927881
0.2598937855318509 0.39275892123566886
2.2862064254117094
-0.777429013761415 -0.8721672258060822
2.8415134653296006
0.5490231678401699 0.712996234118626
6.071090344695807
0.3250590371312091 0.7543998509217836
4.101163890775386
-0.05234636002733585 0.08914416852590092
3.2005816116512236
-0.13128891179906713 -0.49718371432612185
1.7344206672233806
0.1507876822179981 0.1965139638485113
2.386498976279423
0.6960481112361243 -0.17612488583923444
4.074705662076995
---
69000
85
-0.6740628188976951 -0.0015201232881225171
5.020860864813356
-0.680787008380779 0.19726126578801906
5.401749090356818
-0.6721744808417205 -0.057433127725505476
5.737641896243489
0.6785461220923764 0.738163639376542
3.3912290552040307
-0.49505264414689776 0.29871056145851216
2.502243552336841
-0.7376181162461748 -0.9233788943942333
2.721805792102483
0.7820471002400855 -0.3016765042486749
1.512886329113547
-0.9506760256639162 0.7682416887431902
3.0025241468004715
0.4298949245599335 0.0979275394823731
4.139077236261774
0.7173170570061578 0.9222212558015213
1.1752004139809458
-0.6729987136251112 -0.6509902527963908
3.8559448077341623
---
70000
82
0.05911618159248376 0.6371359545219142
1.38353156716066
-0.20674703994218113 0.10123927717675049
1.0267662556494033
-0.12978257800144102 0.6232262291847247
2.569335404819606
-0.8902432004016094 -0.17080213885562082
2.597544515689288
-0.5168788826227865 0.2711337362406517
1.057294867494365
-0.2848472793024055 0.881958341128699
3.0225074115930246
-0.4889746129856881 0.26752802379273966
3.2798502771537583
-0.6371133822063086 -0.06722350553374912
5.063774807858822
-0.7097449583754546 -0.0640142766208377
5.611228613000431
0.5963481601815942 -0.3859297682063342
2.371067629718218
-0.9335506866698039 0.6020027752405673
3.597233349690291
---
71000
88
0.5577929258674261 -0.793199923267555
4.400288984199654
0.40311875679742176 -0.8439664150822129
4.699258143323826
0.29698867816277275 -0.08117275497155135
0.25914465391216623
-0.5802702891858952 0.8149371382760817
0.6290554544116036
-0.8808689319930031 -0.5797382346723139
4.952577837792715
-0.277287748800795 0.91751601654647
3.6728886240446306
0.46195416817971563 -0.4017677650848395
2.1375235530216763
0.7602242809616376 -0.1442668563099706
0.25702054072699276
0.8577134888095466 -0.17755691507153526
1.2873930692880133
-0.3898281622294542 0.9565650601460525
3.80942294747996
0.8138713215212665 -0.4703255947897008
2.882191881346361
---
72000
85
-0.4876371857174508 0.20968637523009906
4.146227143634456
-0.4774002275181163 0.2405863342898652
5.839342038334392
-0.3856889351673288 -0.5547539651603346
4.532423656362847
0.10980750140577417 -0.036464136752600546
2.6840313484365974
0.597144478239134 0.09908334918270652
3.065628623925398
-0.3896451701867121 0.048179667787017724
2.3004959869147514
-0.6781141039865138 0.8432750681888033
4.819561972107863
-0.684615208977274 0.6609275716013191
4.797938806134888
0.7696201052214269 -0.18954035924180385
5.167874464387734
0.6019748763028552 0.4990198442327289
3.9216173418372575
0.40740398104070896 -0.9383452050080207
1.6614414014679202
---
73000
88
0.1356082462106809 0.8913954738370953
3.7125096284144457
0.11777932853763097 0.8583717193430523
2.0287482786271225
-0.7920811042730578 0.5229744645953638
1.4243756436995492
0.3156660618879475 0.6058399756080608
4.703993923390662
0.44167847845086144 0.6416264558909688
2.99426163263006
-0.7982215693394805 -0.7332297220573278
1.2910324260375816
-0.712881547033576 -0.9670540902419392
2.351036710084065
0.12451464595304737 0.10833022520016222
1.105445992920938
-0.33267875094092136 0.32253672381684173
1.9423659689580903
-0.26490370247955863 0.19912317311723987
3.917749661317478
-0.5896017120906538 0.4923359053915882
4.3610131094352225
---
74000
86
-0.18533376754135958 -0.18059720521531575
1.363269592456264
-0.7736831381134691 0.1598359869810932
1.8781527363832584
0.3002806524642542 -0.24277622586773026
3.712022261816913
-0.22183340377685729 -0.37854956374044
4.3779480621222255
-0.4563632995312007 -0.2967528753701085
1.7905405960543375
0.32879475604443265 -0.43006672070031393
5.736657690435923
-0.7450582508727583 0.29815406979770037
1.1993762034759534
0.8534636414420579 -0.12642416009736404
3.9288977865951873
0.5014385233428269 -0.4330588254512502
6.140957472719942
-0.13508675383003688 -0.39098710945726406
4.284508249966498
-0.22774275845654363 -0.49127632863234494
6.0037471554217285
---
75000
87
-0.8865371331088966 0.33873586477411444
0.696857554409679
-0.8381970327351943 -0.39625007535747114
5.894732413214927
-0.9738366927170119 -0.4049485979696055
0.7422960824249065
0.9322103466229732 0.31287914692502716
4.534459433799103
-0.6144344839585005 0.868956323177677
5.87821507201505
-0.3993881412221162 0.20381596419636394
2.4852663312187966
-0.1187234376932018 0.8459374709716126
0.7545100342459774
-0.8885920636468045 -0.06621619772916633
1.1062068283846003
0.001509142940731796 0.04592391831896571
0.34603262835584925
0.8881690851262289 0.8521175443751094
0.3639887210551791
-0.35870964973002456 -0.002172911947687109
1.8287333626619322
---
76000
74
0.42038128091436516 -0.2336251018298431
0.0985017687647203
0.6155874116535492 -0.9457390492518969
0.3731797222754629
-0.8935768185439086 0.8801729522259369
5.783846913119003
0.30708739833467447 -0.9141103613572858
4.739216820982815
-0.0980706929570145 -0.8197168057967961
5.747695915354035
-0.18452274768429328 -0.8476642063193864
3.4027921116374893
0.03690280466962933 0.8579053253743332
3.220274133373816
0.6839784153656044 0.4557894909061994
0.1665785673272815
0.939225525661412 0.4206364531175161
3.4708531541030707
-0.9997923263123636 -0.016427813852581588
5.400575752615003
0.27925474878480133 -0.7562278751100817
2.7520568435622703
---
77000
87
0.6118820648821015 -0.04080404745134665
5.712253003257388
0.5777057387252071 -0.07219108421216243
2.8257082620929665
0.740260742218981 0.5961281960960397
1.509294354659838
-0.2621148426631522 0.6618723526340134
5.930551504307175
-0.9325404686981 0.7930371498830607
5.429608029305466
-0.5392363346800515 -0.5369754415975132
4.6144753254620605
0.3499472912273559 0.7727735497562305
5.452248247402886
0.4560858325502836 0.3462427622008932
5.841638785803063
-0.2807050887605689 0.7488811215878063
3.1648099458839347
-0.9713507766422951 -0.24643367835998956
1.3194012763889846
0.5860532170122141 0.1259173817166625
3.7735908201503294
---
78000
78
0.8629034214434909 0.9209735993988699
2.5481044471191794
0.8598525709905085 0.967348802713953
0.8665583097441241
-0.21719799979023538 0.3523520548682001
5.144064378392505
0.6533108105427204 -0.27334917877153275
2.4178516753615114
-0.5540865175231441 -0.5057834007369074
5.466271859228297
0.12114960504722788 0.649347012252853
2.5146907728617744
-0.18116491611508878 0.13710219165726545
5.619975272393113
-0.23178972882345417 -0.5885421241062294
3.191911797415046
-0.389248200196631 0.38362534484260524
3.5283068215732545
0.23732431363391301 -0.3353358145861338
4.1972831516180165
0.43148001804729874 -0.4259198983596439
0.344582892731812
---
79000
83
-0.6085074609751824 -0.09590341836167635
6.265279331150106
-0.6247954772939088 -0.1304829553702816
3.804628888674081
-0.8579627812740259 -0.2892761275536251
3.466197629414662
0.8943243530731249 0.7929705335742482
6.01906364053062
-0.7206551894085511 -0.933247433887936
5.052570655751871
-0.8723563371679437 -0.1721794635777876
5.171256731731399
0.3682896623867789 0.7741480294936963
3.6664902586781998
-0.9905184168179435 0.21641273500181635
3.3636303379150814
-0.07599237973529804 0.7441661757510114
0.9472557894323712
-0.022346475795627364 0.45979959322134056
4.568991521773347
-0.8032590186227633 0.5599846403133193
4.085814156494396
---
80000
76
0.34986371376895314 0.5962823895073345
0.06511984199691234
0.044021480587990894 -0.5643416508100594
6.043783393016029
-0.858839780269263 -0.8958144848167945
4.5107940927264885
0.5496367402205897 0.5786798485175949
0.5276623413702142
-0.2148197874923712 -0.17267255007777849
4.186635377900252
0.1963149542131821 -0.5379057832615981
3.8769153559184995
0.8194637979676134 -0.8578366163254303
0.27925996905802375
-0.07970077136451048 -0.1375633551303688
0.5522357365940112
0.5238484416396263 0.3627982181484936
3.2653417856758793
-0.36151951333456844 -0.08342332675732617
0.5562607326291849
-0.44066711360521255 -0.4101990003214058
1.9679012318551736
---
81000
83
-0.5899988695569175 -0.23299217579402856
1.3857586360255862
-0.5718469517745692 -0.20909185813314163
3.5482337366495598
-0.7126269858668861 -0.7365768853550084
4.032908316079004
-0.6318520160415533 0.3638888269734044
4.8997513344277746
-0.6252571406843213 0.09368488474084924
4.997712351394906
-0.46137077173834423 0.9224173121283414
3.4078009958452933
0.4568021192187002 -0.35384652358237034
3.8864558314692434
-0.35661665211089366 -0.8317437409233571
2.5086032891626786
-0.689198259569504 0.765950965462186
2.082682320908492
-0.903237569692132 0.560414652537124
4.605235184816301
0.3368942723388976 0.6458574236477868
1.3269499398645834
---
82000
88
-0.574943219934923 0.9053033096677348
6.182859917149988
-0.7627237176170052 0.8295450249133929
0.29773896678578904
0.6902266601514564 -0.018875428079178226
2.7443487644169924
0.8434035239054916 -0.6890544301153508
0.7854677566198731
0.8071610579072614 -0.631950143065419
4.074004410693438
-0.8061625366353301 -0.47085875568630114
3.4601323350178586
-0.6854693562494287 0.6547365704878244
3.2683476344623505
0.7480773646043996 0.8366839775341385
6.220286225068974
-0.26372816520606135 -0.9575936432404945
5.13015372926269
-0.3959851391352646 0.6822112428302043
4.752404432727202
-0.7949682372126524 -0.8889404338001572
1.7960165357298914
---
83000
80
-0.6764249575931622 -0.1852556906123185
4.246771882065147
-0.5026376421382982 -0.2509828971756355
5.6263782265674145
0.37976848140880815 -0.07916926038036323
3.860065563707466
0.554850015184451 0.9272627414690527
1.9810948884283714
0.7300022720734352 0.6477635009457909
4.609839343098093
-0.22839447799152285 0.47383437276502965
0.6516870366284007
-0.9469266035858273 -0.766293785221584
5.5140252413367605
-0.7189755719923454 -0.3065954746122143
5.006099339339244
-0.9280002318620836 -0.8779089721798626
6.022167517560217
-0.8335247085230172 -0.0671071976936334
2.9505373527604766
-0.16644869825491343 0.8972925268210589
2.119522307570115
---
84000
74
0.4652975135322414 -0.6982831583573906
0.18955433973907088
0.6693090947927266 -0.7224487547095727
4.851934837670247
-0.20033675498675654 -0.036136848435789015
0.4682197716885561
-0.6629243702194673 -0.4938838573665064
1.5837321367061685
-0.1537951576274339 0.42915643757406874
1.5286222169973458
-0.966745920135905 0.790493935588679
3.7348100465246654
0.43502349364692877 0.5214865817212524
1.379065412677094
0.007191284556670063 -0.778768886565828
1.1691422563252374
-0.8578520079250127 0.9926594425893407
6.081404663053805
-0.18736264880779824 -0.33335667182598017
3.924390737485372
-0.795213677645466 -0.602997616319219
3.540230903869112
---
85000
86
0.22967859503515353 -0.34050887467743896
0.8565970697273115
0.24198934205902708 -0.3000487327443309
1.4398215539226422
0.14635314816652317 0.3685315344932018
4.554327748346955
0.04694832973657144 -0.19171918013812148
5.074537458256826
0.9086869872230396 0.23661281772684245
1.499292203524213
-0.42705379099922014 -0.05989813376939399
1.360844862810156
-0.9299437500646757 -0.7658677796150084
6.080911513989003
0.2518621754855477 0.8791778654918604
6.142784425035298
-0.7728469170962887 -0.2382534761516139
1.3409015476944708
0.0713459786501452 0.6765130249877654
0.7114188069872549
0.6162329433532254 -0.1882770423893403
1.2213561937497355
---
86000
83
-0.842759280373221 -0.07468541215665475
1.2752878898480788
-0.5390155975773196 -0.20744117363872264
3.349426844960907
0.4662635913049358 0.9394727677146765
2.181404213612173
-0.7125594197655772 0.6934944004816032
2.209135269590174
-0.07492981856597891 0.8875585598977795
5.117462270017411
0.4624433090902092 -0.40127022173649457
2.5385790611298162
-0.8690342885420043 -0.5269084023395751
3.210370638487305
-0.4835251716172755 -0.895828526758982
1.1123977570380843
0.18456871217903364 -0.559020937514158
5.757559888279129
-0.7479545734813527 -0.9045492104150894
3.5629085742892332
0.8084759364116638 0.5848931518592868
6.1188938665998105
---
87000
83
-0.09243476156782399 0.3909567712365869
5.898213892915804
-0.026788858333800285 0.5286042531145069
1.5892850037714128
0.8546438987413776 0.9060390643420952
4.94298513168516
-0.2875701224382783 -0.8752921168851933
1.837293593084806
-0.9654513309546023 0.6661666880449197
4.7900159629160175
0.14184734854739403 -0.6008478155403773
4.7694141504979415
-0.07082574911425069 0.47163622502908226
2.2809026661369174
-0.602255033472268 -0.8116716270463858
3.378181992448231
0.2843565274183186 -0.41346663554117535
4.406856317051658
0.31640256623789703 0.9261702065197905
5.825599112624789
-0.03952361496040167 -0.6650564629973693
3.5817582167826743
---
88000
82
-0.45255373860394277 -0.6991273294052847
5.2635016759968005
-0.5880467044112057 -0.6223407544187356
2.354242535100447
-0.720043373081727 0.3167709636696432
5.123887126543109
-0.02168970375199656 -0.4107371919468603
1.4365380328019652
-0.6551033432151812 -0.6773305238931797
5.061771196076181
0.8000493269852429 -0.008433799977046273
6.050861737598941
0.9202822645387867 0.8612515765507357
5.324283536413755
0.04931122547280946 0.3958090727006636
1.9871880869762624
0.7334442582445969 -0.8574117704950363
4.5174777294917625
0.28718530607271864 0.903796041701872
1.7055403630074153
0.582399927768165 0.7754583226449984
3.824462049325243
---
89000
88
-0.8358801482391122 0.7771052946332114
3.6135203646974494
-0.8906932387843427 0.7641381381132787
3.5128912864171475
-0.35591766053187623 -0.7160855949499292
0.2561549824514966
0.6162537373284981 0.29655897808885806
2.5306884175224234
0.6603002342809622 -0.9710106507364321
3.8220599702347107
-0.693553493431195 -0.629221810845992
2.2567146026680005
-0.7085800337554682 -0.8503362674805803
4.243306033193175
-0.7522967497081761 0.9967930138317568
2.6113535381054476
-0.7731982551030908 -0.9033529659592717
4.561474428879975
-0.7224916419833505 -0.27897589863024025
2.4998342939786493
-0.7514396539723227 0.5868418379761172
3.111171933925225
---
90000
80
-0.693458735662636 -0.9615900130591855
3.7555358792211093
0.1607845911723464 -0.8593566564194584
5.200477670462178
-0.28761253356363087 -0.268815363007512
3.471233352638002
0.27097014951618914 -0.7147211246820168
3.9050162240469257
-0.4870950770357914 0.7889333789759612
3.7159839142360136
-0.3696457666816155 0.14592701713112816
5.367104037462803
0.6179676961113972 -0.12247641141151464
3.5175543047651443
-0.7858879823641597 0.7911304241319
5.795269379811692
-0.949166107800893 -0.7258288967546729
4.840374680840959
-0.17829815399601884 0.05090142295489802
3.394960425346105
-0.26597499373241895 -0.49344848345972747
4.166532579012395
---
91000
82
-0.7639179009278289 0.7048491705921753
4.809372153551973
0.7867382235898416 0.11509538921887347
5.991915889773954
0.6418342370116475 -0.2001159605061335
5.41426126527853
0.14392647318103724 0.8925087266133379
1.4974297732794541
0.9916744929145371 -0.023545985041728723
5.131282468588394
0.36780875942860547 -0.7180050157781498
0.7291054404938064
-0.17050749241175406 0.30468488134198635
3.21455537562563
-0.3087751251418541 0.28422198899026363
4.338248241768402
0.19298729380483318 -0.6898639112932651
1.4860876384648822
-0.9826785361938846 0.3114231978441702
5.982415367280606
-0.6626109739859714 0.6765589218755239
1.1782599126831936
---
92000
80
-0.9289070254574112 -0.4213919067370973
2.6284814953884226
0.4352785154654615 -0.7491884805859106
1.4442928766779168
-0.12357145692037917 -0.7448750617749567
5.329130732178572
0.9826261885322591 -0.5081811942852031
3.5639541598013587
0.6493909901107067 0.9316736685158118
1.0832131649154615
0.1888924361991542 -0.10541196855903469
2.4736543156417925
0.33109343406368563 -0.18713375941869104
0.8214823917909726
-0.5142587101289529 -0.46299442532663815
1.138504530612126
0.3558439872439949 -0.2566472575459816
5.5350157341894555
0.9888975628446366 -0.9502616962669215
4.215370810510067
0.5106937838910206 -0.4921195981861335
0.19764740960483707
---
93000
75
-0.08993550936431946 0.7228799367926527
0.39997812460078164
-0.12541546751793115 0.7921272352889808
3.215593075308157
0.08234374654554337 0.5444447956428373
2.135584841745545
-0.8039329355201976 -0.29763214649902736
2.1605833993165477
-0.32684660100914054 0.37645706477751245
-2.260723711416369
-0.7385005902311239 -0.907967632229014
2.9497264750699843
0.34854934504853996 -0.3522321949744307
0.04992786297341567
-0.30565686609562676 -0.48816148557557376
3.651786064374016
0.18967595311419555 0.05755026781738171
1.68061610199271
-0.569529362127359 0.4929583268545381
1.463369588054995
-0.30752522587885034 0.08232806892299607
3.585023351046723
---
94000
80
0.02564949842982906 0.44702589988907915
0.6210550490504944
-0.4528651752708569 0.6078536552371806
3.37052180883929
0.73521708796385 0.536605502339868
2.6903292787521895
0.6177448927078091 0.0712174163538076
0.33276600137018786
-0.9702878123578481 0.9522708233962733
0.9138091685560168
0.20239730485797086 -0.37454784274851344
1.1498465651160155
0.6806438044877338 -0.8824946591864675
2.124840026199844
-0.06300669200754788 0.44663993948415043
1.7636244976084692
-0.14056215144056822 0.013887013503998931
2.8866050249364
-0.4334926290471672 -0.05055023391813949
2.2962748210041504
-0.8095345401191426 -0.7649233911873698
1.0340890209088238
---
95000
77
0.34143472964908494 -0.4081422261243359
3.2448993534175172
0.5284494447735416 -0.3311022505861758
2.17557170832169
-0.13876146235122705 -0.20690018648672617
4.008479439192046
0.6445220709243442 -0.11308082087376439
2.4793689413851165
0.3081289644282955 -0.2097815417677585
5.9545592879491585
-0.25310244539650956 0.13427975950600796
1.0765170288174741
-0.9150696639839611 -0.2123304488158381
1.3514651643083395
-0.6379797913986623 -0.6541354375770788
5.3731374285376345
0.851766810061275 -0.2868121637510215
1.8558544017795153
-0.22144401435355446 0.37104823945159926
2.5446994088893975
-0.026067075762436748 -0.18787339768064015
3.0256756797273594
---
96000
73
0.5433894145017683 -0.6499444035915201
5.922603369666887
0.4105333447052858 -0.6272554195211918
6.114182511257833
0.9865695218489473 0.26344094582666644
1.778057232830311
-0.35485771856864784 -0.4663803367162842
4.6590067923544805
-0.2796898283079943 -0.7716607100333885
1.5372124426739697
-0.8739923972459738 -0.6232526558735773
3.6787317291357207
-0.7800582830207486 -0.3155565317295199
4.586699590984318
-0.028451870851749224 0.8311975490608772
1.7287508992655143
-0.7721702515284687 -0.3916503627229718
4.789896762494069
-0.4035200494585969 0.5523891789171216
6.149941874631633
0.4259459810903015 0.21107943688533937
4.949583136565091
---
97000
82
0.32090861600296744 -0.5238958332888463
0.5461529542564225
-0.17363219194629337 -0.3896998477825707
3.5835577860702506
0.27249385099611867 -0.8209131525705754
5.382327495383494
0.6232784674461607 0.8482132024734682
2.3951030091610956
0.2286370550198744 -0.7345567884047588
3.8259519272166225
0.9998185348075737 -0.9764466518220987
6.105995919189857
-0.9587110037633034 0.3774064521885718
5.267291700271076
-0.009983598520351605 0.4218667509436563
0.31588465180333536
0.23352825294697707 0.612813845230281
0.4250964687371832
0.2662270338016781 0.46516203188531907
1.7891320523093928
-0.6761655766660339 0.13006100540774096
3.2250349422209723
---
98000
95
-0.9397164037366074 -0.055130696012248515
2.2109800799418933
-0.9910162448863461 -0.09435085092150083
4.546649212904143
-0.0028306023381198695 0.6873769444942994
1.425862481691107
-0.9705408855314455 -0.4759739110381424
4.358721420118453
0.5167049439412583 -0.17457674284361696
6.082426245639606
-0.21652846466250522 -0.16144295239425543
4.529198666890097
0.967366456523974 -0.05424403307209861
1.6636398222479114
0.405835353894902 0.3667346991067333
2.64984106511862
0.4283467869235415 0.9128844854532593
0.9180786884185181
0.22474353920380122 -0.20415613243202776
2.4650937281470737
0.3730464844089588 -0.1313344304839581
3.2612754230978434
---
99000
76
-0.4534008742643524 -0.12436484174684342
3.442712030751161
-0.7582012470721792 -0.022781763353728612
0.5324294461336203
-0.41244264638332456 -0.004292400415503817
0.38546399917663354
0.05500469059471808 0.746287500674327
4.408881204825416
-0.24526528201990533 -0.6553465640775187
1.048991733585507
-0.502314961249138 0.04699535377119571
2.358870659004329
-0.23461558877719021 -0.11881289751128077
2.618723117006013
0.7059432751214239 0.324924362178473
5.50890886436962
0.14423534200083069 0.2550364728287728
3.175963502661827
0.5836355238306545 0.9477736730321578
5.709199354668324
0.32463199170325086 -0.11406588300053949
1.6399859915094268
---
