100
{'run_name': '2D_rec_10_total_boids_slower_short_chase', 'annealing': True, 'annealing_start': 0.2, 'annealing_end': 0.002, 'nr_observed_agents': 0, 'nr_of_boids': 9, 'predator_present': True, 'grouped_spawn': False, 'predator_halting': False, 'record_keeping': True, 'record_frequency': 1000, 'exp_folder_name': 'big network 5 observed', 'boid_speed': 0.0283, 'boid_color': (0.8, 0.8, 0.8, 1), 'boid_turning_speed': 1.5707963267948966, 'predator_speed': 0.0333, 'predator_speed_slow': 0.0333, 'predator_speed_fast': 0.0533, 'predator_lunging': False, 'predator_lunge_speed': 0.013, 'predator_lunge_distance': 0.1, 'predator_turning_speed': 0.7853981633974483, 'predator_color': (0.8, 0.2, 0.2, 1), 'predator_confusion': True, 'predator_confusion_distance': 0.4, 'predator_confusion_threshold': 2, 'predator_chase_time': 10, 'predator_halt_time': 0, 'predator_eating_distance': 0.06666, 'height': 800, 'width': 800, 'graphics': True}
tick
boids eaten
predator position
predator rotation
agent positions (and)
agent rotations (interleaved)
----
0
81
0.8213939633666969 0.7196343534852584
5.213674132487183
0.1332863368753003 0.11670898941222757
2.636698837851627
0.027887467615544587 0.19974030819559646
3.2645343987659294
0.7349010127090344 0.28680005729954045
4.869413836311293
-0.47582922244810444 0.6266213991745274
4.199242210463071
-0.4299184500158447 -0.19354678136821363
2.8978507306993304
0.9681588343780746 0.1386785058195995
1.416456394392287
0.5458920113037526 -0.18992929815293974
2.6297005244410836
0.7111731519135999 0.7590986236536442
4.020195341034132
0.5023724353839629 0.20746912078096852
1.4994526935225747
0.49350147770465624 -0.7750810396361102
6.090972247141975
---
1000
88
0.3951701305916687 -0.9867802551138168
5.29509165344273
-0.11284098912593644 -0.20561777662775738
2.5056783079963783
-0.938012510990314 0.6853900250965032
0.7710537171972964
0.6665816012666712 -0.615986157551024
0.424825462936691
0.1228206948081449 0.7599350755890121
1.7813766122721288
0.30615338459275376 -0.06552886847591838
3.428795153635895
0.3381698105334292 -0.535038606154587
1.517608368988034
0.5023693660344326 0.1267262768591447
2.019690860778608
-0.21023265147811754 -0.818683492205736
0.3985731654043465
0.7171915571543834 -0.6191700369259251
1.2627113473610292
0.09415406800790024 -0.09016582959612157
2.0864473744802368
---
2000
90
-0.7151752756243888 0.5416244974466456
6.070839078997883
0.2888743651787178 -0.10707730878626759
4.901874962670074
0.6227512929843896 -0.23363807136857204
5.648763691613429
-0.43951441961375215 -0.11104782081573256
5.131878584011629
-0.7645698015328546 -0.5836308980262244
0.16353549988450844
0.9013357786293443 -0.5629538691524936
1.0510521766067358
-0.9247707877770711 -0.3125803602478495
1.8203578403443625
0.9319885371546224 0.7978585369061612
0.33527810725945884
0.11657711096444354 -0.6700037304307507
4.665863623338204
-0.8448696878078795 -0.5701843351961706
1.7524159339406262
0.23651180521184362 -0.13335708529741178
5.343115319382641
---
3000
90
0.17478059550268096 -0.5373222742956698
4.107836415647121
-0.07424870478032407 -0.05313185633342182
3.1620122534208805
0.3447969020092571 -0.3892931812874097
0.18020202755487935
0.8087997026903269 -0.6847698151537471
1.6142691333278076
0.4580833089651894 0.7598150719400519
0.7239311146138299
-0.6525417913880307 0.12804684640627365
1.654284525238043
0.5455754617862726 -0.8949910003264315
0.9304493815023367
-0.10643602673719979 0.480760590771925
4.976608202037278
-0.5389385784923737 -0.9434914358669397
1.5035980476997874
-0.14709861820923387 -0.564285786154068
5.911064919321157
0.38282774543461534 -0.771085138072388
1.6203489309646217
---
4000
88
-0.3387112607956739 -0.9189316784821365
5.206222466942643
0.8068230735356157 -0.7563028219965686
2.6102208037584607
0.4514743145206411 -0.8896227628362909
3.1894670701181527
-0.6351410082694058 -0.9857396835464963
2.6440833390361815
-0.8791175968576728 0.46058134183068417
4.824531887964881
-0.38320061682941625 -0.17579768464216325
4.906149671578214
0.635898331202196 -0.6519750415534397
1.3394605115313043
-0.522207918169115 0.5617770278210475
1.4586220251098752
0.11063636530986469 -0.9022590822223405
4.363499696873632
-0.13232014168244946 -0.3464081003911219
1.4266072647586254
0.215214596111453 0.9321163775822878
2.963297941221145
---
5000
90
0.3262770144635421 0.67357130199934
5.238628677915256
-0.8274282414843175 0.00921226685622182
4.7923044088892315
-0.4884698864218632 0.35254128280774083
1.0790406272542281
0.18627527165827157 0.6913769292259659
3.348248615810606
-0.2655432489320113 -0.04048784354773243
3.143832626155925
-0.13956698398381548 0.04270767480994376
3.127838613146034
-0.8085844444411912 0.08645211903609029
6.068981799008324
0.4405586278196922 -0.6845678863335773
3.054735118612278
0.6086688304386594 -0.6909178965184261
3.195132588567189
-0.9801376431440892 -0.8521855097122841
3.2172148049322145
-0.19300669612863103 0.2784185453777384
1.9918654856160902
---
6000
85
-0.7397308288569728 -0.40210158975288285
3.0784255806840317
-0.5774631445698246 0.9562037224707154
0.41275219330500423
-0.17264291867343878 -0.8098731773172573
5.028608446007911
-0.20986102104823373 -0.6088575454458858
6.045640699351985
-0.4153864076624581 0.9681605850155485
0.9509841311255061
0.13406966058426603 0.499655801673321
6.172781714915384
0.9831326035861737 0.2766145303605621
1.2527275141831389
0.5294056584623443 -0.3860006794836549
2.6875426007767844
0.6303636753922321 -0.20597103110299628
0.9235285470310384
0.4483017925964949 -0.19884350999936884
4.998108335325614
-0.4227975216122331 -0.5706829259729457
2.6764761129661117
---
7000
92
0.1633302640452575 -0.7593189571142098
6.258842866332106
0.6158171712459575 0.7305333676250314
3.041555950957746
-0.2686990308552633 0.9298870974435316
1.2605919375364287
0.16591005627025063 0.9832961757844103
0.1111766951780444
0.3232296773903767 0.9684815102585886
3.079729558413166
-0.4470114492342277 -0.14509649064944813
2.738765324540804
0.013806644406489238 0.2120037703489929
2.4549216377732077
0.20145586180393302 -0.6240378088656889
1.2198882370472974
-0.014231142095018322 -0.17191828052153466
5.56879983879385
-0.4227382524598968 0.10013404131403264
3.715708011104743
0.46491161792567826 -0.2222901629428236
3.9292958446654707
---
8000
80
0.29835419191765217 0.10694619489601591
5.025995292296306
0.25163041590883634 -0.13594953271121804
0.6565801641611717
0.8519053943805979 -0.06626704216280732
1.8666770561065942
-0.6451395210290929 0.05288141621060317
0.2528212857809624
0.5864822427659451 -0.7296901158803156
3.992454951156615
-0.8987608099703999 -0.7975267031192336
2.075646539654649
0.7443497704678573 -0.5105383882885339
0.5669056772647112
0.006172962611767168 0.8759218144750482
1.5684439809779516
-0.968123835328586 0.007969911008492028
-0.024609963987673067
0.7278202921470829 -0.728847924176576
2.727080746138671
-0.6421155848720467 -0.9736220000861033
0.817030095854685
---
9000
84
0.5850111481066363 -0.7349064160866657
3.003431991808417
-0.5245004422655489 -0.39787918703551023
4.749943574622083
0.9553818992333539 0.038219572946995864
3.010383887337582
0.2649673419702654 -0.10465700338639186
5.968102342336402
0.9862077546292805 -0.2675013510087176
3.19625753116038
-0.2293026052718804 0.039532339850741005
3.97273603962007
0.49579199991024897 -0.8285893770628094
5.303199925599335
-0.4251168350285655 -0.234714598224044
3.332080727062908
-0.964864795396534 0.29159582994288896
3.0852453504788144
-0.005507762051595436 0.11653978592435908
3.800293226730978
-0.8637296386226129 0.7354656181350256
6.10328193092228
---
10000
76
-0.9379250134747421 0.022541455728767954
5.525411142132444
0.8883758226010783 -0.7157647514045864
0.6127208923778644
0.8306029428843652 -0.6310368921012017
3.879407041267174
0.6175633108439391 0.4891540903448327
4.210352312633176
0.9281835037792073 0.5382309944597025
5.324845386970587
-0.871341687844236 -0.6921221381931886
2.4393993199193096
-0.6937441217988164 0.33680324409745754
4.065274842221209
-0.7853263256255156 0.19521127174142347
3.08817565085796
-0.8177339385125504 0.388700750884856
3.994025609716088
-0.10546340261633365 -0.23132195651322257
2.7076714966411535
0.8455469519202539 0.23170591308072308
3.321852917564688
---
11000
68
0.8370812005245117 -0.184159692519411
1.7092029669145963
-0.9275766906699838 0.1471550202860368
1.8569026052186564
-0.6608777504365182 -0.2467409030497867
2.4662333343124696
-0.4046864908930152 0.676755533174245
4.957041224018213
0.38867503179148355 -0.0777333572128096
2.2016143604646716
0.13065812219251347 0.3400017711100124
4.2108689348751644
-0.1008758418831107 0.9197658451311277
5.2359133593146705
-0.6698413900025358 0.21397594771135758
4.56618121964441
-0.4135437200384863 0.36390697731430033
2.769087057292828
0.3068144533298449 -0.15297755644938565
3.136849774671777
0.07818179910966626 -0.6039951782456201
3.7525039089278227
---
12000
57
-0.6675856108330305 -0.42436454235060395
5.54331777998989
0.02451455289314805 0.5507997310327162
3.5706861201901097
-0.7893602354334415 0.01760184766710071
5.39650356267569
0.7327457928150428 -0.004500814707017832
0.9331408435168935
-0.3269897891312089 -0.07054579907437225
6.001839288974385
-0.3170312313359208 0.34668785572494565
0.9392440340681993
0.49054646767608917 -0.21462690216398814
2.9542933477537314
-0.22614662554349932 -0.20451695300405434
5.864660685513236
-0.9100047584136595 0.16104090715821315
0.04720708387211836
-0.2733785968082539 -0.7750391543690256
5.599599319731544
-0.477624969822545 0.3127648039031905
4.781582742905702
---
13000
66
-0.37386502954500245 0.439215459127798
5.220538871880514
-0.3268371365079253 0.4181816904490209
5.727412640386435
-0.7122883362465712 0.2064186089663929
3.0734101708190984
0.30380970743650315 0.08151433177370342
3.7572045330998916
0.7778973243091181 0.7317405873887738
0.48805925425292407
-0.6445791771431857 0.2415751420855975
6.088426933875349
0.4364706372436665 -0.5219366629198239
1.4449027954069595
0.25709257176180655 -0.8709381690115094
1.5960610595871842
-0.961019789599455 0.36414967751044636
5.083729262967014
0.25942602158897177 -0.2974396484032163
3.6332279530780682
0.48169293544792696 0.8776783371195054
5.998351795485656
---
14000
66
-0.42492270301907004 0.9900286053080894
5.380771732335869
0.4621088035357117 -0.677373834751144
4.603414665235769
0.17531185366324528 -0.5652978173519785
4.717456326555896
-0.4321974923322261 -0.015369106681191541
4.998313437776074
-0.42462083317834715 -0.8265724955724444
1.950808979034588
-0.8769747224744173 -0.19061478357843206
5.499487595896821
-0.017671338766372516 -0.07946956932982746
3.3858101836206975
0.44377035722884456 -0.7572601112738347
4.723139432662484
0.6729283803085687 -0.5987418025798429
4.644859937274682
-0.98622520647312 -0.7881195917806098
4.147087495196963
-0.9639118519262273 -0.561186993153262
6.010433874548027
---
15000
88
-0.25286178207969245 0.08409302000259342
1.932096147664832
-0.6696112785669304 -0.3731932606717714
0.43494807806360036
0.8287598106974234 -0.492208717034993
3.9159286477767825
0.484079218759743 -0.7895104966801432
0.5734172481307889
-0.3632523683643647 0.24271124848176504
1.410710158082357
0.860693163836184 -0.7344120085552082
5.65037184803505
-0.046448575340053554 0.3587854361740655
2.9575979906446337
0.5719788829518592 -0.2496191881149937
1.126411102183333
-0.08362198218886213 0.20209531996032684
0.2676322047981712
0.13594992655976368 -0.5581758525028673
2.356627096393713
0.055697596307927574 -0.6314717863851877
0.5995331984041616
---
16000
76
0.7878800646746811 0.30107069170851836
1.9982063610786418
-0.9869894182594819 0.3456813887336526
1.9600897656418672
0.17438167619641823 0.5252452392828055
1.5879746470770018
0.8985749997969678 0.7585945043793497
2.525027736920104
0.3448544316398024 -0.6318053354559536
6.26691183056017
-0.2844147635509928 0.794277371968628
4.784258774418346
0.8305269956093747 0.024603399240202887
1.9325968678633156
-0.8526514161616969 0.4879243084913709
4.940256855780726
0.4333427597719207 0.40738182238953996
3.171563882655401
0.6152589289995238 0.28669111110243256
1.7317299754771147
0.4156284954677803 -0.6688171116509439
3.251386978188518
---
17000
77
0.6202725851504427 0.9767329672551919
5.157678181397827
-0.2953996892086621 0.809491453473783
4.811651428055414
-0.6338818386219199 0.30636374685048556
5.719518439880714
-0.006644711693993319 0.4862608319396077
4.332560929187618
-0.8894065382431423 0.826956085771219
4.9454329998333195
-0.6829701850115273 0.061026847482774454
2.9368300003128445
0.04082194437984733 0.8519017144157387
5.485121061913654
0.4575045495082789 0.819646583452462
4.706324525009657
0.6562527951417513 0.5238326332620514
4.43766825902199
0.5642698749805405 0.6372839881607835
5.221850364426675
-0.015328927741810558 -0.7069048109442143
3.5143835581624456
---
18000
79
-0.815846121863836 0.8425593916433701
1.4359141836357294
-0.6860769740135172 0.7182054500452768
4.512244889492116
-0.4153030587545319 0.3916457981233945
3.779963490757388
-0.7889754106876312 0.9267710967749394
3.3969317411484443
0.7500707651770383 0.061258899470523695
4.10660546045189
0.7326823833015585 0.7218839985381251
4.78988306106269
-0.7240242940242366 -0.09045941071898604
0.10364142951424515
0.34416463214843407 0.8601269529742517
5.0392318515665036
0.9544946605880484 -0.08262320292006267
6.2706972406685555
-0.5410523523919457 -0.8139456577261093
3.710390541726678
-0.1658810862438782 0.0528867992920789
3.3191025211527414
---
19000
82
-0.3558785250098824 0.03159318003375764
1.777511756848045
-0.22990754142462683 0.18188702766756576
5.365162034792065
-0.3038304091855029 0.456831069289777
2.2112219681910057
-0.3350235094324121 0.14431297417906336
2.176990774410527
-0.12483221253578207 0.42508830442510886
4.951388275230796
-0.42695611954923157 -0.6426738176921821
2.83518200690564
0.6543289311283073 -0.9399859498556605
2.1808427814609326
-0.8026463184539644 -0.9324621676331909
1.646602765999778
-0.20203991455306877 0.11118995241238183
0.8446099526552855
0.5388167580306376 0.47949131582059057
0.252373210839818
0.9611928699375814 -0.9148447058436654
5.650633793797955
---
20000
77
0.6619193798642572 0.24928657182122987
2.5177546419964107
-0.2994949211412472 -0.16067307888819662
1.008927419088975
-0.38798046695594157 0.9103279617689964
1.1023198565139232
-0.421026271237942 0.6143630249917256
0.6158835823448774
-0.25869652600157633 -0.1453871958662201
2.666451350990573
-0.7899410380185675 -0.2744574823994409
1.3199406067742174
0.3585281917871595 0.9020682730039449
6.11750625431754
-0.02434002152236525 -0.7828846528777648
0.374652234160302
-0.9835017084242419 0.3889004427869094
1.5298011927371284
0.7236558430700173 0.2442120207170658
1.021746390560776
-0.24768370093968825 -0.10148261075806603
0.6063318405555771
---
21000
67
-0.4471062982640764 0.11979261253925175
1.6533419593072152
-0.45224866361423305 -0.10661352443309229
5.402487074761576
-0.4830143201272518 0.6102123894231376
0.48018536251148625
0.3227411549993109 0.022760678509076482
4.386536389675243
0.7029990664536325 -0.5185957476373081
5.5137770029988795
-0.04836563834721625 0.6883106277223487
0.6192611150623435
0.9968215384362322 -0.35904426755806873
3.073762930094393
0.8793534072612904 0.24946535758561375
0.2974907846615755
0.6487993771563173 0.06481403011409269
5.439751429035704
0.977615431679766 -0.46493923623810973
0.22964166780562056
-0.6407550460190858 -0.43226525141602845
6.153810497017192
---
22000
69
0.5858281068818828 0.6706797901483449
4.303217789947897
0.871713653038488 0.8884363531893776
2.2538678703876176
-0.9895183853217046 0.5809613613180754
4.284047341917775
0.0029707679787301425 -0.5635899518965639
1.7051583256599088
0.8661593486623539 0.5443578678204793
5.585293904061089
-0.43409281679655937 0.5998607102530911
0.5279625347610919
-0.8494371328505188 0.652748931798804
2.5848574588907764
0.1493591092031433 0.5808598777790636
4.302357330286795
0.7172248104919456 0.6631129889408458
4.261953730274055
-0.688297759252989 -0.7331417652860736
3.427313058640329
0.3743055191767992 -0.6280372752100402
4.717535731808195
---
23000
74
0.020765317986176698 0.06695139098620856
0.9146392188428801
-0.6123604878747693 0.6576581331863489
2.4148412293222714
-0.1271901417801454 0.6773007512448271
1.982742446143165
0.5638855422476328 -0.06110329129355145
4.34148248775854
-0.1670193146146992 0.7872613061244915
2.3557534700610585
0.06725743849092523 0.3913924285858944
5.488801078650268
-0.4334069738827967 0.6070567936331464
4.493004332781821
-0.2893864773471008 0.4796730224547729
0.09456136650726599
-0.33315386689964416 0.27949360660777406
5.315560414834715
0.016395766870543976 0.05805401061790594
0.7498051262597265
-0.9639037112815668 0.4497731800848006
3.03520180667367
---
24000
78
-0.3424959462654979 -0.2961047305458385
1.5205587236405604
0.01699013684096525 -0.0943816646660022
0.003180963822502214
0.21687853413153807 0.1760805828243694
3.7311306805096978
-0.907348727274191 -0.2714268361527315
6.167238521012693
-0.16919998071293835 0.2828056668824385
5.247989339688789
-0.6124048555017919 0.6561654808839259
0.6928495166491953
-0.049266250996504474 -0.6110505790404064
4.420734721253439
-0.24109412977452932 0.03306452110789139
0.6550711690572797
0.9329482909403288 0.11359650418022808
5.50176542455541
-0.6091687531588468 0.6804278880883691
2.4952797014264227
-0.5843313842509139 0.7445024632293927
4.705312051778971
---
25000
70
0.6873935188062932 -0.295433493372152
3.5319865604619904
0.7182500930752527 0.1028259420840613
6.0645327238981555
0.3717200975292757 -0.42430619542757864
0.41498816320009446
0.8555993992609675 -0.12799142101503141
5.2958706433200105
-0.23745417801234786 0.9099277825204868
3.1840366247689724
-0.9112979735689776 0.47057435340988496
4.003863118164298
0.8834992066854042 0.6811840553266815
5.095319891718152
-0.6988259068935712 0.7082124955708857
5.880029107043162
0.9438368961750004 -0.93959443337591
0.8553433210150008
0.730258584088033 -0.980401871036855
5.411847718472034
0.10227530476296749 0.46028305984268947
4.287538812298701
---
26000
74
-0.6317141851792666 -0.38088484627174257
3.591728401892587
-0.008570950313044171 -0.09084938972306193
4.461474890151597
-0.3643922718525467 0.7998672624358154
5.511225822607568
0.32819677865455826 -0.026426623097680492
3.6270855613187525
0.06858764798153434 0.6539403185460566
3.97550817204887
-0.38536098052385526 0.35859281966920026
3.297067697689009
0.41327629257859105 -0.5891184117128907
3.561020481731383
-0.0019196837244605282 -0.12172453946550582
0.4735523353791704
-0.8996486903024071 -0.5886579589283555
5.310980402168919
-0.4646217973964887 -0.21927104942093092
2.4144163763772832
-0.7358042793958885 -0.6124763319876673
1.9390922564034154
---
27000
75
-0.5744398682940841 0.2918984365402927
4.087700339923254
0.29479567836131154 -0.3435983146302187
4.7729572957732325
0.7135208214355694 -0.9427732656068883
3.7712761550633447
-0.17854866393842253 -0.3210909881107979
3.9305268971825207
-0.6125040885394395 0.8233651762010966
5.451167367802479
-0.5930016671004993 -0.71655038506897
3.948320353813053
0.998412110166114 -0.19375977229654656
6.117784568067979
-0.8960304588879681 -0.06470367299939345
3.6691617315628005
-0.9547579363070188 -0.1441317576059984
0.6372276481979213
0.020904633411416483 0.6717925152121912
0.2996502267603969
-0.49535730436630987 -0.061244082319148935
4.828873706521015
---
28000
72
0.2801231939618131 -0.7206376930925338
5.379973418468255
0.2406681876027467 -0.6163840026295968
5.450219444036998
-0.7445244237250458 -0.9137005723530269
4.868951728044416
-0.3560669367415914 0.6059888248800944
4.285990693105173
-0.05150806029531673 -0.38003745256690147
0.10731738209226371
-0.7461445657100801 0.7948509532559981
4.646221988003285
0.5576660705494115 -0.6467043172199346
0.08206157284061977
0.9807828777180211 0.6626929113189377
4.41223478696996
0.7078465185959929 0.32063094608491216
0.6047736331332381
0.931485709147863 -0.21132142602606013
5.220480210650412
-0.30110369884039273 -0.8457515659650631
5.44334882970641
---
29000
68
-0.8782835574588505 0.15651358208719787
5.419249683191436
-0.22669117114070383 -0.9032560227278644
4.067523724692953
0.17970073223090186 -0.45663274020940764
3.4604079366197267
-0.9076382073182168 -0.5078378615084407
1.369877943983239
-0.9954469510126529 -0.8653432573179514
1.9270849749816836
0.6921787650542082 -0.9930178494198272
1.6688730601773827
0.22880060470659325 -0.6211997576922613
2.2722403803524687
0.9466422123241193 0.9868742225554404
0.8569852936513316
-0.762123142229387 -0.0824396052682849
1.1334467252431777
0.20728394187318816 -0.8108320890620395
0.38143577716548993
0.3530911331402098 -0.9213403376463231
4.0620661263724065
---
30000
75
0.2434939169132831 -0.4407719363423601
4.466050915555172
0.3997320220958467 -0.08562718880953782
4.353095815129126
0.9039233188209501 -0.5431813202864714
4.25443257367551
0.4057151747928169 0.13287614416721016
5.535701001115248
-0.15406801281969704 -0.4291355206613685
1.5706200404609465
-0.5402415373382907 -0.22253683838206684
4.839844074472092
0.7808425549935963 0.41261685189376957
5.359172041002425
-0.5757000030237148 0.9939731761809967
1.3379359983179713
-0.5584603951962406 -0.24597924730183393
4.060292565254434
-0.04038187616796145 -0.1681551338235848
2.9596732047719225
0.9508830637837317 0.24405579847718936
1.3295842243775846
---
31000
79
0.8771480935224967 0.7550339617193997
0.09814078483808149
-0.4819706477552249 -0.6873056655371239
3.0791090035872006
-0.745472852632367 -0.1102945335324817
1.1649107015796494
0.8105813670955877 -0.5047388758377647
4.664047131209586
-0.8224487899806969 0.049308301390101075
0.7994271834634104
0.413786338768132 0.9331701653358346
5.553833696272581
-0.6545192274753963 -0.06805773536877445
1.1077335270581958
-0.9321237056158856 0.2957273554322535
4.746440181029005
0.3473243711615446 -0.19103408727116672
3.0244760006839853
-0.5155100133212935 -0.0678671092674352
0.8624139905401629
0.7784457523435506 0.03890807125704478
6.017153282550593
---
32000
67
0.29718105545789225 -0.43277870048296463
5.6937285065742085
-0.08688063431867665 0.04917038197391502
4.8486100125921645
-0.5851645861256908 0.06635614840728393
5.755928681397433
0.7232710281537928 -0.8939706912438823
4.093447332705432
-0.846360210998812 0.021469491569098574
6.003841608262198
-0.6773677872829658 -0.054421445489804876
5.326410462191178
-0.02240787736163811 -0.12605215634387662
4.639692713854973
-0.5001892766864666 -0.1830383643326271
4.563218268693312
0.038549723645166435 0.8061983445445294
4.098730401053208
-0.989049138592107 0.10407160419227632
5.813323915397789
-0.39822106665443074 -0.04456011991095716
3.686889054578532
---
33000
74
0.9949796758194329 -0.26991302064115175
2.813748522506807
0.6328250432547491 0.19222370974297753
3.8510897068194616
0.4664612875751346 -0.17794934057496634
4.956671178332355
-0.6024673932771972 0.4091926508818914
6.239504220092547
0.16692063726202203 -0.22462145658881755
3.973392817620055
-0.849209624222855 -0.2667922882260165
2.38992369752569
0.21902256590996144 -0.4125288736945886
1.238693462969687
-0.4696378930078941 0.6258542696054389
4.076145792021847
-0.09154330861307214 -0.6468407148963405
0.3749134035151718
0.14905287585868768 -0.35849292320862675
3.5312149207713084
-0.010204376343898293 -0.16119295315216284
4.277133062114912
---
34000
80
-0.45165575878368963 0.8108974253030442
4.445522039711145
-0.4958149150563552 0.7242989916130489
1.5983258166921743
-0.2927347298430304 0.8764884766878815
1.2799552420684561
-0.9786743422602241 0.9907511898375173
1.5595538644067872
-0.2695900028303153 -0.3928842746368123
4.4274219654860225
0.8972208439377355 0.8242639348766567
1.8564156430798793
-0.3854928012048865 0.6652331657213914
2.916640147735299
0.24557956615564935 0.1094406117586256
3.433546705079954
-0.4575796554380585 0.8711137947107312
4.4163504636364355
-0.6001620831964148 0.23903303690916497
2.7843846195062794
0.8554341147945645 -0.7033265377107979
4.751137639136254
---
35000
82
0.38678943962989615 -0.9326616491010924
5.860341053902274
0.42872186958939357 -0.9523915888237735
2.657250033272228
0.5141583296853226 -0.3508670228222777
1.7354079235275446
0.04365000329069967 0.39873630095141227
1.1271912352726705
0.2195353233110715 -0.8881050503911736
3.306030359059797
0.2605339539733849 0.8816114981581297
1.9331942983633805
0.9881899105354279 -0.06648534838491958
3.228102387550428
-0.2180534883702909 -0.8798375293194526
0.7692010850504492
-0.18652443153414777 -0.03266616607237936
4.529982097734913
-0.40162707720156793 0.39466280460248654
1.2516179656021942
-0.23886070482348837 0.862404253693732
2.8830042803874454
---
36000
73
-0.3275517180512058 -0.9969575183007291
6.0386460241282975
0.4788391855705462 0.9523962177983962
3.0925258627564105
-0.7798162279753641 -0.7416328516220476
1.3499260372327706
-0.9509794145155678 0.6714014309014589
4.213799679329224
-0.29215450169475793 0.23445019138520634
3.4771108912997644
-0.5565314404612184 0.6072427744488691
4.134720076314013
-0.6698519173268721 -0.8093624815599438
3.636834285664998
0.07193240561181832 0.8299834071874681
2.95414306401754
0.16072290009668266 0.7580703766459111
3.80817449981056
-0.18750869307353799 -0.15821302102282223
2.5456327687389617
-0.13991430611730998 0.20560817834287198
4.04943570271867
---
37000
71
0.42883781533200593 -0.7492449437257399
3.9200638715442
0.6042279388541312 0.0030932621335422877
5.586522480727211
-0.5935174435600342 0.36755317914989916
0.9117954966852064
0.0036798198404920093 0.9187488323895979
4.44146117594781
-0.1978797552932578 -0.3245241020795729
4.144977339558672
-0.248272043941193 -0.14095239208509303
0.9023565049127766
-0.9434858155312642 0.44369619508044833
5.419739929138614
0.07429810610220101 -0.13980273431281162
2.8423599723807644
0.04155464192553988 0.4486607885840384
2.292172187874897
0.6591721101479558 -0.6223374597408642
3.355727554525625
-0.024292646454993565 -0.7011634906325057
2.8238981136027954
---
38000
74
0.6949383742121752 0.16540410889479099
4.314046353879849
0.5633195413076766 0.03927193098566434
6.01843019156689
-0.6616965933743723 0.1501374364998826
4.308291576832325
0.647740081270337 0.1766431808805078
5.643616061058282
-0.7676106510298467 0.32205987603191544
4.303896105451019
-0.9253245423566502 0.714569665502048
0.30068427003179377
0.549762352028157 -0.20597719825854388
4.869045060272235
0.9080198307753605 0.38514928507737795
3.5959012696599784
-0.01096839212990059 0.3560040272588813
4.856849441424974
0.11523622003340488 -0.7149760458466005
5.625402192736531
-0.804050610523561 0.4843342866118227
2.219625558642762
---
39000
77
-0.689698488672903 -0.25536351133145035
3.238367799965497
-0.733730658897818 0.08563915282503842
5.000666642785476
-0.6099676622975996 -0.6659543580698167
4.225672873758815
-0.7253964376648009 0.12280203392664563
3.0959124248425223
-0.8582526330623248 0.42394658323828166
3.1132718403406674
-0.6769209320748603 0.31621169761025664
3.7042596457084107
-0.1771715684330738 0.8093113321441188
2.5083557886194274
-0.3900063231536662 0.6554886080144303
5.383494015359646
-0.8892456215623046 -0.258078408443947
5.113995362666056
-0.2958241731028936 -0.6424280864044645
3.449560094107632
0.13332655063430313 0.8264320956836239
3.903656047369374
---
40000
86
-0.04142868081219478 -0.8690389506078987
2.172343035293553
-0.14855319241985704 0.8111601700526216
3.738704781865822
0.0456846363314032 0.13585260646160807
5.871812023776705
0.7912186841432043 0.36846631423031445
6.1844394925901955
0.4991271599273498 -0.33799680151930794
2.423200958035731
0.22995067024999083 0.7449218212970127
3.38526308217625
0.6194156243064924 0.32247904990590603
2.97172551800075
-0.23407335640324878 0.8247421646506655
0.5965955930488995
-0.405451635483108 0.4542864040303518
1.6185701784386017
-0.3925680211197998 0.31677389324497324
1.6965412746634314
-0.41558368639691856 0.9287292948809184
4.332765468796489
---
41000
92
-0.24361466321668934 0.7534086748556765
2.1208376955174457
-0.029655082726224753 0.8506892907671468
0.37598243497013417
-0.5266963243858612 0.6074730393445683
1.755018088269586
-0.78852161221133 -0.47664135903581817
6.029059447319555
-0.4301792565937576 0.8331298030199787
2.5136345316009674
-0.4868194346675525 -0.4000840181731199
2.188639511006256
0.282515776876057 -0.43549700503247374
1.5893121077299641
0.8074404805280692 -0.21806288856085732
6.1500973809255495
-0.40421069392657816 0.9344159906954066
0.6943545647461358
0.30544590399911375 0.9305405621879784
1.5176014762971084
-0.8875999116785745 -0.8809588335749997
3.135177203521806
---
42000
70
0.6781852442075071 0.27039404834361
4.893726936869978
0.7332517912426435 0.05508206891918969
2.7328436817323123
0.5440017725400321 0.8894047930402248
1.9563491966542461
-0.5740411643035449 0.6334055179544579
6.270918740687731
-0.2502132092744431 0.009152340433236256
0.5416044426974862
0.19676092508287607 -0.09128603953111916
0.6678098012354647
-0.39590127720338075 0.6466412632190698
5.760234353639413
-0.39359452617693885 -0.3015929733130733
0.31177806444556744
0.3335990260724866 0.8691781553131763
2.3559666302099087
0.23078654604301851 0.16882605573722612
1.9923320143584773
-0.5596266750051258 -0.0650324572119928
3.002004515191297
---
43000
85
-0.7360966849091354 0.5018949192811105
0.5793679174282977
-0.8120591297299314 0.8938910546732817
2.145671543886678
0.10883842609309571 0.217235123418213
1.3461497622274163
-0.4585921872930484 -0.45332163175753953
4.906434149490331
-0.9868603472406977 0.15651063716032165
2.856184846677401
0.23476003488970112 0.6208372594830212
4.785449771497676
0.5761735148144812 0.2547657250980301
0.3509184765072364
-0.08412114239104145 -0.27208635644404133
5.003924235589067
-0.9206344498866486 -0.6841987780792949
0.24014501939671362
-0.8432166676406155 0.9236098793967265
0.5403672697679225
0.9020534566638252 0.4592522829451631
4.043824615914081
---
44000
86
0.45093469150684684 0.5557391420370917
2.5041586359436216
0.955911333078276 0.9862604446004997
5.731740574961109
-0.5650858655617204 0.8667538160600698
3.546531731122177
0.3033031213918923 -0.7952831868408877
0.14211065168305748
-0.3195153199099893 -0.8004191648635608
3.609024703722108
0.6794105652035272 0.3596277985594367
2.8181300542579777
-0.7533120371111437 -0.6191942904920726
3.1951486417416186
0.844053917575245 -0.9290206876523008
5.823574721675865
0.14702328738173612 -0.7430336022890008
1.1416882707353602
0.6354398456114133 0.38191723423743257
1.4691860876858724
-0.42428883083392166 -0.4114636718060052
5.869020236207391
---
45000
82
0.784190333699301 -0.21390477126101598
4.530209492176594
0.5162418107052454 -0.22082703908671583
4.859341582632498
-0.6199801725618128 -0.14391026625013584
4.1379889252005615
-0.6541556454492159 -0.5605848476544992
0.32235499660287253
0.5227457313184908 0.4102851685915064
0.6290390796186554
0.9727448417207842 0.27435792380748647
4.669875115762733
-0.35314282838209876 -0.986330374662476
4.904485577498755
0.19459148464783735 -0.4188402220052663
1.8294090050409215
0.7904513217845677 0.03760368224146609
4.907300366823053
-0.44824985668049044 0.5487752222442425
3.3583736040164753
0.4355735824152752 0.04705453100525739
0.868622819215437
---
46000
86
0.9493276209414964 0.8490555490438475
4.023691377922784
-0.8833516459984265 -0.9951703111357824
3.62374787556786
-0.4120019031647084 -0.9890917101266548
4.289448009868783
0.09185528316298484 0.8649511196804037
4.108596884414236
0.96222292572435 0.9638508693998723
3.2607523279929183
0.45978301960343726 -0.8938295370538867
3.9272553825220182
0.3560734121464073 0.3463353929248903
5.059733915763932
0.6075439069534222 -0.21949816935665756
6.159355254523272
-0.5497332563171459 -0.06995393266703626
2.32154836599669
0.6710048026710801 -0.1898749773990478
1.924109060934735
0.0384012959769862 -0.7778449917465836
4.686028877849153
---
47000
76
-0.14009569095686514 0.5998778292571572
4.249898932996603
-0.1392296990521687 0.5719861003769209
1.209372821679099
0.16051381595694778 0.3582303584318273
1.1111116196637933
-0.30232085024136857 0.9655136482048009
1.3353568542442389
-0.8387955599192894 0.31029689278773326
0.14941732576508926
-0.5090701976145273 -0.6676402051592775
0.7839510251394133
-0.24097995564767677 0.614883613935373
5.802691021833449
-0.044780204868632205 -0.3033392579737496
4.621860609444561
0.5802271334478619 0.1930739363257148
6.02626905322558
-0.14795970605216482 -0.5602040653359466
2.260448966873046
0.9720620299762845 -0.7031012901689296
2.4505982489186806
---
48000
67
-0.6655211520330104 -0.5604232697236917
5.923850650454379
-0.644339992403748 -0.662339821886331
2.5731841413542034
0.9784222241348619 -0.3364775766840392
0.2521214167744956
0.8487115546607519 -0.07415450035343264
2.798344248565704
0.27746582941627035 -0.15141689696515478
5.92522781681565
-0.566151927941091 -0.4665252768343228
2.929289421417895
-0.6743544358037714 0.5490943784871232
4.4452000264531994
0.8630375032736599 0.09502429868568565
2.865767851477192
-0.8179438346202631 0.5265154344182043
4.492678711102511
-0.9539178474324282 -0.9942481404203205
0.8100995806507711
-0.46849752594371014 0.7967598092453356
2.3223224520432346
---
49000
80
-0.3115823279630653 0.32320229247503385
5.6021053983449205
-0.4179414609629571 0.3491004291186753
2.0714931993027577
-0.9573750057333114 -0.34081324189953016
0.28759936635713235
-0.7558301514101968 -0.6205207459011979
3.4026531498874633
-0.5077614414484681 -0.6569968507806307
0.26422451729464136
-0.5713554976965529 -0.3732565954786141
0.4671614805909243
0.029097849126183552 -0.8933180420685631
2.660213084869765
0.7181551524993424 -0.5669786327766007
6.007517254453185
-0.45990126601090153 0.5291347208365454
5.980134393405953
-0.2814495919174432 0.13345446018802265
2.1534889381508417
-0.39023695847779805 -0.96160070229083
3.891094396845025
---
50000
79
-0.6980448488331724 0.8481669269570846
0.36218455215579387
-0.693842472722276 -0.9017090916787537
3.7961447976079725
-0.5632342154132878 -0.1991475023245835
3.2610140691996987
-0.15585368932224963 -0.267411247458576
6.0921376700392065
-0.9060864213824982 -0.6768935430851699
4.006842843833171
-0.2755397765892059 -0.31887748648039926
5.597290763206472
0.22173520552195453 -0.43996999917475876
5.984689834205203
-0.6574174973296593 0.7775153778453634
0.08016147456916745
-0.5528819668424125 -0.9282001668916454
0.2568945079243139
-0.2847844496123433 -0.5962078994847805
2.4957938549113567
-0.6329504937908313 -0.5287009639223976
3.986797793017046
---
51000
85
-0.8360600850368812 0.512951439378297
5.431495632213009
0.13804855056896084 -0.05979768843695901
-1.4471990107597401
-0.5622545804989107 0.5597164648797377
1.9761269945661954
0.6190013854611682 -0.31226796086994274
5.651489366666947
0.6415060446505304 0.16646091560846163
6.118568940735508
0.18370147865350117 0.18292625385005476
0.5452458589198201
-0.8680183408736647 0.006758572506869433
4.86360331307979
0.11368690159386753 0.4274454659274593
1.0110311569887163
0.622826275536228 -0.375826315928397
0.6733585694320112
-0.6372090199147078 0.18469854822457737
2.4481835184778307
0.8764797222985334 0.024452340500487477
1.8986809652198557
---
52000
82
0.30789365339250757 0.6564458508862403
2.1682559969285156
0.27270234451585995 0.5909662352865329
5.08882326295931
-0.4957762986023003 0.9827012756982305
5.180512465114746
0.055020177433603656 0.30346730647994863
2.2205114587858326
-0.2472758563850677 0.6508982887527301
1.158552054246858
0.6657480071573081 0.43364519664513995
4.247337906939904
-0.8088197097619567 0.6915341364167756
2.202920353693406
0.21110982198934314 0.4187941277967756
3.1028082591391217
-0.25997168823655564 -0.2606105748779449
0.8344505843744194
0.30631714251308206 0.13558774465679507
4.765443938907225
-0.8362757719629194 0.5593735206496974
1.1121631058900832
---
53000
72
-0.944428599908372 -0.4064756388441762
0.13591130775759286
0.8400989517126966 -0.3186532565647029
1.7816332012092717
-0.14475463094729718 -0.10902963441941203
4.61992828602314
-0.6928040287631065 -0.6454910537917876
0.10984228426788167
0.7937986771442476 0.2751807004751906
2.1790825227830286
0.830368355248206 -0.5948712468969356
4.891286232208548
0.6720429861944937 -0.9517653035702629
0.526337426474508
0.4121977191037846 0.9568418032463926
0.9056965476411305
-0.4877864027454924 0.8701213203671042
1.4644081099869952
-0.29169499068512716 0.88635813977141
4.232882329915395
0.31202788925995434 0.9978886539592939
2.562014942088525
---
54000
84
-0.5610122810190358 -0.22931677732634534
2.8210258324999278
-0.7553040164320012 -0.3656150960502712
1.717975171102971
0.09942499409081837 0.14861451801582407
4.312501379873179
0.005840933261182834 0.28133519688372255
1.062590648169663
0.9041355734556029 0.9344138252056597
3.234850355222422
0.13507745755671072 0.7373778762701699
2.6082095811617574
0.36270668545948065 -0.44282277696386496
0.02368690536937823
-0.8960938096089687 -0.9671911556023923
5.497366682767937
-0.000725425744083557 0.44023702307093726
5.541590321125448
0.6788976801351214 -0.7919616355812071
5.15684722793232
-0.4258303336336116 0.9425427620588243
0.33454499605181454
---
55000
78
0.38918018733384646 0.9516978498367487
4.723192723471357
0.8194180772172834 0.08884766410106076
5.087717979236293
0.8919197971153412 -0.12219144758498897
4.571857175566527
0.44031114160924045 -0.4615887448131892
1.6295934718001739
0.9382542387765995 0.1878600120888366
0.32421349921784515
0.8426320574215629 -0.02665368601909843
2.4694968357159137
-0.005455183771312811 0.3723963986226097
2.16970548626598
0.6883650888110198 0.06923149863874976
0.3092396897885168
0.3734712625398522 0.6690508519414765
4.81061906068972
-0.44060816391238433 0.532596251538151
2.566994751401597
0.49453009916487933 -0.17336070932852207
2.9250110073218396
---
56000
74
-0.5844106977197447 0.28119423188936177
3.9213207874103153
-0.6393509816978811 0.27454115369416954
0.1680290233419388
-0.7580049593342054 0.9739337224208158
5.0617310442658985
-0.31987859843219 -0.6763201107345829
5.661623822302848
-0.6102431786971009 -0.8315898815518995
4.253762402646466
-0.06930426908446112 0.17522245173534504
4.213484505912417
0.5499319968382124 0.5327230186669342
2.63872850116189
0.490702979254385 -0.06969504954865727
1.903857140803276
-0.7777920707743069 0.32939784226671404
2.966955074338406
-0.5719105212025443 0.013761379897145836
1.541926165516264
0.22035999488388294 -0.28223943720482403
2.6108629126656204
---
57000
82
0.7237134815941171 0.12360909078665944
4.6305486191604865
0.23772711951171788 -0.9402408443799185
4.15401618034315
-0.3858901259831239 0.8577604317716873
5.092211621605558
-0.792745041630407 0.09743680355603246
4.26232233034557
-0.02179881459702888 -0.9211175708427148
5.479606437923076
-0.02602568280697119 -0.2365669337685694
1.7081260786383803
-0.1631987428597185 -0.33880960213883843
2.4290983343228882
-0.03133727080554413 -0.7204690002286918
3.6545680922513695
-0.6884320393505645 -0.8017383904303128
4.356738785960059
-0.47833504753080747 -0.9289492905767955
5.107232235734922
0.07475753361272128 -0.5969261170030713
5.739301504968046
---
58000
76
-0.5063571640045397 -0.5302384475825986
5.684449896762963
-0.16946572307347868 -0.8865788307217299
5.7273271317211325
-0.6245909844696729 -0.4849020328050609
3.5622500986245713
-0.6235041482558866 0.7514096050438228
4.5011428492932675
-0.2819465942627022 0.027767140196156635
2.721953869823002
0.36614177535288644 0.6849714355917043
5.863572711464743
0.8151679830250629 -0.957496471328744
1.154795973586518
-0.18990238342453136 -0.3653045297863397
2.0674312299643542
0.3221850996692313 0.09685117342336953
4.077501779575101
-0.8771844435492151 0.4136314830263015
4.659493594798692
-0.7787109684443526 -0.1751791077880345
1.1356078468670034
---
59000
79
0.1536587183071766 -0.48020760755140346
2.3003528964246445
0.43265337057359765 -0.8311345092551448
1.5317878740744426
0.42104001896456394 -0.871835208355574
4.913242885641855
-0.6342727980879552 -0.41383995682815244
5.417152204431106
-0.20872596067833393 -0.3639448553964689
4.567334022707913
0.4932487750294062 0.3202912824974847
3.00540908583272
0.4101851113031686 0.5017218378444025
2.791336429724188
0.9270726347662536 -0.9937069464364996
5.775409875027355
0.9055032653756984 0.8336016456033448
5.840211307624779
0.4727088137038585 -0.40447893135024016
4.2589063443437825
-0.8090122003912279 -0.5906879956475443
1.5585439261337797
---
60000
73
0.21060462893451448 0.6902769522084496
0.46864358546325385
-0.11380088364274113 0.9383877160965658
0.6801273839794613
0.8409589913215483 0.8630081710252442
5.395907023289308
-0.3542671916582432 0.8043278299649322
2.971063444657548
0.8265340160238782 0.8654572243580679
0.009888671615558842
-0.7187503954928666 0.9511463868383998
1.6933244118723456
-0.7800236605930752 0.7206973319087916
0.5117811967485872
0.05708318931977202 0.09158874561837453
6.093268127940931
0.8792966490940417 0.7446023550221654
6.167563460828146
0.4434922493226332 -0.6531849090148742
1.980415806185908
-0.3026350795091335 -0.925715451659497
0.08804072747244884
---
61000
72
-0.5254212662740215 0.8435621638724426
1.0163850509690127
-0.041473479845826194 -0.04681782019414642
2.5175585246652483
-0.08486677834803419 0.07230734778959119
2.640682636370477
-0.4125021805034351 -0.1478081397917355
4.82059678672634
-0.15807837922128393 0.8870034893449648
0.5684358097626259
-0.4885869451494438 -0.6364510755673836
4.692323194791874
-0.40145685377611134 0.568219267964035
4.488374105329697
0.37764572301608995 -0.9180500255256971
3.0796725898908086
-0.7672680711057549 0.4385724373738647
0.1227367163547397
0.3328685765267398 -0.570818346558938
2.856701109820687
0.6016827373557636 0.20553946600071543
0.8265287637407468
---
62000
68
0.7629443446856087 0.9202275995179214
5.24847454925981
0.7791290754843274 -0.3796265763865766
5.310811048533447
0.08500211413320188 -0.8144086212807051
3.234406475613371
-0.21521783491477062 0.17679407213483722
4.355378673381789
-0.9391409003478779 -0.5044649753287275
5.230131260212134
-0.5260039193230537 -0.5373553538360331
5.081480014656979
0.8809907148826243 0.8439951583698492
6.17700975133765
0.2464950936113196 0.9697202794116618
3.668021470331327
-0.3179190026410806 -0.5226192697311823
2.712491237298141
-0.04621170805119872 -0.014805901288307425
2.7230953174575485
0.7423286947170041 -0.0115551484088555
4.459292820745697
---
63000
71
0.9204619246595878 -0.8638867936285045
3.906202066887351
0.9836982924149906 0.5174966598600786
5.0768646963202935
0.5425657403921994 -0.3921458783083979
0.8214179803591399
-0.1351516083697835 0.307382705618516
0.5185065982694228
-0.4625896809236521 -0.2164944497267382
3.4065614857358133
-0.9885913567842077 0.3745982732304839
3.692140864244351
-0.9307176297614724 -0.31725645018785154
3.7607456914833417
-0.46445326224983235 0.3474586507244537
2.1849602930396257
0.029521885157258277 -0.09220251695742432
0.6680014464362865
0.444187683248261 -0.2541750365039487
3.6990911302060345
0.9778765184179845 0.43068328299563724
3.4796718961780275
---
64000
71
0.6148936151065355 0.3439881255802151
0.486746110639867
0.7771344503963491 -0.6140422639911444
0.6476505325713688
0.22452780462111688 -0.9409106103805102
0.16378406380880595
-0.31609967055389787 -0.8589131937173129
0.6978279777926684
0.04136951744106159 0.8306802950268365
1.8364949213169384
0.6916424036774466 -0.49635729850728627
4.8604173766970336
-0.3988551748000575 -0.9773902483759076
0.23244683415224454
0.3566157128122539 0.4783076707527042
0.9379044847673184
-0.9680923040981037 0.8632051459256016
0.6095267397773201
0.5528788319819968 -0.05907341591791182
2.323603761655484
-0.8733485206225313 -0.992323461418233
0.828610153373349
---
65000
82
0.5447907071716575 0.30444037167996657
4.385129389957393
0.5639781740175691 0.4081545674061471
5.390511586769827
0.46587241737505336 0.08149239054212193
3.9757053929363835
0.15638386629230377 -0.4004475591685344
2.837503745959957
0.6883180508959127 0.24598055730472165
1.8142068504244897
-0.4040830483854999 0.02470493017248057
2.404584843412845
-0.19685309436253068 -0.34501647408563046
3.631239653147299
0.35764220625332493 0.2394714991954763
4.1583471533296645
-0.21343891928740266 -0.015442307860230577
3.622817762618526
0.6300496358319068 -0.2109873327787338
2.7933244209228123
-0.8989396362903281 0.040526260703120195
4.19634048800955
---
66000
86
-0.8489566786988559 -0.014107487590789683
0.2668017846071635
0.6283056513126446 -0.44927226050628105
2.5362495647818113
-0.7390491354213822 -0.8018443835058177
2.1228795800241587
-0.9626924791252278 -0.9383316311255517
3.8612309292314313
-0.7148270912345955 -0.49342299285679486
3.687804655934138
0.7889047872662751 0.4293554473461276
3.5303979611675205
0.8949457862159272 -0.9067461813347389
1.0921690246593734
0.5635688697727955 0.7617973798756603
5.590668636998781
0.9740730139167764 -0.44120890180442895
1.8308548970400311
0.3690309249761394 -0.8422844498907427
0.31994125743379254
0.8499439960820929 0.32471193239966767
2.7693266136700894
---
67000
88
0.3214699079520693 -0.008409984781193983
0.5037397942528028
0.05628182518082857 -0.27095873132406056
5.078104473125892
-0.2332170190098557 0.10799121418629203
2.888018723593955
-0.11946617174960927 -0.3203636203821793
1.5751918057261678
-0.7272485946575715 -0.45285264696466065
0.5515611059464627
-0.11396516680456674 0.41234221849999775
4.882212732463204
0.5364296536840771 -0.49008272568553213
4.8012165307233605
-0.007973887693959184 0.2916595443432224
0.41208868476451316
-0.19678002241903864 -0.7148016948962406
0.23501511231367944
-0.023708521318310805 0.6740720539512242
5.133809687354447
-0.016387039360695212 0.8997415926920322
5.764578733322708
---
68000
75
0.8925101429536699 0.711961008636121
0.6622648777544371
0.3388522689226561 -0.5841054772622609
5.360747731288468
0.234940516204692 -0.49869114192019837
4.03569991683174
-0.11286496587593908 0.5231841334905385
1.0946454789276974
-0.8224238608423038 0.46905661379418956
1.8272765533146291
-0.3646551666743041 -0.24761474186438165
3.9754037482009137
-0.13748649294669765 -0.6435797510043234
3.7709350205348064
0.5556643381769326 -0.35323201113391317
5.2547811870670404
-0.04853351641179531 -0.20010775019292243
4.094350153664683
0.791140154899879 -0.34766590160538857
0.22270461110159534
0.5378939996872614 -0.18175770747355569
5.445287603925855
---
69000
79
0.775194510103896 -0.2106816227721927
2.0395509628018256
0.9018799152657907 -0.010008568967554404
2.0419627167490706
0.5408902542117893 -0.7940253821017202
4.719084984341935
0.09703820419531367 0.5191992259488891
1.9402757104139665
-0.842500312239702 0.3471396288440595
3.579609804442888
0.27452314789439036 -0.4907980842675694
3.334443577469745
0.9640515754600965 -0.605010545857263
4.236207489185873
0.4491804784039132 0.6448401661640039
2.8161102951169994
-0.23754987863523047 0.5726259098346032
2.2357197148374532
-0.9871384292110521 0.217609197367727
3.3377647951126743
0.6164244856824116 0.10729606854523757
2.1108268326633794
---
70000
76
-0.5659419175050173 0.979000793819168
0.08252392604110836
0.5631035894033717 0.8046223500108254
4.233411786974479
-0.7362607114601244 0.8544278072774342
2.274967747314384
0.27656656459312634 -0.2715152883018087
4.659082116028307
0.8185182399033127 0.5958243594792186
0.42125144245346746
-0.8398397380919383 -0.6498993631893414
3.7064788726267723
0.371426208044836 -0.912943924526971
3.1783079046789373
-0.39961524302279805 0.41642884405794217
6.263964437413384
0.3498202306360403 -0.013166108910624807
3.9950197925745767
-0.391617147429326 0.22258728183956236
0.4917104767326519
0.8716402511795438 -0.6365985320726735
6.196821268708724
---
71000
62
-0.1419577661687942 0.5893737021828397
5.204264457707551
-0.9670132446699056 -0.42616316759485023
5.119996632617356
0.9621744669697049 0.24572762018267277
1.1793251261425501
0.6988041681915872 -0.9557629987107907
4.631749434642009
-0.6792080621120227 0.34451740372240064
2.194708176781333
0.8452581261740191 0.9371776019107566
4.440765403168018
0.8134257298746237 0.8920370185328259
2.1706648505563964
-0.8947324116388015 0.5027993836433315
4.502281085937371
0.1453453403765023 0.7097054645015809
5.270078313724773
-0.45281768808039036 -0.4325651493072102
2.421277380818104
-0.7972210125802586 0.39415660267020214
4.769338947004519
---
72000
79
-0.3886557254447755 0.0045362406642579095
5.686092083412783
-0.3680331792803086 0.01362131610528947
3.0446587489403667
0.9258884381732609 0.5649263364368607
1.7355598122885514
-0.5015646600854556 -0.8420037086041797
3.128213531804513
0.9862838842257541 0.685026288577404
0.6909347021737853
0.43415963469993335 0.7501962160570308
3.9929441692840673
-0.5442318829003011 0.6027770255729589
1.9448369232493103
-0.21564513469683239 -0.9091100071019842
4.174763831744419
0.23757727738992254 0.9713420834319012
5.0075529564016
0.4474997168063467 0.567839639761467
2.9108945985301453
-0.42925539347901587 -0.7838537634965106
2.584245778733017
---
73000
65
0.7886597459862048 0.5168425039069808
1.9240545900331474
0.7048583534830449 -0.9930729979654855
5.8925218666485435
-0.8122325113512568 -0.7341131535637543
0.6534789184672434
-0.9712576459302514 0.7488025970944819
3.6082901506595393
0.8083992664501582 -0.8166884901962639
4.37187921689096
0.7599276496312636 -0.747200839278335
2.0527569077335572
0.8772175140759745 0.9134588586509585
0.05905002910949353
0.8946318519256736 -0.7912661697706658
4.410638228319172
-0.3851093400374407 -0.7929189140586703
5.719810897270017
0.175943527198414 -0.9075073902309622
3.926523582224058
-0.07573051692205966 -0.16818372768193035
1.435943909259624
---
74000
73
-0.6166491107688793 -0.7322802091132725
0.7550008834654887
0.722083817165944 0.9030048847933032
3.307209908228111
-0.4676776892784039 -0.7875610751420714
3.2507811868671075
0.19476694958379082 0.2523237359187161
3.7094912254663153
-0.938038085915132 -0.7197439985952727
5.240103474727066
-0.6727992029865308 -0.13003723636742412
3.9474746882165235
-0.6523970877687004 -0.6022779403895827
1.7252401198238552
0.4344257296760706 -0.9867480369164661
1.062113607017647
0.6363504862149134 -0.794874331956459
1.812670316376975
-0.6139482285131973 0.2225020717845953
4.743157507806979
-0.07991756408217235 -0.4813061388516812
3.2539009774772145
---
75000
84
0.30025413022408304 -0.20474862295561996
6.12689618532611
-0.9053899499054543 -0.9772439681649104
2.6721096880895656
-0.9205113555133225 0.7267857176153281
0.17853653406090553
-0.020435060122276996 0.2359382291199399
2.9876459474943484
0.7096505855763741 -0.1767027624776364
4.547513415750167
0.3764794431696282 0.5093519984688453
3.9866614253059067
0.18645298283495604 -0.0611782338108705
3.3962088268271744
0.27645413613624126 -0.9416551692247727
3.986644806590559
-0.8006205278036822 -0.004232673572758134
2.752236240357446
-0.8953330957747335 0.8682658149653444
1.727438697887231
0.7934777928448832 -0.21260758416703646
0.9006247814748924
---
76000
63
0.503627551348678 -0.16940818388256815
1.4085019491025224
0.5088745348982335 -0.14023291948042105
1.3736950632445017
-0.4558011739565621 0.09337653925612521
0.7414366697513426
0.4333217081238183 0.6572887231317809
1.4497316915751517
-0.9579376098960661 0.2636352439611396
2.090186773305172
-0.1502750912772729 0.6910991789909079
1.0444607763644393
0.9686279790610435 -0.06896708216287027
4.320807427447759
-0.1322845490732165 -0.06232141078161722
2.9976125707772487
-0.7517241633110575 0.32411536702989946
0.9768458722107578
-0.5971315045000896 -0.7659945716585097
4.894440852499845
-0.6851985379889298 0.6075063757970186
2.932426334087883
---
77000
71
0.7221266473163602 -0.12494762074081861
4.231689674936247
0.7730300322885559 -0.01798935294104486
0.4916658893358976
-0.192818475609855 0.23641852192033133
3.5624375454306154
0.07807691780306393 -0.01991414420569238
1.481253061308558
-0.1331829423360403 -0.22071401652476186
5.115007692421129
-0.9185145070217015 -0.47498508795290734
5.204582210979951
-0.13370911455729798 -0.09655718787163842
0.5786708533231328
-0.5828522723095411 -0.08267608357568364
3.993942217864376
0.5273884910699609 -0.24390394630982648
5.720035501320051
0.17626203179017366 0.5618577836143713
5.734107643021662
-0.1415654931369541 -0.8957451167345454
2.427061082420452
---
78000
67
0.4791404682353673 0.6258127368818792
6.155222672724869
0.8404028191673173 0.8362320019937705
5.020003198328776
0.5144111951722246 0.15523515340465877
3.2357484699196872
0.1525914688879164 -0.4526327855667585
1.9573983375022141
0.4550688335684322 0.053714624778338355
1.7739095896163315
0.9689531247607301 -0.8601599956821508
6.270707863306329
0.30776823438807166 0.5710407425422876
4.388184537720685
0.5100023024213288 0.34887643924840983
4.098802918321309
0.9023409403160698 -0.3136786864829188
4.106257763629513
0.9187341164613139 -0.09888199006565707
4.6707421941872305
0.05736475229912519 -0.007423399608544353
2.713170114484936
---
79000
80
0.7757703624519164 -0.6216744967349843
1.631202654403876
0.6937782674843479 -0.10254491705393301
3.4466246144557546
0.09728389252748003 0.8333833653618311
4.462246817483109
-0.2513120103820342 -0.8052188096301132
6.069611223569125
0.9104300324274949 0.714706551208403
5.2684242241653845
-0.7287186410410578 -0.22306262314794184
3.7757447939279816
0.8320475639182994 -0.9079847258786369
2.3354232619852366
-0.39560317954628216 -0.7774500585112766
5.76027165012304
-0.6817406519796152 -0.6797675509775941
6.191232094559243
0.46968660364486226 0.3982811310103601
4.430531559655645
-0.4571717576676194 -0.8544830613472407
4.702269816038329
---
80000
71
0.5788293480614488 -0.9933959270314712
2.943597831684205
0.5596936067596523 0.9748802815114336
5.338500436862379
0.8570057836265391 -0.10692361002467159
3.21290191986506
0.21839885827573044 -0.3265469041234033
4.214931781157426
-0.26551534038746455 0.1415999034458193
3.2913737386483906
0.8004322395667317 -0.8244865641020971
4.031593856775631
0.5090481205359568 -0.6172278184817183
0.7904394058570512
0.9277108609395998 -0.7012164949194446
0.2711802097448057
0.7066451178112744 0.14814848540636785
0.14491856487756927
0.43310744142966345 0.2545791424941827
0.9430717674835876
-0.07253963912740376 0.7192336784098333
5.141677113250075
---
81000
73
-0.804829052716657 0.974364192732869
1.787721105360922
-0.07211931615505607 0.2169222678893497
2.661310125999261
-0.407598394293278 -0.5066601422545205
2.6048854022437986
0.19935991606642237 -0.07259777077222465
3.951472500305731
-0.6651767880186751 0.507399567341556
3.8798265577447895
-0.35680709960621637 0.281146202362745
4.010294501404208
-0.8373128726673031 -0.9354394296621323
2.8475580380017913
-0.9276710713754458 -0.645581256548695
2.9280183079572897
0.8204622346492103 0.19382908686552067
2.4270902287292264
0.47804632517209816 0.3183186377738288
0.08814154576717037
-0.6812376960343108 -0.5349057372466506
1.3441832230817532
---
82000
70
-0.8387169514974937 0.5061934401124987
5.154006628851544
0.726894372378807 0.4756708483178961
4.14925147883632
-0.018414621744570703 0.17302233648281884
5.257314526496448
0.4826116805102557 -0.9399815235360033
5.534876547198615
0.44052752064935113 -0.43547032623584275
1.0408988547829479
0.037794263009971935 -0.13477935981065367
0.065302301489079
-0.15462660713236392 0.4001843204558736
0.8688768680715544
-0.6394898888801843 -0.1537191178693861
0.2904313759467003
0.5839365243736709 0.07783178727973641
2.9024336206262475
0.7142310859279588 -0.844740061906379
0.10209082132938274
-0.0002507743393780938 -0.7712939561531124
1.1659019248090008
---
83000
72
0.3042770169597646 0.4876394627814132
5.383558598828838
0.37536131017372876 0.3626157766582163
1.6935702382788493
-0.07572448721808643 -0.26377101978356315
0.00895401707092347
0.08899409335538627 -0.6749340879146316
3.2321976774416026
-0.02571275055673761 0.7142994693021328
1.3128092354744583
-0.37957604581780324 -0.4034036806941872
6.088922027659897
-0.11483152767570087 0.18563827238128078
4.186105394759333
-0.42561026759296827 -0.4376159042961858
5.273780994177846
-0.15062820101693128 0.2714250439506404
1.1129112440751587
0.9393274334312356 -0.8139369949983188
4.199516823106525
-0.13643019731519457 0.037949427188448126
2.5661949325865976
---
84000
85
-0.32714003380576473 -0.8261081263766051
4.231934859179377
0.14106507764750786 -0.678535008681202
3.808325286942382
-0.5782461318933245 -0.9987505614316705
2.6814501838337286
0.19802607552052645 -0.28099062510651684
2.8285001619427774
0.7034757265302917 -0.6003011602265883
2.888048095550001
0.22735349918351175 0.09389887362315798
4.253688957883865
-0.07441578904043056 -0.7236526184769606
4.124850932869094
-0.05766873501963918 0.8616443367967405
5.421034824144173
-0.35370355879882115 0.5226867110097629
1.0540777580857368
0.3565903680532926 -0.4221065602198784
3.2279210300890417
0.644024115490431 -0.3035870454157963
2.9361248477969575
---
85000
73
0.06436995585488435 0.6287628705019874
1.7562133191859406
0.015200343186770514 0.8912949324623295
6.0703372016088295
0.66769461091385 -0.2465765523965005
4.4761190409266245
0.647161240761696 0.36578698950083216
4.6922198328255345
-0.8464543343748115 0.9751853585267762
3.994978739744301
-0.8471631627419762 -0.9660053648753268
4.203510399450685
0.2940599278479736 -0.3288494752671392
3.466601251763149
0.7091597685535111 -0.26646350521847084
2.976021179716282
-0.2842200990398697 0.8618825592824503
1.7769970701804292
0.5668174359450792 -0.1352666074224116
2.1367629208689136
-0.9500254687479663 0.7561162037318594
3.8246007178522055
---
86000
67
-0.5953309974974637 0.8812153302916372
5.615578183734702
0.771468915027091 0.01664579830421827
3.1350049562636233
-0.8829545054155373 -0.1889283201106892
0.5229584081382512
0.9980155605551024 0.10101392792725945
4.313446787021684
0.22655782062437316 0.3170807732630885
4.400908769177863
0.9865600749555445 -0.11476680043760616
0.6288941988053862
0.9004285057813969 -0.031188627374829123
0.24125233136365098
-0.5247971297387716 0.8072012486199651
4.43190712648887
-0.7572371461074547 0.3982184612154457
4.25551493330175
-0.010127300996906516 -0.8231918514939592
1.0704287046144634
0.29054448399592797 0.9451835978879487
5.833387851391107
---
87000
83
-0.6933011411560908 0.015668297663955583
4.355197100368991
0.674860381765551 -0.5275016080479207
0.6963095389528267
-0.31418375975963403 0.8356909365071598
4.992773370565388
-0.9271520896793998 -0.8645352607397242
4.107872046844863
0.9292081968278687 -0.9351164589479005
4.896731773758253
0.16332560978775637 -0.0984268694804221
3.4982536851624992
0.968357393611577 0.1558712472342693
1.1884971972023939
0.8126777537881787 -0.09353121392989128
2.2506213235384287
-0.9299993899353789 -0.4961571415930322
4.8667797710751906
-0.6171970311392783 -0.35317159312176444
0.6843829098611645
-0.6416740234579251 -0.47103166679187425
1.6235389439442427
---
88000
71
0.591178899759445 -0.758716402647272
3.274685425161607
-0.08936628385193458 0.357175412344932
5.004641757978401
0.858933222330039 0.4712717309541575
3.3582684884807543
-0.8204364213496023 -0.3806603110634824
6.031895781645773
0.8120548464168046 -0.22525583091648896
3.240491274171754
-0.5259173878342597 0.9730809864878539
0.4570874851311675
0.7946683390404053 -0.3540127905413919
5.520135808770202
-0.16028448603627746 -0.9379253933399626
4.865502739573012
0.2807429852687238 0.692534701219397
3.6145944588067778
-0.2967367359030191 0.3508612091315869
1.4468205161706393
0.5202624021493379 0.7901008092529579
4.9411967561822285
---
89000
79
-0.5744357254556347 0.766229251859602
4.272200364827661
-0.484843175242207 -0.5763312903330531
3.709311280546615
-0.8106557499419642 0.6622800376264715
0.1984864785888622
-0.7919075072578977 0.458922112933922
2.790762584299653
-0.41155466189784673 -0.09056168140880795
5.930860734347873
0.15351587286578547 -0.181774828524873
4.061150060027085
-0.9163443898848695 -0.3587926469354463
4.117770004105651
-0.8937445058370028 0.18938780943250383
3.0090776973799365
-0.6562824396836665 0.49395078344278864
0.09345699080402348
-0.6591074019354174 -0.5897219145599238
1.7913923460413015
0.10801799779580928 -0.1751355161916091
5.156765383183312
---
90000
75
0.09491014399601122 -0.5616675938928768
5.7775469351842474
-0.8231675561265228 0.3795900761335346
4.504048641558398
-0.041041589812739254 -0.2542180779747162
5.250077632045295
-0.7171918442748029 -0.369304528413454
5.244374886578491
0.7720081269616362 0.20325742588207002
2.576006297040562
-0.9636390743863692 0.4577762089263271
3.0321244999747066
0.1594157615447654 0.406275613917724
2.9228395802607823
0.2996674819652746 -0.8563277788554349
3.2494924009833337
0.2011687594799594 -0.5895012814632612
2.422190756516841
-0.23805705477119926 -0.9066903863493845
4.190569900419488
0.7720534275761666 -0.3959344622329498
3.324106696673862
---
91000
64
0.609376458913782 -0.04436104615106717
3.733994674411976
0.6450143206325465 0.1391636857435365
6.098381800642121
-0.5610458150732958 -0.8906134265153739
5.924861186829075
0.3867133436178089 -0.3878251175755204
5.174388121264056
-0.21786873988953842 0.9118317948626165
1.2188621140699907
0.808747066903439 0.8154645932550889
3.704428811240666
-0.876567387481017 -0.4632989383162943
0.3806349487503464
0.20079205928149724 0.6005520879215973
4.403534941765757
-0.7744604254205796 -0.857013598605071
3.8045124315136976
0.7383646324062896 0.46232678704464486
0.9697569642659767
-0.725205939639535 0.5890238393279215
4.828067273982517
---
92000
64
-0.1391509259789272 -0.5746753743383215
2.41193373314621
0.35875635827539887 -0.8387729169503046
5.680208340462537
0.47850847993607837 -0.20761930225287661
4.985144398175696
-0.6729036663492529 -0.36100016497202236
5.369580846091418
0.5033218416863658 -0.7167931295451502
1.0447842654289152
-0.3050453994107883 -0.6075168916602821
5.5970369531970805
-0.6562431654355166 -0.03521395851116788
4.95711710257194
0.010848997291892863 -0.44969442960278283
4.941956236297811
-0.5335379627785442 0.9635678077762475
0.7459714917424707
-0.6957919321632189 0.7258037172265492
0.560386181585228
-0.9382062021590009 0.8902348823566231
2.4073257544111755
---
93000
81
0.3638432284854165 0.8433918633134423
0.14594566635880435
0.11441268091790277 -0.6519061562433841
0.5295095386558533
-0.34504366344711784 -0.5213202537678624
1.3905413159603084
0.4491097838412256 -0.8446378847706627
2.2779516856243553
0.8518609530715766 0.41890410858827953
3.8092431579181296
0.9051042602140874 0.10433690719073761
6.211272028017258
0.28075796441156176 -0.4339204539258361
4.7590670858724025
0.09167509790965733 -0.4874364867834984
3.027617669325103
-0.5351402034816211 0.3152202224792641
5.910984175493496
0.5304510482745218 -0.17714941324946304
1.1145581298221563
0.861660279164642 0.4944584789538855
4.215843274252901
---
94000
81
-0.06231503211372115 0.5305709795162709
0.02282255364285124
-0.23085429930846676 0.20793594695634934
2.5864789297161916
-0.5096080856010217 0.15413092623935376
3.01959339277962
0.2910833315172996 0.5411470049727322
2.282260958704925
0.48306464674488686 -0.22235999453019528
3.505090459281776
-0.7352035432452109 0.638350301451819
4.3542466856401525
0.6222203320663504 0.9175232112203204
1.9877835828020354
0.7894874318191328 -0.596882741338713
2.4678953191189272
-0.8453960122705827 -0.9607489442016516
3.199571963163994
-0.45299076296584384 -0.5412844168002539
0.23389309380750856
-0.10458065733378358 -0.43206830983320965
1.60944604199722
---
95000
69
-0.7371599363359675 -0.31229771000479556
4.484895834953691
-0.7838423713926129 -0.26989121865484667
3.813734111574253
0.8042244019541517 0.8808779841878043
2.4284863963068277
-0.8949144371961626 -0.01608316885268804
3.388470445352655
-0.8251021352922658 0.3627862051281122
5.001626466885036
0.8421094926089149 -0.5523421664959985
4.835268237043969
0.7018281157874133 -0.3546566590874557
4.909271351930403
-0.9527213147581508 0.786143506695989
3.920181067149028
0.29076815164370556 -0.6234163309915688
4.672445558876708
0.6607078732238579 -0.7649543968707696
3.7261741350329745
-0.03329590095756624 -0.4806907065230215
5.4297691891664766
---
96000
81
0.9448663855974232 0.08730104936881947
4.564595467457684
0.8361082088742239 0.38608965478508184
5.12864392535865
0.07329293500514229 -0.4219453109348866
2.771645457595527
0.36497054828784803 -0.08102402207154598
2.47157892868025
-0.1724786060775535 0.3054758946181565
3.0115091504518743
-0.7690811812771933 -0.010971432590072085
4.383396276882212
-0.8135378249248978 -0.0848249388622339
2.470320327718654
0.26918794785288974 -0.8620950951459679
1.7101166452040824
0.7549658246623636 0.03655811835772413
4.948500222689911
-0.7713644687301056 0.12146101945940976
5.3628283216793635
0.47313735851968336 0.9405487600511528
5.713577897872822
---
97000
77
-0.21622782470075802 -0.04293967467990399
1.162361005365707
-0.01535538519424062 -0.4747921395076895
0.8932711526134174
-0.355436238387626 -0.4004298358676282
5.329478859842144
-0.6389345085805153 -0.2545812711915728
1.8064720109462078
0.3391159945536707 0.2522069573582406
0.10664027148323729
-0.5966539730880751 0.502509377752382
0.6289689000347414
0.6196834578859107 -0.5441924221710588
4.431129895482102
-0.1664468747918195 -0.04380339302707077
2.4579331223482273
0.08547985828571335 -0.22287482875967418
5.104594423294097
0.3563294435069208 0.050753887874050246
2.483732307894141
-0.10209413825565479 -0.1735877153388941
2.981829011722782
---
98000
83
-0.726428881339307 -0.07101466964217579
1.5475838517557312
0.6748330334497585 0.5065756503365223
5.377346226805016
0.6759115830862039 0.18918464080911157
5.5340197913677995
-0.33945484758885797 0.9600958128919858
3.526548966903298
0.6889308453136038 -0.6680214939447618
3.656428816377259
-0.35413277485918243 -0.6299326178625231
4.557408889550903
0.9988305221395384 0.9324816931422794
3.7301848412627123
0.6719554483120282 0.10974095216275469
5.167283044682792
0.12978386062596214 0.6763523502854629
4.996031931206086
0.3048230919347739 -0.8818592627023107
0.022772763141710506
-0.2202902506674011 -0.04422526826473812
4.191175731463639
---
99000
74
0.22509056781918485 0.47158616291969635
0.9031993524294125
0.17130624490345236 0.6576397411776389
4.982197383049496
-0.029046395051929366 0.36636331223616747
4.4223598687908785
0.9669692841225478 -0.016276949602396593
1.8181706617352225
-0.3953029858743815 -0.7956587391857735
4.1125101431704625
0.8934207046530278 -0.6883674439087836
2.806336800947909
-0.8702079574165215 0.4200204371204826
4.104346235070758
-0.16587929183408018 0.9005480652184013
3.2084929732384664
-0.05629790858462243 0.40079978270429695
0.7054249440528078
0.0163696851192276 -0.9637516553439489
4.770115559691569
-0.3406422766285279 -0.874035029960578
2.4835323800507014
---
