100
{'run_name': '2D_rec_10_total_boids_short_chase', 'annealing': True, 'annealing_start': 0.2, 'annealing_end': 0.002, 'nr_observed_agents': 5, 'nr_of_boids': 9, 'predator_present': True, 'grouped_spawn': False, 'predator_halting': False, 'record_keeping': True, 'record_frequency': 1000, 'boid_speed': 0.0333, 'boid_color': (0.8, 0.8, 0.8, 1), 'boid_turning_speed': 1.5707963267948966, 'predator_speed': 0.0333, 'predator_speed_slow': 0.0333, 'predator_speed_fast': 0.0533, 'predator_lunging': False, 'predator_lunge_speed': 0.013, 'predator_lunge_distance': 0.1, 'predator_turning_speed': 0.7853981633974483, 'predator_color': (0.8, 0.2, 0.2, 1), 'predator_confusion': True, 'predator_confusion_distance': 0.4, 'predator_confusion_threshold': 2, 'predator_chase_time': 10, 'predator_halt_time': 0, 'predator_eating_distance': 0.06666, 'height': 800, 'width': 800, 'graphics': True}
tick
boids eaten
predator position
predator rotation
agent positions (and)
agent rotations (interleaved)
----
0
89
-0.5371102085057033 -0.9874095671356974
4.263073944402048
-0.6707356360666379 0.9663596721826094
3.6016613933624786
0.4492314287642093 0.6368745534994212
2.8321118171213957
-0.3291226908970353 0.28422171518434347
3.2850755799982165
-0.30695780779785997 -0.6436495121961141
0.4997385332299349
0.8970629066511295 -0.15485015089744708
4.522485542252285
0.7484763704603622 -0.6587546918453809
0.6853556241484451
0.178754401708069 -0.19557496091450194
0.3278508725304905
-0.17427826366894583 -0.6618844918790072
2.242515695925219
0.7905506079702581 -0.9603314676284488
4.617357558432515
0.888465890000514 0.8046910831628037
1.5418224797306952
---
1000
85
-0.877496551169553 -0.6786608643935248
5.188391900776816
-0.8947450622506463 0.6989783671441939
4.285866630292856
0.6033816414900867 0.7790098831670936
2.7355771088775107
0.47337341952227047 0.560314428844734
3.0441202959048157
0.151876765558168 -0.19402603094959844
2.1153729414640186
0.8474773264939855 0.6914018130812576
5.038306216556663
0.08828797920184081 -0.04927561012507594
3.396423598884729
0.9226642886183896 0.46990507373689916
2.5934158802334526
0.011933168719045843 0.07295454800396836
1.364779145609866
-0.9024421519797705 0.7719235868555419
4.521283601544985
0.374478867528122 0.7220486307184424
4.1178306423159645
---
2000
86
0.3987901432481379 -0.9777414563380913
4.8127036686958125
0.575653076556757 0.9126121913400851
4.513002317414751
0.6684857567096786 -0.3632002189786781
4.919832592811538
0.9548785053849214 -0.9901032750246475
0.24630864045785916
0.052101125039784014 -0.20706691922021855
3.8932603662092493
-0.5121268702164374 -0.5200426144704076
5.204796870537872
0.6254305004704246 -0.96490880436193
3.8565694089496603
0.48355855739599046 0.2687728935032102
4.074696710277417
0.21700885214464755 -0.08972180250462884
1.5517631024418934
-0.31437647458537576 0.6268909304313107
5.347533747832574
0.18095559543524337 0.9039953589802754
4.895615459319184
---
3000
87
-0.19656461714208748 -0.2713946903258129
2.51872539076734
-0.26740915364471085 -0.342330998655231
0.6366583396047938
0.610027115882318 0.23829252657734779
2.7499443316945777
-0.6932384865692522 0.49881792984013845
2.225181756099455
0.9446215497805092 -0.9923653393637277
2.027917272096553
0.9451139183154224 0.23451511391921184
4.946882175407988
0.24635065347012897 0.8634555226431556
3.582934355049919
0.8317287363532729 0.8734252743863997
5.530948222591029
0.533272278588682 -0.6059219191338062
4.499108661998933
-0.02176906266122188 0.8573515922762269
0.031088381097030826
-0.37109371427563503 0.23434447683520698
5.753416971638237
---
4000
77
0.2879275265944762 -0.0008495923281360857
4.291035838582765
0.612542458984615 -0.4198944236974703
1.6868965404979752
-0.8738856503845741 -0.4386045888227222
5.765577405272042
-0.89639480991669 -0.9435885777634404
4.39091834455895
-0.5931519250524036 -0.2799119959285956
4.313935041276978
-0.559125645277899 -0.8552635776660056
3.596082300925464
0.8826621342155646 0.08824706183146412
5.540405258912366
0.3582766674379462 -0.3695373837284234
4.662155026208675
-0.16426491031331536 0.5759563938928978
0.5075567783773991
0.9268567732049757 -0.37602855836162064
3.8681735320779804
-0.1794323561593833 0.6093839837697099
0.1971002388439178
---
5000
80
0.7621539160830287 -0.7144153527476252
3.191539581666551
0.6456020522015202 -0.43624205015150824
5.516110048685941
-0.040794904400200116 0.6413954764924924
1.2537923448194888
-0.3893701720985894 0.3073750401948157
5.2992893793778855
-0.5778368916752188 -0.9544225022555348
2.899545676620539
0.9263151843016494 -0.6672916236588955
0.4003918946009062
0.9152763651814233 0.8493256617875632
2.184298772907457
0.7708834819956385 0.34787931904406233
3.229239302367409
0.5714811923387393 0.9592198355911618
3.4889323852640883
-0.7145571804598747 0.04714509319894449
3.571034444798136
-0.6702482490893987 0.6735904134087531
6.089794969151414
---
6000
73
0.7842071513372422 0.5870760547152132
0.9297000891060019
0.7809133179528277 0.6021647517759418
2.3960159548794495
0.2674476562557054 -0.6631483970152083
0.11226929909752759
-0.10761210873875354 -0.00599832830161574
5.584827829390637
-0.731929624008181 -0.9324554831933802
5.552041921178944
0.8362297516645754 -0.6512183229637639
4.039071836828267
-0.3104924003980379 -0.9711482865753782
5.39444314955765
0.891437917755398 -0.9899233841580575
-1.464863522973812
-0.8807223510742316 0.9620834326091722
0.40350315533393744
-0.5402852484964862 -0.3475579310524223
4.11847158479801
-0.9050519349802633 0.4063711759895175
1.3839478449109173
---
7000
79
0.9732735040698255 -0.8993573682668641
5.442131148935493
0.7910888168816302 -0.8406649599425295
3.904752728976253
0.46225371280013317 0.7115410347816592
3.1302553032318183
0.7639266928799663 -0.569649873117158
4.19973084243712
0.6058227042556836 -0.6255480004989598
6.279734063223027
-0.5815838940174993 0.6643079788831163
4.627842867717082
-0.56791042518026 0.21645805569673487
3.00258758687899
0.3179474765185821 0.5038351347797106
1.0826182040689067
-0.6403695249922559 0.6756228063020683
3.2408452547776783
0.3896675188158494 0.8025851051845795
3.440510881270349
0.4994642602319209 0.682919262459296
5.184727066439475
---
8000
86
-0.127616014326756 -0.49202793186715094
1.4072688267008742
0.22269297106672747 -0.04231768347178813
2.0478213413784507
0.28914436113365855 -0.41897974238894137
0.33667297778969996
0.49891749780194194 -0.28085606721861706
3.9333751450317935
-0.2598441301336397 0.8809765261186658
0.3790448263014259
-0.7445198070508506 -0.1481542898170315
4.560183253869831
0.920898286337424 -0.1605031931132151
4.540410265709232
0.6296614827622133 -0.5292657342447131
3.4528421935376334
0.7052221243943643 0.14263715392424342
3.109214735565014
-0.5282690990732256 -0.12670062799665407
1.1517227544565944
-0.5722374308742159 -0.6039838960262474
2.2978326027394536
---
9000
81
0.8476445864176241 0.1552187688575799
5.7371660816508445
0.8303828327912025 -0.03429126573576967
4.105770443226135
0.011731099824525366 -0.3890413412880507
3.2246352259171998
-0.8460846639316238 0.18112013125362209
3.156558532414035
0.5421343165225632 0.7744699398653098
1.2249010215466942
-0.503579070343049 -0.0571286606842656
5.94209254925659
-0.7508733717128772 0.8967382011522068
2.3504004967735392
0.8419342510572217 -0.5886457747072628
2.847947097800912
-0.681650081032588 -0.8372012638618782
5.457228080957084
-0.464606295563556 -0.3952786872643053
2.1451177177165226
0.37832714558499425 0.7137956922903007
2.1425634375165794
---
10000
85
-0.4046716691545751 0.022157499367769132
1.5416626032077296
0.4778662434398772 0.9877554486195016
1.2858903816320153
-0.8183226461984499 -0.2513064425250794
5.669410557872261
-0.968698664684136 -0.36953964939760126
0.41663007634109306
-0.6993860396697162 0.2507362509430058
1.2782516219517621
-0.6484751661539119 -0.29729791327284694
3.671833295802063
0.9641448721804086 0.2281439265840799
5.902377980660715
0.6798391222822433 0.42467902687634307
0.9294960462346973
0.5766260000640882 0.5767158361787176
2.3093329392665956
-0.180191876391763 0.6345110501385258
4.538118402690512
-0.6564693275627158 0.030618338036942812
4.6135998006221035
---
11000
81
-0.523617067078311 -0.8674345828394499
5.5273393135560065
-0.36077840135528566 -0.8139843409537076
4.498787438228726
-0.016194331425568288 0.8921214037765598
5.280287987133881
-0.28075129436087337 0.6675495924869705
2.357868737197685
0.6910531543276116 0.026257626889267832
1.615625529336862
0.23160639079458578 0.34562668399973384
4.096935983118047
0.4241006750972309 0.21376902371901377
0.33174238393176925
-0.6351808268291479 0.10495430597211025
6.160673105941828
-0.3840747832938482 0.9445705146062393
1.3849617050885028
-0.08326352167489237 0.39020614227618927
3.8271734381862776
0.043093135512635675 0.7219980433677899
4.24058264400619
---
12000
79
-0.705730158619998 0.40216935504397633
0.30382894443931363
0.8524021544011406 0.23103081850665122
4.0015222542598385
0.9561835926325719 0.4049617815738776
2.862070333818658
0.1857436503989573 0.4296555403920638
4.447180870951839
-0.39619365130828554 -0.6711723377503119
4.057387936326747
-0.3307852184006741 0.10564253292211834
4.8284197037193595
0.3136639192490682 0.7968519053408767
3.046754405624279
-0.9479495719383012 0.1060312758284278
2.802501330062067
0.33170020118267046 -0.2465074151057313
5.676617991617528
-0.9705605987516138 0.4901099874382642
1.940544262295668
-0.41912465278925287 -0.4403557560451074
5.512939956129313
---
13000
82
-0.068851121410618 0.05414156319111515
0.957873174938946
0.022789890857678352 -0.3076612063590047
5.26529682605403
0.5822257522823535 -0.5030384305025335
1.8460120751096438
0.735228990870116 -0.09291039357855282
5.771354045693759
-0.5316597451509839 0.10245321389916137
2.8575947302753653
-0.7523289506037855 -0.31902797532778426
4.753763292766138
-0.18693641472024577 0.18566215747864906
4.474033007252946
0.4743520183973898 0.9888786222036131
1.913137730351921
0.003525056619027505 -0.9705340387556134
0.726297428894263
0.3437098870586872 -0.5993997055876744
4.183254096521629
0.9780250027773915 -0.5557733967849886
6.142842426373164
---
14000
81
0.10270802190385771 0.2770386911670431
3.732413480854639
0.34124059685397184 -0.3359291885859494
2.879360251707012
0.023805671223522524 0.6537251528205577
2.7448160804856148
-0.22249487797066517 -0.43501297910428033
2.9891634322795033
-0.3327703524656057 0.2521952617574336
4.849304921073659
-0.4593808714938189 -0.40804440194766556
4.005905668652921
-0.24464841944946697 -0.47706760988376945
1.23040674627308
0.8086749198394132 -0.7771284375136338
2.3062984705235863
-0.26078062902269417 0.2110776409374966
0.6496473786994166
0.3124448975431193 0.3864560275604345
2.897415358497571
0.551593958470867 -0.6970115662189628
5.577811420202995
---
15000
88
-0.5125299725954852 -0.7515025559978655
5.7760180705361
-0.5952796132378207 -0.9404741550666376
3.4180889305215283
-0.2494241806262517 0.12991370853008657
5.865408299881743
0.41629574972712796 -0.9314577319683031
3.9608855046267157
0.2924758687903469 0.7564162436624471
2.510947613320062
-0.08025015702500209 0.7846771270272852
1.7832444531108385
-0.975655991994304 -0.3061751593930959
0.9149983851511907
0.8598943712001804 0.9696275266374669
5.956405831713263
-0.20633898663823008 0.5119249044595195
6.26986851687065
-0.19130050693073 -0.42910812340859245
5.304894781813374
0.18759741922318074 0.5681251858938766
5.433387893092245
---
16000
84
-0.9437645011180276 -0.018266757603723826
1.4939989533571252
-0.5812139218785092 0.19747754545073795
6.149112582490173
-0.09623097154415755 0.7042333303968633
0.6879293780872091
-0.24467957355141812 -0.7426902543003769
4.628731673153848
-0.9620593826221526 0.17618910925566159
4.473775839617298
-0.022067131895309344 -0.8695488384480027
0.8912186090971002
-0.9449679170583384 0.6394771118240136
4.529276609509778
-0.7852651270547851 -0.4235745338615877
4.851134995991463
-0.7432990770857999 0.0023846332792913302
2.0284537547666224
-0.2956561312983194 0.5705652849588236
1.0446509674659925
0.4741678965492735 -0.3632601741206198
4.275490704422876
---
17000
81
0.8593922421015169 -0.5885966458636904
0.7772014237758635
0.7554072807861518 -0.44466851017634385
2.3716548506411526
0.7773304632548299 -0.7401261109253274
1.1288527445502297
-0.8126645706354906 0.5995267939711193
4.622823362752469
0.9340971491641565 0.9152677608865563
2.5594038168278974
-0.9578262866305817 0.774557117734535
1.5461302184631016
0.0861052824512186 0.5786772161109527
1.4750312836330206
0.9678298587375951 -0.9221212647724776
2.6009330253837435
0.8184024188306974 -0.6327343393797072
2.362151067326646
-0.947332187685155 0.6954952014631127
3.255579727954119
0.3351407508283943 -0.27697560090286905
1.6930871593217098
---
18000
79
0.8987844674777165 -0.09431053311538143
4.670350083701516
0.8376175524865637 -0.2088908788947407
5.005194089183306
0.8679862581473862 -0.7573210120460804
1.7368856356943878
0.47181242874675816 0.05320370065506385
0.27828313775946434
-0.786392889262379 0.623829836784042
5.600684078207847
-0.8368286279039717 0.5719921576227183
5.168981012377062
0.5664849503274118 -0.23185574228176162
1.4978772109756884
-0.10612465679923792 0.8541017383907071
5.694302114016239
0.009718902741568888 -0.4231301556099174
1.631797671312115
-0.8532506029465907 -0.7495389784409259
1.6889247675106507
-0.11619121954481726 0.7820676128136698
2.0622090225928744
---
19000
77
0.9438459972822231 -0.16860704819414846
5.257624758470016
0.9143089050746793 -0.13453098496904087
2.4231193968285663
0.7432951650781701 -0.7973495387853164
0.72806015622412
0.9918533060502435 -0.3705706027962552
3.621499211658711
0.5652290337205614 -0.0885596248327842
1.7027762625682517
0.14978991803035424 -0.1479627052995983
1.6500832697096133
0.915401048551161 0.8332498250348224
5.162705578721265
0.9394053126146816 0.03342175660398828
1.5742844500451358
-0.5690438968870964 -0.11554463944408976
1.9760584931202692
-0.521301877935819 0.8241795119926013
0.6782882222097166
0.8185893894103239 -0.6044581413656863
2.0810783078539314
---
20000
82
-0.060965184887989805 -0.5122997063575979
5.582857198779793
-0.05875591547204302 -0.5424880431039522
0.7085635010322964
-0.8163300626708843 -0.03069438009472042
0.39723012298916505
0.23463382682296868 0.9826150057033078
1.6033116914576073
0.7258928573112494 0.21904777454010338
4.836124208592468
-0.48913435383523 -0.8818982585835907
1.7017562747486146
0.7096000780261539 -0.46262766524106025
5.491619690994013
-0.6043102845875029 0.24057235003554134
0.6080223000888649
0.8229970987014357 -0.5157421735895681
0.39984811220981165
-0.035349352459570785 0.7268868148457165
5.763406320334643
0.34999630861185305 -0.38817581752225894
4.058105795423467
---
21000
74
-0.8396198738341557 -0.0058248066600260495
2.4862032316576936
-0.8774391196768656 -0.19280032264119984
2.961186193006223
-0.4188831565488931 -0.4224356579683581
2.47201604218254
-0.37044543265116237 -0.062320940291110904
1.978063719074524
0.8547483080625446 -0.775093835074455
5.247564425400735
0.21901241351573342 -0.7096336003310725
4.544368327706726
0.4043671107122038 0.9173659915966992
2.4944778488177137
-0.7905697693330793 -0.4112765940855786
5.021145695760777
0.9331296000608933 -0.3670477470724363
6.205431408609293
0.17356696738704164 0.48748740603461743
3.873263460135867
-0.11625408803322769 -0.6994750005642857
4.336179181850388
---
22000
84
-0.39377777942952763 -0.7416677586872424
4.646687603862712
-0.37584683152656706 -0.7321235679173784
2.5136916969327663
0.022026371504575367 0.9647896845428856
2.173298691408651
0.9664931484111811 0.08252923523443172
5.194925443426833
-0.40992340189895654 -0.5637665612958754
1.7590686098053991
-0.29762555524283596 -0.5343998304239549
1.0485616164075706
0.3132042100725086 -0.8983536516469833
0.39703863693524877
0.11711645948566707 -0.7971342729458071
0.8835469542898995
-0.7380121972434452 0.17799559101606355
4.780474050701057
-0.13141330192182032 -0.609276046438347
4.906397325820536
-0.9882766720687217 0.2864286677036491
4.597824023582909
---
23000
69
-0.09611732154511511 -0.12865853353506676
2.914388182926812
-0.10371323822820752 -0.16173395004254815
0.9722222537621912
0.24397394714424503 -0.17253979317696663
5.729207310055866
0.2741792332091416 -0.4847336751586177
3.336340747912746
0.09351441382290737 -0.8071651894999176
3.1842889328280863
-0.532043060318964 0.959427719431106
3.9357382343757967
0.950564218910022 0.5076332471444747
2.5083794669754766
0.49996542670875344 -0.6074523011570669
6.045764030229712
-0.9590812935685195 0.03265174058636408
0.37081556571313357
0.9338528629543023 -0.976254315343475
5.7223798508467425
0.6393271550046156 -0.5062585911476623
3.432502189887532
---
24000
79
-0.10871899943766283 -0.6790706205979677
5.83645783931118
-0.023802783672585467 -0.6467255284237681
1.996897888949145
-0.36892426663313754 0.04735089908279169
2.2122751286495044
-0.6293892565528738 0.8983282362758656
3.973407433432186
0.5095402071021139 0.09635228748129035
0.6770394042352974
0.9364334041316047 0.7674609115750503
4.946116547140686
0.123773039244317 -0.7478936217630242
0.7226142582788846
0.5268240823956044 -0.7903077942741992
1.9832962661167217
-0.2960348312075815 -0.6957765050983103
2.5369476132357303
0.35378746160680036 0.7969479456693449
3.955255397903459
-0.49607386174332274 -0.18570963791373735
4.589737144621573
---
25000
81
-0.8766548743410703 0.22723065368278228
0.22605389575361362
-0.8366703553391859 0.20732417951534202
0.2541728515285291
-0.2624176701266028 0.4652210600375865
2.5571561948685844
-0.9395424966365232 0.8686934740643272
1.1355789038990807
-0.7302204669263386 0.9533503871093636
2.0599913232847955
-0.9625515588499581 0.8487677730902871
2.3187401890473263
0.2829724506013349 -0.8595261209805815
0.38062865110886257
0.6226522380384347 0.9530549270147958
5.607890645869298
0.528925629625331 0.15718476616720234
2.965212956992621
0.8520950939878336 0.8629090468731099
3.0328551972526006
0.978296090320203 0.531657352052085
5.590397781218281
---
26000
89
0.324753804040725 -0.8292195889793205
0.4284833358102604
0.5078168359760877 -0.6471796616131997
3.442851967155123
-0.503453674652327 -0.3365634690337918
0.28307197039710896
-0.9833231296196898 -0.2283362545995718
0.9948723577221479
-0.5498115221331792 0.9503997388660714
4.020223428945373
0.32484680289558515 0.8915613430954378
1.6381059331991867
-0.05112416825111861 -0.018370080611421362
5.0194723049958645
0.43988958103096426 0.737692996261364
3.9086012002503105
0.47006219676123845 0.30376899815000025
2.734626551573193
0.7568421959110798 -0.688266729233084
2.5742091418665867
-0.5698502169328793 0.8446756287882802
2.859333939594534
---
27000
67
-0.4667197606753505 -0.3708842149781753
1.141890052875953
-0.2664685072643177 -0.7451527151103264
4.812569748854725
0.07895394341525974 -0.3637099996421251
3.4328843517370577
-0.5409480141083691 -0.293579936582359
0.007111161633238439
0.7538471203101343 -0.5644995205048128
6.190877194165185
0.5679820753945254 0.06391907041847068
2.9804212907291587
0.39514622369228186 -0.15936221803319556
1.6197313921419925
0.8530074537874852 -0.24504614366321392
5.113697388852528
-0.16950427460714526 0.16132711827284796
2.646236976354337
0.8584210663643328 0.7122064986589494
4.370137537432174
0.7160483478144641 0.02677686417259769
0.6076807622660496
---
28000
85
-0.2407870528836889 0.07561102958596806
4.121213305209922
-0.0001529669203512718 0.4428116831769888
0.0508146351808616
0.497307328950466 -0.25165664800474413
1.7225627868858568
-0.15741213841659335 0.0753733819241085
3.9914614168366764
-0.6425104101831483 -0.5684642155945219
2.0481416093547073
-0.15547138786536838 0.7314500628559946
3.44540749391723
0.9667259727050288 0.6883352260629245
2.1602356479528835
0.026770119957424246 -0.9967553401559823
2.0177728635229952
0.5045304508536724 -0.5202602643389608
2.4376122521713075
-0.08369945675132169 -0.9412150319736449
4.402728582126336
-0.04842265162889926 -0.03440398459943861
3.0493499265335933
---
29000
87
-0.789459214868326 -0.795046559613475
5.6587895582109144
-0.949021701561945 -0.960055249909623
1.1425458309906587
-0.5554192721246053 0.2627484015063567
5.5713422062567375
0.44375936146438755 -0.7936614538532285
5.117906830288862
-0.13277525258188927 0.650810096889881
2.8228426535091593
0.7227722887803603 -0.4217874579035956
5.277103089901097
-0.14235048980716236 -0.5157833171208275
0.5277885961370892
0.4947270997912064 -0.09606024980851655
1.3831342007064915
0.414245501064988 -0.7346917946951066
1.1231298707659523
-0.35989889098812056 0.633818077634999
3.843892595225462
-0.9948716725942878 0.516268393049148
1.6293209697333895
---
30000
83
0.36619916290240717 0.5762051653810034
0.6985847939009422
0.5678875041234718 0.7472913298041886
1.3984650646686871
-0.8783377910722033 -0.6365757977176417
1.0123160072295088
0.6018916733883061 -0.49821905556870366
2.711509414195956
0.5422807599234416 0.8591951689144484
0.6940644758920742
0.8794449904821963 -0.23890154249824855
1.7178841676713548
0.5050838631088626 0.6019519635566363
5.789931780077669
0.33442183375816714 0.24251105926296837
3.172994519443707
0.30469485923272766 0.8353689724938679
0.22363171353511557
0.5517791513311151 0.7823332020344954
0.6986576953161565
-0.7549981694865189 0.664862132706306
2.7218961482020774
---
31000
81
-0.9435275386546537 -0.36938996869532065
4.171361845804773
0.04960632768383816 0.5710609354385586
1.2617604502316615
-0.37617288349411276 0.6339185532749051
4.941013961287338
0.7431470083332345 -0.8444142088440552
5.153706372832839
-0.29126179262332147 -0.32983025219651746
2.1840972747805942
0.19559419824568525 -0.9092915118936662
2.9032844344365794
-0.8110587945831351 -0.7145644692387436
5.83415707917981
0.38604378912480064 -0.44295594761633883
2.3302229980274545
0.05065326492993377 0.5640214292596395
2.8710505360026737
-0.8749615977823479 0.8617091435126512
1.6689865274906355
0.840930159422695 -0.8010469073630179
1.9928669948772502
---
32000
79
-0.45302722780370963 0.940643659021714
4.26557642432185
-0.3739585011511831 -0.3258053612438313
3.41868739117513
-0.5196156956194726 -0.8545527158596027
3.1816309839752757
0.6252032203314797 -0.9556843888190645
0.5689932690642966
-0.5405657603459326 0.9209259106790805
0.06893113719261379
0.30199605474947816 0.7019575197138713
3.043194301413118
0.6494536185124963 -0.7922429283889829
3.931876413420629
0.3736052185195313 -0.4407882064792349
3.8211730475767016
-0.8315213622054533 -0.22228240819610695
0.29718734680363745
-0.4047611458881559 0.11262117962946283
4.404449179240086
-0.6059974315021116 -0.2674298538013065
3.2310669368528746
---
33000
79
-0.46210381877120504 0.1921900802798332
4.492312702526887
-0.5962401810923748 -0.0640943715793929
2.8237560629487612
0.32518414974764814 -0.5299371431447483
4.688204566880885
0.6678840924400189 0.900064543873071
5.98654828210356
0.30713141475372313 0.04698267613861373
0.41387436246297593
0.26572187786005913 0.528447315791478
1.2117914584300866
-0.4059545202571696 0.9829646689749268
3.646278302982882
-0.09208997883760017 0.7121358416473708
1.514851214687278
-0.19064715875922958 0.9512697180434792
1.1808105179861235
0.8649519867229248 0.27401654669546655
3.7148889136197107
0.12316926857362352 0.4974980179974752
2.442712924019488
---
34000
84
0.6188806107736244 0.17351640424842665
3.728241992656472
0.2806844819643374 -0.03808593566426125
5.051373096825245
-0.9347465182304469 0.8702321739153035
5.02484740343018
-0.9774547390885912 0.2020121314348105
5.209295608474241
-0.09380696070093153 -0.9151489564039212
0.6334612157989281
-0.9430422646035383 0.08736643347305548
2.3057502406292025
-0.17894931997106425 -0.003659810639837169
0.700669594795297
0.6235637099043927 0.5243670942060686
5.191681015628384
-0.980857228384201 -0.00047766056086967663
6.153708394135188
-0.7946173058757298 -0.6384524655280779
2.7357886041656663
0.6751734897642122 0.09205732527388684
0.16303786782733898
---
35000
82
0.09094037874711483 -0.5210573679805355
5.913599108219415
0.4679692159905393 -0.4852267045533466
2.99597971909981
0.6289504241647221 0.47784116365144447
2.1678541461742142
0.12546032006300167 -0.8248551612058086
1.0000376025684634
0.10702650193158827 0.431909910377907
0.8680593496920084
0.23391489177403607 0.3938483462885506
3.0463679736702325
0.4072460707526535 -0.1118973393611209
5.957643551599518
-0.8627118724455158 0.027354573357329375
4.456207869651207
0.7454207429600173 -0.5791883835642033
4.360938967622255
-0.11510670098573564 -0.9276287327966323
3.59968973394761
0.47759425357671415 0.9377002900492042
1.7458069169374344
---
36000
83
-0.7591934884494093 -0.9399785777362731
0.7606662731536359
-0.7134521478804342 0.9648855975663982
2.194658186319777
0.30936988137837496 -0.37099651238753534
3.3929550872872145
0.11014319916635101 -0.7278039438631928
0.10094152808346113
-0.6659972921699245 0.7130952007622282
0.7714094549308248
-0.5886712680666365 -0.40928049533848976
5.780908801211303
-0.771120031860307 0.5654099749549338
0.12656358267680812
-0.45116654499863446 -0.346654100045892
3.6441845825853596
-0.8664807380603076 -0.2675289585428407
0.32731986595078677
0.8310710543733619 0.7702014922355063
3.715637733174302
-0.8877780516017748 0.7432707068304563
6.158692310453183
---
37000
89
-0.4413043505337543 -0.08062809467882537
1.8757449074984471
-0.4770934409981654 0.0695002864164502
3.8435635045853775
-0.27631402481882955 -0.23909030114924462
3.2247793591535308
0.07289330469054964 -0.03839158221460108
0.11727846219774207
-0.47610623484852976 0.595720679649514
2.9278691535132833
-0.01764953194986399 0.2321245832439802
4.494688122654292
-0.9990538333875867 -0.0416927486993135
0.09567396171157316
0.2185382323494245 0.369710855960816
0.8371978507664117
0.46789307578231054 -0.4334709286555954
0.6764976078268656
0.5001971784037116 0.3338134992770323
5.6432982281655795
-0.3224324821181257 -0.2529246940126777
3.77316434163495
---
38000
72
-0.05766005661937389 0.9131444724634152
6.036388432395615
-0.21863708012344446 0.9754332359076701
2.046325703968958
0.2695097956739791 0.07438562817958239
1.5108152639922539
0.2577298487448338 0.947172185048531
2.9481812411411656
0.44896302522508175 0.35397886164693815
2.4235178478537103
-0.411144315570951 0.6243384299741044
5.098124065034624
-0.2874660102649211 0.8586120334376776
3.3369718376907755
0.07307466861131595 0.6560442747971286
3.8590693827008575
0.468540327146357 -0.4886913763557672
1.9725040763827373
0.6708271602660825 0.38704080076900654
0.25339094258892914
-0.4520633844786334 0.5975989842725428
0.5607600482501836
---
39000
98
-0.540771653847393 -0.9513658426679682
2.1293651683389636
-0.6913215034814523 0.9835457315917497
0.25186144956408985
-0.7321530561750562 0.8970470538624074
4.1498506229450065
0.6646968587012787 0.40723050592432847
5.056961095708659
0.10105030670206967 0.4713088058042659
4.654736703508296
-0.41756140737616637 -0.028574307472626334
1.7616563206640876
-0.2564019384877847 0.9285955717170503
1.8148767769817233
-0.04527739753414464 0.5510504336605688
2.4821178320837074
-0.12673322747194432 0.5864267544873748
0.4050360016871837
-0.9612870591244098 -0.9528341631541678
5.716354709662242
-0.25708210266036907 0.844090456994159
1.1381850997295109
---
40000
76
0.2052396109488017 0.7358747540267021
1.3569003933272308
-0.12387271308948303 -0.1633984008779631
4.453036692789927
-0.09347381552369019 -0.7500597430779307
2.2851184753865743
0.20724726380389685 -0.8447876386878445
5.036203926560742
0.6001315596471011 0.5322872247192993
5.132395859300485
0.03754836244219752 0.04054781021896258
0.5546799897907162
-0.8370352476333203 0.48099112225500085
0.301968028191431
0.02846040313556994 -0.8655911241480018
1.761926719214424
-0.7336524025401009 -0.14716340875388043
1.5130993809753353
0.012961753831490001 -0.8919958638407248
3.9056120485721637
-0.8995759648671297 0.923633033586535
2.7590581678028387
---
41000
80
-0.30231053514246536 -0.8861117380969791
0.19093117539169022
0.06651816547842176 -0.26685584783122734
5.6178507083199545
0.042936176296710746 0.3870298200422043
0.2555768623785175
0.27379921571094185 0.1312483065198875
3.4043396327977735
-0.1433854357808954 0.4022759399683984
6.1282258968498535
0.9130728447033669 0.8654567629826574
4.87398377190861
-0.10906197069298942 -0.781592095508174
3.7771548774973827
0.4261420008148867 0.4314709223912944
1.6560510609848684
0.7167860630456603 -0.4562845927310531
3.5215071977180585
-0.7826870866393024 -0.9530919566873114
4.669514808264487
-0.05589439953367711 -0.22583837282599503
5.007071475905682
---
42000
79
-0.6300061252527664 -0.4095721321474475
5.398168013667782
-0.5568558594083972 -0.7341481910257034
3.610070865817815
-0.32139616662438525 0.6827329990356519
5.488352581041675
-0.09045992083322624 -0.7644608936598868
3.0967865782609776
-0.5947519114409288 0.12450419875483125
5.495380124831082
0.837173676832055 -0.925991896995585
4.064749192229554
-0.861524633723119 -0.6571441079130494
5.669814409338021
-0.627063725241676 -0.2901076008806356
5.562534531943805
-0.641995412808785 0.5256474095304207
3.584344921453411
-0.33563490403441415 -0.07732575834297989
5.6584555569541575
-0.875932540936972 0.2676560406636301
5.935500402535258
---
43000
73
-0.615947104144823 -0.7707210328991605
5.098715340407236
-0.5008854502450232 0.3891778609674318
4.758995142053655
0.11269796751429934 0.9723296476765775
4.260250618649635
-0.017313642099259334 -0.7341570423200563
4.386800420057952
-0.9134409207661016 0.2640247426127631
3.0506275376911702
0.9321451286796985 0.7490969005834597
2.722150273884922
0.7601551324408992 -0.8935681201944236
5.5176146404854505
0.37675173136489704 -0.11317967884257583
4.792352442348366
-0.8459255621577799 -0.9377884597670266
5.490748903192682
0.33492588114598815 -0.29428057072289693
4.992955935629826
-0.9003827266645443 -0.17097147081602865
1.6100407646558352
---
44000
79
0.6545715897271157 0.34488351732910355
3.92466359240928
0.8247589258294247 0.7498291230764698
2.2832170760449886
0.5147500936349695 -0.1421235788863982
6.005700286416824
0.8830850030003825 0.7897871359233005
5.249728066267188
-0.09189007529626483 0.8299607898163924
2.7652994694269006
-0.9491592820785366 -0.6452540159942275
2.4136286442054473
0.23384506329763718 0.8466475097838976
6.021471981131754
-0.1302973844564187 -0.9820851768671658
2.7755787001312395
-0.07253034883942934 -0.802040610173198
5.655480402238157
0.4811884682355112 -0.9058528179291153
2.5261898950115222
-0.29007859852832 -0.0924311248126369
6.010288497507373
---
45000
69
-0.3872749927684669 0.2751815902325286
0.6538437369808363
-0.34658187741706087 0.009095173366609477
5.248523036498688
-0.45826916566726483 0.10988695157019968
1.5079284924431549
0.5694514860627149 -0.9621920740791141
3.658769071937831
0.32728916237725164 -0.6742416599292839
1.6536191632730317
0.556305329978677 -0.7350687545720556
5.095621387892767
-0.3345883364065275 -0.41790990905004183
4.26957032868443
0.4319877258063419 -0.5528258274823742
4.302134565099795
-0.3707186447882925 0.677786290469547
5.455588836008481
-0.10593826580805024 0.8196555358666492
0.540497119348518
0.10651699924988756 0.5934107941570299
4.59503064376902
---
46000
88
-0.6415558315512228 0.6082830981523413
1.568708715250325
-0.39176306982627396 0.7308592919325144
0.6905169706021415
-0.2661560865653573 0.21198409401522056
4.941893437909605
0.4376120970079405 -0.5875494732340949
2.1705335889304687
0.7096577338385864 0.5152398779732604
1.779772033355501
-0.20869160386296745 -0.8520573358964832
5.2522205394232735
0.152174701520984 -0.12157607981118627
0.46197599673375134
-0.6147631147221522 -0.19193259304749352
5.782529639609577
0.5441379233564038 0.11286964237406279
4.855073015215442
0.4685244663958303 0.9867733470130975
0.6663248946514457
-0.6304044417684677 -0.576590985861876
1.14517882343352
---
47000
79
0.6135646094350408 -0.4288978259059261
3.4542533439509455
0.3864724384608153 -0.693164938055029
4.498217697169932
0.33745767722391684 0.3025035620367792
1.281497490285541
-0.5404273215634119 -0.6625899504956752
4.338225289537291
0.6753712796679097 -0.7550615469252633
0.29569996542021215
-0.7718849917665115 -0.021021383600015594
6.062850742220167
-0.6004024551046031 -0.79605614548939
1.7855605793403058
0.9663233602301076 -0.7305659969315049
1.5266379417813924
0.17932393109886052 -0.327626775284806
5.033071187217546
-0.9753874805868396 0.28461313768679175
3.5973499566273572
-0.5959241719503099 -0.8968802542692982
3.671004139535495
---
48000
78
-0.09642053505241636 -0.28000548629257577
1.7189199017730303
-0.11425992259985153 -0.20329290520267326
1.6442909036045172
0.9633721055598563 0.3776257335005581
5.713174274562255
-0.1943198951263656 -0.36492465996107526
1.8116472498787646
0.9821002709963422 -0.34765550423925967
1.4133825290538224
0.7916004402350025 -0.5733468298070447
3.984874027823407
-0.604836854891318 0.23362852043825966
1.064554140195952
0.12504738037162977 -0.4519893882955302
3.5498695513710654
-0.34432616471453126 -0.07742819947705673
0.8213013561118787
0.80481995645338 0.19095104127501705
4.261727839537437
0.3476022116738905 0.25404602780800317
0.8394006619436718
---
49000
78
0.451099007608665 -0.02487566454874484
4.699294789762657
0.4314192114804105 -0.05641371849972493
1.23613492478193
-0.7881187294600359 -0.74308115091665
4.897778294953057
-0.48803218291710077 -0.411974925783278
2.0079522838742623
0.9389660321993044 0.10060209617523547
5.481879905367788
-0.32968587394908816 0.8978617693288711
6.055554646023293
-0.8225536210281379 0.5397866655220582
1.1591775906281105
-0.16426361754414612 0.8337418155709526
0.5216016975387054
0.5670730449441724 -0.9324022295534122
0.044263765474306105
0.27087621059810724 0.34573253894642014
2.9311981953289994
0.6789861077802515 -0.5850933288030327
2.9302121992514403
---
50000
76
-0.18381414751825198 0.8030716917544478
4.870611908313354
-0.16554294317790288 0.7569855554250078
1.20609353409787
0.7515720103517541 -0.5267863071549799
5.405095823633594
0.4673938227637027 -0.2979953360241288
1.1064344992777455
-0.7482148245807676 -0.9469099829061688
4.349686431818075
0.2511652290820531 0.18684004662984666
2.7713729825389253
-0.35536090882001337 0.6660147512601866
2.4754066247131155
-0.7523441115212236 -0.16861478624596038
0.9249820850728048
0.6562270187500746 0.5986420009125212
0.6975998556343868
0.27999432182904943 0.9888829895528242
4.089766499583972
-0.777765268351768 -0.43912883089977395
4.228679511291042
---
51000
85
-0.4252898897361116 -0.013096029174249992
4.813076513684839
-0.6095984403441065 0.3296120484585599
6.065212193851837
0.7268165255984604 -0.2674328510811595
1.6629243998713843
-0.8520059894740099 0.281076168628097
5.970183786550421
0.03525504516310313 0.28705221417071686
-2.37467990928365
0.4666169728823861 0.17341952926270554
5.431254207745283
-0.10215397954341121 0.05993611215916465
1.53601196562109
0.5828372965240947 -0.9334274960569999
1.9079675971441326
-0.657077508274876 -0.06371463072031047
5.692302047606682
-0.6676915095436267 -0.25683633866352856
6.072855777160128
0.009961592851755246 -0.8959967194242672
5.007162206681468
---
52000
83
0.9477924301181277 -0.6393929403570501
5.555361548777364
0.9875401607420382 -0.7935003995321097
5.739065365332279
0.26870504986887933 -0.15084392748856007
2.1198247330235773
0.1989637112069101 0.6015232488729279
4.761410153257469
0.4604084088489336 -0.02736326482118715
4.259485875334904
0.6042894019999773 -0.7839728895445699
2.054863465395978
-0.3109739941124599 -0.07583939711902896
4.998500111688847
0.08087761929642817 -0.192924517899811
3.329322546157244
-0.0006200735915577946 0.627250618805889
2.4107557044903043
-0.6459662497775329 0.4452973211686868
1.2074460283623587
0.6746035030312916 0.028749140636298045
3.019376654020123
---
53000
73
0.575222409634503 -0.6272435127525069
1.2187187820153418
0.410193837389859 0.5208736505191762
1.4844308423429888
-0.6365871925273396 -0.7059180226469876
1.4523484411893897
-0.3482182790653946 0.11237012227238921
3.7042205057129456
0.43129893808784514 0.9871840148261171
0.006794186684687453
0.37720778756437534 -0.28039936765403095
4.477567461782196
-0.2420774495371248 0.5413090295231193
0.299814624739831
0.8573347722643074 -0.5505147347445862
2.5489980156356635
-0.13995056683810897 0.5865339527197078
3.017040241010008
0.5723799729901878 -0.0783744692956656
0.054029874345977724
0.924493480670379 0.8998363056182563
3.9767728231997514
---
54000
72
-0.4717181191570513 -0.6556134399175797
5.626398996284315
-0.6107680434491798 -0.5106064750923818
5.3341566223114425
0.7936479727248987 0.4551045855158725
6.188713180461264
-0.06007775697714554 0.7929401371220582
2.4586781267967064
-0.12163544161206963 -0.6439948933271015
4.403674247043215
-0.2964233315950517 0.2829849324203737
5.159795577584444
0.7356225988345944 0.6470659892868555
0.441556928690896
-0.41851566111384153 0.5813261945207526
4.003822006381614
-0.508628755371456 -0.22439675778713614
2.515697541214964
-0.16318484550447757 -0.051754056450048075
3.1876706151709566
-0.6728453236754158 -0.33744654143433983
3.8756700917344915
---
55000
82
-0.5581182137826088 0.0009741532017867403
5.367567507566029
0.9482052910199928 0.7466447336948632
4.8386380649369185
0.6697152359636664 0.2784553212943273
3.087312185018046
-0.6550301284123321 0.9199161378542121
1.9673609748632312
-0.9376740574425027 -0.4885316148803332
6.171213979396516
0.21445102518414622 -0.717379078575892
4.240254297967541
0.01777913878153166 0.03328094970064955
0.23647347377715988
-0.2970302013584275 -0.745744916439054
3.2106992379249153
0.4008454945343735 0.269643651579103
1.3022143447250354
0.4120202860806763 0.898620758263626
5.79578817871147
0.8443071607501605 0.04766045491107512
2.2736754705076088
---
56000
75
-0.8588475410529361 0.27163912898706155
0.32234813548423447
-0.5127778971159819 0.4892193988868384
4.550245408174537
0.7080101297311521 0.11871987562065171
0.5254640242159612
0.5559537309234323 0.012939863939899512
4.19338630535122
-0.40973747765650337 -0.030786711151057654
1.859668114861508
-0.383030436047273 0.011425002158878463
3.1640658666171957
0.5191404004677107 0.31177317917515746
1.8935588853505942
-0.1633821973505464 -0.7304503296761485
5.951316193304755
-0.7008609387265402 0.07383772020736687
6.2380495508921605
-0.4192209012091988 0.6398640530245375
3.2974616749758248
0.9080652817346465 -0.19218050618199103
5.436852177069261
---
57000
75
-0.5707995972822509 -0.34503997001895426
4.800102977307356
-0.8983179745516565 0.9987374117208598
2.0325884713455578
-0.11059368387695395 0.8155224111820706
2.075692186045786
0.9865442653943229 -0.39793284468044077
1.2961024712624152
0.7956495989969623 0.3725493451069984
2.68741335581237
0.2759927331094274 -0.6631217210579787
5.425729191868771
0.5760715804529449 -0.7008785783929268
2.5539963171805997
-0.24502200868350443 -0.5389645354616032
5.097986534746644
-0.43184251893688474 -0.1710102214285288
3.171214239052924
-0.4567381823802876 0.30031744033973345
1.4594732389061376
-0.02755902962060218 0.8510675603171319
0.1183465364963423
---
58000
82
0.6161330996340563 -0.9002694474257262
5.020074719247183
-0.6469182841132515 -0.8931048598476437
5.236634285614569
-0.24744576578044516 -0.26771176711718775
1.4966625002439056
0.024674850039843144 0.5886933229024729
3.6954095549753587
0.007048487970126643 0.9913930434150102
4.269815485315383
0.9157575874911911 -0.941863560590087
3.5976199846132646
0.05858308086191215 -0.705211793751237
1.3754633250943398
0.1872171475400079 0.8488512781648652
0.2576482015484727
0.35285835484930617 -0.4177249756366928
4.1123213462579375
-0.4612606632839925 0.07860852245796351
2.516997270625078
-0.8244760713126714 0.09293141374490306
1.341663528819262
---
59000
74
0.26843904946251934 -0.3279241679545785
5.893383896994712
0.0744965723781741 -0.2906691185380402
1.834166756987921
0.628075943177088 -0.6650486409267925
3.9277349981163256
0.7888777820409884 0.9532532773760369
0.11836735319112002
-0.22233659752544893 0.0620429607517947
6.0538643634228135
-0.033559523473407016 0.3485753415338599
3.8627505912165594
-0.34030079842275207 0.11747984652471377
2.5669804862575054
0.5463763908498454 -0.9129875913942805
3.5892402027901467
0.4646265303250795 0.25642508371146056
5.692919869855224
-0.09953103604150923 0.00024931853478181356
3.037756293414935
0.7504112656648569 0.731830009938965
4.531651859468132
---
60000
71
-0.8792708555929044 -0.15773793131665198
5.186161094476447
-0.9139722797726791 -0.17412326297965564
5.501139068962934
0.09917773520547697 0.056792150345478534
2.5044897987447383
0.8094242112342235 0.1272012688090585
5.665223720774131
-0.1845468861756345 0.10111180570553747
2.4366420095705745
0.5345046026445478 -0.7933078436963302
4.044759214478546
0.6606815936232344 -0.4635253363220402
3.0215228821985978
-0.417810610515008 -0.6968213308919229
2.7322357254505736
0.46580751617241134 -0.2399470905266278
2.529326157635521
0.9222278266870121 0.040356869728489626
3.224451819885342
-0.809378362775615 -0.229531740321195
5.364927856287072
---
61000
70
0.11562340032710522 0.28069112316720923
4.495779568075919
-0.08431476847192641 0.5496547120888358
5.821184692195848
0.29421926207699406 0.4793024838070006
5.195494800757624
-0.3627143736000827 0.4701864832844853
0.7566091179302576
-0.0450210648504482 -0.9497514084066099
0.4841364010316429
0.8782672306460928 0.5352634701506527
1.6442594470166085
0.2821719572835535 -0.5948675999954322
2.3505701415305875
-0.38522494166260535 0.7068767300459652
3.3652191141961607
0.1517108787577856 0.39746372574088856
3.2365781150193307
-0.6416785071822249 -0.838965719850544
3.3022679093057086
-0.3113426463085807 -0.28141140633263445
1.6115510320258188
---
62000
81
0.19614187790736756 0.6221193182235724
2.8432705772359568
0.15603743366501088 0.29885428695036037
3.5486459031993975
-0.24211738505024252 0.7328621883496119
1.2921471350021267
0.8866678904651722 -0.5547146104788313
4.953933628127156
-0.10443244121904832 -0.40647193496032175
0.8207564805369225
0.8071727010062264 0.5230719428522322
2.2635639067591855
0.6238422757656863 -0.8098165847514276
1.1315566681494413
0.5270816173481152 0.1336915491158581
5.1286345684559995
0.8846268635693758 -0.1405186611480363
4.864310589937756
0.17220214389225036 0.3309986179363597
1.5425550622392752
-0.14706200899253374 0.2255108226636206
2.8248823125058458
---
63000
68
0.6322083706528171 -0.29107753847553053
1.8323474058230744
0.6600894822464056 0.9210162716473413
1.4564101082098118
-0.393320896854835 -0.32459138566575996
2.8285493592604443
0.8437439459152613 0.8268833220518639
5.382907465812249
-0.147835612436914 0.3310868313423079
6.104855254084663
-0.6696132625459708 -0.37137884354417716
4.937302593765034
0.32840583212640334 -0.13539313225373673
4.104140244660117
-0.8994742325095978 0.6746266227289739
2.034991548569688
0.9999955832937389 0.9739156594531897
5.807394632335787
-0.2130871843271533 0.11708068750170263
4.610919943691324
0.35370374444172137 0.16406307522696167
5.370777750895853
---
64000
78
-0.9561252934520227 -0.051501380064412655
2.412929698537479
-0.9660368242708028 -0.024923080130692183
5.218437747316613
-0.009749971732751855 0.4606666954753532
4.031393677673251
-0.9425279288422047 -0.2786455490530475
4.884018356888551
-0.01770567596670062 0.8702638997909413
1.0611732615421872
0.6234399258404143 -0.13496426213666432
6.139079317977312
0.819577558785122 0.9859261856117314
4.082789764734124
0.20676831910159796 0.4801291754898083
3.4403362659029986
0.5027934921635919 -0.43590663963664095
6.1299633011738575
-0.3514214390307866 0.860311753447546
6.2330587823107395
-0.4962243387352797 -0.7521471253782115
2.950337360143159
---
65000
70
-0.20921815959234674 0.20632935271952874
3.8608482701070637
0.31964420069982974 -0.5014874055746703
1.7436239480551405
0.8236381935897015 0.6851372460375255
1.595638273081116
0.6984819719838642 0.03981412224266415
6.0914059988949685
0.2463223745552809 -0.8810286091757403
5.381276676927852
-0.349367880487382 -0.23572322659664394
3.5531319692183816
0.9018694329870701 0.6481381670973388
4.9557700902644
-0.4063095193921119 0.5916738376943405
0.5721922021336332
0.7537058914763098 -0.020291207867790772
2.245074401194179
0.4568797229693859 -0.518696954459889
0.12627142858924856
0.6496079722711333 -0.5594497763035255
0.6305195204493312
---
66000
78
-0.3996285523791267 0.5345768031636502
0.10474663475111594
-0.7996497581735077 0.2539848756143537
0.40786947059857326
0.22511676944973943 0.398628526466061
0.5309605266628052
0.14607129058533508 0.52709743193034
2.2081620655294705
-0.8225630663409859 0.8294799861305098
5.432777732827011
0.9787845584689996 -0.34694050834466933
0.1877736777763248
0.4015358080767622 0.3708138086249836
3.228459112838137
-0.2830690457184015 -0.90987556671462
5.765604696860902
0.5422257062924685 -0.6205906601041952
2.3619996470370985
-0.7461759967284476 -0.12267704422756068
5.326197030342715
-0.7716998068494473 -0.6314216935969209
5.4834922396482
---
67000
76
0.7028508677803538 0.13898188306213366
0.5553092205145597
-0.8129014644978307 0.9053558984941669
1.0726953743333247
-0.23810443922667304 0.8488499409796746
0.9582461716409689
-0.3107666279827112 0.5201626848211512
5.795796593618049
-0.07026304400361606 0.10168380392283699
1.3390662824940707
-0.8444189306396125 -0.8932633411019042
2.9751925316965497
-0.9961184545054442 -0.4101348721465749
1.3096012676477162
0.10012736493425382 -0.034154662130705664
3.038316617189584
-0.10934054399916616 -0.7168363214690096
4.137315993236891
0.6371966026517211 -0.28170116861531835
5.560972101569618
0.5991004009710552 -0.8425082620607064
4.981439129828966
---
68000
83
-0.8070398465771723 -0.8378506672948498
0.8280169959806374
-0.09902186065258516 0.856756239994591
3.3960537971939013
-0.8953444999778941 -0.3061510509007867
0.37188341232824573
0.48740836776558205 0.5150723647875273
3.7560848577569645
-0.32198332576899047 0.543125993229079
1.0899550000485942
-0.2487515019375645 -0.5755362025420578
0.039480469953111275
0.6157712143954809 -0.625005887861562
1.543327537233714
-0.9398955989005223 -0.8904855585916179
4.607910865243361
-0.5032642702743946 0.6216572750140242
2.3764896161920657
-0.9098823718591134 0.14587885691047225
3.756283161146394
0.16965233774323082 -0.8862972099657782
5.692698497340358
---
69000
83
-0.8837450955788424 0.868780427497954
1.0007943495212865
-0.06012861017654193 0.9155225549051256
2.5567992417790038
-0.40208853804174954 -0.34779946851632826
0.25516014737698445
0.9578888735775919 0.7410625157547872
2.2304898749934035
-0.5318457756385796 0.43894854195662625
4.130049499795353
-0.9283618114307105 -0.7914673378519967
0.4285977383353661
0.9755165794470942 0.46391209681576695
6.155329652317306
-0.8217463626313404 0.6713356795234963
0.18788724747594632
0.15579526692301793 0.8722394801957734
0.9017732258268243
0.9240991244003466 -0.2808182611043403
4.608600968514259
-0.16888746614922398 -0.9925633031819617
4.952519471186418
---
70000
82
0.2430491250156768 0.9834158508654806
0.06082369768004747
-0.23668985407395973 -0.6307151101983688
1.689834321487126
0.4200214655472849 0.9662386224295368
2.8774291765479436
-0.7017907236170186 0.01560815888012346
4.074167087865838
0.5672328370046168 0.5038504258920263
2.4554124557320547
-0.0342968414071394 0.14061127292636322
4.007747254438547
0.7261551235036838 -0.25568689838502595
3.929660465369225
-0.12419520123066762 -0.9688632800764134
1.4479102154448524
0.2892136527902058 0.9380880769577417
5.983003849429928
-0.22158724533920082 -0.07807149763850084
-2.6843672900133075
0.5125487437422015 0.9564132076487022
3.5419755523196184
---
71000
81
-0.9818394779862677 -0.41071224495357944
3.7301416712772175
0.7438418514934741 0.509920272334502
-3.126944295246255
-0.3806328311746717 0.7272463033329702
0.23079109338787251
0.6004020501234297 0.4526691706419965
4.406329903574543
0.4503983055513795 0.6965306017317667
3.539047469429871
0.4276746888474862 0.7865091758034162
3.1157389458017635
-0.8911070687861158 0.024893463982430752
4.950957511028483
-0.6750942498784505 0.8509832665349131
2.336247873428423
0.5792637959089663 -0.19234202174239784
4.190010908348326
0.912366974565169 -0.22767981891908237
0.11176862188263126
-0.9393398198837515 0.8119845696466231
0.6591557764494151
---
72000
76
-0.17237972056268744 -0.9938226816183214
5.041490439228317
-0.3320823919502108 -0.6473319613869865
4.60154939568269
-0.6720837375957857 0.4537772067791841
5.37518699379351
-0.29377560398039076 -0.5588435188057485
1.7401218171762558
0.05742124421755199 -0.5362373465065103
4.084767012571768
0.11376293912024713 -0.7496512038874249
0.5914371733950459
0.5533057796939651 -0.7386314311987809
2.254729316266201
-0.753644784089592 0.24964829794129434
0.13517757042104162
0.7110992563354446 0.517570461702961
1.3777307504073129
0.29114556839058636 -0.8571301445533365
5.008644567923131
-0.5026221498737891 0.21250634378300493
5.134591013809893
---
73000
80
0.5653143782469173 -0.3767195590163519
1.4899099231780761
0.4084605574004567 -0.4532628571120552
1.7843568616149348
-0.7443699172834223 0.7686348379452321
2.4687620588056767
-0.1801879426870256 0.8143141372139155
5.625978123247574
-0.672273996370534 0.39242710420729715
0.5547381039474661
-0.4430847233791891 0.30513436431238833
4.409105223006504
0.25893931409452364 -0.5899638360766448
1.430493450811026
0.05951763450693081 -0.7803390348180015
1.6901164623501632
-0.4898582064773337 0.2129282234354717
2.7874855259953257
-0.7964402905315282 -0.7984961094253875
2.5626660391389757
0.017304799847407952 -0.35713567034037347
0.31733448317628987
---
74000
88
0.11220726054954103 0.5372104984440956
0.6603478523659105
0.08839567735526896 0.549050830501205
0.7409720662757557
-0.08370797232645139 0.9569818965824216
4.415385341248742
0.6569260470418085 -0.5033483691480228
2.4864111654507024
-0.3263562842445811 0.8891765936199263
4.792757861964788
-0.40885604792489916 0.06458144660379994
5.642214022003397
0.1542374440208734 0.9327429493745392
5.812383581655167
-0.8032901761567649 -0.5693609311970146
5.758627253059033
-0.8029787947010631 -0.3527261846238352
5.584404543038538
-0.5676221256813001 0.8190064136286583
5.693948497644221
-0.08710456645632804 -0.2224643642920075
3.761802335477541
---
75000
84
0.5617389068191604 0.19602392922491912
4.77746000304376
0.7950948333563392 0.24168942048148248
4.2566742988972885
-0.22374379232891928 -0.08831954085962129
5.40379478466827
0.5679808595440641 -0.7993942839105928
4.308069669614373
-0.7471565832473639 0.3657835453571908
1.9440662587068083
-0.9779952271758615 0.8208653934998549
4.191218611548138
0.26032170769715424 -0.9237639156888557
4.3240266764544995
-0.6196593855310307 0.3673357560253495
0.45817105418290094
0.26290486559227794 0.9433843402727804
3.654846560570003
-0.755860858425326 -0.4153064121518491
0.7068697348495183
0.5664919107681485 0.4285506193895944
2.865135781434555
---
76000
76
0.5789871512193339 0.5732409545717183
1.798226990590388
0.524264842407085 0.4407378188392122
3.815232933869341
-0.24526706367228102 -0.802102051694247
1.5474172352336213
-0.7900663244872206 -0.703469640416689
4.854821052835394
0.7340936389171174 0.8268065371970704
2.432386274930744
0.3071252428215675 -0.8105985806632648
3.5072064803921643
-0.3195469813469435 0.7040155551480248
3.056974264759922
-0.19015804401308423 -0.935738324414597
1.6065302806815556
-0.722909153723535 0.6823111284317943
3.6505726803269285
-0.13880555340161244 0.32528735492967525
1.2132989085001755
-0.9023772293116731 0.21964109037196897
0.6972568879014922
---
77000
82
-0.136503887652061 -0.7129852329180316
0.4458403970740217
-0.20954119101560942 -0.7016565214430586
3.3567734922031836
-0.39280405820796216 -0.9711257937956963
5.764616455923118
0.4211143884209998 -0.3425045713568728
0.4702452309910923
0.45149148075934686 0.5753690715099609
3.073059042061586
0.1937924404490617 -0.6155338852524013
6.260740124561903
0.3158352018853036 -0.5681831484261664
0.6233497622091226
0.29845087636083323 -0.4266943571209805
3.1427463712144776
0.40095477496859827 -0.12929645480901084
0.4231081391191429
0.6749215699866238 0.3662461359251034
4.179836277671545
-0.13529434272939972 -0.8013340782982782
2.6822051137813645
---
78000
84
-0.35168033435041934 -0.7692214103898655
0.9283420189221832
-0.46570720953235617 -0.4165612644758997
1.8138801085158578
-0.2130446140188758 0.8010026456392556
2.1151139837346022
-0.24033660906070214 -0.11325141260600813
5.81836128726179
0.4843528625517138 -0.20319749074479296
3.5116950854687143
0.7470044689372329 -0.7869057279524129
5.73076621859451
-0.207610010548578 0.3927315216293242
3.4331344478173635
-0.8602839529075641 -0.158397627435982
1.6615059455257306
-0.2714481426840819 0.042328923116751245
5.150653186469446
-0.7557743350477792 0.6790372258460211
1.5772433737621885
0.9010909090375818 0.7012370445338232
-1.6312641424590417
---
79000
76
0.008153156154144633 -0.483454650453828
1.5682543085702871
0.47544748642262147 -0.8807063999081697
4.477172767021057
0.3925272825648226 -0.9334094701713957
4.5191381453593715
-0.6834073271279039 0.1691808614848997
1.7978107575201525
-0.5658278974541486 0.7194405121770215
6.101502810831983
-0.2775159645449142 -0.11791002611259
1.7120847514999307
-0.6060908106773643 -0.11342164219275162
3.5019465047520315
0.5941988035506724 -0.2707304055238245
2.3592654171756475
-0.08196465576732741 -0.7058792222447315
0.8755485315497777
0.24854144134971737 0.5987189234279143
1.4473301105648462
-0.6088158817013152 -0.6190705362697717
2.8590638198336453
---
80000
77
-0.17906858685893084 0.6578613434468629
5.197813512459344
-0.14732076639459535 0.9681543289493563
0.8534953530260925
0.5426804654888713 0.5657687471733601
2.361672254832695
-0.8587577900392065 -0.9717414751896413
5.664777433782381
-0.5041307342107171 -0.9934408223821183
1.0588960779568812
-0.9144694774449266 -0.93919140362853
2.1181322709293307
-0.4013473950927636 0.885364464215193
4.655279252152211
-0.6639705788005232 0.09348201567329355
3.1614722330320806
-0.38898407078761976 0.44161965294596994
4.608347405626515
0.20340850849819972 -0.23701082314765162
5.047816378054948
0.10790143261103441 -0.6994340449855445
1.5811846938923084
---
81000
84
0.34834475375576374 0.4104266809924336
2.169626689924318
0.811300063970235 0.6859420882431281
1.8327994330813713
0.6223228416751987 0.6776559414426104
2.42384145102736
-0.664352038737282 0.2331573083741193
5.539408941567773
-0.7879284507573812 0.9573574616052258
0.04721807763859154
0.5764922709434895 0.4654423959244602
3.3597337667216802
-0.7200992361339038 -0.8638145825208257
4.940966247234591
-0.4080491549792714 0.6096909790308727
4.522808788178654
0.6366393610379731 -0.1483702531918926
4.193826135480833
0.8898283241185073 0.5656400642823022
3.378606303254088
0.9397025500768805 -0.9343190417746285
4.33121880430429
---
82000
76
-0.6222023865863469 0.6476941000691422
1.2626838793815323
-0.41971165532759847 0.5675940263832681
2.7133293007082164
-0.6010491876605857 0.06869625505600109
0.6208752913011892
0.19233261024372217 0.3513349514868647
4.535852479257519
-0.5952513654391102 0.24554983750467427
0.2234587893974238
-0.44865839878182356 0.25298845281502913
3.9708075675135888
-0.953806012566507 0.18664044213755676
3.115652666853917
0.5234400372580115 0.2503604769562491
3.1949256769368457
0.9675050292196611 0.2758787472963372
3.9446906902208925
-0.12022990007935216 0.35820038814019006
0.4488101499732604
-0.7210453099322482 0.15406643917238225
3.4384562457735592
---
83000
78
-0.35942501621287465 0.16099332600907817
1.3285711076587976
-0.28566351352077163 0.10586887598957836
4.783789135849809
-0.3702687315610915 -0.8220793111120804
4.068174471326896
0.33709008361210724 0.5287243541236164
3.7509437939724775
-0.45337020608288775 0.3960735157976471
0.5065839494795243
0.39406953946600787 -0.013720309090180996
4.082788930156948
0.05426603029559805 0.07542179298349957
4.69226098823237
-0.9891551188496949 -0.3819962287168408
4.172238724792182
-0.3828353799704078 0.5258743621283559
6.25995495968157
0.3498421471366328 -0.3163149607502614
2.143558185323287
-0.25817729049513205 -0.8247037936895614
2.209010949525152
---
84000
81
0.15101370529864422 0.9954467627691008
4.928855013056191
-0.1240083343703807 -0.6765670982086657
1.24267928970169
-0.9286028364787017 -0.029434331069702294
5.327064921774102
-0.9063018610316995 0.4125795413892203
5.466435171235745
-0.7963766514445487 0.9471440466335554
1.3767751575759117
-0.64717932765665 -0.23838656673271566
3.365206833449049
-0.6862738017235137 -0.26537248815471826
4.40819081483366
-0.743512123812564 -0.5480991444151573
4.9389914140239055
0.7658897396138826 -0.34349642451125395
1.263145207661859
0.6836222123668673 -0.3237613999222643
0.4798156175708872
0.7296671742497617 0.5325223367439506
2.2174668543684097
---
85000
84
0.7510614551453086 0.5281218144110277
3.6366429566712215
0.6151994210737848 0.41159714519710255
5.323299632631775
0.4950272136320963 -0.06195134806733324
2.291617581021928
0.7407518798779332 0.5553136696686353
5.853056759884214
-0.48647610432792465 0.00013344976481612092
2.085268246890265
0.41102462366044784 -0.14677790472744462
5.679964582341849
-0.8810489205046392 0.6108403054944851
6.136887335239384
0.3386412859877246 0.8608244300674163
5.3621405094600325
0.06678162068708002 0.16300671191448077
3.275520434337582
0.20921503497340058 -0.2336324425293518
4.9864380088293485
0.4761413826400125 -0.8306095862871283
4.948878737717073
---
86000
85
-0.32750946132624564 0.7882577983505951
1.1699973814664408
-0.3927247665690726 0.4018908087729049
2.938867223147975
-0.8754537971158177 -0.18127388387461385
1.1542892891357468
0.6294600471589883 0.5637791012652034
5.856406002136311
0.1506090626169513 -0.06481790595019776
0.1701515577585493
0.2500187919368491 -0.8373743384626086
6.070767740469526
-0.6538530548229661 -0.6400242916188027
0.1614803900202375
0.6600603792387748 -0.41953807961098205
5.004421847179714
0.014290643546049753 0.9353954659165248
2.893611991833941
0.35325247019980976 -0.200030052387529
4.444724250127196
-0.5688212642819893 0.3787916147492154
4.444420903886091
---
87000
79
-0.5018731489191695 0.8773819418770759
1.3497631509868442
-0.8204384119410193 0.9491346566708065
3.9324580301363277
0.1077537375577317 0.5870424752491201
2.698856029474844
-0.644272991076841 -0.36342505601878144
5.020983453816535
0.1302188772117313 -0.11111167724491422
4.9010416446707845
-0.33990006051788324 0.27988862330369757
2.7735958291503184
0.9109548668567178 -0.6929125879281767
0.4080354159173156
0.23801245842581584 -0.27764097814941097
1.1422234380009968
0.2478038207739291 -0.06359404422453796
0.44917895897032256
-0.382826051258896 0.433424404259462
0.3168109162176398
0.03430419526551523 -0.5556258641317258
4.962020921948046
---
88000
83
0.12230362610044442 0.7454042651155559
5.746808572766214
0.15551828072666604 0.740487708267649
5.135223079437648
-0.5488699317846166 -0.7199697043767095
0.9919029544531242
0.9004720411020037 0.1824269069599252
2.117834798465325
-0.4523862893864879 -0.0781803844565952
1.6434967309536672
0.07283956188028406 0.6723858388795806
2.4616797400832517
0.24371930744759937 -0.3215465160411308
3.8817947930700116
0.17825837806625683 -0.47411881917024395
4.396599163436316
0.14973088881561752 -0.4592965243660046
4.870289647692804
-0.919347964177475 -0.7550312618195952
5.159674786235984
0.5214803768349492 -0.8815442813491013
1.6733085871343398
---
89000
84
-0.08821646130552874 -0.5157203726484253
4.285460260380124
-0.1443464034705983 -0.45606644431364124
2.8111874991932124
0.9554203864147857 -0.8666963539983703
2.053681535233089
-0.06750633568778114 0.5225709806485669
0.7131996126260018
0.4259982662479058 -0.03934805020536621
4.47093729291337
-0.21181545453351064 0.20739407406224164
5.793768927630202
-0.7571103928616055 0.7118304597821471
0.577021062993305
-0.3376150446001758 0.3797011904436099
2.520365338932117
0.044788763168236 -0.7603216374290738
0.773045276652967
-0.046720575795518 -0.7574129780601048
1.5504258877280694
-0.8030201088073871 -0.16351672567613224
3.0391238586828946
---
90000
82
-0.18054957362637 0.10805406610529543
6.232251100947975
-0.24007722253334296 0.06420153607936699
2.88659444613066
-0.8264682549818532 0.2513245119684197
1.434413976633758
-0.16562385499139431 -0.4469005690583792
4.638699559012629
-0.09238076289412547 -0.4314636853151352
1.6337859101295855
-0.41866713724250504 -0.8322884106262123
2.2925572482105876
-0.16086026532961528 -0.4225858093465994
0.4656007579481063
-0.532884696058642 -0.2874283592124529
0.6954454075441046
-0.9980343169478368 0.2579519695254177
2.3267551577848113
0.20559966141267327 -0.8159953662063134
5.524069503143982
-0.5803665300292464 -0.033612959984516445
5.20511663850697
---
91000
75
-0.1978157463860022 0.5257820350732035
3.5990085118656467
-0.20673922148394075 0.4921223752984326
4.770494530257942
0.18755255769625023 0.8629111191693246
2.572375749968603
0.08325317741438257 0.9483362709956841
2.22538744852932
-0.5341479454596637 -0.7225006459043738
1.807508061122162
-0.8702827010626849 0.46905689633689324
0.34370588492195403
0.25034890890018835 0.5383996699453668
4.429845481526453
-0.04562787175042815 -0.20835788611743478
4.973375628464568
0.8400611926248898 -0.8725563836804588
1.2429537842876721
0.7742813112843544 0.39881043413093525
6.052782639148804
0.2846151857769567 0.7733679436948147
1.4877778991803252
---
92000
81
-0.7874663602081383 0.6928716419007362
4.2274899687822085
-0.7865779601806326 -0.24246263856260744
2.260093240038062
0.537062613486807 -0.8350228054810046
4.972143218070088
0.3733721148208624 0.7983139630473385
0.10482384679108125
-0.5094943969987088 -0.2564529829563077
1.2027770951207453
-0.6077620647387814 -0.013197470343721346
3.7821785125205993
-0.9504748671761238 0.02099146059887205
5.580414734970649
0.7758300484789669 0.566828004040466
3.348543976813291
-0.7736589606773356 -0.9915269487624291
4.815811394771657
0.07257654864446877 -0.3498314367966858
2.0782845733240576
-0.5276892141260088 0.07466098318395273
5.482007417294526
---
93000
70
0.47465383160914193 -0.4832910821943544
2.479907774990914
0.5350629887356534 -0.5682471233335762
5.229035192028372
-0.93377490835357 -0.06527806987968665
3.902750574483478
0.29053009362814924 -0.45743920887708744
4.961315183059898
0.7143930643005914 0.11926467680824818
1.8980518902393486
-0.025814485446964554 0.01864072772868361
1.6963323373878643
-0.7295413476648098 0.11030742688813151
3.861521475075606
0.33045190543281466 -0.2729019336617612
2.929609578860937
0.11310621365066817 0.7787795075397195
4.641068248965039
0.07760785015808278 0.3536438831023131
2.109647673616866
-0.4025403636012933 0.6314026976131593
2.9512158504939396
---
94000
86
-0.7236176456431622 -0.41461974979640004
0.4225687096029051
-0.7161364416813514 -0.45395870066111416
5.614291619736722
0.5263494837253732 -0.49918016268172527
5.470759716719466
-0.6674070270926014 -0.5427985934999091
2.2030879074296372
0.39842132547215864 0.8692042599780798
1.5002263297823086
-0.7925090415589826 0.002470867204916523
0.5539129774284746
0.8310804284281881 -0.043826305348346084
2.7184857347783495
0.9652698231989885 -0.16744174386472666
2.542874100554548
0.8480267155244781 -0.9115748121554683
5.27726998664201
0.6788315124571411 0.6339188206188932
3.349623665173401
0.6242745845757592 0.693602011648765
1.7204864743479158
---
95000
79
0.6185187973494751 -0.34790769080559003
4.329734115520016
-0.770292552841283 -0.6441686148299417
3.8281016662606175
0.8741218072867001 -0.2865288672066733
5.272454391246285
-0.9026538961423659 0.27105666459745886
0.5048787267195838
-0.4561320693415239 0.2662705377066592
4.107878117787247
-0.7968957124393794 0.32176648797859425
2.981939308985937
0.7262127927746619 0.49396638551300764
2.644602928252123
0.44799443931413085 0.8832264763704581
0.11299356697282548
-0.26151587509279534 -0.9606167747755682
3.6469799902554882
-0.2016711660402707 -0.3251988736437919
0.4723911935157341
0.17465212733695593 0.6911019672508593
3.0790604248248883
---
96000
75
0.466412693912393 0.7751885233645133
4.137024360879931
0.5445575441858423 0.6838686611780146
5.006552684237614
0.24787029981027606 0.19760946285311012
4.896550022666625
-0.5910511062653276 0.3525870370535222
4.871945814425527
0.9409992850406226 -0.7002218587415869
5.569160502567575
-0.6970900558244071 0.7786571507117899
3.2017776913058373
-0.20907445033651295 0.39473696342660514
0.19151677034875192
0.7197162610706878 0.7775855893265317
4.668586198759468
-0.5990446718895296 0.17515320487005479
0.959035902761701
0.43100454585927306 -0.7934084055455037
1.166756827064665
0.6135679979261088 -0.673082459260961
1.2319301773812557
---
97000
69
0.9963026791204537 0.4862774599818049
4.002915044022179
0.8974362928627033 0.49825882110018127
3.798976089883369
-0.5117719846890633 -0.9462066208673487
3.975006417342973
0.6517796201425211 0.7865938342711516
4.135083138815487
-0.278349613449319 0.2858406390954087
2.2119874527307006
-0.7284740386035397 0.9244252282550719
6.269991828281104
0.752281440371709 0.5777163609976184
3.628420325952103
0.926496001986306 -0.45224556386963355
2.1315985432796056
0.20571414966397808 0.7201313982397417
4.505509236149842
-0.43320923288624563 0.6268280895101069
4.413743207398332
0.26504773882221777 -0.8397199533365776
3.5041707160942277
---
98000
81
0.7849968896777657 -0.16583990341959945
4.861949826544063
-0.9594865800514363 -0.6162657155863921
1.4507342713273292
-0.6822295078642874 0.7414006524170634
1.597844926851601
0.8648505869762206 -0.6677426517436522
1.290829783047316
-0.664018402657946 -0.3294309373676369
1.3113931958949174
0.2189045163916205 -0.2442028800290471
3.8064841671761975
-0.7475156569097863 0.8218403075685483
1.354861483238066
0.25312862617259724 -0.21637920257830473
2.190164611644118
0.33224495714260405 0.24203770832720903
2.144913401624412
0.9465584577729517 -0.3806302816103674
1.9586211737339871
0.304416518672318 -0.09916891133170427
4.105801762958075
---
99000
83
0.20263081838345445 0.7530400305763325
0.9518741314252874
0.28523476795604785 0.7151807338917336
2.242882829482043
0.2261533274431277 0.7588918788504071
2.1584429799449243
-0.2690135767742372 -0.562683534297943
2.0202559753332308
0.8288941171374657 -0.7351232557883141
3.140489184436632
0.04726228495643453 0.6300713878180284
1.8141796221472681
0.8992561617348716 0.39969025538325675
0.25290720564284364
0.6731354334812861 0.839298325676799
2.481978346057806
0.04426943345102992 0.6079516278950405
5.030860796029241
-0.8927680616216764 -0.2288649340410162
4.011063704040419
0.7087836602949906 -0.9580670549039082
1.6170882539879354
---
