100
{'run_name': '2D_rec_10_total_boids_short_chase', 'annealing': True, 'annealing_start': 0.2, 'annealing_end': 0.002, 'nr_observed_agents': 2, 'nr_of_boids': 9, 'predator_present': True, 'grouped_spawn': False, 'predator_halting': False, 'record_keeping': True, 'record_frequency': 1000, 'exp_folder_name': 'big network 5 observed', 'boid_speed': 0.0333, 'boid_color': (0.8, 0.8, 0.8, 1), 'boid_turning_speed': 1.5707963267948966, 'predator_speed': 0.0333, 'predator_speed_slow': 0.0333, 'predator_speed_fast': 0.0533, 'predator_lunging': False, 'predator_lunge_speed': 0.013, 'predator_lunge_distance': 0.1, 'predator_turning_speed': 0.7853981633974483, 'predator_color': (0.8, 0.2, 0.2, 1), 'predator_confusion': True, 'predator_confusion_distance': 0.4, 'predator_confusion_threshold': 2, 'predator_chase_time': 10, 'predator_halt_time': 0, 'predator_eating_distance': 0.06666, 'height': 800, 'width': 800, 'graphics': True}
tick
boids eaten
predator position
predator rotation
agent positions (and)
agent rotations (interleaved)
----
0
76
0.6846710123324314 -0.7237490535575902
4.256851910169885
0.4075130629361972 -0.7571922792694407
5.181734914185327
0.5995356258596888 -0.3582754136337662
1.193976427985186
-0.08938924408331352 0.06019184717686801
4.670310939126152
0.9567353332881127 0.24745051597376774
3.8617213774103822
-0.6936519926440973 -0.972724525251364
5.282943596661218
-0.898691462644941 0.4796355771679146
5.5521496037143185
0.24558712688807738 0.18037049466041424
2.9969600117526882
0.25448812725600345 0.015873071998202922
5.618912826917943
0.1263690939507024 -0.5530738251541718
1.0703009535322798
0.45662212928858303 -0.7099431492570676
4.552041560869198
---
1000
88
-0.17643627516501859 -0.5153477955860859
5.5576775788733475
0.07752879434139422 -0.6424012751969028
4.716509095996081
-0.8364982600085886 0.5709950673930752
3.199959595484951
-0.24618966743021178 -0.15284518236033248
6.164250364444056
-0.5915663519887344 0.38777665640223297
5.028536635620438
0.17436540342914936 -0.18383391027936904
0.43861485272464495
-0.8710624567633365 -0.9789690989568638
1.5097937698460564
-0.5073253695627019 -0.3853809074688313
4.237601277807455
-0.9213981804926169 0.6679287909563726
2.9624825214205073
0.046975937211180055 -0.20561187566964637
1.1668347433378639
-0.3888474326181523 0.8079801451687539
1.3134761435785736
---
2000
77
0.707338342943776 -0.5249819382923061
4.984919267919853
0.3420884486161292 -0.7519869548643652
6.087094780836617
0.7030015143990433 -0.384567189603373
3.0714948102857225
0.3177599660376419 -0.9943633101504452
3.3760044144985306
-0.3342049191549679 -0.06561674448492053
1.120362586272627
0.7849905399155089 -0.8827860577470514
0.05508627151776846
0.9309140711070658 0.4347352516441749
5.88703825910429
-0.14954471860336152 -0.7126313307596595
4.6182863953853674
-0.49482880130599444 0.1704401650357279
3.2275817822154105
-0.896698652244603 0.7827108641053008
4.866080577457861
-0.607519131043435 0.7742169703531157
5.699164170386594
---
3000
83
-0.17342010073648925 -0.6936900812378867
5.483413672470055
-0.2925196686715833 -0.2959959812067649
0.38171208357198605
-0.11607050177640443 0.43085858832273527
0.12562519862148935
0.2748684338517089 -0.18618865084906747
5.078493910617462
-0.5769091375053245 0.7521293726072336
1.7973659604858172
0.8733497110191094 -0.5843811664570197
5.553333230828404
0.21607082041701858 0.23798963623227806
3.4060083014655564
0.4873643565442208 0.7585571982777194
1.4548405593597176
-0.46253519006529353 0.952900596868932
3.0885017116605953
-0.43249191921457214 -0.2323293784652115
5.289182835766636
0.03914722400168005 -0.5617711737846512
3.745831874489971
---
4000
78
0.7432890282566126 -0.7746140820287702
5.813898046257125
0.6929158016585186 -0.9054607456187024
1.6667312759346657
0.4958508020698484 0.7161600246158344
5.638334253620958
-0.675822863594877 0.29658228283108345
0.29924605225765166
0.873010009921755 0.31971981029222796
3.7414128141091503
0.002918931571623159 0.019604650642775227
1.424352465951511
0.1178423276485428 0.7126412181310093
4.973548837029113
-0.45138517026669933 0.5915873961288854
1.5212819376857336
-0.821511072781034 -0.39964006290187504
3.4092892813422235
-0.5243286885302517 0.7568128035525025
4.674771918881335
0.8331110719915263 0.8867368241473956
0.9842701670338894
---
5000
79
0.07077128959105372 -0.5244650465742575
3.958810020579681
0.2351054263379676 -0.8367828343350951
2.5960943198537425
-0.5823290964621671 0.10944727727188502
5.315179198322343
-0.6708810430118294 -0.5210196202253923
1.4384013281246535
-0.2945850280464735 -0.9959373373039774
4.728880517340139
-0.5652310494563618 0.5505012985737979
3.998155208145173
-0.38848012168276425 -0.7740025103878876
3.074215459251926
0.69485350941767 0.46755177052225144
5.967664811349145
0.797260115905108 0.6728701408645689
2.216304212830341
0.9638940583843141 0.7048197648152771
5.9912061317188545
-0.27261773464114025 -0.290605281232171
2.024594837743657
---
6000
84
0.13584611801334054 0.19638404715008667
1.889281258108363
0.07994478993801746 0.33703017094344934
2.4521823670608187
-0.25374929398175183 0.29707543543015014
4.09859242484522
-0.36812277151902956 -0.9407905204615357
-1.0968375720210368
0.3982970723608104 -0.6484741190859412
6.007654399441045
0.18211372991927494 0.12784827367859303
2.3895135436763395
-0.8579957312922634 -0.5802305670772148
3.4238810569785283
0.13679088996899763 0.16398892827246342
3.2071041649556715
0.6217039926149399 0.5999014780588466
0.27029543947632373
0.5881222774906218 -0.028727551696831798
0.7057991562207251
-0.13849557631298023 0.46754995148354445
3.0777504463612937
---
7000
79
0.09277320920812658 0.033724918876537224
1.7207774794027264
0.21965593526703914 -0.3983891279101301
0.9571328493270705
0.861633237737518 0.1078636358507418
2.3557612201921847
-0.7812855682019568 -0.5466445756354128
6.101877666361368
-0.24388545239801787 0.6896358170924218
6.113980157907402
0.49207122605978404 0.9505332147174129
3.191625860833776
0.03258251958656702 0.5886643623486457
6.142051745192425
0.9820242782058968 0.9159937618730005
0.7246104452614643
-0.8462789880787329 0.3507878779566242
1.369390547919191
0.8357958510055402 -0.12452784549735606
5.910769698176795
-0.6726428008975105 -0.7728905205364088
0.44764962515224127
---
8000
83
-0.8663113708127829 -0.26601272632178674
4.695931480194284
-0.6380224877686246 -0.3227599636155278
1.582621987597829
-0.8986178064433465 -0.2897446638267677
4.660862625583682
-0.568716116821602 0.6250036347331831
3.069725743878567
-0.6290031198151561 0.5900483517091906
3.462423902662244
-0.9123173783212324 -0.6980271470090209
5.117560032915093
-0.8325627226182571 0.3719200934496798
4.24440546698033
0.8716221960798546 -0.9643316496614573
0.6371719518423689
-0.1457617711829153 0.9950790860278192
1.3850005211248435
-0.9007394673604482 -0.9626646990902871
0.5341434453017415
-0.7865294138437628 0.385596789826367
5.69907902026137
---
9000
86
-0.20908367941154937 -0.41157168549680806
0.37725521887124447
-0.2581047394103364 -0.4409222379233861
4.15427264104569
0.11917861187335099 -0.17408620123723567
3.755385691784584
0.6543540679101847 -0.5263828148632924
1.5364878263625101
-0.22197258568489964 -0.7299930960345999
0.8212513168236635
0.9971007922208622 0.12563405421965113
0.6621911205499584
-0.1393872911125609 0.28359435230634633
1.1584870799898077
-0.5097177226578892 0.33855503624597016
1.7913278404046045
-0.5936922302207674 0.549826963665657
5.976352215123286
0.4160357441930817 0.16440196343609473
3.909065525638815
-0.06917690532166837 -0.940513416899194
2.6017943568550734
---
10000
80
-0.6846336878345435 0.6478043688707924
2.5347702369961915
-0.8192600846822911 0.8118702713949169
3.533859661143377
0.6749112619293234 0.2714931604027041
0.46510457792439475
0.9708958500217133 0.8796179564763532
5.504242663639788
-0.2898061325773198 0.5918102792305711
6.0156907897102645
0.6040770891502409 0.7671427180391321
1.7150637460413671
-0.7501082931694885 0.7943875594582877
6.082573652934475
0.2310925347381036 -0.25539852214713193
3.8790184456252694
0.8687156593553746 0.6735143074726612
3.1835299663522507
0.22034285697635805 -0.5185869618961612
4.87614864472456
-0.5136433449595916 0.3255499470404903
3.82648606150713
---
11000
65
0.8534758125536925 0.8705753957683818
0.7087822408324462
0.19779710003810197 0.5418304102607351
3.0759616084271766
0.279582123730439 -0.7507713114808694
1.8215588302086188
-0.7617091630696203 -0.09070236376699445
2.1369946464069534
-0.12489993197250636 0.7125115847835797
0.3529959713563535
0.8297370335536711 -0.7506949936296481
3.76079398935799
-0.7440240058426821 0.7946022197053618
1.9409486743914046
-0.9567421827993616 0.3720131610600092
4.9446331211183105
0.15253214388318162 0.8232698389650887
1.3213023679259122
0.8468840138828618 -0.2187372131170819
5.23820479240073
0.7674274979435034 0.31682788767486514
0.8144767002521114
---
12000
81
-0.3446396573210769 0.9019025883933712
1.2434486185771818
0.021194038204666518 0.7801749796532712
1.6627269458948701
0.4837267177611565 0.2513730722294765
3.517387077278345
-0.9235378322283074 -0.2092355652404811
3.197833118612661
-0.7089407605130004 0.5687832930572383
4.147291376758828
0.45751458895268343 0.14870961492389637
2.1877516513888615
0.8622151605043399 -0.14653325140222198
4.698487288121715
-0.10023612210633576 0.6351065245589497
2.8225085853671237
-0.034179519969150585 -0.9193233496524525
6.078404015489491
0.4931574267961481 0.37692099761990383
5.363788311927505
0.02977338203859857 -0.9335485556515278
4.2798585560001765
---
13000
80
-0.7168052435034166 0.7675522057642952
1.3438424376333886
-0.21274389705935126 -0.4851360435257788
4.1059311264144185
-0.014997498428777406 -0.6533558138958373
3.5897096945330604
-0.03780872320011848 -0.7109309089008873
3.049799158457385
0.8444405424882209 -0.9227299871401222
0.30725189551503185
-0.16417080097852044 -0.6779677179370913
3.6441232933886116
0.17497586395402612 0.1483879220122331
1.893923538897667
-0.3495077626942378 0.29381322022299866
1.3020999233907338
0.6168279313939234 0.7472079825924279
3.52124660091654
0.3000429996683555 -0.596059787599276
4.563596209254904
-0.9051142947296056 -0.996925175877458
6.198159419884574
---
14000
80
0.9127980138070232 -0.06155359325705798
1.1135318508882774
0.8240629425401133 0.05680320702788188
6.1061725455028135
0.44761381296783337 0.14768195389090588
2.5245145503036523
0.1550325771575291 -0.2509112332924994
1.8390183947368604
-0.33743848033189294 0.4143493552640185
2.6939728784734536
-0.5616001018900124 -0.7006139567159967
4.7294752378382645
-0.13944468478800576 -0.03904308541078843
5.536170418915204
-0.7593205838434947 0.8197343332964111
2.1953603473065053
0.717043487505864 0.14117576705137208
5.955511339342442
-0.4673623490595311 -0.254148437109729
4.823223018498926
-0.20058982205553094 0.42730804466976485
0.24690820377584366
---
15000
84
0.45754176524455553 -0.6839983837792347
3.323703976374875
0.577067414816905 -0.8911365283354137
3.600460655205432
0.4233475164681887 -0.9031990683029734
3.730648720968213
0.68440507673752 -0.45939110679254064
0.03186703973159055
0.5465617603026308 -0.012788090729564492
2.9940884791178135
-0.03636483029345562 -0.3026881437835881
5.621473492732923
-0.5589540300887439 0.1717826117309693
0.24228098000970277
-0.7708368120806304 -0.021329674001333024
3.5746507756160444
0.18866702969265997 -0.6182942270842327
3.0289759884951266
0.5036156345791775 0.06294072048334226
5.950690303672297
0.6736355210642081 0.5811896719515449
1.5110843726417285
---
16000
80
-0.30703327092330884 -0.205774895474184
4.403449812837612
-0.22132781366550522 -0.12573584417540218
0.9061160285288894
-0.7334020050762834 0.8056497451299857
2.1067035427173897
-0.9893127704769492 -0.6037883472421146
1.3736083671998873
0.8372218731324886 0.4674996198857614
4.269561883711621
0.9446935807505806 -0.8443144058225185
2.021027884314625
0.529816878920999 -0.6824832615406683
2.22606718087496
-0.5967346807135179 -0.0829656817748232
0.31265243308694135
0.1580687511135932 0.3155471664587273
0.40560994979621867
-0.24532823886533728 0.9433600494246384
0.9302606008420442
-0.6982051292120744 -0.3028164047289952
2.7328464618362958
---
17000
83
0.13298341011293513 0.1907395998532229
0.19400333914943108
0.426059754018333 0.13357004830590777
0.061314792393332596
0.7651846397431077 -0.4492797732983489
5.260343774349152
-0.3203113809946566 0.9041165651477234
3.0355973649688623
0.45662878853621264 0.07323726609373066
2.1746844483196552
0.5417367415649987 -0.15217444778052064
1.2112022760814822
0.5394302617528559 -0.6320387948960693
5.108328899616028
0.39623648142188955 0.16220233651137697
2.0177900314711694
-0.10982641702820016 0.34518087663174024
0.0907473665065357
-0.3695606365956578 -0.7235051088553979
0.6184772934769818
0.18768699462084662 0.3815294757250344
3.4117968804806376
---
18000
83
0.5716436558742328 0.7171296477815672
1.9184468860503112
0.5892594246795867 0.8820115867526153
0.7914876691470152
-0.6867011590396725 0.6406416254107484
5.595891127656819
-0.6572090779292149 -0.05834985069356306
6.282762786050753
-0.39913401248526614 -0.4928763354312171
5.9714054734200435
-0.20967335603059523 0.8896563694469736
5.335667457816926
-0.24456075965788776 0.9211029219706477
-0.727077704446464
-0.5098325449253169 -0.21736587589906345
6.020895876267899
0.20291210105618235 0.4157186152208385
3.6051926648361876
-0.8582325502630828 0.350551142675332
3.537354813006398
0.5532668971314996 0.22737409638490075
2.195656616036529
---
19000
70
-0.34648196720221175 0.7947798278835657
1.1616210960884805
-0.3363377826091643 0.7217946792219948
6.133180381879017
0.5378442567768831 -0.8648839736403249
2.499259139058184
-0.20899710974454266 -0.005918765876160213
1.6470651486580516
-0.9429678295593529 -0.9768930623199356
3.177224333856466
-0.3166713274008064 -0.8288927314129219
0.40928176584702847
-0.24667558570416528 0.9354217290415904
1.781177819038601
-0.9723010334924495 0.9008454867292847
2.601344654880749
0.8553523639722889 -0.5143358889634434
4.755394204027133
0.015905489340079487 -0.6712336406934551
2.9146667059432403
0.011156939276380434 -0.9484691394098286
3.905180236271968
---
20000
81
0.2876962270505844 -0.8752816241948441
5.653463458458164
0.5808037041516066 0.8489810413750462
5.734059957857782
-0.4161584770976427 -0.26945808774488067
6.100014277712648
0.799949652783399 -0.07434600070131109
0.842740128410731
0.07435396286526526 0.18473684314458352
6.251675835197167
-0.31405208743351304 0.6105702818515213
0.6638656764052921
-0.7530948937163657 -0.8627676845189896
4.559460211800779
0.6852783299132538 0.37712198848040174
1.1329569387963074
-0.23983617709797764 0.19375258882446708
4.241395365299255
-0.8597389227036067 0.25298615590271434
0.6515125222235207
0.11962490123843683 -0.08507530056988666
5.972193761801572
---
21000
84
0.3509341125706663 -0.7228592468716123
1.9673960770379542
-0.7088872806916586 0.7689921590344686
1.9980779572407243
-0.6869047237728025 -0.17371026569381362
4.0066598042372945
-0.944806075578749 -0.128387395395294
5.361073252230763
0.9169914367598418 -0.385298312417071
0.33229073741005455
-0.64789964676112 -0.5354091436116305
2.4090217133514837
-0.5250177528496517 -0.023398859737245786
4.665539401074803
-0.5574708443560373 -0.8549052321928071
2.5041575647364542
-0.2688491179090634 -0.8414206060595928
5.644143778514746
-0.3206663732321745 0.08513526369786506
4.161487817589374
0.12075103394379438 -0.9501397744936019
4.019168168367269
---
22000
80
-0.9738448812438711 0.8858229649058317
4.176712241116013
-0.9655736454304769 0.9617522208562523
1.6709217673017296
0.04927596519304714 -0.5104365992256399
1.467143557080897
-0.37032117764634914 0.8457176123595431
3.844027173239704
0.5010218445660265 0.20554124569314083
4.04326859746485
0.024524522332348475 -0.45046160893997583
1.8582469465490892
-0.018708214021377345 -0.7566028559803496
1.3147717471523759
0.2614999750514059 -0.5378111772727512
4.332195453528644
-0.791005846305736 -0.9744788973492408
4.122193798227938
0.9370742023606655 -0.39607412366421235
3.8139145685435194
-0.5556066918740988 0.6184035767505763
6.177615887511095
---
23000
80
-0.23827754619603025 -0.6280160296928616
4.566009530582308
0.24293989227324414 -0.8671755624912433
0.911460602751788
0.7335412162187068 -0.8288176264145702
5.0962196678993585
0.7594837397273102 0.6171840737486721
0.8985296229482618
0.3158456607778804 -0.09411725638759175
2.6158213975711124
-0.768612845194743 0.9294912499692598
2.216717956207056
-0.3935665114678533 0.6616822502404102
4.483094112831391
0.7037583207865716 -0.043018012289620225
1.874397493262296
0.7779010132244053 -0.9428999425932111
1.2989365506441306
0.4524337897361575 -0.6105632650368102
2.4577658654144416
-0.3116943034834607 -0.7543559772813935
0.12600474854157628
---
24000
75
-0.6205849054195065 -0.6578718178415356
0.1869783430835512
0.6155061194713093 -0.7112353376036575
1.3210674202032617
-0.8726148956747265 0.49708363501751845
3.838093157380155
0.23967712354238446 0.520288808035406
0.9233330328973315
0.7650796801932015 -0.23399416038060344
3.968550597140962
0.8713150976290442 -0.3301424309212698
2.6150572373664547
0.4647406274771652 0.8225784646647162
2.6946645655486945
-0.9896739771865761 -0.660552964827886
0.2713972518962222
-0.5328853857815836 -0.6746587157540463
2.928649054100501
-0.41173967460235333 -0.6218572325195233
1.8136316486745345
0.35137406538784716 -0.04755480086473312
3.4866826447923627
---
25000
86
0.04924336015490233 -0.12964994643365385
2.2391174726963983
-0.09493353223896059 -0.7084556304008385
1.066076696840212
0.44506786267538323 0.4583318701008124
2.4811919315782482
-0.951698443830579 0.8289117986405303
4.263453368587461
0.2184641019773293 0.2880434048101786
1.821617748803181
-0.9159970041478352 0.1522258831615364
0.9009473364186098
-0.15036724073521252 -0.9572554183758315
0.6320759802074152
0.7067378562143039 0.5748713217502656
1.915244710650831
0.48995823472582806 -0.8267575486793591
4.398544674253221
0.9137012197204377 -0.08459816911785217
5.128061683110475
-0.03221954543820368 -0.7312461119447178
2.046941470192306
---
26000
80
0.16507884434867579 0.7680217294158833
2.514327114787668
-0.13578765380712707 0.7768121433615124
6.075302486954758
0.4878272576322376 -0.9532508307429803
0.8348640978684774
-0.7422403230340106 0.3949761908319033
4.26996495736572
-0.39897953507473133 -0.6746012695803939
1.8552907774393947
-0.5680278206561703 0.01960645977114866
5.4150253051465835
0.49731234409350483 0.2571385800043117
4.3892128847912115
-0.3896076318936198 -0.4976061610955376
2.1849079152445974
0.02235405065615194 -0.8985017093132783
1.7018636722103677
-0.5698592791211174 -0.7849504297974096
2.4588372140130748
-0.8284110952749184 -0.20451243642336792
1.9812289806863728
---
27000
75
-0.022867630907142014 0.5228134984220272
4.712240343407119
0.28689993831788396 0.5896328172865317
4.104670209005363
0.5438384599279191 -0.2710697265079387
3.2642127376506815
0.06824915134289346 -0.8857851035728659
1.8015998761309744
-0.16515391785124026 -0.23587869812434412
2.62204634510751
0.13947067672928265 -0.04473251807051218
1.6551772246890213
-0.6750444830331725 -0.48972009034233627
3.7373278005613413
-0.7571615001372434 -0.7844827081106328
1.047895707323236
0.402017709214723 -0.705646107693774
2.199644178578886
-0.8556650543384343 -0.5565240122199488
1.7734439571074736
0.02364729259251995 -0.8984628634267184
1.9051699859042444
---
28000
72
-0.22612972934270822 0.6165847678451454
2.6175605471934658
-0.18573271979689315 0.7822003125054451
6.136610729966742
-0.16233204357083572 0.12771800637605046
0.9014695070840277
-0.8602752588289911 0.9127403008822444
0.3094541147496066
0.04479130158946967 0.462831276460008
1.257834647131637
0.3329489493130612 0.2431106506757961
5.390525818992467
-0.15643268785119535 0.007970585180427772
2.2468798314231773
0.344581677636404 0.07467378618807514
6.0884664956157195
-0.9830747654863194 -0.235331504863527
0.312318812570171
-0.32021910458702957 -0.9023465907585791
4.690219293794335
-0.004830859124789512 0.08402701382396884
4.701269886726704
---
29000
83
0.40712848527630163 0.3881129076727119
4.927833313739588
0.691432278871545 0.20553150826920236
1.0345546129395675
-0.32174528348635 -0.18902821741003348
5.9260602230174095
-0.0773296314010611 0.7570547375102228
2.1726079439519177
0.5380542457241938 -0.32846962123381107
5.683724789952161
0.8958341511783391 -0.9893384106369344
5.708161532617963
0.3982231233425107 0.6169912285078847
5.660193460339995
0.0774271769142766 -0.5479618600975825
2.323866586453935
0.7143964818809778 -0.541114320172042
5.734835358299032
-0.9238141395496853 -0.6605402827004137
0.009020776233914951
-0.0962902172970072 0.3730006120676959
2.691505392251671
---
30000
82
0.219368796927376 0.4309785120309222
4.0816078284555575
0.3953206279524808 -0.8194325629623596
2.5930748219806485
-0.9745965310441602 0.07148381157563419
4.304206622857486
0.15017195180259865 -0.18416123356040184
1.8875962398147772
-0.12513565674753183 -0.7539442193454178
3.541831274309698
0.7183345080214992 -0.7201150051836684
3.3430584877527485
-0.22597506674074552 -0.7679920282480369
5.723469132327966
0.9960843747387895 0.9000454517270338
1.7287845904691848
0.9103174289193098 -0.8633960385818973
2.63903504745101
-0.31137220150498185 0.7337126354153265
2.719416673053967
0.7857976004662834 -0.35700206319064387
3.8491131928515596
---
31000
79
-0.028548584467638895 -0.7246042297987312
3.4589553779682713
-0.05112432029159292 -0.627574587550836
0.08514804709865587
0.2226234718784888 -0.15782186794414083
4.584998671011081
0.6788600424516235 0.5781632765642711
5.772167590016722
-0.1955413095511221 0.8399815643850386
6.092342644389283
-0.255786636376926 -0.5790388785748023
5.797686443680773
0.9232907806696681 -0.5486447556506432
5.187963502691707
-0.6956060552956035 -0.13774410568092407
2.8731669675902003
0.5003952550592414 0.0401966380607609
4.390975466603591
-0.026851055582052134 0.2510869584072151
2.8905611624092815
0.5213547397636188 -0.5477814622592442
4.98622430208963
---
32000
80
0.4945117627751415 -0.7385990126177061
5.696636843479666
0.3980732737661556 -0.7537538248565159
2.123840436928571
0.45590187451523245 -0.7067312837512052
6.140910963836124
-0.5595128146183782 0.24600471125388274
3.0469203033469636
-0.42237728182396367 0.3310307153226573
3.609578681282474
0.11292494773090692 -0.8316352904544048
3.2270276627548036
-0.18648947809801716 -0.24993847121778665
6.015156502500105
-0.6615685725645639 0.3427989459335719
0.2560495187400438
-0.6312315788978573 0.4947201514632109
2.394020485485969
-0.1848145292366601 -0.9338214576483906
4.595960741799324
-0.37565142479166497 0.4621504634003708
4.460976654503137
---
33000
73
-0.9883983616156201 -0.14075359954834868
4.426564336779261
0.45705471979293527 0.025970309457280242
2.9283086735065043
0.10388790462496669 -0.37315125817001704
5.148218788202285
-0.09260109175508127 -0.3742280669452973
4.576275924394835
-0.7947783622939943 0.35484363213912523
5.980508995977397
0.5096602939797688 0.34496006722714145
2.0300740798539723
-0.038751182097591014 0.28214431094728204
4.6791856147756725
0.636689210120823 -0.4266969093944052
5.009492404350758
0.9480514275633912 0.5965699892636661
0.878297244300426
-0.35438479861611183 -0.5110817999535356
4.8968870859954805
0.9356247693023984 -0.2713200106886545
2.0612388685327945
---
34000
77
0.5459417429650614 0.1050360515140231
1.7227236661750187
0.4953946986298819 0.38591375206630407
1.9793818823125209
-0.2609124377088133 -0.6830088254796505
0.6482777930453674
-0.007199176999769907 0.5397496472667228
2.6370173841568145
0.7069542863111612 0.013741673954135423
5.524427258519175
0.9437769507054419 -0.7435145847751914
2.384215713085659
-0.8894569384134032 0.22383838888094437
3.6832960292108097
0.4325164286953307 -0.5319606854231903
1.2048518640074901
0.6038906576055308 -0.9790838902823618
1.1004196214727893
0.5949226421221923 0.4251216940740801
6.270666974343372
-0.3367499638643034 -0.34457582395250047
3.9532520268460063
---
35000
83
-0.7955582736382081 -0.5825425294976707
0.11094223277939402
-0.8649142039719037 -0.4029362179900574
4.852875018068266
0.15137597378600695 0.2440516357025654
5.145239876028298
-0.283334331877022 0.7499941015084403
2.660220903704297
-0.5932365519896386 -0.19664977805428385
4.292662991593549
-0.4118832680725584 -0.6163448863601941
2.550506827003174
-0.1253016738902125 0.5856227991001506
1.7798204556052912
-0.7826232064589917 -0.7873853982361505
5.092459340684328
-0.21769781522849874 0.7726085598132756
6.107465418596736
-0.06721438481458045 0.8610105358563899
5.767516906776129
0.6869456240617251 -0.8425812469998235
0.4575411068213171
---
36000
80
-0.13415570293965068 0.9159533484915156
3.2944884937155927
-0.09909633504811394 0.9606859249365016
3.4364054190845446
0.22192507684995716 -0.1977763815132646
4.650618179532075
-0.369761616155821 0.24382452072335054
5.767852223790437
-0.03315125108355857 0.8483903200531207
2.2113951136818457
0.6369029687868071 -0.8423648742369451
6.174947597380471
0.15287457255651998 -0.4965190740954166
4.8857959144516
0.7366455011535291 0.5139377761681219
2.9061436163226846
0.46845491078998547 0.8812908007906074
2.174267488354273
0.7021877880167842 0.9384644071473317
5.225752542566429
0.42867567914916377 0.019581249623444517
0.06863309406105778
---
37000
87
-0.11647664796608545 -0.3317437751881143
4.192138332506929
-0.12333203806104237 -0.19504370660165044
2.6966074692483177
-0.9083091038509854 -0.2234630227735924
0.2477966543976411
-0.18447396609122743 0.7510349176227171
5.142660364259623
0.16077669151395801 0.9894132534704237
0.8167141445446893
0.7266039188450238 0.542767408467967
5.9208820927891335
0.3330594725034807 0.9180729677943869
3.951539679103755
-0.07384916828530858 -0.9175241890454493
2.961450140517928
-0.4987946209079141 -0.16367670347708138
-1.548050304236022
0.09976701114899802 -0.5128163935103147
2.9639441836914546
-0.6378476324503967 0.5681791349465053
2.8426052136111535
---
38000
83
-0.0230335098896078 0.8270614709420319
2.5069587882319673
-0.3804175765813435 -0.9474779398064057
0.3114573914205776
0.8539551048184638 -0.03130798362812758
5.409939298014262
0.5818386710688999 -0.5275504651953148
0.6951030280867263
0.027159796758728472 0.3901035283862626
3.734494739445676
0.9342378163011981 -0.8858558445653313
3.5647069897902197
-0.9179239293102577 -0.9032049922885713
2.49768207681395
0.4723400458554466 0.20315390363137867
4.230921241531104
-0.8408774535381499 -0.32024461673333054
5.612264181334245
-0.2977064422480804 0.26105916411987323
2.2666483212369624
0.7517970196738505 0.5519443395602455
4.4382925667515645
---
39000
79
-0.6241349171862267 -0.757019282035789
3.550030242342712
-0.8574957706225613 0.9233967119197929
1.8279366756070123
0.9814643304350648 0.8249033856402532
2.905408211253979
-0.38635913101297836 0.949370775984547
0.2345412361635173
-0.7725983577198718 0.11950011684820967
3.5160566756346343
-0.054919746449384105 -0.3644927266726535
5.108530709148569
-0.3833239563754619 -0.4874614352088163
2.5821198621839043
0.1757763795253301 -0.8948166941048441
4.433963698525091
-0.40251493725986814 0.27547940594011294
0.41838690797511546
-0.9074564415662885 0.8922589129351937
5.531384057084279
0.6843674404108824 -0.41725843019565045
3.6136991235775335
---
40000
82
0.9047243800281628 0.30169736380726186
3.6905020346637056
0.8973351772461066 0.23879027718489518
4.027130930444967
0.6865962622479491 0.7729858279105859
3.0165101889721893
0.8329069218487524 0.7809690612689498
5.891400778925629
-0.35516860637557685 -0.5033820791346948
4.313730336608609
-0.2388065973421943 0.5324110365707416
5.974814199517636
0.9339079936651119 0.3614229894531416
2.028577348513805
0.9820180450022409 -0.09681209709556382
4.759374839394882
0.340096922102503 -0.14054376424281415
5.962581761075145
0.3001900336038479 -0.46955256689786423
5.783927747463162
0.8924220381488075 -0.19474269981725287
4.335201793721147
---
41000
85
0.20407810938821283 -0.008624590302768569
1.3897119250703303
0.2505549710505939 3.1326143577418974e-05
2.1735681305801906
0.8034301048397452 -0.17034975380766806
1.0334883613039176
0.5736209241593563 0.26684426570880737
4.884651380601952
-0.21159752914332 0.38403257837733973
4.008371938089077
0.0625161709804218 0.9894490567739013
0.6451902125724825
-0.05792765160001169 0.8017510935484975
4.498497498026778
0.03352209470119634 0.3020894447745758
4.352060244638447
0.5329728941576691 -0.06621776061716816
4.9418033665165035
-0.9827055257601964 0.046891785449988004
3.122356438171047
0.7499523710377451 0.08802756977118764
3.7810876341942317
---
42000
79
-0.03577122279892565 -0.955271986510552
2.238029532051281
-0.09914584048931163 -0.6294290969885569
1.0786814373655043
0.6382480839394452 -0.9012371796062012
3.9401419412921284
-0.946014228872666 -0.2788268343204082
3.503787051538051
0.9866836192447817 0.5203130761560746
0.6553666009923944
-0.9586745391509331 0.7737350408939176
3.0112661347847034
-0.9513571871702907 -0.6637058087339669
3.7706446125493285
-0.5258781971701726 0.8657345362299418
0.7371224937229535
0.9531095819007529 -0.10195732766507244
3.712220664826053
0.939581192693754 -0.8990792648037518
3.9823143086248587
0.3704300905328143 0.034756604724853646
1.2582181274835431
---
43000
81
0.8340595910393568 -0.4539377537898572
3.349583941819088
0.9844176014589945 -0.436840396178473
2.75415015156295
0.45064126682973427 0.8133191631234052
0.4959456976833545
0.9194204239113455 0.25317846240554803
3.098363332243564
-0.2766516747543766 -0.5708008135775933
5.317954247996334
-0.2635327522161429 0.8175551753341398
4.008130399163869
-0.19583945322439228 0.735186060749618
3.463170802193824
-0.4389402551814415 0.9768861844895788
0.2489309358420133
0.7998489765855085 0.8479209815881542
5.73091397203742
0.9043351097204679 -0.30388347163346224
0.23888239812147471
-0.9094531253303504 0.7139903391675
4.411166503190532
---
44000
81
-0.6660262039110691 0.017522182355489312
1.6685941543271179
0.8818134670038026 0.12542005406672302
6.093422733916223
-0.16003041369080842 0.9239102625519753
5.535713547699921
0.2805586145088736 -0.7549772005600472
0.13875646790273333
0.048251924486006584 0.7628001596908105
0.984083103935804
0.7812917086953743 0.02674780253248145
3.395649362584457
-0.6209023044711481 0.24824266888829438
3.3763807797481746
-0.657370875164982 0.07683219715232245
4.952739405395631
-0.27088275040431165 0.4314212866996016
4.686423560431802
-0.3256116876242645 -0.2650998472068076
3.3023379699462074
0.01796464051768142 -0.16956005731368606
1.0040695167456803
---
45000
78
0.41269946026272153 0.8244672912005774
0.7000383767128294
0.43708759470051095 0.9506674236969305
5.016715536506623
-0.6799827841607267 -0.36342736189239233
1.5384198960724227
-0.7789042164579674 -0.9055880106292281
4.8540577106140725
0.6741082976366124 0.7440858432002042
2.4109853443378038
0.4392714387392623 0.40146979586479303
4.054576896523456
0.2741166657281477 0.712072318269358
2.860998762240288
0.5614372277870818 0.7513206427588777
5.227720056098413
-0.10635646320380811 0.7398771028374147
4.536243490785806
-0.7185914591639707 -0.6135074687659425
0.6883687433741486
0.3274417210628866 0.29203523207995624
4.824152750395288
---
46000
88
-0.38508096718196966 0.525820675338527
4.319300884497716
-0.1339002519606867 0.29316483910252245
0.6018593114496777
-0.38883743688043176 -0.24203727329854735
5.167718143189471
0.7445597272581221 0.1402177719372706
2.8055272924204875
0.13227315297993636 0.23315167480166776
4.758903551165183
-0.7806592765406379 0.6929228752823882
1.570579901328248
-0.7189928913662545 0.9612964524755065
2.6023337558412685
-0.5500874030436176 -0.10545688950320724
4.908523807035708
0.9529944204147092 0.40933592380656303
1.8866437424228248
-0.10085193016743668 0.8477951469751894
4.294044914205655
0.01819600303431513 0.21315666551494347
4.853430773810562
---
47000
79
0.3666750661654083 0.6689593742119043
3.7711174561329663
0.018268658108162063 0.6632387143808911
5.951461528311137
0.010143904084197679 -0.9780805731756126
5.581671957180522
-0.3356403166602411 0.11474670729322808
2.7607821599584783
0.8211002947070656 0.7027677232601592
5.799029665910803
-0.03185677025053316 -0.25853411237198265
4.8355596526509705
-0.2233421151845444 0.9472566140631969
1.1230209322346854
0.058428309868120705 0.891639201465113
3.1267716733463073
0.8969419272265864 -0.1560178609330356
5.090486472833066
-0.10202953511454416 -0.3429600084116259
3.3946010471959784
0.8520548947074885 0.04934495499114186
1.6279485824121407
---
48000
77
0.5759316286085608 0.5350312489441087
0.4371163842436014
-0.0966513773768048 0.6659117704876658
3.1015473869114105
0.03854891127635916 0.05140054796407228
1.3938509849067184
-0.03320123192065981 -0.2863789717480176
5.586707581805303
0.6193905077570836 -0.05367733947392561
5.9063521393130225
-0.6936766625586994 0.686518501186349
2.412925134303931
-0.725142191071284 -0.43640741855273424
1.9499186496746743
0.07051795062394624 0.8035952011348455
0.18006620778484717
-0.8419100393205629 -0.5530287928647688
4.80154142219729
-0.5148033148664815 -0.5574764786568475
5.0164264948696715
-0.5390711864863612 0.42498406615416556
0.21404122182280094
---
49000
88
-0.010129923157668426 -0.16375120888317854
3.1112082601897857
-0.11114727094230395 -0.07733345645783991
3.1339384873661578
0.7888968274944234 -0.21353239036535554
2.3896253648704207
-0.2450861289213923 -0.6993076708918305
2.2300050685781336
0.9445690831302983 -0.3810561569614598
1.2450614834247915
0.7104936522403968 0.6292634168954155
6.029202110352849
0.8961638447677189 -0.3346083022473327
1.48276174238136
0.38317097044065607 0.37664632934079667
4.054960507828412
-0.5395152525292115 0.16588355646903025
4.255476316309273
-0.2452999590724644 0.9613507781736726
1.3560252989772037
-0.11299557222695981 -0.39964666907127905
4.910864842971529
---
50000
92
0.7688537197735494 0.5176693817280549
5.778096765700932
0.7881405681018852 0.6549354623263696
0.876077250279641
-0.26345576489428085 0.45880817934399154
1.9487867479760599
0.44805444802157013 -0.051724732308038646
1.1379527212804588
0.7134662768654627 0.11807193563767657
5.448367245315477
-0.9493272635590466 0.60689238425013
0.8918388183645005
-0.5089582252987906 0.3630878187350669
0.33559428931959445
0.7870819610970249 -0.032879493942659946
5.750017424365825
-0.5749530315809785 0.4422829279165183
0.8790442845835331
-0.1768325980778923 -0.3225190495320315
-0.16968294774681297
-0.6449451350219348 0.27201152284815927
2.707921988101625
---
51000
88
-0.9589201971238798 -0.5446732777250722
5.1514122631797665
-0.9126976344275585 -0.4463780028848865
5.570638302557935
0.7149688412353687 -0.9166709570119748
1.6227006866420455
0.8515210806684166 -0.9732607125164109
2.448275464179199
-0.5817319383668887 -0.6619176500183035
6.168273357325581
0.6645741745361519 -0.973379342907142
1.4975266759965846
-0.7627623106968251 0.9152472458010689
0.07464272602089128
0.6568582865728484 -0.3927104536819403
1.8281811373435355
-0.35417878468843594 0.9228111578897462
4.904964579554229
0.17081935803721798 0.6533269041472864
1.789828056996841
-0.020791342837613774 -0.606573007298387
1.4521312651853746
---
52000
85
-0.007032430489480254 0.3078822983791903
1.2546081120702666
-0.03485332304550301 0.280350972321465
5.7898832423116735
0.34808683936224843 0.2968070966110265
5.721735450278244
-0.414989401776819 -0.5626155361647025
4.906404723364413
-0.5040477075537322 0.8975295938764866
5.522553328707444
0.4377676504967392 -0.2711055033266532
3.183037766013312
0.37794284418836216 -0.88978404191064
2.1775864250652273
0.5187777460620222 -0.39459586097851146
5.906789717980168
-0.9236075912371706 0.9846215835379807
1.466919759260728
-0.07159095153483348 0.4051411621339832
5.972487038226883
0.5982550477604539 -0.6328612965637632
5.925096659042485
---
53000
85
-0.0037876172054958235 0.8626815863035885
5.572879145414111
0.2799639403736747 -0.9207722976865778
2.596434796339553
0.10858622038814117 0.1481011387056104
4.7894315982415305
0.3844676648845326 -0.7086086103920198
5.920884743170906
0.3952141726221366 0.13951738301938085
4.812812045342805
-0.35365966726713705 0.8320224467934919
0.41305135855271136
-0.6880299176658278 -0.9881175315034594
4.92536710146784
0.9426957704715327 -0.14060968537243299
4.034053369148198
0.3136350665674226 -0.07773844056665978
2.9794109953052423
0.940029977116427 -0.02686249732534065
1.5556210432968802
0.9568877336414459 -0.8196739592251272
3.8348527060373634
---
54000
92
-0.7170087953711506 -0.8349231286844975
1.4428736014574737
-0.4276459762905097 -0.5906470385258479
4.487638561799038
0.18310306165968587 0.03805904351497231
0.6124478212081224
-0.6412986511218226 0.8816433625183353
5.751023827862732
-0.0016567782048426856 -0.023765995458132048
2.1746960664614567
-0.0452590201616301 -0.5711964815203152
4.890783025529215
-0.3958538964227887 -0.5377885765583703
2.7957633376967648
-0.7229896694484056 -0.9382799760817695
4.904357626639823
0.4345737200858168 0.18195054006819417
5.416782161831187
0.16286296740135187 -0.3384849811848789
3.593339773596143
-0.9540251287155985 0.04797564400268778
2.618341641488991
---
55000
82
-0.7945544417527107 0.9306567658246049
5.535163605601369
0.7394460587541613 0.8438658977813631
5.986689885379692
0.137635835944822 0.44156543525465236
5.732566133912281
-0.30420294103090095 0.7941301514979657
3.6471974217550907
0.3519762956978693 -0.02745409361014846
2.5664463250765674
-0.695208521198925 0.3119413461389222
4.571488400150073
0.4505116715122716 -0.37279080626140965
6.272025957633442
-0.8797483599204894 0.16615743047938522
3.999090379657077
-0.19288590143711398 -0.9789500543392773
1.9167936724853503
-0.5621150735755801 0.32536246483975806
2.0248277658574096
-0.7604085335711142 -0.4089902517200995
2.3430706086409616
---
56000
82
-0.10328376885056655 0.3327486582926277
1.4628180091084526
-0.13344369040302767 -0.0390104600443148
6.091881718287896
-0.8408772074012575 0.5043903550817453
3.9220693737125183
0.5198214460032097 0.9824913112327226
-2.905597638927271
-0.8706396632889849 -0.6370679823844612
0.3513061751995403
-0.8347977775831543 0.9766388830270605
2.1458725435123007
-0.7397163320066662 0.7484949308697361
1.432224451660609
0.4054535490475442 0.7662732376019697
4.671675054425331
-0.981600975672307 -0.19978370651516048
5.5725219310818295
-0.4211298302676243 -0.9992758194154358
6.261580002423989
-0.8614837689899667 0.30477363308561095
1.9313698822189371
---
57000
84
0.15273796068616188 0.060147828611604684
1.8784899713360335
0.3201795412019852 0.04250870375411121
0.020954761034349012
-0.44467166681238773 0.650332461087297
3.956079607545366
-0.8630212312833501 0.42001866452334474
2.2417649774646176
0.8233395275063871 -0.6815378767590571
3.2350861166137683
0.6698382916753481 0.8329472774299552
3.4270775779915974
0.3257827472617549 0.11674654374697055
4.7090834945617965
0.08316760867685168 0.9038871201740362
2.6157650163092088
-0.40606490884058716 -0.955524659535464
3.8416425338118967
0.7946583167571506 0.5796140904788343
5.8031331407849365
-0.3188192816876886 -0.09406635610936832
5.343841603185446
---
58000
80
-0.5345709244432909 -0.9038254510404305
5.632311813951443
0.7300840689706526 -0.9125936707953518
2.9911203194059057
0.835522564494919 -0.8195732177071896
5.445588027173008
-0.12824500526066332 0.8454267027433531
4.962556197389415
-0.3963240717368982 -0.7481868323377026
4.958670910360535
-0.8568658779441839 -0.6835667596007575
2.6824613929979497
-0.4312966088675497 0.29064654402402107
0.2528388009851781
-0.5369920417136516 -0.7706419298973338
5.192766696535101
-0.38116424457229425 0.05187437129626506
4.320923413789528
0.6009073775592226 0.6131654165200626
4.145020568647166
-0.7287022195153741 0.8912234959690175
3.2278105610830137
---
59000
85
-0.5453012538301037 0.02613844285380442
5.040485622459644
0.2627566806681419 -0.9446818822861395
3.1040343708740723
-0.4957995840015026 0.5545949062345962
0.22118556312054505
-0.4741583780996037 0.19310379379795908
1.2034710245647968
-0.8621750275988767 0.07702477119414247
5.5992037504262395
-0.5180070184289879 -0.6503625328421769
1.3125117946679064
0.43804570136949444 0.7636485082585203
5.600726655333716
-0.8590663758575758 0.024703544508519457
1.2243646026918409
0.8926471457804048 -0.5697340242685444
0.4993302980863348
0.8722941929463965 0.5283742124794701
0.8320631244703085
-0.5479257269515836 0.29113001384801024
3.462822069765826
---
60000
80
-0.3355808808987424 0.91077496937365
1.4976494071907689
-0.1993342275956214 -0.7259327379228039
3.8129875113655176
0.29230248558650374 0.3832658474221305
4.970718067346502
0.883505280461984 -0.8597579125718317
4.585589095204571
-0.43145138325371024 0.7612451331361529
2.9933068478171894
0.7346768070551035 0.20590604873062968
5.811988533830265
0.7829294158033632 -0.5716165075874452
1.6606980933329742
0.3289596427380798 0.672309007983416
2.8994879454982145
-0.1986439271384957 0.16494192755590478
1.2719694720170622
-0.6411442507449744 0.22046032527613643
5.645275897830916
0.867442566055971 -0.25969422455674
1.5802614361082394
---
61000
76
-0.10247310886453864 0.3128269169313704
4.562263244540448
-0.11639076669061457 0.292538057035396
2.8789787549942414
-0.8455216000863751 -0.2964435055266239
6.0265615449125125
-0.6633806880621407 0.9327385801297287
2.979639697817216
0.931669648421929 -0.2378996317065703
5.817844002336787
0.6036686233778938 0.5504664801663564
0.24353204913487136
0.7373521293793484 0.8931310859711685
2.0960927121086153
0.8390641227935592 0.16875184638860244
3.6055934229068844
-0.8318163597665803 0.2321396739310772
5.8707477224359845
0.9337759169153986 -0.7427905275661598
5.00087629991339
0.5861491702450857 0.671892897523549
4.291994501668211
---
62000
80
-0.888646822860974 -0.8105219021837277
5.240897841306568
-0.27637820083576126 0.6036025980570114
5.631655266520235
0.04525357086183278 -0.35354188689446164
4.206732744979483
0.718131919044449 0.4117691730458068
4.255673675482904
0.4867980010181625 -0.07936322888900665
2.2310567530945615
-0.08894269033142223 0.2311064329464449
2.4328790768286384
0.9751753678144803 -0.49419079206187255
3.9501119018552933
-0.7690039738545741 -0.6275799494528052
1.769839231761499
0.10346323017615278 0.8124114778909959
0.8982077096220182
0.29618640032379734 -0.8879645845658157
5.8858865724004445
-0.2427449673323663 -0.4088028082690519
4.5009688166930015
---
63000
77
-0.34223446042679906 0.24273672277943065
3.2019437915737092
-0.6797027385725414 0.7048407798755946
0.8347700156040734
-0.9680641572068567 0.5093747989470794
0.13652090481977996
-0.8692572955893056 -0.7860084316152097
5.97056429659748
-0.9404254934175075 0.0967244902706994
3.685203392003716
-0.7031250241064891 0.7790937282879672
3.700313656187369
0.5141399685828781 0.5624691086054774
5.841217190090848
0.7802623362784801 0.5937828749156032
0.09100606391547572
-0.7182942908977085 0.6735335998193971
1.255541393420181
-0.7482650583477248 -0.3555736279131038
0.30129092908448296
-0.6769825744202844 0.793776169776862
2.575538966125941
---
64000
87
0.10373783858628863 -0.45689666998229145
4.919690869979502
-0.045021132118800794 -0.48433718689294747
4.139792496171865
0.42983889374984896 -0.5186683913534739
2.436997051394843
0.21076212742876876 0.5951233522752515
2.087768864821732
-0.02409924261595678 -0.0483277055493483
5.837150147420376
0.29397043402536926 -0.6447581627446318
5.498761831496148
-0.6244737837854415 -0.9825275224704673
2.1324596345436513
0.0022557953125843556 -0.6884349732860584
3.7849724440664794
-0.04310874359923239 -0.9365521322182719
2.2614277908282614
-0.28735547535902084 -0.5841901829725598
2.6656636253913337
0.5357708474062789 0.8176432751013099
3.311565158935613
---
65000
75
-0.3915347785206398 -0.006383339584642277
5.466824497171626
-0.4913458963833958 0.10858122722193736
6.015383507842209
-0.16649674228854144 -0.44009545157384883
4.831518697540453
0.4577328034544718 -0.2049711189072321
2.628186384742296
0.8605331750750769 0.5473934204067594
2.3195883124997474
0.5450755493546402 0.25557570147910824
4.930064492824575
-0.3751457205815405 -0.058364253851262135
2.194581093322407
-0.6124760401682708 0.04297382808471083
2.996011352273353
0.468188767460201 -0.21927094412985845
0.31975104838930957
0.262207401549391 -0.2875909273741467
2.266668902629804
0.021106047051333076 0.15485762521826413
4.012621997867037
---
66000
73
0.8519927737208177 -0.15165200986771502
1.5041284348209931
0.7792980275913415 -0.28418265382210955
2.209868825232598
0.8901287215098163 -0.2525882506748765
3.275786337112147
-0.5714720904803693 -0.2279079044067577
4.506115011666192
-0.7535079122943779 -0.2932172950585206
1.887508043385873
0.1706060228962658 -0.3910448338401484
0.11560029367636471
0.8063784010377444 -0.7677989692232261
-3.1179022626543205
-0.6827843346100791 -0.5748829503966154
2.271841095053598
-0.8963232019503207 -0.24621641550815976
4.681868563556423
-0.6279566521188555 0.8421170475238033
5.23742246281446
0.9532164482015469 -0.029703514683622645
0.16655668769611687
---
67000
83
-0.37966707079914147 -0.2743803008231665
3.406186906069104
-0.5506430668201916 0.3018447389136297
3.227277240206978
-0.18555753615324333 -0.9466207830409676
5.759454146605674
-0.3756408948584754 -0.9671975311315935
5.7305751732303305
0.06058634525309651 0.35426031362612787
4.267296027216288
0.3489046863655763 -0.6416545339246466
3.831976646372115
-0.5623099053435078 0.40751206356070885
6.2084538777953115
0.3905909594981665 -0.42816610608465594
4.769447563579544
0.3960785252134038 0.09122809291963978
1.832827038169321
-0.4677277826675664 0.8188701755219913
1.008515981696906
-0.9635198481360628 -0.5820234612673322
3.612546125630389
---
68000
82
0.6403945643638029 0.8095970054767405
4.003137293953118
0.6333824817878594 0.8033843387323489
4.1659931734631215
0.5379386113036958 0.7014722898059605
0.5232003662678801
0.2636407995332307 0.1296825101961362
1.7458514265342426
0.5159578041455595 0.1358136724563254
2.233303587238635
0.1286767120535238 0.027896184904002842
6.274274472067443
0.6939999676740347 0.5004792835089373
0.18742755888824636
0.4305100547714793 0.6278755202231127
1.405050757036082
-0.8274434259733496 0.17458629912621718
2.1591644614535275
0.7881127488276004 -0.8703452407041804
4.64920893802573
0.6360707505160025 0.03132969504703933
4.635957493892909
---
69000
77
0.9547216406954027 -0.6404927410360607
3.2924930542945954
0.5322504652835911 -0.5028553685431124
2.668678081629322
-0.2671829738533035 0.225341439552963
5.539165133654789
0.9569541405657224 0.3283946779969019
0.2696368462931025
0.8603777027790723 0.04626226180573937
1.4528092658840777
-0.8885173828610118 -0.7381426080676915
3.4668153785315283
-0.6729849007504993 0.03983960646342273
1.8295564448046449
0.9945013835033154 0.14147984282723694
1.4639215853024146
-0.7515278559096915 -0.17210326427601041
5.323724584771239
0.6772673335731015 -0.5848960242582187
0.7589723164524695
0.44956068960846884 -0.4959823004446863
1.7382163074918617
---
70000
86
0.7288041930568241 0.22982437609989323
2.4954592532129025
-0.7158031851594598 0.7648897176480985
0.23817331915787143
-0.5413357111206333 0.7497345988391247
2.338426060988356
0.6240548033902343 0.3160395408998344
0.5894407307482252
0.7154779589249348 0.23056708305127407
4.518386789227678
-0.25383798047460976 0.3749731461815926
2.729946615289352
0.508900753939287 -0.08865221582879501
2.0130306535625264
-0.6667033860422663 -0.0991354791465257
2.1145652663041155
0.4907973315387188 0.24764645198191684
3.9690136278857278
0.3992363741025633 -0.04957518736586725
4.470318610242411
0.9029227214929053 0.6987468379113916
3.2313615532560878
---
71000
92
0.6201250178309875 -0.5953246505065349
0.7563525777771044
0.9695787921124417 -0.6908347970839994
1.8620213985896727
0.7345788542943442 -0.6475156072740437
2.133010410785622
-0.8950025191857643 -0.814760033369692
5.622446557556141
-0.9675646741233219 0.08955099313450647
2.185470473057743
0.8522947773914054 0.7566784063663352
1.6164441773290097
-0.1997443613255645 -0.710916087586041
5.401924136234995
-0.9317194494152997 -0.6933623679464999
0.48669224190335303
-0.3529938605934706 -0.15391487364056577
4.85982034580072
-0.5498925890408168 0.7134719824650108
4.29315447098628
0.974274933268546 -0.1289099873086924
0.7485103712186048
---
72000
90
-0.9486208325785146 -0.17939409803647366
3.0966545845719193
0.9218990853067828 -0.2805342582579509
3.3415910262400628
0.5636019943273048 -0.6522260433935338
0.6390908109091793
-0.1859345346431418 -0.14077115453543734
6.01661343903937
-0.06657863740539109 -0.42219314194546453
5.125721783875517
0.6590707312719437 -0.0978132128385695
1.108367009376746
-0.9301001725910292 -0.5662482345555739
2.268534413359311
-0.6585691366120576 -0.35331719514400195
2.006830282498461
0.7719894270522907 0.2784885578635936
3.593096294334165
0.6064954753530113 0.7146912295712003
3.7328829152520013
0.07144936526731165 -0.08353624900065423
1.8951549952192783
---
73000
77
-0.3408218476178891 -0.09467999693779496
1.227808961124748
-0.19596363214629553 0.07548194945675807
2.3772662512337144
-0.12754914001952777 0.35086863929440204
0.2814961215220686
0.057905431978877146 -0.18025024615716645
2.286372028745105
0.7227818306119573 0.15407872161772362
2.182641581908901
0.24541456849621365 -0.7420207139126206
5.1869086717097135
-0.3827314625733141 -0.3626046849239325
2.436027097077549
-0.04108102574629236 0.3109878507416604
3.4417508817449294
0.355901859518483 -0.2758207416480266
0.7661633306059228
-0.2934178919573718 0.2265079599411556
4.044912009652391
0.7831988402843307 0.43043410877276517
1.4490858674009637
---
74000
73
0.9345676850736553 -0.6714103485841418
5.447124368616295
0.5643021208938412 -0.6646881539227496
5.384747577215661
-0.5047107116943932 -0.3486447341868354
6.075585567405326
-0.0053561070789384865 -0.4132108215973649
2.602608969465428
0.542165359835716 -0.5041229352327078
1.333330669415215
-0.9656068573479214 -0.8425266350026567
0.5569524627567368
-0.8262709649079069 0.6732672570140654
2.791009477399416
0.36727555699529524 -0.2781791230009654
2.8484408774384944
0.9133085275891433 0.31704301652373673
6.029378206397521
-0.7531834886215872 -0.489969117985002
4.9063834587955455
0.21176791517300558 0.04583542735619803
2.6828249536975575
---
75000
82
0.19345416639030516 -0.6494008947191935
0.7432153709738284
0.3580677990038138 -0.4432875022527891
1.2597392560370304
0.47240486540418913 0.02882213694575373
3.642189196840013
-0.48562193065829934 -0.9290636930949157
5.683007497229214
0.36949664690227096 -0.34421056999413524
1.6628102509089357
-0.01791357739564584 -0.2183394010626955
5.342495920538929
-0.5879732412556067 0.8418516209731911
1.3083300552850936
0.6410595184006996 0.8142726558167352
5.959289525957602
0.8793933497354023 0.5755603514963633
0.06940296559930559
0.01564505338817993 -0.9024184430073092
3.6324307300885694
-0.5757904570982827 -0.8869316445170076
2.947500753665361
---
76000
80
-0.5122861253862742 0.9701647046990689
5.214251521059767
0.001344889890683789 -0.7823283334934475
3.731210026682099
0.8397443787364656 -0.9615802098608255
4.981817806659188
-0.9666974665913554 -0.5608643773170624
4.397465953243607
0.4263080686173793 -0.6452232556919243
0.01989604562301217
-0.03387705389389328 -0.6879215128875691
2.831190533705054
0.2874435519902084 -0.5577575214664127
2.1819009124590796
0.5270245960855813 -0.714952761328817
2.5655293836313957
-0.5802373609702175 -0.5068245945276811
1.4945231705614495
-0.3520731968683037 -0.31271470512021443
3.9038361071971126
-0.1297868951643687 0.013042909706216112
3.065700263921098
---
77000
83
0.3750593466975406 -0.20409868482462254
5.075718060019942
0.5584948470151956 -0.21545656690270987
0.3964922558344899
0.7583467231028885 -0.8551854822764232
2.695033370295673
0.39218695695840156 -0.09452377949843978
0.08526319881059052
0.189281857634504 0.8570914164609733
2.6671675273136852
0.35435973202423215 0.6302353739294957
4.422913826120725
0.9833202852627574 -0.6319794725274918
5.646526703647432
-0.5839736601028986 0.27103585194728536
0.002117358405587133
0.05599256584382914 -0.504788028749868
6.120581354888443
0.22566581822830162 -0.9894773184777192
2.8599253308497348
0.12456296345285409 -0.40706618413190443
3.689835177440239
---
78000
73
-0.702836095312474 -0.8086516533072515
5.8712865171521464
-0.08465784623143063 0.64957129566021
2.3281335499189826
0.413584837813284 -0.93629607197556
3.3598082021524425
0.6624712142418898 0.9364509005681072
0.19708501124629318
0.03798178751750282 0.007951760787734907
4.9544590936512405
-0.4426021010343045 0.42739602439986774
4.652363995915335
0.87139106233222 -0.2460678025922557
0.5401967435964172
0.7730423668793052 0.1115852013181567
0.30135573589047926
0.13878804738489367 0.27462682395165344
2.0266914672531176
-0.1953758084488235 0.30974226616382844
3.259973440652912
-0.10326956094636824 0.6643639948731439
4.005155125681505
---
79000
88
-0.884505646245704 0.7352129992196377
4.878181807287153
0.9984133070433299 0.9868950171308377
5.848728569449385
-0.15112773649247763 -0.762101551952339
3.4532939757115404
0.5493076409761746 -0.8129269536527194
5.748757424072649
0.31623394146240646 -0.5656665621793933
5.807516089551001
-0.42455945605246087 0.7345651452813122
5.164743493435732
-0.8138999179301933 0.7045691371109295
4.241365992720863
-0.2874493371912272 0.9399271493651995
0.21089124669835257
-0.24419149832405052 0.4075782636645425
0.4244774757663299
-0.3974470362826511 0.7066204667582495
4.458336062542963
-0.9383175937546447 -0.4213293677681676
3.852642474109648
---
80000
85
0.8104101429272376 -0.911784250199169
0.9400613680266688
0.6762424235579081 -0.8369784918297496
5.166996933474524
0.54568401027411 0.9510793646912619
1.9155790895495093
-0.2341786930721716 0.4923354077138567
1.3015974819704752
-0.3383346216677933 -0.5241356402618215
1.4302418414065876
-0.22971810255684402 -0.5033414129241711
5.109498957265875
-0.5125017378808269 0.13266263201617573
4.9861248009773265
-0.46920243502992887 -0.2242655363292697
6.095772689792511
0.7800828754166779 -0.5258074185877302
3.357464542939238
0.2822880052279337 -0.9316409153546102
4.400666523612231
0.6138252932577916 -0.631075181008689
6.075659203561225
---
81000
78
0.16580309145011446 0.36706215955724353
2.119272427007105
0.14112253650307455 0.36412528926882454
0.22721921419258306
0.8569977546231488 -0.4044034976612404
3.4390696035987034
-0.003143757231349926 0.7190526697420875
3.158844100117075
0.9853437461939358 0.5576221043114304
0.8726081946974249
-0.6656331149308565 0.4705991811171064
5.594220975101404
0.15397222105523958 -0.8271201354059565
4.560408832750677
-0.020815867528722283 0.24484598693354456
6.0970864357040675
0.04916887882406279 -0.6911916789333374
0.29409019601939757
0.0027720540287314178 0.7505133224861907
4.993029411193384
0.4445226673415801 0.983027741655318
5.76266540996635
---
82000
83
-0.3567456502929103 -0.18045629253159068
1.3264251827364657
-0.38922039541609943 -0.3083380765234172
2.469504997549949
-0.6893885263871293 0.6428705006447736
5.645155960991298
-0.2504720163060491 0.004850684905098556
5.911486330405866
0.03077111925063978 -0.7449750873046243
3.4691007781420167
0.6004364455717748 0.45034201954617553
1.080201999590214
-0.4652786695494836 0.1967698190951125
2.054061973072545
0.11854844956402986 -0.1766830803716205
5.522240776974706
-0.8882727141043871 -0.9303603667763247
5.891560558269652
-0.11811498196538751 -0.587670949467789
5.864969029430031
0.10107202660669923 0.6865630271756633
6.22045878591635
---
83000
80
-0.6659066361542528 0.3465130219621732
0.5885674150535886
-0.506931519924501 0.31934259012300054
3.028956098806754
-0.693848319805457 -0.6881774229127194
0.9449209187407694
-0.36600612847861885 -0.16260773067957005
1.6301030296896855
-0.8903598839251714 0.827815769171826
6.039646714764186
0.6039898933831132 -0.43323135212684033
5.434532382172909
-0.041688151522312394 0.2073315677043447
0.9897692296556686
0.021722464216150147 0.5467423876680604
2.3746254583716797
-0.8608351925645025 -0.8286227358488681
5.98639172975441
0.07938360425065233 -0.5537407961723817
3.708245362955335
-0.3468219823313389 -0.9696106091043398
3.5576020760640032
---
84000
76
0.022555120559795725 0.07485195269615778
4.0702229761967175
-0.38289138006040135 -0.9502156196273028
1.2221648455586127
-0.5391554480236868 -0.4044589697542123
4.719304293618071
-0.6112597653562186 0.9986955452832128
0.10751011004112776
-0.19043482101412956 0.21543030385568218
5.307586636642278
-0.2652963197203364 0.006984052747142505
1.419874687878954
-0.9142490471652343 0.2665323315275193
5.276049144717015
0.4694402551784009 0.038604806056199995
1.1462512851593427
0.011405263495999247 -0.5623947336620672
6.13999794081067
-0.835948121558121 0.8253945288092427
4.6181825750686
0.8267042105206485 -0.4466689947475039
6.0958820591861125
---
85000
78
0.2653684722599484 -0.60622151197308
0.2031845572291493
0.6574321812998597 -0.9154384871886451
3.1293248359948764
0.3475671451182296 -0.682937180878608
3.487519883079691
0.3864292312692148 0.00921415711686462
3.1237983638938394
-0.3176388047036827 -0.5629655580342571
3.646836298069365
-0.7432939516604411 -0.2313283374079297
0.4311313539535604
0.6657060620154556 0.5842204297942762
1.9466016884993422
0.2979045122870123 0.5787316853411391
1.8790780070402109
0.6885521495554079 0.08731632532743905
3.514573853289476
0.6321665281588952 -0.5300535915591726
4.5384152779853615
0.25762777652670943 0.12900011063420566
4.862853592481178
---
86000
77
-0.16188014941997997 -0.6549381369473019
3.7334712952720412
-0.3251543745084812 -0.7930009816001242
2.753684306159281
-0.1629787695101883 0.9139007918427916
3.3295941146764267
0.6978559873325979 -0.584486266588873
4.065621862918521
0.8720107476212066 0.7227339758267695
0.6045043694395682
-0.9862677110138476 0.21736619272037072
2.5589199189456577
0.5024175100099384 -0.9581281405346693
1.0304271884086376
0.5526704185494506 0.4221130142558923
2.0805471681482217
-0.11232649300643532 0.294372325223169
3.004502685777913
-0.6769954138093213 0.3974256124658375
5.4290560288812975
-0.16209782766543404 -0.6587108691542638
-1.386344707015969
---
87000
90
-0.8292939558657583 0.2543115671171742
3.5256519843294694
-0.7039850597773152 0.10967764724495059
1.4511966854034286
-0.9994343248268782 0.7182231310339663
0.5836767469333948
-0.7234788512762765 -0.9038462573335292
4.716568791148175
-0.34665658600002364 0.8662197776981244
2.559851436290071
-0.8623979541686593 0.3807737621026482
5.777579586126384
-0.8152409319208814 0.37187191446428225
3.440031448792383
-0.7766028604013283 0.5228091769703307
2.4823600250464066
-0.5899487341475944 -0.6210168502379584
6.27865097652882
-0.4594516284018873 0.10046251970970962
2.200719384094799
-0.6172218464694066 -0.6536909544964052
0.7030195000350439
---
88000
80
-0.48626941976382565 0.1970285273727121
1.4352781147772342
-0.8091871150717387 0.40076509881224254
5.394859385216475
0.4042124935593846 0.9521289856236348
4.139235663080813
0.06214057749577117 0.013260961707626456
3.4736669847914827
-0.14693405092610207 0.5920032528719813
1.870696451761611
-0.540776531614711 0.708222475805283
1.8971618109060762
0.853642948233374 -0.7885459170759317
3.3098051406840403
-0.3143869834788185 -0.263278602882627
4.683971947812945
0.5714758657224654 -0.02197600630943587
3.2232977980917994
0.12609759050389627 -0.21936444257117693
5.545682842142311
-0.05441896698522941 0.48634841692805714
4.2562769378123235
---
89000
86
0.7404557417223392 0.4316168517414351
0.9170951799646638
0.6534116977548163 0.3889961916474136
6.015216353909718
0.08600689902428707 -0.5361451603263727
0.06080840090671913
-0.0840309200149269 -0.3437241794388588
5.461654781274511
-0.3582508002161252 -0.5176610862230006
4.160569970791459
0.41830753582560454 -0.5012968998177427
1.3384104736667286
0.9811002245923475 0.5921523390479424
4.825932820884718
-0.9277540042438065 -0.0800795801536395
5.307715169914476
0.6382114617075807 0.6406687650513322
4.998891607057536
-0.5065844136807176 -0.13883710634356192
3.276239549010757
0.8051970489588268 -0.24929215021241477
1.054759343484026
---
90000
74
-0.6687439414751539 -0.6453722864835423
2.57444528809073
0.9432537124283781 -0.6700412318256362
5.14201123771825
-0.6737840856380904 0.06852106954422145
4.202154981643144
-0.5338997063553342 0.19981096250389285
1.0801786850729709
0.9483821009986848 0.5124248767520156
6.077990342046514
0.012980171905181716 0.1793595558347208
2.1121783799421747
0.3899621914759445 -0.49163456387409815
5.798374237713207
-0.36205239032454434 0.8780364760562955
0.584306759811076
-0.4813895562784685 -0.38650171323525295
4.75613599413787
-0.6848733392355216 0.25439507276465545
0.04207654508927838
-0.9628175974236493 -0.41341868257783665
4.30027431507327
---
91000
71
-0.8178780504568511 0.8870402656725013
3.3746830675936694
-0.7356535009937767 0.8715009656730407
2.8683744035445518
-0.10660787056096058 0.07076808401003007
2.403626117665569
-0.12685267142379114 -0.2893095842526234
3.7020292604295832
0.4306835750585123 0.5842749367147904
0.17242810319967639
-0.635718638956046 -0.537479518989107
1.1802090142732338
-0.15832562110404388 -0.22927184930892924
6.2016343763946145
0.24563202902631986 0.7434897620844827
4.662897514759847
0.34313443443414304 -0.05850651415672855
0.7328840899154891
0.25885098875243134 -0.9974199859375716
1.619999624576164
-0.9566578477210651 -0.46586215123990604
1.886379963669306
---
92000
78
0.6630098703244824 0.3497351763967728
3.4562629725099137
0.6921556865229606 0.3486602614499154
0.7445442445753612
-0.8171388600573098 -0.9544299178378259
0.8077665414637698
-0.8965812861730862 0.4754857020313842
2.276196204520523
0.9054225136045689 0.5584292419166966
4.035642476583011
0.9006480000282319 -0.09220141425022405
0.4840111449702471
-0.5371853369130692 -0.20097576223426855
4.153939031904415
0.5200278427624045 0.043282519092377875
0.626025401426114
-0.9681688093497928 -0.5194174402764952
4.962323404258525
0.10038049712602892 -0.2562409759013276
3.4394597318570197
-0.03273352716909776 0.0065591874495013955
4.555931158494756
---
93000
87
-0.32354213579165175 -0.5901954879688328
1.1139664708555772
0.06662017406102058 0.8577942520397965
5.899275717299423
0.36861568415523993 -0.463626050721011
5.372684256415802
0.5213937432993876 -0.7659495186917905
2.700907293157183
-0.13048774384080408 -0.2223007295220223
1.1450135565082373
0.9441051116817311 0.6015420516595688
4.973195226687438
-0.33823668824526226 0.9875417966019528
0.10738203359068166
0.5286848616688893 -0.715163027831212
0.6586722318998461
-0.09353467881294189 0.9458416801581243
2.8109439387252078
-0.17417508689452943 -0.87978394997245
1.0537424675334641
0.4223506175714627 -0.6546179908329306
0.06479965179223157
---
94000
82
0.051562168185682794 0.11899135547067241
1.9357112690390503
0.5036729882130158 0.3755200959733614
2.508054591301547
-0.7628737743647894 -0.8211505818100068
3.028444262745264
0.7546729798714346 0.799576910032751
0.50099847977968
0.14289118067796547 -0.14479512371937345
0.3609598519037167
-0.9460550957884745 -0.4237912016034614
5.1041058863835165
0.7850453373570971 0.5769669832104992
1.890125752593125
0.12019274993807905 0.3573799901994452
0.6535310769245122
-0.37022128417752825 -0.16336344272650996
2.2820570982844997
-0.9362528489066674 -0.47728701789604694
0.01436088834294491
0.9214521291285451 -0.007037966113451345
4.945506188487512
---
95000
73
-0.5098829712507132 -0.29670215963344515
1.7433685476538323
0.6670736410246652 0.22686525184609532
2.150783849230864
0.17775016918290637 0.14458896915476951
5.996833671720335
0.5599176476752813 -0.10630526674187221
5.373683393195996
-0.20807982863093014 -0.33741890660136575
0.2832801910544438
-0.022716611801695395 -0.4617467628593328
4.681890822542458
-0.5731904822584384 -0.8574232885509101
5.317400165346572
0.9343507411208472 0.3105075582490748
6.067520715797381
0.47161101202414946 0.8047633326651794
1.2537393384416706
0.12209048001875393 -0.2626594435900086
3.589198810313066
0.9728185221312349 0.056969727239977855
2.140776986042826
---
96000
81
-0.5423324513773191 -0.36280441532238755
0.1841939194956195
-0.8061788266503489 -0.6420594202565406
4.535490059910906
-0.9552558816994912 -0.6550810521649006
6.002393291741849
0.6171631603796474 -0.19525771921018345
2.425367004783692
-0.7624247265382664 0.6304656318339561
5.5008771758594674
-0.7234126892671828 0.44640625113086396
4.809364007144182
0.40353693658634354 0.8906441778665058
0.051391975850266114
-0.7613377399571236 -0.4894177239007402
0.22466062508874085
-0.9906184908797876 0.7558298008836329
1.2950170724107144
-0.7196796756129982 0.01815398049513886
5.643323242325572
0.6377537863322641 -0.127738431600123
5.639185458941498
---
97000
83
-0.8899677662232598 0.08311510427550167
5.279724781766155
-0.6388200616173547 -0.09725796911973947
1.3152675485388379
-0.1357442582817453 -0.7374119805134611
4.6348765782988846
0.15828041640392246 0.4982408781295325
3.8228455652652844
-0.2828900098545308 0.12628071973169347
2.7361373732965584
0.6719490993758579 0.0802511216232696
5.379209650028849
-0.027411239757876082 0.45618266074517383
5.281468225899369
0.22337899396552208 -0.6915851198380404
5.401051146567058
-0.7845105738216005 -0.852565449539802
3.965454453233712
-0.2599484456924403 -0.012299132062559209
2.00527827163892
-0.36064270920509994 0.23630597336557063
0.13837987528754958
---
98000
78
0.8496146725671165 0.4444689234697265
1.9545917405995366
0.5807409290838721 -0.8102889209998839
2.3117493385432972
-0.3462481806964229 0.652557377874208
4.4652011018450315
0.611557699494593 0.3739705865089788
6.174401949169627
-0.0016484862281168008 -0.15531186311922707
0.8067238356385067
0.06594613630939046 -0.39875708230844137
5.211862884639985
-0.2976546554707016 -0.6484390775844503
3.085768675353818
-0.11134654779197989 0.01311174136950087
4.162080801290752
-0.8376037856257724 -0.31184004381756825
0.2458862101636745
0.8630460747085182 0.2839403786686369
1.9543942999164714
-0.6483081306979497 0.03305829575613037
4.345664716721777
---
99000
77
0.14021136301091142 0.2629785554402726
6.131936968704194
0.17366605983313088 0.2617535684262918
3.792208300458352
0.001475423934257934 -0.17952815737115924
1.4691243412691595
-0.47870884810953107 -0.5327378617354454
4.386228318637683
0.25392474115267977 0.1717104844349318
1.1058881750377916
-0.1884129686347169 -0.407211910196568
2.0591697395202697
-0.45074580907353773 -0.6238877056548006
5.870890443715584
0.3507700623182573 0.28894907527048186
1.6028428028741981
-0.5183400917848112 -0.8239823619850599
5.462022324491249
0.8679269346003614 -0.6215744873051028
0.6229176577200466
0.4130789423357438 0.7010215449972428
5.950377683488501
---
